Run Name,Alphachymotrypsinogen_15%Isocratic_Test2
Run Date,05:50:03 PM   01-25-23
Method Name,TA_IsocraticRun_15%
Export Format Version, 1.00
Method ID, 4149
Points/Second, 1.00
Number of Records,   1200
Offset from Run Start Time,00:00:00
Run End Time,00:20:00
Time,Second
QuadTec 1, (280.0 nm), AU
Trace 2,<Not Selected>
Gradient Pump,%B
Trace 3,<Not Selected>
Trace 4,<Not Selected>
Conductivity,mS/cm
Trace 6,<Not Available>
GP Pressure,<Not Selected>
Volume,ml
Fraction,<Not Available>
Time,QuadTec 1,Gradient Pump,Conductivity,Volume
     0.0,0.001359, 15,  19.822,     0.0
     1.0,0.001347, 15,  19.817,     0.0
     2.0,0.000000, 15,  19.808,     0.0
     3.0,0.000000, 15,  19.796,     0.1
     4.0,0.000000, 15,  19.787,     0.1
     5.0,0.000000, 15,  19.769,     0.1
     6.0,0.000106, 15,  19.762,     0.1
     7.0,0.000158, 15,  19.752,     0.1
     8.0,0.000204, 15,  19.738,     0.1
     9.0,0.000208, 15,  19.733,     0.2
    10.0,0.000192, 15,  19.721,     0.2
    11.0,0.000186, 15,  19.707,     0.2
    12.0,0.000210, 15,  19.688,     0.2
    13.0,0.000228, 15,  19.685,     0.2
    14.0,0.000237, 15,  19.672,     0.2
    15.0,0.000268, 15,  19.661,     0.3
    16.0,0.000302, 15,  19.660,     0.3
    17.0,0.000310, 15,  19.662,     0.3
    18.0,0.000301, 15,  19.658,     0.3
    19.0,0.000331, 15,  19.661,     0.3
    20.0,0.000335, 15,  19.654,     0.3
    21.0,0.000341, 15,  19.640,     0.3
    22.0,0.000353, 15,  19.636,     0.4
    23.0,0.000361, 15,  19.624,     0.4
    24.0,0.000375, 15,  19.611,     0.4
    25.0,0.000397, 15,  19.605,     0.4
    26.0,0.000403, 15,  19.606,     0.4
    27.0,0.000425, 15,  19.611,     0.4
    28.0,0.000444, 15,  19.626,     0.5
    29.0,0.000443, 15,  19.639,     0.5
    30.0,0.000463, 15,  19.655,     0.5
    31.0,0.000448, 15,  19.677,     0.5
    32.0,0.000425, 15,  19.694,     0.5
    33.0,0.000419, 15,  19.706,     0.6
    34.0,0.000404, 15,  19.722,     0.6
    35.0,0.000410, 15,  19.733,     0.6
    36.0,0.000425, 15,  19.748,     0.6
    37.0,0.000450, 15,  19.755,     0.6
    38.0,0.000443, 15,  19.763,     0.6
    39.0,0.000453, 15,  19.768,     0.6
    40.0,0.000464, 15,  19.785,     0.7
    41.0,0.000458, 15,  19.794,     0.7
    42.0,0.000458, 15,  19.799,     0.7
    43.0,0.000450, 15,  19.808,     0.7
    44.0,0.000458, 15,  19.818,     0.7
    45.0,0.000461, 15,  19.827,     0.8
    46.0,0.000460, 15,  19.831,     0.8
    47.0,0.000442, 15,  19.834,     0.8
    48.0,0.000443, 15,  19.840,     0.8
    49.0,0.000432, 15,  19.849,     0.8
    50.0,0.000431, 15,  19.855,     0.8
    51.0,0.000430, 15,  19.854,     0.9
    52.0,0.000442, 15,  19.855,     0.9
    53.0,0.000444, 15,  19.856,     0.9
    54.0,0.000448, 15,  19.855,     0.9
    55.0,0.000460, 15,  19.857,     0.9
    56.0,0.000441, 15,  19.855,     0.9
    57.0,0.000449, 15,  19.854,     0.9
    58.0,0.000449, 15,  19.851,     1.0
    59.0,0.000433, 15,  19.842,     1.0
    60.0,0.000432, 15,  19.829,     1.0
    61.0,0.000432, 15,  19.821,     1.0
    62.0,0.000416, 15,  19.810,     1.0
    63.0,0.000427, 15,  19.798,     1.0
    64.0,0.000415, 15,  19.801,     1.1
    65.0,0.000424, 15,  19.797,     1.1
    66.0,0.000439, 15,  19.797,     1.1
    67.0,0.000459, 15,  19.795,     1.1
    68.0,0.000461, 15,  19.792,     1.1
    69.0,0.000455, 15,  19.800,     1.1
    70.0,0.000455, 15,  19.798,     1.2
    71.0,0.000469, 15,  19.802,     1.2
    72.0,0.000472, 15,  19.805,     1.2
    73.0,0.000460, 15,  19.811,     1.2
    74.0,0.000463, 15,  19.817,     1.2
    75.0,0.000459, 15,  19.826,     1.3
    76.0,0.000455, 15,  19.825,     1.3
    77.0,0.000439, 15,  19.835,     1.3
    78.0,0.000459, 15,  19.836,     1.3
    79.0,0.000459, 15,  19.843,     1.3
    80.0,0.000447, 15,  19.844,     1.3
    81.0,0.000467, 15,  19.843,     1.4
    82.0,0.000461, 15,  19.844,     1.4
    83.0,0.000457, 15,  19.841,     1.4
    84.0,0.000466, 15,  19.840,     1.4
    85.0,0.000458, 15,  19.831,     1.4
    86.0,0.000471, 15,  19.828,     1.4
    87.0,0.000473, 15,  19.826,     1.5
    88.0,0.000480, 15,  19.828,     1.5
    89.0,0.000488, 15,  19.823,     1.5
    90.0,0.000488, 15,  19.823,     1.5
    91.0,0.000483, 15,  19.815,     1.5
    92.0,0.000471, 15,  19.816,     1.5
    93.0,0.000476, 15,  19.809,     1.5
    94.0,0.000460, 15,  19.802,     1.6
    95.0,0.000458, 15,  19.803,     1.6
    96.0,0.000458, 15,  19.804,     1.6
    97.0,0.000465, 15,  19.804,     1.6
    98.0,0.000461, 15,  19.806,     1.6
    99.0,0.000458, 15,  19.813,     1.6
   100.0,0.000438, 15,  19.817,     1.7
   101.0,0.000438, 15,  19.825,     1.7
   102.0,0.000430, 15,  19.832,     1.7
   103.0,0.000442, 15,  19.834,     1.7
   104.0,0.000437, 15,  19.838,     1.7
   105.0,0.000430, 15,  19.845,     1.8
   106.0,0.000450, 15,  19.850,     1.8
   107.0,0.000458, 15,  19.850,     1.8
   108.0,0.000457, 15,  19.844,     1.8
   109.0,0.000457, 15,  19.835,     1.8
   110.0,0.000453, 15,  19.832,     1.8
   111.0,0.000454, 15,  19.825,     1.9
   112.0,0.000461, 15,  19.818,     1.9
   113.0,0.000481, 15,  19.811,     1.9
   114.0,0.000489, 15,  19.808,     1.9
   115.0,0.000504, 15,  19.807,     1.9
   116.0,0.000504, 15,  19.804,     1.9
   117.0,0.000503, 35,  19.802,     2.0
   118.0,0.000505, 35,  19.794,     2.0
   119.0,0.000514, 35,  19.789,     2.0
   120.0,0.000514, 35,  19.791,     2.0
   121.0,0.000507, 35,  19.788,     2.0
   122.0,0.000484, 35,  19.790,     2.0
   123.0,0.000484, 15,  19.793,     2.0
   124.0,0.000484, 15,  19.802,     2.1
   125.0,0.000487, 15,  19.809,     2.1
   126.0,0.000491, 15,  19.810,     2.1
   127.0,0.000504, 15,  19.818,     2.1
   128.0,0.000478, 15,  19.828,     2.1
   129.0,0.000478, 15,  19.829,     2.2
   130.0,0.000490, 15,  19.833,     2.2
   131.0,0.000493, 15,  19.838,     2.2
   132.0,0.000481, 15,  19.840,     2.2
   133.0,0.000487, 15,  19.848,     2.2
   134.0,0.000482, 15,  19.850,     2.2
   135.0,0.000499, 15,  19.851,     2.3
   136.0,0.000490, 15,  19.854,     2.3
   137.0,0.000486, 15,  19.854,     2.3
   138.0,0.000494, 15,  19.848,     2.3
   139.0,0.000482, 15,  19.845,     2.3
   140.0,0.000489, 15,  19.841,     2.3
   141.0,0.000481, 15,  19.837,     2.4
   142.0,0.000480, 15,  19.832,     2.4
   143.0,0.000493, 15,  19.822,     2.4
   144.0,0.000497, 15,  19.807,     2.4
   145.0,0.000482, 15,  19.800,     2.4
   146.0,0.000490, 15,  19.787,     2.4
   147.0,0.000471, 15,  19.774,     2.5
   148.0,0.000471, 15,  19.763,     2.5
   149.0,0.000470, 15,  19.744,     2.5
   150.0,0.000484, 15,  19.725,     2.5
   151.0,0.000489, 15,  19.710,     2.5
   152.0,0.000489, 15,  19.686,     2.5
   153.0,0.000478, 15,  19.666,     2.5
   154.0,0.000479, 15,  19.644,     2.6
   155.0,0.000479, 15,  19.630,     2.6
   156.0,0.000478, 15,  19.607,     2.6
   157.0,0.000493, 15,  19.594,     2.6
   158.0,0.000500, 15,  19.581,     2.6
   159.0,0.000504, 15,  19.564,     2.7
   160.0,0.000507, 15,  19.552,     2.7
   161.0,0.000503, 15,  19.540,     2.7
   162.0,0.000501, 15,  19.526,     2.7
   163.0,0.000514, 15,  19.515,     2.7
   164.0,0.000522, 15,  19.506,     2.7
   165.0,0.000529, 15,  19.496,     2.8
   166.0,0.000512, 15,  19.490,     2.8
   167.0,0.000506, 15,  19.481,     2.8
   168.0,0.000507, 15,  19.469,     2.8
   169.0,0.000515, 15,  19.465,     2.8
   170.0,0.000510, 15,  19.462,     2.8
   171.0,0.000510, 15,  19.458,     2.9
   172.0,0.000510, 15,  19.458,     2.9
   173.0,0.000522, 15,  19.454,     2.9
   174.0,0.000522, 15,  19.453,     2.9
   175.0,0.000518, 15,  19.449,     2.9
   176.0,0.000533, 15,  19.449,     2.9
   177.0,0.000526, 15,  19.448,     3.0
   178.0,0.000515, 15,  19.449,     3.0
   179.0,0.000507, 15,  19.442,     3.0
   180.0,0.000507, 15,  19.444,     3.0
   181.0,0.000529, 15,  19.450,     3.0
   182.0,0.000512, 15,  19.444,     3.0
   183.0,0.000511, 15,  19.449,     3.0
   184.0,0.000523, 15,  19.455,     3.1
   185.0,0.000520, 15,  19.450,     3.1
   186.0,0.000521, 15,  19.451,     3.1
   187.0,0.000521, 15,  19.455,     3.1
   188.0,0.000506, 15,  19.457,     3.1
   189.0,0.000511, 15,  19.460,     3.2
   190.0,0.000495, 15,  19.461,     3.2
   191.0,0.000501, 15,  19.465,     3.2
   192.0,0.000524, 15,  19.473,     3.2
   193.0,0.000531, 15,  19.481,     3.2
   194.0,0.000566, 15,  19.488,     3.2
   195.0,0.000578, 15,  19.500,     3.3
   196.0,0.000585, 15,  19.499,     3.3
   197.0,0.000600, 15,  19.505,     3.3
   198.0,0.000618, 15,  19.513,     3.3
   199.0,0.000633, 15,  19.519,     3.3
   200.0,0.000646, 15,  19.526,     3.3
   201.0,0.000664, 15,  19.530,     3.4
   202.0,0.000690, 15,  19.531,     3.4
   203.0,0.000707, 15,  19.535,     3.4
   204.0,0.000731, 15,  19.539,     3.4
   205.0,0.000765, 15,  19.547,     3.4
   206.0,0.000781, 15,  19.549,     3.4
   207.0,0.000814, 15,  19.552,     3.5
   208.0,0.000832, 15,  19.557,     3.5
   209.0,0.000865, 15,  19.559,     3.5
   210.0,0.000879, 15,  19.562,     3.5
   211.0,0.000905, 15,  19.561,     3.5
   212.0,0.000934, 15,  19.564,     3.5
   213.0,0.000952, 15,  19.567,     3.5
   214.0,0.000967, 15,  19.571,     3.6
   215.0,0.000996, 15,  19.569,     3.6
   216.0,0.001018, 15,  19.565,     3.6
   217.0,0.001019, 15,  19.565,     3.6
   218.0,0.001031, 15,  19.557,     3.6
   219.0,0.001046, 15,  19.552,     3.7
   220.0,0.001065, 15,  19.532,     3.7
   221.0,0.001080, 15,  19.515,     3.7
   222.0,0.001092, 15,  19.489,     3.7
   223.0,0.001096, 15,  19.452,     3.7
   224.0,0.001085, 15,  19.412,     3.7
   225.0,0.001080, 15,  19.363,     3.8
   226.0,0.001092, 15,  19.297,     3.8
   227.0,0.001096, 15,  19.234,     3.8
   228.0,0.001102, 15,  19.149,     3.8
   229.0,0.001118, 15,  19.058,     3.8
   230.0,0.001106, 15,  18.953,     3.8
   231.0,0.001113, 15,  18.838,     3.9
   232.0,0.001137, 15,  18.715,     3.9
   233.0,0.001170, 15,  18.571,     3.9
   234.0,0.001217, 15,  18.423,     3.9
   235.0,0.001260, 15,  18.278,     3.9
   236.0,0.001337, 15,  18.128,     3.9
   237.0,0.001429, 15,  17.984,     4.0
   238.0,0.001499, 15,  17.846,     4.0
   239.0,0.001571, 15,  17.727,     4.0
   240.0,0.001670, 15,  17.622,     4.0
   241.0,0.001747, 15,  17.544,     4.0
   242.0,0.001834, 15,  17.488,     4.0
   243.0,0.001908, 15,  17.464,     4.1
   244.0,0.001980, 15,  17.470,     4.1
   245.0,0.002072, 15,  17.505,     4.1
   246.0,0.002142, 15,  17.565,     4.1
   247.0,0.002218, 15,  17.652,     4.1
   248.0,0.002296, 15,  17.763,     4.1
   249.0,0.002354, 15,  17.898,     4.2
   250.0,0.002401, 15,  18.046,     4.2
   251.0,0.002475, 15,  18.196,     4.2
   252.0,0.002525, 15,  18.356,     4.2
   253.0,0.002589, 15,  18.527,     4.2
   254.0,0.002639, 15,  18.698,     4.2
   255.0,0.002714, 15,  18.868,     4.3
   256.0,0.002776, 15,  19.036,     4.3
   257.0,0.002865, 15,  19.198,     4.3
   258.0,0.002954, 15,  19.361,     4.3
   259.0,0.003027, 15,  19.511,     4.3
   260.0,0.003122, 15,  19.660,     4.3
   261.0,0.003198, 15,  19.802,     4.3
   262.0,0.003329, 15,  19.937,     4.4
   263.0,0.003423, 15,  20.060,     4.4
   264.0,0.003534, 15,  20.180,     4.4
   265.0,0.003654, 15,  20.295,     4.4
   266.0,0.003761, 15,  20.399,     4.4
   267.0,0.003898, 15,  20.505,     4.4
   268.0,0.004007, 15,  20.597,     4.5
   269.0,0.004132, 15,  20.684,     4.5
   270.0,0.004254, 15,  20.765,     4.5
   271.0,0.004383, 15,  20.838,     4.5
   272.0,0.004530, 15,  20.908,     4.5
   273.0,0.004654, 15,  20.978,     4.6
   274.0,0.004774, 15,  21.030,     4.6
   275.0,0.004918, 15,  21.078,     4.6
   276.0,0.005059, 15,  21.122,     4.6
   277.0,0.005202, 15,  21.164,     4.6
   278.0,0.005321, 15,  21.194,     4.6
   279.0,0.005439, 15,  21.226,     4.7
   280.0,0.005600, 15,  21.244,     4.7
   281.0,0.005747, 15,  21.260,     4.7
   282.0,0.005913, 15,  21.268,     4.7
   283.0,0.006064, 15,  21.273,     4.7
   284.0,0.006218, 15,  21.267,     4.7
   285.0,0.006357, 15,  21.265,     4.8
   286.0,0.006502, 15,  21.262,     4.8
   287.0,0.006627, 15,  21.254,     4.8
   288.0,0.006772, 15,  21.239,     4.8
   289.0,0.006909, 15,  21.221,     4.8
   290.0,0.007059, 15,  21.203,     4.8
   291.0,0.007210, 15,  21.186,     4.8
   292.0,0.007381, 15,  21.169,     4.9
   293.0,0.007544, 15,  21.150,     4.9
   294.0,0.007699, 15,  21.127,     4.9
   295.0,0.007870, 15,  21.107,     4.9
   296.0,0.007989, 15,  21.089,     4.9
   297.0,0.008169, 15,  21.062,     4.9
   298.0,0.008329, 15,  21.045,     5.0
   299.0,0.008480, 15,  21.018,     5.0
   300.0,0.008636, 15,  20.992,     5.0
   301.0,0.008780, 15,  20.972,     5.0
   302.0,0.008970, 15,  20.945,     5.0
   303.0,0.009137, 15,  20.926,     5.1
   304.0,0.009317, 15,  20.901,     5.1
   305.0,0.009448, 15,  20.879,     5.1
   306.0,0.009611, 15,  20.863,     5.1
   307.0,0.009782, 15,  20.834,     5.1
   308.0,0.009977, 15,  20.812,     5.1
   309.0,0.010128, 15,  20.792,     5.2
   310.0,0.010319, 15,  20.774,     5.2
   311.0,0.010495, 15,  20.752,     5.2
   312.0,0.010650, 15,  20.731,     5.2
   313.0,0.010803, 15,  20.709,     5.2
   314.0,0.010956, 15,  20.689,     5.2
   315.0,0.011144, 15,  20.673,     5.3
   316.0,0.011320, 15,  20.652,     5.3
   317.0,0.011514, 15,  20.632,     5.3
   318.0,0.011702, 15,  20.616,     5.3
   319.0,0.011858, 15,  20.598,     5.3
   320.0,0.012040, 15,  20.573,     5.3
   321.0,0.012244, 15,  20.564,     5.3
   322.0,0.012401, 15,  20.539,     5.4
   323.0,0.012591, 15,  20.524,     5.4
   324.0,0.012772, 15,  20.513,     5.4
   325.0,0.012975, 15,  20.492,     5.4
   326.0,0.013170, 15,  20.483,     5.4
   327.0,0.013350, 15,  20.468,     5.4
   328.0,0.013548, 15,  20.451,     5.5
   329.0,0.013716, 15,  20.443,     5.5
   330.0,0.013900, 15,  20.430,     5.5
   331.0,0.014073, 15,  20.418,     5.5
   332.0,0.014224, 15,  20.400,     5.5
   333.0,0.014423, 15,  20.392,     5.6
   334.0,0.014596, 15,  20.372,     5.6
   335.0,0.014784, 15,  20.362,     5.6
   336.0,0.014973, 15,  20.353,     5.6
   337.0,0.015165, 15,  20.338,     5.6
   338.0,0.015350, 15,  20.326,     5.6
   339.0,0.015531, 15,  20.315,     5.7
   340.0,0.015708, 15,  20.300,     5.7
   341.0,0.015867, 15,  20.285,     5.7
   342.0,0.016052, 15,  20.267,     5.7
   343.0,0.016229, 15,  20.255,     5.7
   344.0,0.016407, 15,  20.244,     5.7
   345.0,0.016593, 15,  20.230,     5.8
   346.0,0.016790, 15,  20.218,     5.8
   347.0,0.016959, 15,  20.208,     5.8
   348.0,0.017164, 15,  20.198,     5.8
   349.0,0.017330, 15,  20.190,     5.8
   350.0,0.017489, 15,  20.180,     5.8
   351.0,0.017686, 15,  20.175,     5.8
   352.0,0.017872, 15,  20.164,     5.9
   353.0,0.018078, 15,  20.156,     5.9
   354.0,0.018264, 15,  20.154,     5.9
   355.0,0.018413, 15,  20.141,     5.9
   356.0,0.018604, 15,  20.130,     5.9
   357.0,0.018779, 15,  20.124,     5.9
   358.0,0.018959, 15,  20.118,     6.0
   359.0,0.019127, 15,  20.105,     6.0
   360.0,0.019293, 15,  20.099,     6.0
   361.0,0.019468, 15,  20.093,     6.0
   362.0,0.019647, 15,  20.088,     6.0
   363.0,0.019830, 15,  20.077,     6.1
   364.0,0.020005, 15,  20.070,     6.1
   365.0,0.020158, 15,  20.064,     6.1
   366.0,0.020337, 15,  20.058,     6.1
   367.0,0.020478, 15,  20.049,     6.1
   368.0,0.020646, 15,  20.039,     6.1
   369.0,0.020814, 15,  20.035,     6.2
   370.0,0.020981, 15,  20.025,     6.2
   371.0,0.021141, 15,  20.022,     6.2
   372.0,0.021306, 15,  20.020,     6.2
   373.0,0.021471, 15,  20.019,     6.2
   374.0,0.021639, 15,  20.014,     6.2
   375.0,0.021797, 15,  20.018,     6.3
   376.0,0.021922, 15,  20.014,     6.3
   377.0,0.022107, 15,  20.016,     6.3
   378.0,0.022248, 15,  20.013,     6.3
   379.0,0.022409, 15,  20.011,     6.3
   380.0,0.022559, 15,  20.008,     6.3
   381.0,0.022705, 15,  20.001,     6.3
   382.0,0.022854, 15,  19.996,     6.4
   383.0,0.023000, 15,  19.993,     6.4
   384.0,0.023161, 15,  19.991,     6.4
   385.0,0.023269, 15,  19.980,     6.4
   386.0,0.023419, 15,  19.974,     6.4
   387.0,0.023553, 15,  19.964,     6.4
   388.0,0.023688, 15,  19.961,     6.5
   389.0,0.023826, 15,  19.957,     6.5
   390.0,0.023964, 15,  19.953,     6.5
   391.0,0.024088, 15,  19.949,     6.5
   392.0,0.024211, 15,  19.947,     6.5
   393.0,0.024307, 15,  19.940,     6.6
   394.0,0.024426, 15,  19.941,     6.6
   395.0,0.024553, 15,  19.938,     6.6
   396.0,0.024677, 15,  19.933,     6.6
   397.0,0.024785, 15,  19.926,     6.6
   398.0,0.024885, 15,  19.925,     6.6
   399.0,0.025004, 15,  19.918,     6.7
   400.0,0.025108, 15,  19.915,     6.7
   401.0,0.025223, 15,  19.911,     6.7
   402.0,0.025328, 15,  19.907,     6.7
   403.0,0.025439, 15,  19.906,     6.7
   404.0,0.025567, 15,  19.903,     6.7
   405.0,0.025671, 15,  19.894,     6.8
   406.0,0.025759, 15,  19.891,     6.8
   407.0,0.025872, 15,  19.889,     6.8
   408.0,0.025968, 15,  19.889,     6.8
   409.0,0.026061, 15,  19.887,     6.8
   410.0,0.026142, 15,  19.881,     6.8
   411.0,0.026228, 15,  19.877,     6.8
   412.0,0.026317, 15,  19.875,     6.9
   413.0,0.026394, 15,  19.871,     6.9
   414.0,0.026463, 15,  19.868,     6.9
   415.0,0.026549, 15,  19.865,     6.9
   416.0,0.026622, 15,  19.857,     6.9
   417.0,0.026687, 15,  19.859,     6.9
   418.0,0.026742, 15,  19.848,     7.0
   419.0,0.026792, 15,  19.852,     7.0
   420.0,0.026847, 15,  19.851,     7.0
   421.0,0.026909, 15,  19.845,     7.0
   422.0,0.026966, 15,  19.848,     7.0
   423.0,0.027029, 15,  19.850,     7.1
   424.0,0.027091, 15,  19.841,     7.1
   425.0,0.027145, 15,  19.840,     7.1
   426.0,0.027176, 15,  19.842,     7.1
   427.0,0.027187, 15,  19.837,     7.1
   428.0,0.027222, 15,  19.837,     7.1
   429.0,0.027268, 15,  19.832,     7.2
   430.0,0.027311, 15,  19.832,     7.2
   431.0,0.027341, 15,  19.829,     7.2
   432.0,0.027381, 15,  19.827,     7.2
   433.0,0.027431, 15,  19.826,     7.2
   434.0,0.027454, 15,  19.820,     7.2
   435.0,0.027489, 15,  19.816,     7.3
   436.0,0.027519, 15,  19.813,     7.3
   437.0,0.027555, 15,  19.812,     7.3
   438.0,0.027586, 15,  19.812,     7.3
   439.0,0.027601, 15,  19.807,     7.3
   440.0,0.027617, 15,  19.805,     7.3
   441.0,0.027633, 15,  19.800,     7.3
   442.0,0.027645, 15,  19.796,     7.4
   443.0,0.027653, 15,  19.793,     7.4
   444.0,0.027652, 15,  19.793,     7.4
   445.0,0.027656, 15,  19.789,     7.4
   446.0,0.027668, 15,  19.788,     7.4
   447.0,0.027659, 15,  19.792,     7.4
   448.0,0.027644, 15,  19.788,     7.5
   449.0,0.027609, 15,  19.791,     7.5
   450.0,0.027569, 15,  19.790,     7.5
   451.0,0.027554, 15,  19.786,     7.5
   452.0,0.027531, 15,  19.787,     7.5
   453.0,0.027512, 15,  19.785,     7.6
   454.0,0.027493, 15,  19.785,     7.6
   455.0,0.027461, 15,  19.784,     7.6
   456.0,0.027446, 15,  19.788,     7.6
   457.0,0.027423, 15,  19.783,     7.6
   458.0,0.027401, 15,  19.790,     7.6
   459.0,0.027374, 15,  19.791,     7.7
   460.0,0.027342, 15,  19.793,     7.7
   461.0,0.027299, 15,  19.799,     7.7
   462.0,0.027257, 15,  19.799,     7.7
   463.0,0.027222, 15,  19.801,     7.7
   464.0,0.027200, 15,  19.802,     7.7
   465.0,0.027161, 15,  19.798,     7.8
   466.0,0.027142, 15,  19.797,     7.8
   467.0,0.027095, 15,  19.796,     7.8
   468.0,0.027032, 15,  19.794,     7.8
   469.0,0.026965, 15,  19.795,     7.8
   470.0,0.026919, 15,  19.790,     7.8
   471.0,0.026850, 15,  19.791,     7.8
   472.0,0.026812, 15,  19.785,     7.9
   473.0,0.026751, 15,  19.792,     7.9
   474.0,0.026680, 15,  19.791,     7.9
   475.0,0.026626, 15,  19.790,     7.9
   476.0,0.026556, 15,  19.791,     7.9
   477.0,0.026483, 15,  19.780,     7.9
   478.0,0.026394, 15,  19.779,     8.0
   479.0,0.026328, 15,  19.777,     8.0
   480.0,0.026228, 15,  19.773,     8.0
   481.0,0.026135, 15,  19.771,     8.0
   482.0,0.026054, 15,  19.764,     8.0
   483.0,0.025962, 15,  19.764,     8.1
   484.0,0.025880, 15,  19.764,     8.1
   485.0,0.025798, 15,  19.760,     8.1
   486.0,0.025714, 15,  19.762,     8.1
   487.0,0.025644, 15,  19.761,     8.1
   488.0,0.025562, 15,  19.763,     8.1
   489.0,0.025470, 15,  19.767,     8.1
   490.0,0.025385, 15,  19.769,     8.2
   491.0,0.025286, 15,  19.763,     8.2
   492.0,0.025193, 15,  19.770,     8.2
   493.0,0.025071, 15,  19.771,     8.2
   494.0,0.024999, 15,  19.773,     8.2
   495.0,0.024899, 15,  19.772,     8.3
   496.0,0.024791, 15,  19.781,     8.3
   497.0,0.024691, 15,  19.783,     8.3
   498.0,0.024587, 15,  19.781,     8.3
   499.0,0.024464, 15,  19.786,     8.3
   500.0,0.024348, 15,  19.782,     8.3
   501.0,0.024241, 15,  19.784,     8.4
   502.0,0.024129, 15,  19.785,     8.4
   503.0,0.024013, 15,  19.787,     8.4
   504.0,0.023889, 15,  19.788,     8.4
   505.0,0.023794, 15,  19.787,     8.4
   506.0,0.023674, 15,  19.784,     8.4
   507.0,0.023555, 15,  19.790,     8.4
   508.0,0.023440, 15,  19.784,     8.5
   509.0,0.023333, 15,  19.786,     8.5
   510.0,0.023218, 15,  19.783,     8.5
   511.0,0.023091, 15,  19.785,     8.5
   512.0,0.022976, 15,  19.781,     8.5
   513.0,0.022827, 15,  19.778,     8.6
   514.0,0.022722, 15,  19.779,     8.6
   515.0,0.022619, 15,  19.779,     8.6
   516.0,0.022481, 15,  19.778,     8.6
   517.0,0.022361, 15,  19.785,     8.6
   518.0,0.022235, 15,  19.780,     8.6
   519.0,0.022101, 15,  19.771,     8.6
   520.0,0.021967, 15,  19.768,     8.7
   521.0,0.021846, 15,  19.768,     8.7
   522.0,0.021729, 15,  19.765,     8.7
   523.0,0.021610, 15,  19.764,     8.7
   524.0,0.021475, 15,  19.763,     8.7
   525.0,0.021353, 15,  19.765,     8.8
   526.0,0.021211, 15,  19.768,     8.8
   527.0,0.021089, 15,  19.766,     8.8
   528.0,0.020959, 15,  19.766,     8.8
   529.0,0.020825, 15,  19.766,     8.8
   530.0,0.020690, 15,  19.773,     8.8
   531.0,0.020572, 15,  19.771,     8.9
   532.0,0.020442, 15,  19.777,     8.9
   533.0,0.020293, 15,  19.775,     8.9
   534.0,0.020156, 15,  19.775,     8.9
   535.0,0.020019, 15,  19.780,     8.9
   536.0,0.019882, 15,  19.776,     8.9
   537.0,0.019756, 15,  19.773,     8.9
   538.0,0.019619, 15,  19.773,     9.0
   539.0,0.019486, 15,  19.760,     9.0
   540.0,0.019368, 15,  19.760,     9.0
   541.0,0.019214, 15,  19.749,     9.0
   542.0,0.019059, 15,  19.745,     9.0
   543.0,0.018934, 15,  19.744,     9.1
   544.0,0.018766, 15,  19.744,     9.1
   545.0,0.018631, 15,  19.740,     9.1
   546.0,0.018497, 15,  19.745,     9.1
   547.0,0.018368, 15,  19.745,     9.1
   548.0,0.018239, 15,  19.746,     9.1
   549.0,0.018128, 15,  19.747,     9.1
   550.0,0.018008, 15,  19.746,     9.2
   551.0,0.017870, 15,  19.753,     9.2
   552.0,0.017738, 15,  19.757,     9.2
   553.0,0.017620, 15,  19.764,     9.2
   554.0,0.017484, 15,  19.770,     9.2
   555.0,0.017352, 15,  19.773,     9.3
   556.0,0.017223, 15,  19.772,     9.3
   557.0,0.017090, 15,  19.775,     9.3
   558.0,0.016981, 15,  19.775,     9.3
   559.0,0.016832, 15,  19.774,     9.3
   560.0,0.016672, 15,  19.773,     9.3
   561.0,0.016549, 15,  19.775,     9.4
   562.0,0.016397, 15,  19.780,     9.4
   563.0,0.016261, 15,  19.780,     9.4
   564.0,0.016122, 15,  19.781,     9.4
   565.0,0.015991, 15,  19.787,     9.4
   566.0,0.015871, 15,  19.786,     9.4
   567.0,0.015739, 15,  19.785,     9.4
   568.0,0.015622, 15,  19.788,     9.5
   569.0,0.015484, 15,  19.786,     9.5
   570.0,0.015359, 15,  19.790,     9.5
   571.0,0.015207, 15,  19.782,     9.5
   572.0,0.015065, 15,  19.785,     9.5
   573.0,0.014941, 15,  19.784,     9.6
   574.0,0.014832, 15,  19.785,     9.6
   575.0,0.014696, 15,  19.790,     9.6
   576.0,0.014563, 15,  19.789,     9.6
   577.0,0.014445, 15,  19.794,     9.6
   578.0,0.014308, 15,  19.791,     9.6
   579.0,0.014199, 15,  19.800,     9.6
   580.0,0.014059, 15,  19.803,     9.7
   581.0,0.013950, 15,  19.806,     9.7
   582.0,0.013830, 15,  19.804,     9.7
   583.0,0.013735, 15,  19.806,     9.7
   584.0,0.013618, 15,  19.809,     9.7
   585.0,0.013511, 15,  19.812,     9.8
   586.0,0.013399, 15,  19.818,     9.8
   587.0,0.013255, 15,  19.819,     9.8
   588.0,0.013113, 15,  19.819,     9.8
   589.0,0.012981, 15,  19.815,     9.8
   590.0,0.012846, 15,  19.813,     9.8
   591.0,0.012726, 15,  19.810,     9.9
   592.0,0.012614, 15,  19.805,     9.9
   593.0,0.012504, 15,  19.802,     9.9
   594.0,0.012356, 15,  19.802,     9.9
   595.0,0.012213, 15,  19.789,     9.9
   596.0,0.012098, 15,  19.782,     9.9
   597.0,0.011978, 15,  19.776,     9.9
   598.0,0.011839, 15,  19.768,    10.0
   599.0,0.011755, 15,  19.766,    10.0
   600.0,0.011639, 15,  19.759,    10.0
   601.0,0.011553, 15,  19.756,    10.0
   602.0,0.011425, 15,  19.756,    10.0
   603.0,0.011310, 15,  19.751,    10.1
   604.0,0.011187, 15,  19.749,    10.1
   605.0,0.011051, 15,  19.752,    10.1
   606.0,0.010943, 15,  19.746,    10.1
   607.0,0.010853, 15,  19.745,    10.1
   608.0,0.010749, 15,  19.749,    10.1
   609.0,0.010652, 15,  19.748,    10.1
   610.0,0.010566, 15,  19.754,    10.2
   611.0,0.010459, 15,  19.753,    10.2
   612.0,0.010359, 15,  19.756,    10.2
   613.0,0.010259, 15,  19.762,    10.2
   614.0,0.010166, 15,  19.758,    10.2
   615.0,0.010057, 15,  19.757,    10.3
   616.0,0.009936, 15,  19.760,    10.3
   617.0,0.009848, 15,  19.765,    10.3
   618.0,0.009750, 15,  19.766,    10.3
   619.0,0.009638, 15,  19.771,    10.3
   620.0,0.009532, 15,  19.773,    10.3
   621.0,0.009423, 15,  19.773,    10.4
   622.0,0.009327, 15,  19.778,    10.4
   623.0,0.009220, 15,  19.779,    10.4
   624.0,0.009124, 15,  19.781,    10.4
   625.0,0.009031, 15,  19.786,    10.4
   626.0,0.008938, 15,  19.784,    10.4
   627.0,0.008863, 15,  19.789,    10.4
   628.0,0.008758, 15,  19.783,    10.5
   629.0,0.008664, 15,  19.781,    10.5
   630.0,0.008573, 15,  19.778,    10.5
   631.0,0.008472, 15,  19.774,    10.5
   632.0,0.008382, 15,  19.769,    10.5
   633.0,0.008302, 15,  19.764,    10.6
   634.0,0.008216, 15,  19.753,    10.6
   635.0,0.008150, 15,  19.754,    10.6
   636.0,0.008087, 15,  19.748,    10.6
   637.0,0.007997, 15,  19.748,    10.6
   638.0,0.007903, 15,  19.744,    10.6
   639.0,0.007825, 15,  19.747,    10.6
   640.0,0.007720, 15,  19.748,    10.7
   641.0,0.007627, 15,  19.746,    10.7
   642.0,0.007540, 15,  19.752,    10.7
   643.0,0.007429, 15,  19.747,    10.7
   644.0,0.007348, 15,  19.753,    10.7
   645.0,0.007274, 15,  19.756,    10.8
   646.0,0.007170, 15,  19.751,    10.8
   647.0,0.007086, 15,  19.755,    10.8
   648.0,0.007004, 15,  19.759,    10.8
   649.0,0.006920, 15,  19.756,    10.8
   650.0,0.006850, 15,  19.759,    10.8
   651.0,0.006767, 15,  19.758,    10.9
   652.0,0.006676, 15,  19.761,    10.9
   653.0,0.006615, 15,  19.770,    10.9
   654.0,0.006563, 15,  19.772,    10.9
   655.0,0.006506, 15,  19.775,    10.9
   656.0,0.006420, 15,  19.776,    10.9
   657.0,0.006347, 15,  19.776,    10.9
   658.0,0.006270, 15,  19.771,    11.0
   659.0,0.006198, 15,  19.775,    11.0
   660.0,0.006134, 15,  19.775,    11.0
   661.0,0.006080, 15,  19.775,    11.0
   662.0,0.006009, 15,  19.774,    11.0
   663.0,0.005935, 15,  19.767,    11.1
   664.0,0.005865, 15,  19.765,    11.1
   665.0,0.005790, 15,  19.758,    11.1
   666.0,0.005737, 15,  19.756,    11.1
   667.0,0.005671, 15,  19.750,    11.1
   668.0,0.005588, 15,  19.756,    11.1
   669.0,0.005526, 15,  19.753,    11.1
   670.0,0.005456, 15,  19.753,    11.2
   671.0,0.005393, 15,  19.746,    11.2
   672.0,0.005357, 15,  19.748,    11.2
   673.0,0.005282, 15,  19.749,    11.2
   674.0,0.005232, 15,  19.745,    11.2
   675.0,0.005177, 15,  19.745,    11.3
   676.0,0.005113, 15,  19.740,    11.3
   677.0,0.005056, 15,  19.740,    11.3
   678.0,0.004993, 15,  19.739,    11.3
   679.0,0.004925, 15,  19.745,    11.3
   680.0,0.004882, 15,  19.741,    11.3
   681.0,0.004826, 15,  19.742,    11.4
   682.0,0.004764, 15,  19.745,    11.4
   683.0,0.004716, 15,  19.751,    11.4
   684.0,0.004673, 15,  19.753,    11.4
   685.0,0.004618, 15,  19.749,    11.4
   686.0,0.004562, 15,  19.755,    11.4
   687.0,0.004515, 15,  19.753,    11.4
   688.0,0.004449, 15,  19.756,    11.5
   689.0,0.004393, 15,  19.753,    11.5
   690.0,0.004352, 15,  19.755,    11.5
   691.0,0.004278, 15,  19.748,    11.5
   692.0,0.004221, 15,  19.751,    11.5
   693.0,0.004186, 15,  19.755,    11.6
   694.0,0.004133, 15,  19.754,    11.6
   695.0,0.004084, 15,  19.756,    11.6
   696.0,0.004064, 15,  19.760,    11.6
   697.0,0.004012, 15,  19.758,    11.6
   698.0,0.003984, 15,  19.763,    11.6
   699.0,0.003959, 15,  19.762,    11.6
   700.0,0.003910, 15,  19.758,    11.7
   701.0,0.003855, 15,  19.759,    11.7
   702.0,0.003806, 15,  19.758,    11.7
   703.0,0.003755, 15,  19.760,    11.7
   704.0,0.003716, 15,  19.759,    11.7
   705.0,0.003670, 15,  19.758,    11.8
   706.0,0.003631, 15,  19.758,    11.8
   707.0,0.003594, 15,  19.758,    11.8
   708.0,0.003546, 15,  19.757,    11.8
   709.0,0.003498, 15,  19.759,    11.8
   710.0,0.003434, 15,  19.764,    11.8
   711.0,0.003390, 15,  19.758,    11.9
   712.0,0.003356, 15,  19.762,    11.9
   713.0,0.003291, 15,  19.758,    11.9
   714.0,0.003251, 15,  19.761,    11.9
   715.0,0.003218, 15,  19.764,    11.9
   716.0,0.003197, 15,  19.766,    11.9
   717.0,0.003152, 15,  19.771,    11.9
   718.0,0.003126, 15,  19.772,    12.0
   719.0,0.003100, 15,  19.778,    12.0
   720.0,0.003075, 15,  19.776,    12.0
   721.0,0.003045, 15,  19.782,    12.0
   722.0,0.003010, 15,  19.785,    12.0
   723.0,0.002972, 15,  19.792,    12.1
   724.0,0.002954, 15,  19.790,    12.1
   725.0,0.002939, 15,  19.795,    12.1
   726.0,0.002913, 15,  19.803,    12.1
   727.0,0.002865, 15,  19.808,    12.1
   728.0,0.002833, 15,  19.813,    12.1
   729.0,0.002807, 15,  19.812,    12.1
   730.0,0.002762, 15,  19.824,    12.2
   731.0,0.002727, 15,  19.827,    12.2
   732.0,0.002697, 15,  19.832,    12.2
   733.0,0.002664, 15,  19.839,    12.2
   734.0,0.002635, 15,  19.841,    12.2
   735.0,0.002594, 15,  19.845,    12.3
   736.0,0.002580, 15,  19.851,    12.3
   737.0,0.002536, 15,  19.855,    12.3
   738.0,0.002502, 15,  19.855,    12.3
   739.0,0.002480, 15,  19.853,    12.3
   740.0,0.002458, 15,  19.859,    12.3
   741.0,0.002431, 15,  19.857,    12.4
   742.0,0.002409, 15,  19.857,    12.4
   743.0,0.002376, 15,  19.854,    12.4
   744.0,0.002357, 15,  19.856,    12.4
   745.0,0.002314, 15,  19.854,    12.4
   746.0,0.002285, 15,  19.856,    12.4
   747.0,0.002264, 15,  19.847,    12.4
   748.0,0.002234, 15,  19.842,    12.5
   749.0,0.002218, 15,  19.842,    12.5
   750.0,0.002188, 15,  19.836,    12.5
   751.0,0.002162, 15,  19.827,    12.5
   752.0,0.002137, 15,  19.821,    12.5
   753.0,0.002112, 15,  19.812,    12.6
   754.0,0.002080, 15,  19.804,    12.6
   755.0,0.002067, 15,  19.795,    12.6
   756.0,0.002032, 15,  19.784,    12.6
   757.0,0.002027, 15,  19.774,    12.6
   758.0,0.002014, 15,  19.772,    12.6
   759.0,0.001971, 15,  19.763,    12.6
   760.0,0.001957, 15,  19.753,    12.7
   761.0,0.001926, 15,  19.752,    12.7
   762.0,0.001906, 15,  19.753,    12.7
   763.0,0.001893, 15,  19.754,    12.7
   764.0,0.001878, 15,  19.753,    12.7
   765.0,0.001840, 15,  19.753,    12.8
   766.0,0.001826, 15,  19.752,    12.8
   767.0,0.001796, 15,  19.756,    12.8
   768.0,0.001786, 15,  19.762,    12.8
   769.0,0.001779, 15,  19.767,    12.8
   770.0,0.001757, 15,  19.766,    12.8
   771.0,0.001725, 15,  19.769,    12.9
   772.0,0.001711, 15,  19.767,    12.9
   773.0,0.001685, 15,  19.772,    12.9
   774.0,0.001675, 15,  19.774,    12.9
   775.0,0.001660, 15,  19.774,    12.9
   776.0,0.001661, 15,  19.778,    12.9
   777.0,0.001661, 15,  19.778,    12.9
   778.0,0.001638, 15,  19.776,    13.0
   779.0,0.001644, 15,  19.775,    13.0
   780.0,0.001618, 15,  19.777,    13.0
   781.0,0.001603, 15,  19.774,    13.0
   782.0,0.001601, 15,  19.778,    13.0
   783.0,0.001583, 15,  19.778,    13.1
   784.0,0.001568, 15,  19.783,    13.1
   785.0,0.001560, 15,  19.791,    13.1
   786.0,0.001540, 15,  19.800,    13.1
   787.0,0.001541, 15,  19.808,    13.1
   788.0,0.001523, 15,  19.816,    13.1
   789.0,0.001504, 15,  19.823,    13.1
   790.0,0.001487, 15,  19.824,    13.2
   791.0,0.001451, 15,  19.830,    13.2
   792.0,0.001449, 15,  19.836,    13.2
   793.0,0.001415, 15,  19.842,    13.2
   794.0,0.001397, 15,  19.846,    13.2
   795.0,0.001388, 15,  19.848,    13.3
   796.0,0.001381, 15,  19.853,    13.3
   797.0,0.001365, 15,  19.852,    13.3
   798.0,0.001350, 15,  19.858,    13.3
   799.0,0.001347, 15,  19.860,    13.3
   800.0,0.001322, 15,  19.858,    13.3
   801.0,0.001334, 15,  19.866,    13.4
   802.0,0.001303, 15,  19.861,    13.4
   803.0,0.001297, 15,  19.858,    13.4
   804.0,0.001270, 15,  19.854,    13.4
   805.0,0.001264, 15,  19.854,    13.4
   806.0,0.001253, 15,  19.851,    13.4
   807.0,0.001236, 15,  19.848,    13.4
   808.0,0.001225, 15,  19.849,    13.5
   809.0,0.001238, 15,  19.848,    13.5
   810.0,0.001230, 15,  19.845,    13.5
   811.0,0.001224, 15,  19.851,    13.5
   812.0,0.001205, 15,  19.849,    13.5
   813.0,0.001192, 15,  19.846,    13.6
   814.0,0.001181, 15,  19.847,    13.6
   815.0,0.001169, 15,  19.848,    13.6
   816.0,0.001148, 15,  19.849,    13.6
   817.0,0.001149, 15,  19.853,    13.6
   818.0,0.001123, 15,  19.853,    13.6
   819.0,0.001108, 15,  19.851,    13.6
   820.0,0.001101, 15,  19.853,    13.7
   821.0,0.001085, 15,  19.855,    13.7
   822.0,0.001102, 15,  19.854,    13.7
   823.0,0.001083, 15,  19.857,    13.7
   824.0,0.001062, 15,  19.854,    13.7
   825.0,0.001067, 15,  19.857,    13.8
   826.0,0.001060, 15,  19.857,    13.8
   827.0,0.001065, 15,  19.860,    13.8
   828.0,0.001057, 15,  19.857,    13.8
   829.0,0.001034, 15,  19.856,    13.8
   830.0,0.001036, 15,  19.854,    13.8
   831.0,0.001024, 15,  19.851,    13.9
   832.0,0.001031, 15,  19.846,    13.9
   833.0,0.001028, 15,  19.845,    13.9
   834.0,0.001010, 15,  19.835,    13.9
   835.0,0.001002, 15,  19.837,    13.9
   836.0,0.000997, 15,  19.827,    13.9
   837.0,0.000989, 15,  19.827,    13.9
   838.0,0.001000, 15,  19.821,    14.0
   839.0,0.000991, 15,  19.812,    14.0
   840.0,0.000999, 15,  19.812,    14.0
   841.0,0.000995, 15,  19.809,    14.0
   842.0,0.000990, 15,  19.807,    14.0
   843.0,0.000985, 15,  19.801,    14.1
   844.0,0.000982, 15,  19.801,    14.1
   845.0,0.000951, 15,  19.798,    14.1
   846.0,0.000961, 15,  19.800,    14.1
   847.0,0.000937, 15,  19.798,    14.1
   848.0,0.000929, 15,  19.797,    14.1
   849.0,0.000939, 15,  19.794,    14.1
   850.0,0.000935, 15,  19.795,    14.2
   851.0,0.000920, 15,  19.795,    14.2
   852.0,0.000928, 15,  19.793,    14.2
   853.0,0.000924, 15,  19.792,    14.2
   854.0,0.000921, 15,  19.792,    14.2
   855.0,0.000921, 15,  19.794,    14.3
   856.0,0.000897, 15,  19.798,    14.3
   857.0,0.000898, 15,  19.793,    14.3
   858.0,0.000882, 15,  19.800,    14.3
   859.0,0.000876, 15,  19.798,    14.3
   860.0,0.000881, 15,  19.800,    14.3
   861.0,0.000884, 15,  19.798,    14.4
   862.0,0.000884, 15,  19.804,    14.4
   863.0,0.000881, 15,  19.803,    14.4
   864.0,0.000861, 15,  19.805,    14.4
   865.0,0.000870, 15,  19.807,    14.4
   866.0,0.000859, 15,  19.806,    14.4
   867.0,0.000850, 15,  19.807,    14.4
   868.0,0.000862, 15,  19.810,    14.5
   869.0,0.000855, 15,  19.810,    14.5
   870.0,0.000839, 15,  19.807,    14.5
   871.0,0.000820, 15,  19.804,    14.5
   872.0,0.000816, 15,  19.804,    14.5
   873.0,0.000836, 15,  19.803,    14.6
   874.0,0.000848, 15,  19.801,    14.6
   875.0,0.000824, 15,  19.803,    14.6
   876.0,0.000836, 15,  19.800,    14.6
   877.0,0.000827, 15,  19.799,    14.6
   878.0,0.000824, 15,  19.802,    14.6
   879.0,0.000832, 15,  19.800,    14.6
   880.0,0.000805, 15,  19.800,    14.7
   881.0,0.000806, 15,  19.803,    14.7
   882.0,0.000806, 15,  19.807,    14.7
   883.0,0.000799, 15,  19.805,    14.7
   884.0,0.000793, 15,  19.805,    14.7
   885.0,0.000793, 15,  19.808,    14.8
   886.0,0.000786, 15,  19.807,    14.8
   887.0,0.000768, 15,  19.811,    14.8
   888.0,0.000764, 15,  19.811,    14.8
   889.0,0.000769, 15,  19.814,    14.8
   890.0,0.000757, 15,  19.811,    14.8
   891.0,0.000769, 15,  19.811,    14.9
   892.0,0.000772, 15,  19.814,    14.9
   893.0,0.000776, 15,  19.815,    14.9
   894.0,0.000770, 15,  19.811,    14.9
   895.0,0.000775, 15,  19.818,    14.9
   896.0,0.000770, 15,  19.816,    14.9
   897.0,0.000781, 15,  19.820,    14.9
   898.0,0.000769, 15,  19.822,    15.0
   899.0,0.000757, 15,  19.823,    15.0
   900.0,0.000758, 15,  19.820,    15.0
   901.0,0.000753, 15,  19.822,    15.0
   902.0,0.000751, 15,  19.823,    15.0
   903.0,0.000751, 15,  19.823,    15.1
   904.0,0.000755, 15,  19.824,    15.1
   905.0,0.000740, 15,  19.827,    15.1
   906.0,0.000729, 15,  19.828,    15.1
   907.0,0.000724, 15,  19.825,    15.1
   908.0,0.000729, 15,  19.829,    15.1
   909.0,0.000720, 15,  19.825,    15.1
   910.0,0.000737, 15,  19.826,    15.2
   911.0,0.000741, 15,  19.827,    15.2
   912.0,0.000724, 15,  19.831,    15.2
   913.0,0.000740, 15,  19.829,    15.2
   914.0,0.000735, 15,  19.830,    15.2
   915.0,0.000724, 15,  19.831,    15.3
   916.0,0.000721, 15,  19.836,    15.3
   917.0,0.000730, 15,  19.836,    15.3
   918.0,0.000723, 15,  19.838,    15.3
   919.0,0.000730, 15,  19.837,    15.3
   920.0,0.000723, 15,  19.839,    15.3
   921.0,0.000719, 15,  19.842,    15.4
   922.0,0.000710, 15,  19.842,    15.4
   923.0,0.000713, 15,  19.846,    15.4
   924.0,0.000721, 15,  19.840,    15.4
   925.0,0.000718, 15,  19.846,    15.4
   926.0,0.000725, 15,  19.847,    15.4
   927.0,0.000725, 15,  19.849,    15.4
   928.0,0.000720, 15,  19.849,    15.5
   929.0,0.000726, 15,  19.853,    15.5
   930.0,0.000725, 15,  19.856,    15.5
   931.0,0.000709, 15,  19.862,    15.5
   932.0,0.000714, 15,  19.857,    15.5
   933.0,0.000713, 15,  19.861,    15.6
   934.0,0.000708, 15,  19.866,    15.6
   935.0,0.000717, 15,  19.869,    15.6
   936.0,0.000717, 15,  19.869,    15.6
   937.0,0.000693, 15,  19.873,    15.6
   938.0,0.000698, 15,  19.873,    15.6
   939.0,0.000706, 15,  19.871,    15.6
   940.0,0.000690, 15,  19.876,    15.7
   941.0,0.000685, 15,  19.875,    15.7
   942.0,0.000674, 15,  19.877,    15.7
   943.0,0.000667, 15,  19.875,    15.7
   944.0,0.000669, 15,  19.872,    15.7
   945.0,0.000674, 15,  19.874,    15.8
   946.0,0.000663, 15,  19.874,    15.8
   947.0,0.000658, 15,  19.870,    15.8
   948.0,0.000667, 15,  19.869,    15.8
   949.0,0.000678, 15,  19.870,    15.8
   950.0,0.000695, 15,  19.864,    15.8
   951.0,0.000692, 15,  19.869,    15.9
   952.0,0.000687, 15,  19.867,    15.9
   953.0,0.000702, 15,  19.867,    15.9
   954.0,0.000691, 15,  19.862,    15.9
   955.0,0.000695, 15,  19.858,    15.9
   956.0,0.000670, 15,  19.857,    15.9
   957.0,0.000691, 15,  19.852,    15.9
   958.0,0.000687, 15,  19.850,    16.0
   959.0,0.000684, 15,  19.847,    16.0
   960.0,0.000680, 15,  19.845,    16.0
   961.0,0.000689, 15,  19.848,    16.0
   962.0,0.000693, 15,  19.840,    16.0
   963.0,0.000704, 15,  19.842,    16.0
   964.0,0.000701, 15,  19.845,    16.1
   965.0,0.000696, 15,  19.841,    16.1
   966.0,0.000689, 15,  19.837,    16.1
   967.0,0.000685, 15,  19.843,    16.1
   968.0,0.000689, 15,  19.845,    16.1
   969.0,0.000691, 15,  19.848,    16.1
   970.0,0.000703, 15,  19.849,    16.2
   971.0,0.000702, 15,  19.852,    16.2
   972.0,0.000708, 15,  19.854,    16.2
   973.0,0.000706, 15,  19.858,    16.2
   974.0,0.000706, 15,  19.865,    16.2
   975.0,0.000693, 15,  19.866,    16.3
   976.0,0.000687, 15,  19.864,    16.3
   977.0,0.000687, 15,  19.868,    16.3
   978.0,0.000685, 15,  19.870,    16.3
   979.0,0.000686, 15,  19.869,    16.3
   980.0,0.000686, 15,  19.871,    16.3
   981.0,0.000685, 15,  19.872,    16.4
   982.0,0.000676, 15,  19.872,    16.4
   983.0,0.000689, 15,  19.873,    16.4
   984.0,0.000692, 15,  19.872,    16.4
   985.0,0.000684, 15,  19.876,    16.4
   986.0,0.000680, 15,  19.882,    16.4
   987.0,0.000676, 15,  19.878,    16.5
   988.0,0.000664, 15,  19.883,    16.5
   989.0,0.000669, 15,  19.881,    16.5
   990.0,0.000668, 15,  19.881,    16.5
   991.0,0.000649, 15,  19.884,    16.5
   992.0,0.000653, 15,  19.885,    16.5
   993.0,0.000662, 15,  19.886,    16.5
   994.0,0.000663, 15,  19.885,    16.6
   995.0,0.000655, 15,  19.885,    16.6
   996.0,0.000659, 15,  19.886,    16.6
   997.0,0.000648, 15,  19.888,    16.6
   998.0,0.000644, 15,  19.892,    16.6
   999.0,0.000656, 15,  19.890,    16.6
  1000.0,0.000659, 15,  19.890,    16.7
  1001.0,0.000656, 15,  19.885,    16.7
  1002.0,0.000668, 15,  19.882,    16.7
  1003.0,0.000668, 15,  19.880,    16.7
  1004.0,0.000664, 15,  19.875,    16.7
  1005.0,0.000661, 15,  19.885,    16.8
  1006.0,0.000650, 15,  19.875,    16.8
  1007.0,0.000662, 15,  19.876,    16.8
  1008.0,0.000657, 15,  19.877,    16.8
  1009.0,0.000653, 15,  19.873,    16.8
  1010.0,0.000657, 15,  19.874,    16.8
  1011.0,0.000670, 15,  19.872,    16.9
  1012.0,0.000662, 15,  19.871,    16.9
  1013.0,0.000665, 15,  19.874,    16.9
  1014.0,0.000662, 15,  19.877,    16.9
  1015.0,0.000674, 15,  19.876,    16.9
  1016.0,0.000665, 15,  19.879,    16.9
  1017.0,0.000663, 15,  19.881,    17.0
  1018.0,0.000658, 15,  19.880,    17.0
  1019.0,0.000654, 15,  19.884,    17.0
  1020.0,0.000653, 15,  19.887,    17.0
  1021.0,0.000662, 15,  19.891,    17.0
  1022.0,0.000653, 15,  19.895,    17.0
  1023.0,0.000653, 15,  19.891,    17.0
  1024.0,0.000650, 15,  19.896,    17.1
  1025.0,0.000653, 15,  19.902,    17.1
  1026.0,0.000657, 15,  19.906,    17.1
  1027.0,0.000654, 15,  19.913,    17.1
  1028.0,0.000657, 15,  19.913,    17.1
  1029.0,0.000662, 15,  19.914,    17.1
  1030.0,0.000650, 15,  19.909,    17.2
  1031.0,0.000653, 15,  19.920,    17.2
  1032.0,0.000650, 15,  19.922,    17.2
  1033.0,0.000653, 15,  19.918,    17.2
  1034.0,0.000648, 15,  19.922,    17.2
  1035.0,0.000633, 15,  19.925,    17.3
  1036.0,0.000636, 15,  19.923,    17.3
  1037.0,0.000634, 15,  19.924,    17.3
  1038.0,0.000631, 15,  19.913,    17.3
  1039.0,0.000631, 15,  19.915,    17.3
  1040.0,0.000628, 15,  19.916,    17.3
  1041.0,0.000619, 15,  19.911,    17.4
  1042.0,0.000624, 15,  19.909,    17.4
  1043.0,0.000631, 15,  19.908,    17.4
  1044.0,0.000639, 15,  19.907,    17.4
  1045.0,0.000635, 15,  19.899,    17.4
  1046.0,0.000646, 15,  19.894,    17.4
  1047.0,0.000646, 15,  19.891,    17.5
  1048.0,0.000639, 15,  19.886,    17.5
  1049.0,0.000641, 15,  19.885,    17.5
  1050.0,0.000653, 15,  19.881,    17.5
  1051.0,0.000648, 15,  19.878,    17.5
  1052.0,0.000633, 15,  19.876,    17.5
  1053.0,0.000637, 15,  19.869,    17.5
  1054.0,0.000637, 15,  19.871,    17.6
  1055.0,0.000633, 15,  19.870,    17.6
  1056.0,0.000652, 15,  19.865,    17.6
  1057.0,0.000651, 15,  19.867,    17.6
  1058.0,0.000670, 15,  19.866,    17.6
  1059.0,0.000675, 15,  19.868,    17.6
  1060.0,0.000690, 15,  19.869,    17.7
  1061.0,0.000689, 15,  19.869,    17.7
  1062.0,0.000678, 15,  19.877,    17.7
  1063.0,0.000669, 15,  19.882,    17.7
  1064.0,0.000661, 15,  19.883,    17.7
  1065.0,0.000665, 15,  19.887,    17.8
  1066.0,0.000669, 15,  19.894,    17.8
  1067.0,0.000669, 15,  19.895,    17.8
  1068.0,0.000681, 15,  19.902,    17.8
  1069.0,0.000686, 15,  19.906,    17.8
  1070.0,0.000664, 15,  19.912,    17.8
  1071.0,0.000653, 15,  19.916,    17.9
  1072.0,0.000662, 15,  19.914,    17.9
  1073.0,0.000663, 15,  19.923,    17.9
  1074.0,0.000645, 15,  19.922,    17.9
  1075.0,0.000652, 15,  19.925,    17.9
  1076.0,0.000651, 15,  19.926,    17.9
  1077.0,0.000645, 15,  19.928,    18.0
  1078.0,0.000650, 15,  19.928,    18.0
  1079.0,0.000664, 15,  19.927,    18.0
  1080.0,0.000661, 15,  19.926,    18.0
  1081.0,0.000656, 15,  19.923,    18.0
  1082.0,0.000644, 15,  19.923,    18.0
  1083.0,0.000637, 15,  19.922,    18.0
  1084.0,0.000629, 15,  19.919,    18.1
  1085.0,0.000633, 15,  19.917,    18.1
  1086.0,0.000633, 15,  19.915,    18.1
  1087.0,0.000633, 15,  19.912,    18.1
  1088.0,0.000633, 15,  19.909,    18.1
  1089.0,0.000634, 15,  19.909,    18.1
  1090.0,0.000637, 15,  19.905,    18.2
  1091.0,0.000661, 15,  19.912,    18.2
  1092.0,0.000644, 15,  19.908,    18.2
  1093.0,0.000653, 15,  19.903,    18.2
  1094.0,0.000646, 15,  19.908,    18.2
  1095.0,0.000639, 15,  19.912,    18.3
  1096.0,0.000635, 15,  19.913,    18.3
  1097.0,0.000635, 15,  19.911,    18.3
  1098.0,0.000635, 15,  19.910,    18.3
  1099.0,0.000633, 15,  19.910,    18.3
  1100.0,0.000633, 15,  19.909,    18.3
  1101.0,0.000628, 15,  19.906,    18.4
  1102.0,0.000623, 15,  19.910,    18.4
  1103.0,0.000622, 15,  19.908,    18.4
  1104.0,0.000617, 15,  19.910,    18.4
  1105.0,0.000634, 15,  19.911,    18.4
  1106.0,0.000634, 15,  19.909,    18.4
  1107.0,0.000643, 15,  19.906,    18.5
  1108.0,0.000647, 15,  19.910,    18.5
  1109.0,0.000635, 15,  19.908,    18.5
  1110.0,0.000631, 15,  19.905,    18.5
  1111.0,0.000628, 15,  19.904,    18.5
  1112.0,0.000624, 15,  19.894,    18.5
  1113.0,0.000624, 15,  19.891,    18.5
  1114.0,0.000617, 15,  19.885,    18.6
  1115.0,0.000620, 15,  19.878,    18.6
  1116.0,0.000620, 15,  19.875,    18.6
  1117.0,0.000642, 15,  19.869,    18.6
  1118.0,0.000653, 15,  19.865,    18.6
  1119.0,0.000652, 15,  19.858,    18.6
  1120.0,0.000639, 15,  19.855,    18.7
  1121.0,0.000659, 15,  19.848,    18.7
  1122.0,0.000651, 15,  19.847,    18.7
  1123.0,0.000652, 15,  19.846,    18.7
  1124.0,0.000657, 15,  19.843,    18.7
  1125.0,0.000650, 15,  19.845,    18.8
  1126.0,0.000653, 15,  19.845,    18.8
  1127.0,0.000653, 15,  19.850,    18.8
  1128.0,0.000653, 15,  19.848,    18.8
  1129.0,0.000650, 15,  19.850,    18.8
  1130.0,0.000646, 15,  19.854,    18.8
  1131.0,0.000628, 15,  19.854,    18.9
  1132.0,0.000635, 15,  19.856,    18.9
  1133.0,0.000634, 15,  19.858,    18.9
  1134.0,0.000628, 15,  19.861,    18.9
  1135.0,0.000640, 15,  19.864,    18.9
  1136.0,0.000648, 15,  19.867,    18.9
  1137.0,0.000637, 15,  19.870,    19.0
  1138.0,0.000629, 15,  19.870,    19.0
  1139.0,0.000630, 15,  19.869,    19.0
  1140.0,0.000616, 15,  19.871,    19.0
  1141.0,0.000612, 15,  19.870,    19.0
  1142.0,0.000629, 15,  19.874,    19.0
  1143.0,0.000620, 15,  19.873,    19.0
  1144.0,0.000624, 15,  19.873,    19.1
  1145.0,0.000620, 15,  19.869,    19.1
  1146.0,0.000620, 15,  19.866,    19.1
  1147.0,0.000620, 15,  19.869,    19.1
  1148.0,0.000617, 15,  19.867,    19.1
  1149.0,0.000608, 15,  19.869,    19.1
  1150.0,0.000616, 15,  19.869,    19.2
  1151.0,0.000624, 15,  19.870,    19.2
  1152.0,0.000628, 15,  19.865,    19.2
  1153.0,0.000631, 15,  19.867,    19.2
  1154.0,0.000631, 15,  19.869,    19.2
  1155.0,0.000635, 15,  19.871,    19.3
  1156.0,0.000629, 15,  19.872,    19.3
  1157.0,0.000617, 15,  19.876,    19.3
  1158.0,0.000613, 15,  19.871,    19.3
  1159.0,0.000614, 15,  19.869,    19.3
  1160.0,0.000606, 15,  19.861,    19.3
  1161.0,0.000613, 15,  19.858,    19.4
  1162.0,0.000594, 15,  19.855,    19.4
  1163.0,0.000591, 15,  19.847,    19.4
  1164.0,0.000606, 15,  19.844,    19.4
  1165.0,0.000613, 15,  19.836,    19.4
  1166.0,0.000634, 15,  19.834,    19.4
  1167.0,0.000646, 15,  19.829,    19.5
  1168.0,0.000646, 15,  19.828,    19.5
  1169.0,0.000628, 15,  19.831,    19.5
  1170.0,0.000613, 15,  19.827,    19.5
  1171.0,0.000620, 15,  19.824,    19.5
  1172.0,0.000617, 15,  19.832,    19.5
  1173.0,0.000619, 15,  19.827,    19.5
  1174.0,0.000619, 15,  19.829,    19.6
  1175.0,0.000612, 15,  19.825,    19.6
  1176.0,0.000614, 15,  19.823,    19.6
  1177.0,0.000627, 15,  19.829,    19.6
  1178.0,0.000622, 15,  19.832,    19.6
  1179.0,0.000622, 15,  19.833,    19.6
  1180.0,0.000634, 15,  19.835,    19.7
  1181.0,0.000622, 15,  19.839,    19.7
  1182.0,0.000605, 15,  19.840,    19.7
  1183.0,0.000618, 15,  19.840,    19.7
  1184.0,0.000622, 15,  19.841,    19.7
  1185.0,0.000634, 15,  19.839,    19.8
  1186.0,0.000641, 15,  19.844,    19.8
  1187.0,0.000636, 15,  19.840,    19.8
  1188.0,0.000636, 15,  19.838,    19.8
  1189.0,0.000642, 15,  19.839,    19.8
  1190.0,0.000631, 15,  19.837,    19.8
  1191.0,0.000623, 15,  19.837,    19.9
  1192.0,0.000622, 15,  19.839,    19.9
  1193.0,0.000637, 15,  19.839,    19.9
  1194.0,0.000641, 15,  19.836,    19.9
  1195.0,0.000622, 15,  19.837,    19.9
  1196.0,0.000628, 15,  19.835,    19.9
  1197.0,0.000624, 15,  19.838,    20.0
  1198.0,0.000617, 15,  19.835,    20.0
  1199.0,0.000613, 15,  19.835,    20.0
