Run Name,50% CRL group3 April 8 2014.1
Run Date,01:55:32 PM   04-08-14
Method Name,50% CRL group 3 April 8 2014.1
Export Format Version, 1.00
Method ID, 2042
Points/Second, 5.00
Number of Records,   2310
Offset from Run Start Time,00:00:00
Run End Time,00:07:41
Time,Second
QuadTec 1, (280.0 nm), AU
Trace 2,<Not Selected>
Gradient Pump,%B
Trace 3,<Not Selected>
Trace 4,<Not Selected>
Conductivity,mS/cm
Trace 6,<Not Available>
GP Pressure,PSI
Volume,<Not Selected>
Fraction,<Not Available>
Time,QuadTec 1,Gradient Pump,Conductivity,GP Pressure
     0.0,0.000000, 50,  49.223,  121
     0.2,0.000000, 50,  49.244,  122
     0.4,0.000000, 50,  49.248,  122
     0.6,0.000000, 50,  49.250,  123
     0.8,0.000000, 50,  49.251,  124
     1.0,0.000000, 50,  49.254,  125
     1.2,0.000000, 50,  49.256,  125
     1.4,0.000000, 50,  49.259,  124
     1.6,0.000000, 50,  49.257,  122
     1.8,0.000000, 50,  49.266,  122
     2.0,0.000000, 50,  49.267,  122
     2.2,0.000000, 50,  49.269,  122
     2.4,0.000000, 50,  49.276,  122
     2.6,0.000000, 50,  49.276,  123
     2.8,0.000000, 50,  49.281,  125
     3.0,0.000000, 50,  49.285,  123
     3.2,0.000003, 50,  49.287,  122
     3.4,0.000009, 50,  49.290,  123
     3.6,0.000016, 50,  49.291,  123
     3.8,0.000009, 50,  49.293,  122
     4.0,0.000009, 50,  49.297,  121
     4.2,0.000009, 50,  49.297,  121
     4.4,0.000003, 50,  49.299,  121
     4.6,0.000006, 50,  49.304,  124
     4.8,0.000006, 50,  49.307,  127
     5.0,-0.000001, 50,  49.311,  127
     5.2,0.000002, 50,  49.316,  128
     5.4,0.000006, 50,  49.318,  126
     5.6,0.000002, 50,  49.316,  124
     5.8,0.000002, 50,  49.322,  123
     6.0,0.000008, 50,  49.319,  121
     6.2,0.000004, 50,  49.325,  122
     6.4,0.000004, 50,  49.325,  123
     6.6,0.000014, 50,  49.326,  122
     6.8,0.000010, 50,  49.326,  122
     7.0,0.000010, 50,  49.331,  123
     7.2,0.000017, 50,  49.329,  124
     7.4,0.000015, 50,  49.329,  124
     7.6,0.000015, 50,  49.336,  124
     7.8,0.000022, 50,  49.341,  123
     8.0,0.000022, 50,  49.341,  123
     8.2,0.000015, 50,  49.340,  122
     8.4,0.000022, 50,  49.342,  122
     8.6,0.000019, 50,  49.343,  121
     8.8,0.000019, 50,  49.345,  120
     9.0,0.000019, 50,  49.343,  122
     9.2,0.000019, 50,  49.349,  124
     9.4,0.000013, 50,  49.347,  125
     9.6,0.000010, 50,  49.349,  125
     9.8,0.000014, 50,  49.352,  123
    10.0,0.000007, 50,  49.351,  122
    10.2,0.000011, 50,  49.355,  122
    10.4,0.000012, 50,  49.356,  123
    10.6,0.000006, 50,  49.352,  123
    10.8,0.000009, 50,  49.354,  123
    11.0,0.000004, 50,  49.355,  123
    11.2,-0.000006, 50,  49.359,  123
    11.4,0.000001, 50,  49.359,  123
    11.6,0.000001, 50,  49.357,  122
    11.8,-0.000006, 50,  49.358,  122
    12.0,-0.000003, 50,  49.359,  122
    12.2,0.000000, 50,  49.365,  121
    12.4,-0.000007, 50,  49.363,  121
    12.6,-0.000007, 50,  49.361,  121
    12.8,-0.000006, 50,  49.364,  121
    13.0,-0.000015, 50,  49.359,  122
    13.2,-0.000008, 50,  49.362,  123
    13.4,0.000001, 50,  49.360,  126
    13.6,-0.000003, 50,  49.361,  129
    13.8,0.000004, 50,  49.364,  128
    14.0,0.000004, 50,  49.363,  126
    14.2,-0.000003, 50,  49.365,  124
    14.4,0.000004, 50,  49.363,  122
    14.6,0.000001, 50,  49.361,  123
    14.8,-0.000008, 50,  49.365,  124
    15.0,-0.000002, 50,  49.366,  123
    15.2,0.000001, 50,  49.364,  123
    15.4,-0.000006, 50,  49.364,  123
    15.6,0.000001, 50,  49.364,  124
    15.8,0.000001, 50,  49.363,  124
    16.0,-0.000006, 50,  49.363,  124
    16.2,0.000001, 50,  49.364,  123
    16.4,0.000008, 50,  49.364,  123
    16.6,0.000001, 50,  49.361,  122
    16.8,0.000001, 50,  49.364,  122
    17.0,-0.000002, 50,  49.364,  122
    17.2,-0.000002, 50,  49.360,  122
    17.4,0.000001, 50,  49.364,  123
    17.6,0.000001, 50,  49.367,  125
    17.8,0.000001, 50,  49.366,  125
    18.0,-0.000006, 50,  49.363,  125
    18.2,0.000001, 50,  49.366,  123
    18.4,-0.000002, 50,  49.365,  121
    18.6,-0.000006, 50,  49.364,  122
    18.8,0.000001, 50,  49.365,  122
    19.0,0.000005, 50,  49.370,  123
    19.2,0.000001, 50,  49.388,  123
    19.4,0.000008, 50,  49.388,  123
    19.6,0.000012, 50,  49.389,  123
    19.8,0.000008, 50,  49.388,  123
    20.0,0.000015, 50,  49.387,  122
    20.2,0.000012, 50,  49.388,  123
    20.4,0.000008, 50,  49.391,  123
    20.6,0.000008, 50,  49.387,  122
    20.8,0.000005, 50,  49.389,  121
    21.0,0.000001, 50,  49.389,  121
    21.2,-0.000004, 50,  49.389,  122
    21.4,-0.000003, 50,  49.392,  122
    21.6,-0.000010, 50,  49.395,  122
    21.8,-0.000010, 50,  49.395,  126
    22.0,-0.000006, 50,  49.392,  130
    22.2,-0.000010, 50,  49.397,  128
    22.4,-0.000007, 50,  49.395,  125
    22.6,0.000002, 50,  49.391,  124
    22.8,0.000006, 50,  49.392,  122
    23.0,0.000011, 50,  49.394,  123
    23.2,0.000021, 50,  49.391,  123
    23.4,0.000026, 50,  49.398,  123
    23.6,0.000022, 50,  49.395,  122
    23.8,0.000017, 50,  49.397,  122
    24.0,0.000016, 50,  49.398,  121
    24.2,0.000012, 50,  49.396,  123
    24.4,0.000019, 50,  49.399,  125
    24.6,0.000015, 50,  49.397,  124
    24.8,0.000015, 50,  49.394,  122
    25.0,0.000015, 50,  49.396,  122
    25.2,0.000015, 50,  49.394,  121
    25.4,0.000012, 50,  49.397,  121
    25.6,0.000016, 50,  49.398,  121
    25.8,0.000016, 50,  49.396,  122
    26.0,0.000009, 50,  49.397,  122
    26.2,0.000012, 50,  49.399,  124
    26.4,0.000009, 50,  49.399,  127
    26.6,0.000002, 50,  49.399,  125
    26.8,0.000002, 50,  49.399,  123
    27.0,0.000002, 50,  49.398,  123
    27.2,-0.000002, 50,  49.401,  123
    27.4,-0.000004, 50,  49.401,  123
    27.6,-0.000007, 50,  49.403,  123
    27.8,-0.000011, 50,  49.402,  123
    28.0,-0.000004, 50,  49.401,  123
    28.2,-0.000007, 50,  49.403,  123
    28.4,-0.000011, 50,  49.400,  122
    28.6,-0.000007, 50,  49.403,  122
    28.8,-0.000010, 50,  49.397,  122
    29.0,-0.000014, 50,  49.403,  122
    29.2,-0.000010, 50,  49.399,  121
    29.4,-0.000010, 50,  49.401,  122
    29.6,-0.000017, 50,  49.402,  123
    29.8,-0.000010, 50,  49.403,  122
    30.0,-0.000013, 50,  49.403,  122
    30.2,-0.000017, 50,  49.401,  127
    30.4,-0.000007, 50,  49.398,  132
    30.6,-0.000007, 50,  49.400,  128
    30.8,-0.000011, 50,  49.402,  124
    31.0,-0.000004, 50,  49.396,  123
    31.2,-0.000007, 50,  49.402,  122
    31.4,-0.000011, 50,  49.400,  122
    31.6,-0.000004, 50,  49.401,  122
    31.8,-0.000007, 50,  49.399,  122
    32.0,-0.000011, 50,  49.399,  122
    32.2,-0.000004, 50,  49.399,  122
    32.4,-0.000004, 50,  49.403,  122
    32.6,-0.000008, 50,  49.396,  123
    32.8,-0.000004, 50,  49.401,  124
    33.0,-0.000004, 50,  49.402,  124
    33.2,-0.000008, 50,  49.402,  124
    33.4,-0.000004, 50,  49.398,  123
    33.6,-0.000004, 50,  49.399,  122
    33.8,-0.000008, 50,  49.400,  121
    34.0,-0.000004, 50,  49.401,  121
    34.2,-0.000004, 50,  49.407,  121
    34.4,-0.000008, 50,  49.406,  121
    34.6,-0.000007, 50,  49.407,  124
    34.8,-0.000010, 50,  49.409,  127
    35.0,-0.000014, 50,  49.410,  125
    35.2,-0.000010, 50,  49.407,  123
    35.4,-0.000010, 50,  49.410,  123
    35.6,-0.000013, 50,  49.410,  122
    35.8,-0.000013, 50,  49.410,  123
    36.0,-0.000015, 50,  49.410,  123
    36.2,-0.000014, 50,  49.415,  124
    36.4,-0.000021, 50,  49.413,  126
    36.6,-0.000021, 50,  49.418,  123
    36.8,-0.000014, 50,  49.415,  121
    37.0,-0.000021, 50,  49.417,  122
    37.2,-0.000018, 50,  49.423,  122
    37.4,-0.000009, 50,  49.420,  122
    37.6,-0.000011, 50,  49.421,  121
    37.8,-0.000014, 50,  49.421,  121
    38.0,-0.000006, 50,  49.415,  121
    38.2,-0.000010, 50,  49.419,  122
    38.4,-0.000010, 50,  49.420,  122
    38.6,-0.000007, 50,  49.419,  125
    38.8,-0.000011, 50,  49.418,  128
    39.0,-0.000006, 50,  49.420,  127
    39.2,-0.000006, 50,  49.420,  126
    39.4,-0.000013, 50,  49.420,  125
    39.6,-0.000010, 50,  49.419,  124
    39.8,-0.000013, 50,  49.417,  123
    40.0,-0.000019, 50,  49.418,  123
    40.2,-0.000010, 50,  49.419,  123
    40.4,-0.000006, 50,  49.422,  123
    40.6,-0.000010, 50,  49.418,  123
    40.8,-0.000010, 50,  49.419,  123
    41.0,-0.000003, 50,  49.418,  123
    41.2,-0.000007, 50,  49.420,  123
    41.4,-0.000007, 50,  49.419,  124
    41.6,-0.000004, 50,  49.426,  125
    41.8,-0.000008, 50,  49.425,  123
    42.0,-0.000011, 50,  49.422,  120
    42.2,-0.000014, 50,  49.427,  121
    42.4,-0.000018, 50,  49.424,  121
    42.6,-0.000011, 50,  49.427,  122
    42.8,-0.000004, 50,  49.427,  122
    43.0,-0.000008, 50,  49.423,  125
    43.2,-0.000004, 50,  49.424,  128
    43.4,-0.000004, 50,  49.428,  125
    43.6,-0.000008, 50,  49.426,  122
    43.8,-0.000002, 50,  49.424,  122
    44.0,-0.000002, 50,  49.426,  121
    44.2,-0.000006, 50,  49.429,  121
    44.4,-0.000002, 50,  49.434,  121
    44.6,-0.000004, 50,  49.432,  124
    44.8,-0.000004, 50,  49.429,  127
    45.0,-0.000002, 50,  49.430,  124
    45.2,-0.000002, 50,  49.433,  122
    45.4,-0.000002, 50,  49.433,  123
    45.6,-0.000008, 50,  49.431,  123
    45.8,-0.000002, 50,  49.435,  123
    46.0,0.000001, 50,  49.435,  122
    46.2,-0.000003, 50,  49.436,  122
    46.4,0.000004, 50,  49.434,  121
    46.6,0.000004, 50,  49.432,  122
    46.8,-0.000003, 50,  49.435,  122
    47.0,0.000004, 50,  49.438,  124
    47.2,0.000001, 50,  49.437,  127
    47.4,-0.000008, 50,  49.438,  127
    47.6,-0.000002, 50,  49.437,  127
    47.8,0.000001, 50,  49.432,  126
    48.0,-0.000006, 50,  49.433,  124
    48.2,0.000001, 50,  49.432,  123
    48.4,-0.000002, 50,  49.438,  122
    48.6,-0.000006, 50,  49.435,  122
    48.8,-0.000002, 50,  49.433,  122
    49.0,0.000002, 50,  49.438,  123
    49.2,0.000001, 50,  49.438,  123
    49.4,0.000004, 50,  49.438,  122
    49.6,0.000009, 50,  49.439,  121
    49.8,0.000008, 50,  49.438,  123
    50.0,0.000018, 50,  49.441,  124
    50.2,0.000018, 50,  49.440,  122
    50.4,0.000011, 50,  49.439,  121
    50.6,0.000018, 50,  49.441,  119
    50.8,0.000012, 50,  49.439,  118
    51.0,0.000006, 50,  49.447,  120
    51.2,0.000006, 50,  49.447,  122
    51.4,0.000003, 50,  49.445,  124
    51.6,-0.000004, 50,  49.447,  126
    51.8,0.000000, 50,  49.442,  125
    52.0,0.000004, 50,  49.439,  124
    52.2,-0.000006, 50,  49.443,  123
    52.4,-0.000004, 50,  49.440,  123
    52.6,-0.000010, 50,  49.441,  123
    52.8,-0.000017, 50,  49.441,  123
    53.0,-0.000013, 50,  49.442,  124
    53.2,-0.000010, 50,  49.442,  126
    53.4,-0.000014, 50,  49.445,  124
    53.6,-0.000011, 50,  49.446,  121
    53.8,-0.000008, 50,  49.445,  122
    54.0,-0.000015, 50,  49.444,  123
    54.2,-0.000012, 50,  49.445,  123
    54.4,-0.000015, 50,  49.448,  123
    54.6,-0.000008, 50,  49.442,  122
    54.8,-0.000008, 50,  49.447,  122
    55.0,-0.000011, 50,  49.444,  122
    55.2,-0.000011, 50,  49.447,  123
    55.4,-0.000015, 50,  49.449,  125
    55.6,-0.000018, 50,  49.451,  127
    55.8,-0.000011, 50,  49.450,  128
    56.0,-0.000015, 50,  49.451,  129
    56.2,-0.000015, 50,  49.453,  127
    56.4,-0.000006, 50,  49.454,  125
    56.6,-0.000009, 50,  49.451,  124
    56.8,-0.000009, 50,  49.452,  124
    57.0,-0.000003, 50,  49.454,  124
    57.2,-0.000009, 50,  49.458,  124
    57.4,-0.000009, 50,  49.458,  125
    57.6,-0.000006, 50,  49.456,  125
    57.8,-0.000015, 50,  49.461,  126
    58.0,-0.000018, 50,  49.456,  127
    58.2,-0.000011, 50,  49.462,  127
    58.4,-0.000015, 50,  49.458,  127
    58.6,-0.000015, 50,  49.460,  127
    58.8,-0.000008, 50,  49.464,  127
    59.0,-0.000012, 50,  49.457,  127
    59.2,-0.000006, 50,  49.461,  126
    59.4,-0.000002, 50,  49.460,  125
    59.6,-0.000006, 50,  49.462,  125
    59.8,0.000001, 50,  49.458,  127
    60.0,-0.000002, 50,  49.458,  128
    60.2,-0.000003, 50,  49.460,  128
    60.4,0.000004, 50,  49.459,  129
    60.6,0.000004, 50,  49.456,  128
    60.8,0.000003, 50,  49.455,  127
    61.0,0.000012, 50,  49.459,  127
    61.2,0.000015, 50,  49.460,  126
    61.4,0.000011, 50,  49.461,  127
    61.6,0.000018, 50,  49.460,  127
    61.8,0.000018, 50,  49.456,  127
    62.0,0.000014, 50,  49.458,  126
    62.2,0.000020, 50,  49.458,  126
    62.4,0.000018, 50,  49.458,  126
    62.6,0.000018, 50,  49.456,  125
    62.8,0.000018, 50,  49.455,  124
    63.0,0.000020, 50,  49.458,  125
    63.2,0.000020, 50,  49.459,  125
    63.4,0.000017, 50,  49.455,  125
    63.6,0.000020, 50,  49.457,  125
    63.8,0.000020, 50,  49.456,  128
    64.0,0.000017, 50,  49.456,  130
    64.2,0.000020, 50,  49.460,  129
    64.4,0.000018, 50,  49.458,  128
    64.6,0.000014, 50,  49.456,  129
    64.8,0.000018, 50,  49.459,  129
    65.0,0.000015, 50,  49.459,  128
    65.2,0.000008, 50,  49.456,  128
    65.4,0.000012, 50,  49.459,  127
    65.6,0.000013, 50,  49.459,  126
    65.8,0.000004, 50,  49.458,  126
    66.0,0.000001, 50,  49.459,  125
    66.2,-0.000004, 50,  49.457,  126
    66.4,-0.000011, 50,  49.458,  127
    66.6,-0.000014, 50,  49.458,  127
    66.8,-0.000011, 50,  49.457,  126
    67.0,-0.000015, 50,  49.454,  126
    67.2,-0.000018, 50,  49.457,  126
    67.4,-0.000011, 50,  49.460,  126
    67.6,-0.000015, 50,  49.458,  126
    67.8,-0.000008, 50,  49.453,  125
    68.0,-0.000002, 50,  49.461,  124
    68.2,-0.000006, 50,  49.462,  126
    68.4,-0.000004, 50,  49.461,  128
    68.6,-0.000010, 50,  49.462,  128
    68.8,-0.000017, 50,  49.461,  128
    69.0,-0.000010, 50,  49.461,  127
    69.2,-0.000013, 50,  49.464,  127
    69.4,-0.000019, 50,  49.464,  126
    69.6,-0.000015, 50,  49.462,  125
    69.8,-0.000021, 50,  49.457,  126
    70.0,-0.000030, 50,  49.460,  126
    70.2,-0.000026, 50,  49.457,  126
    70.4,-0.000022, 50,  49.459,  127
    70.6,-0.000029, 50,  49.460,  127
    70.8,-0.000032, 50,  49.457,  127
    71.0,-0.000022, 50,  49.458,  126
    71.2,-0.000026, 50,  49.456,  124
    71.4,-0.000029, 50,  49.461,  125
    71.6,-0.000029, 50,  49.457,  125
    71.8,-0.000029, 50,  49.457,  125
    72.0,-0.000024, 50,  49.455,  125
    72.2,-0.000026, 50,  49.451,  127
    72.4,-0.000017, 50,  49.457,  130
    72.6,-0.000021, 50,  49.450,  129
    72.8,-0.000021, 50,  49.447,  128
    73.0,-0.000014, 50,  49.444,  128
    73.2,-0.000014, 50,  49.445,  129
    73.4,-0.000006, 50,  49.438,  128
    73.6,0.000006, 50,  49.432,  127
    73.8,0.000006, 50,  49.433,  126
    74.0,0.000002, 50,  49.432,  125
    74.2,0.000003, 50,  49.430,  125
    74.4,-0.000001, 50,  49.427,  125
    74.6,0.000002, 50,  49.423,  126
    74.8,-0.000005, 50,  49.423,  126
    75.0,-0.000011, 50,  49.421,  126
    75.2,-0.000011, 50,  49.417,  126
    75.4,-0.000017, 50,  49.416,  126
    75.6,-0.000026, 50,  49.413,  126
    75.8,-0.000026, 50,  49.409,  124
    76.0,-0.000024, 50,  49.405,  123
    76.2,-0.000030, 50,  49.400,  124
    76.4,-0.000024, 50,  49.398,  124
    76.6,-0.000024, 50,  49.399,  126
    76.8,-0.000030, 50,  49.391,  127
    77.0,-0.000024, 50,  49.385,  126
    77.2,-0.000026, 50,  49.384,  125
    77.4,-0.000033, 50,  49.378,  126
    77.6,-0.000029, 50,  49.371,  127
    77.8,-0.000037, 50,  49.368,  126
    78.0,-0.000044, 50,  49.367,  125
    78.2,-0.000037, 50,  49.362,  126
    78.4,-0.000040, 50,  49.359,  126
    78.6,-0.000047, 50,  49.356,  126
    78.8,-0.000040, 50,  49.355,  126
    79.0,-0.000040, 50,  49.351,  126
    79.2,-0.000047, 50,  49.346,  127
    79.4,-0.000040, 50,  49.342,  126
    79.6,-0.000040, 50,  49.339,  125
    79.8,-0.000047, 50,  49.329,  125
    80.0,-0.000040, 50,  49.311,  125
    80.2,-0.000043, 50,  49.309,  125
    80.4,-0.000043, 50,  49.305,  125
    80.6,-0.000043, 50,  49.303,  127
    80.8,-0.000040, 50,  49.300,  129
    81.0,-0.000043, 50,  49.295,  128
    81.2,-0.000050, 50,  49.294,  126
    81.4,-0.000046, 50,  49.288,  128
    81.6,-0.000042, 50,  49.290,  130
    81.8,-0.000048, 50,  49.285,  128
    82.0,-0.000048, 50,  49.287,  126
    82.2,-0.000039, 50,  49.284,  126
    82.4,-0.000046, 50,  49.277,  125
    82.6,-0.000042, 50,  49.278,  125
    82.8,-0.000041, 50,  49.280,  125
    83.0,-0.000047, 50,  49.276,  126
    83.2,-0.000041, 50,  49.277,  126
    83.4,-0.000035, 50,  49.275,  127
    83.6,-0.000039, 50,  49.272,  127
    83.8,-0.000029, 50,  49.272,  126
    84.0,-0.000029, 50,  49.268,  126
    84.2,-0.000033, 50,  49.273,  126
    84.4,-0.000031, 50,  49.273,  126
    84.6,-0.000036, 50,  49.273,  125
    84.8,-0.000043, 50,  49.269,  124
    85.0,-0.000040, 50,  49.270,  125
    85.2,-0.000036, 50,  49.268,  126
    85.4,-0.000039, 50,  49.270,  125
    85.6,-0.000042, 50,  49.268,  124
    85.8,-0.000034, 50,  49.268,  126
    86.0,-0.000038, 50,  49.265,  128
    86.2,-0.000035, 50,  49.264,  127
    86.4,-0.000029, 50,  49.266,  126
    86.6,-0.000033, 50,  49.262,  125
    86.8,-0.000024, 50,  49.263,  125
    87.0,-0.000027, 50,  49.263,  125
    87.2,-0.000031, 50,  49.263,  126
    87.4,-0.000021, 50,  49.258,  126
    87.6,-0.000018, 50,  49.263,  126
    87.8,-0.000020, 50,  49.261,  126
    88.0,-0.000010, 50,  49.253,  126
    88.2,-0.000007, 50,  49.262,  125
    88.4,-0.000009, 50,  49.258,  124
    88.6,0.000001, 50,  49.253,  125
    88.8,0.000004, 50,  49.253,  125
    89.0,0.000009, 50,  49.249,  127
    89.2,0.000012, 50,  49.246,  130
    89.4,0.000024, 50,  49.241,  128
    89.6,0.000023, 50,  49.242,  126
    89.8,0.000022, 50,  49.230,  126
    90.0,0.000027, 50,  49.228,  127
    90.2,0.000030, 50,  49.228,  128
    90.4,0.000029, 50,  49.222,  129
    90.6,0.000029, 50,  49.225,  128
    90.8,0.000038, 50,  49.220,  127
    91.0,0.000037, 50,  49.218,  126
    91.2,0.000037, 50,  49.218,  126
    91.4,0.000046, 50,  49.209,  126
    91.6,0.000053, 50,  49.187,  126
    91.8,0.000061, 50,  49.190,  126
    92.0,0.000076, 50,  49.189,  127
    92.2,0.000078, 50,  49.183,  126
    92.4,0.000080, 50,  49.181,  124
    92.6,0.000084, 50,  49.171,  125
    92.8,0.000083, 50,  49.172,  126
    93.0,0.000079, 50,  49.167,  126
    93.2,0.000091, 50,  49.166,  125
    93.4,0.000093, 50,  49.158,  126
    93.6,0.000096, 50,  49.153,  126
    93.8,0.000092, 50,  49.158,  125
    94.0,0.000091, 50,  49.149,  124
    94.2,0.000100, 50,  49.145,  126
    94.4,0.000103, 50,  49.144,  128
    94.6,0.000102, 50,  49.143,  127
    94.8,0.000111, 50,  49.148,  127
    95.0,0.000116, 50,  49.141,  127
    95.2,0.000115, 50,  49.144,  126
    95.4,0.000128, 50,  49.145,  126
    95.6,0.000130, 50,  49.144,  126
    95.8,0.000126, 50,  49.144,  127
    96.0,0.000136, 50,  49.142,  128
    96.2,0.000139, 50,  49.146,  127
    96.4,0.000135, 50,  49.141,  127
    96.6,0.000140, 50,  49.140,  126
    96.8,0.000143, 50,  49.141,  125
    97.0,0.000142, 50,  49.137,  126
    97.2,0.000144, 50,  49.136,  126
    97.4,0.000148, 50,  49.137,  128
    97.6,0.000144, 50,  49.139,  131
    97.8,0.000151, 50,  49.141,  128
    98.0,0.000155, 50,  49.142,  126
    98.2,0.000151, 50,  49.136,  125
    98.4,0.000154, 50,  49.139,  125
    98.6,0.000154, 50,  49.140,  127
    98.8,0.000154, 50,  49.146,  129
    99.0,0.000153, 50,  49.147,  128
    99.2,0.000153, 50,  49.148,  126
    99.4,0.000162, 50,  49.141,  126
    99.6,0.000161, 50,  49.146,  125
    99.8,0.000166, 50,  49.151,  126
   100.0,0.000179, 50,  49.152,  126
   100.2,0.000180, 50,  49.151,  126
   100.4,0.000192, 50,  49.154,  126
   100.6,0.000207, 50,  49.158,  125
   100.8,0.000212, 50,  49.154,  123
   101.0,0.000220, 50,  49.155,  124
   101.2,0.000231, 50,  49.157,  125
   101.4,0.000235, 50,  49.161,  125
   101.6,0.000244, 50,  49.166,  125
   101.8,0.000252, 50,  49.167,  126
   102.0,0.000259, 50,  49.170,  128
   102.2,0.000282, 50,  49.170,  126
   102.4,0.000296, 50,  49.171,  124
   102.6,0.000306, 50,  49.170,  124
   102.8,0.000326, 50,  49.175,  125
   103.0,0.000343, 50,  49.174,  126
   103.2,0.000358, 50,  49.179,  127
   103.4,0.000381, 50,  49.182,  128
   103.6,0.000401, 50,  49.178,  128
   103.8,0.000419, 50,  49.184,  127
   104.0,0.000453, 50,  49.182,  125
   104.2,0.000485, 50,  49.183,  126
   104.4,0.000505, 50,  49.186,  126
   104.6,0.000536, 50,  49.193,  126
   104.8,0.000570, 50,  49.192,  126
   105.0,0.000600, 50,  49.195,  125
   105.2,0.000637, 50,  49.196,  125
   105.4,0.000688, 50,  49.197,  126
   105.6,0.000727, 50,  49.200,  126
   105.8,0.000764, 50,  49.203,  129
   106.0,0.000808, 50,  49.208,  131
   106.2,0.000855, 50,  49.212,  129
   106.4,0.000898, 50,  49.213,  127
   106.6,0.000945, 50,  49.203,  125
   106.8,0.000988, 50,  49.215,  124
   107.0,0.001043, 50,  49.215,  127
   107.2,0.001093, 50,  49.220,  130
   107.4,0.001144, 50,  49.221,  128
   107.6,0.001205, 50,  49.220,  125
   107.8,0.001268, 50,  49.224,  125
   108.0,0.001328, 50,  49.226,  124
   108.2,0.001394, 50,  49.227,  125
   108.4,0.001473, 50,  49.230,  126
   108.6,0.001531, 50,  49.230,  126
   108.8,0.001586, 50,  49.235,  126
   109.0,0.001632, 50,  49.235,  125
   109.2,0.001688, 50,  49.239,  125
   109.4,0.001756, 50,  49.239,  125
   109.6,0.001839, 50,  49.241,  125
   109.8,0.001937, 50,  49.237,  126
   110.0,0.002019, 50,  49.240,  126
   110.2,0.002110, 50,  49.241,  127
   110.4,0.002206, 50,  49.240,  127
   110.6,0.002296, 50,  49.240,  126
   110.8,0.002396, 50,  49.245,  124
   111.0,0.002502, 50,  49.252,  124
   111.2,0.002601, 50,  49.251,  124
   111.4,0.002709, 50,  49.254,  126
   111.6,0.002826, 50,  49.254,  127
   111.8,0.002933, 50,  49.257,  128
   112.0,0.003052, 50,  49.257,  128
   112.2,0.003178, 50,  49.254,  126
   112.4,0.003299, 50,  49.257,  124
   112.6,0.003430, 50,  49.258,  125
   112.8,0.003570, 50,  49.258,  127
   113.0,0.003699, 50,  49.257,  126
   113.2,0.003845, 50,  49.260,  125
   113.4,0.003993, 50,  49.258,  125
   113.6,0.004134, 50,  49.258,  126
   113.8,0.004291, 50,  49.264,  125
   114.0,0.004449, 50,  49.282,  124
   114.2,0.004601, 50,  49.284,  128
   114.4,0.004767, 50,  49.283,  131
   114.6,0.004928, 50,  49.284,  129
   114.8,0.005094, 50,  49.281,  127
   115.0,0.005273, 50,  49.283,  125
   115.2,0.005451, 50,  49.287,  124
   115.4,0.005623, 50,  49.282,  125
   115.6,0.005804, 50,  49.285,  126
   115.8,0.005992, 50,  49.291,  127
   116.0,0.006178, 50,  49.289,  128
   116.2,0.006381, 50,  49.296,  127
   116.4,0.006589, 50,  49.287,  126
   116.6,0.006789, 50,  49.290,  126
   116.8,0.007008, 50,  49.297,  126
   117.0,0.007221, 50,  49.299,  126
   117.2,0.007403, 50,  49.301,  127
   117.4,0.007574, 50,  49.305,  126
   117.6,0.007728, 50,  49.301,  125
   117.8,0.007878, 50,  49.306,  125
   118.0,0.008094, 50,  49.304,  124
   118.2,0.008320, 50,  49.307,  125
   118.4,0.008582, 50,  49.310,  126
   118.6,0.008814, 50,  49.314,  126
   118.8,0.009056, 50,  49.314,  127
   119.0,0.009304, 50,  49.316,  126
   119.2,0.009553, 50,  49.315,  124
   119.4,0.009816, 50,  49.320,  124
   119.6,0.010075, 50,  49.319,  125
   119.8,0.010328, 50,  49.323,  126
   120.0,0.010597, 50,  49.329,  128
   120.2,0.010854, 50,  49.330,  128
   120.4,0.011124, 50,  49.330,  128
   120.6,0.011413, 50,  49.334,  126
   120.8,0.011705, 50,  49.336,  123
   121.0,0.011987, 50,  49.335,  124
   121.2,0.012282, 50,  49.340,  125
   121.4,0.012571, 50,  49.339,  126
   121.6,0.012860, 50,  49.345,  126
   121.8,0.013158, 50,  49.341,  125
   122.0,0.013459, 50,  49.344,  124
   122.2,0.013762, 50,  49.347,  125
   122.4,0.014077, 50,  49.349,  125
   122.6,0.014403, 50,  49.348,  127
   122.8,0.014710, 50,  49.350,  130
   123.0,0.015032, 50,  49.350,  128
   123.2,0.015351, 50,  49.351,  126
   123.4,0.015676, 50,  49.354,  125
   123.6,0.016004, 50,  49.357,  124
   123.8,0.016343, 50,  49.356,  125
   124.0,0.016671, 50,  49.361,  125
   124.2,0.017006, 50,  49.362,  127
   124.4,0.017335, 50,  49.359,  129
   124.6,0.017683, 50,  49.366,  127
   124.8,0.018055, 50,  49.367,  125
   125.0,0.018425, 50,  49.367,  125
   125.2,0.018778, 50,  49.368,  125
   125.4,0.019134, 50,  49.370,  125
   125.6,0.019480, 50,  49.374,  126
   125.8,0.019788, 50,  49.378,  125
   126.0,0.020064, 50,  49.378,  124
   126.2,0.020328, 50,  49.376,  123
   126.4,0.020565, 50,  49.380,  122
   126.6,0.020905, 50,  49.379,  123
   126.8,0.021294, 50,  49.381,  125
   127.0,0.021702, 50,  49.384,  125
   127.2,0.022074, 50,  49.387,  126
   127.4,0.022461, 50,  49.389,  125
   127.6,0.022838, 50,  49.391,  124
   127.8,0.023215, 50,  49.389,  124
   128.0,0.023598, 50,  49.390,  124
   128.2,0.023985, 50,  49.392,  124
   128.4,0.024363, 50,  49.393,  125
   128.6,0.024747, 50,  49.396,  127
   128.8,0.025133, 50,  49.400,  129
   129.0,0.025530, 50,  49.402,  127
   129.2,0.025939, 50,  49.406,  125
   129.4,0.026360, 50,  49.424,  125
   129.6,0.026757, 50,  49.427,  125
   129.8,0.027160, 50,  49.424,  125
   130.0,0.027553, 50,  49.425,  125
   130.2,0.027945, 50,  49.428,  125
   130.4,0.028352, 50,  49.426,  124
   130.6,0.028752, 50,  49.430,  125
   130.8,0.029157, 50,  49.431,  125
   131.0,0.029579, 50,  49.431,  127
   131.2,0.029995, 50,  49.433,  129
   131.4,0.030405, 50,  49.435,  127
   131.6,0.030828, 50,  49.435,  126
   131.8,0.031242, 50,  49.436,  125
   132.0,0.031653, 50,  49.438,  124
   132.2,0.032078, 50,  49.438,  124
   132.4,0.032496, 50,  49.438,  124
   132.6,0.032902, 50,  49.440,  127
   132.8,0.033322, 50,  49.437,  131
   133.0,0.033732, 50,  49.438,  129
   133.2,0.034155, 50,  49.438,  127
   133.4,0.034599, 50,  49.436,  126
   133.6,0.035051, 50,  49.437,  125
   133.8,0.035468, 50,  49.437,  125
   134.0,0.035890, 50,  49.438,  125
   134.2,0.036307, 50,  49.438,  124
   134.4,0.036722, 50,  49.441,  124
   134.6,0.037139, 50,  49.436,  123
   134.8,0.037566, 50,  49.435,  123
   135.0,0.037989, 50,  49.436,  124
   135.2,0.038422, 50,  49.435,  125
   135.4,0.038855, 50,  49.436,  127
   135.6,0.039226, 50,  49.438,  128
   135.8,0.039567, 50,  49.435,  126
   136.0,0.039872, 50,  49.433,  123
   136.2,0.040149, 50,  49.435,  123
   136.4,0.040536, 50,  49.432,  124
   136.6,0.040963, 50,  49.432,  124
   136.8,0.041415, 50,  49.434,  123
   137.0,0.041823, 50,  49.434,  127
   137.2,0.042239, 50,  49.433,  131
   137.4,0.042662, 50,  49.434,  128
   137.6,0.043083, 50,  49.434,  125
   137.8,0.043522, 50,  49.431,  125
   138.0,0.043976, 50,  49.426,  125
   138.2,0.044390, 50,  49.428,  126
   138.4,0.044802, 50,  49.422,  126
   138.6,0.045209, 50,  49.424,  125
   138.8,0.045621, 50,  49.419,  123
   139.0,0.046034, 50,  49.419,  124
   139.2,0.046455, 50,  49.419,  125
   139.4,0.046871, 50,  49.412,  127
   139.6,0.047298, 50,  49.412,  129
   139.8,0.047732, 50,  49.405,  127
   140.0,0.048146, 50,  49.408,  125
   140.2,0.048568, 50,  49.402,  125
   140.4,0.048997, 50,  49.400,  125
   140.6,0.049400, 50,  49.396,  125
   140.8,0.049805, 50,  49.390,  125
   141.0,0.050210, 50,  49.387,  125
   141.2,0.050615, 50,  49.390,  126
   141.4,0.051021, 50,  49.383,  127
   141.6,0.051426, 50,  49.361,  129
   141.8,0.051838, 50,  49.357,  128
   142.0,0.052264, 50,  49.350,  127
   142.2,0.052690, 50,  49.347,  126
   142.4,0.053088, 50,  49.345,  125
   142.6,0.053487, 50,  49.338,  125
   142.8,0.053873, 50,  49.333,  125
   143.0,0.054266, 50,  49.327,  125
   143.2,0.054672, 50,  49.324,  124
   143.4,0.055075, 50,  49.322,  124
   143.6,0.055475, 50,  49.322,  124
   143.8,0.055883, 50,  49.317,  126
   144.0,0.056284, 50,  49.315,  128
   144.2,0.056682, 50,  49.311,  125
   144.4,0.057093, 50,  49.303,  123
   144.6,0.057493, 50,  49.303,  123
   144.8,0.057826, 50,  49.295,  123
   145.0,0.058131, 50,  49.293,  124
   145.2,0.058399, 50,  49.288,  124
   145.4,0.058642, 50,  49.285,  126
   145.6,0.058998, 50,  49.280,  128
   145.8,0.059389, 50,  49.276,  128
   146.0,0.059819, 50,  49.270,  127
   146.2,0.060205, 50,  49.264,  126
   146.4,0.060597, 50,  49.257,  125
   146.6,0.060987, 50,  49.253,  125
   146.8,0.061355, 50,  49.243,  125
   147.0,0.061726, 50,  49.234,  125
   147.2,0.062095, 50,  49.215,  125
   147.4,0.062463, 50,  49.210,  125
   147.6,0.062842, 50,  49.205,  124
   147.8,0.063231, 50,  49.200,  127
   148.0,0.063606, 50,  49.194,  130
   148.2,0.063989, 50,  49.189,  128
   148.4,0.064373, 50,  49.184,  127
   148.6,0.064746, 50,  49.174,  125
   148.8,0.065120, 50,  49.171,  124
   149.0,0.065498, 50,  49.158,  124
   149.2,0.065857, 50,  49.159,  124
   149.4,0.066213, 50,  49.152,  124
   149.6,0.066572, 50,  49.147,  124
   149.8,0.066938, 50,  49.143,  126
   150.0,0.067314, 50,  49.134,  128
   150.2,0.067701, 50,  49.135,  128
   150.4,0.068067, 50,  49.126,  127
   150.6,0.068448, 50,  49.117,  126
   150.8,0.068816, 50,  49.111,  125
   151.0,0.069167, 50,  49.109,  125
   151.2,0.069523, 50,  49.100,  125
   151.4,0.069856, 50,  49.075,  124
   151.6,0.070208, 50,  49.072,  123
   151.8,0.070581, 50,  49.066,  123
   152.0,0.070951, 50,  49.056,  123
   152.2,0.071311, 50,  49.052,  125
   152.4,0.071684, 50,  49.047,  127
   152.6,0.072051, 50,  49.040,  126
   152.8,0.072406, 50,  49.031,  125
   153.0,0.072770, 50,  49.025,  125
   153.2,0.073119, 50,  49.020,  124
   153.4,0.073422, 50,  49.011,  124
   153.6,0.073700, 50,  49.009,  124
   153.8,0.073951, 50,  49.010,  125
   154.0,0.074170, 50,  48.998,  126
   154.2,0.074506, 50,  48.990,  126
   154.4,0.074883, 50,  48.984,  126
   154.6,0.075282, 50,  48.973,  126
   154.8,0.075642, 50,  48.946,  126
   155.0,0.076013, 50,  48.938,  126
   155.2,0.076367, 50,  48.929,  125
   155.4,0.076716, 50,  48.925,  126
   155.6,0.077074, 50,  48.918,  126
   155.8,0.077420, 50,  48.906,  125
   156.0,0.077778, 50,  48.901,  125
   156.2,0.078151, 50,  48.894,  127
   156.4,0.078527, 50,  48.879,  130
   156.6,0.078897, 50,  48.873,  128
   156.8,0.079287, 50,  48.867,  125
   157.0,0.079667, 50,  48.851,  125
   157.2,0.080034, 50,  48.846,  124
   157.4,0.080415, 50,  48.842,  124
   157.6,0.080790, 50,  48.834,  124
   157.8,0.081155, 50,  48.823,  124
   158.0,0.081524, 50,  48.800,  123
   158.2,0.081899, 50,  48.793,  127
   158.4,0.082285, 50,  48.783,  130
   158.6,0.082688, 50,  48.779,  129
   158.8,0.083108, 50,  48.767,  127
   159.0,0.083495, 50,  48.760,  127
   159.2,0.083883, 50,  48.753,  126
   159.4,0.084267, 50,  48.739,  125
   159.6,0.084645, 50,  48.734,  124
   159.8,0.085023, 50,  48.726,  124
   160.0,0.085405, 50,  48.717,  124
   160.2,0.085805, 50,  48.711,  124
   160.4,0.086214, 50,  48.701,  124
   160.6,0.086641, 50,  48.694,  126
   160.8,0.087051, 50,  48.665,  129
   161.0,0.087465, 50,  48.653,  127
   161.2,0.087890, 50,  48.645,  125
   161.4,0.088241, 50,  48.634,  125
   161.6,0.088562, 50,  48.629,  124
   161.8,0.088839, 50,  48.620,  124
   162.0,0.089095, 50,  48.609,  125
   162.2,0.089468, 50,  48.608,  126
   162.4,0.089871, 50,  48.594,  127
   162.6,0.090311, 50,  48.590,  127
   162.8,0.090725, 50,  48.584,  127
   163.0,0.091149, 50,  48.566,  126
   163.2,0.091588, 50,  48.561,  126
   163.4,0.091993, 50,  48.537,  125
   163.6,0.092401, 50,  48.525,  125
   163.8,0.092810, 50,  48.520,  125
   164.0,0.093206, 50,  48.509,  126
   164.2,0.093606, 50,  48.504,  125
   164.4,0.094012, 50,  48.494,  125
   164.6,0.094420, 50,  48.486,  128
   164.8,0.094837, 50,  48.480,  131
   165.0,0.095266, 50,  48.472,  128
   165.2,0.095678, 50,  48.470,  126
   165.4,0.096093, 50,  48.457,  125
   165.6,0.096519, 50,  48.448,  124
   165.8,0.096922, 50,  48.444,  124
   166.0,0.097325, 50,  48.436,  124
   166.2,0.097725, 50,  48.432,  124
   166.4,0.098115, 50,  48.423,  124
   166.6,0.098516, 50,  48.405,  124
   166.8,0.098913, 50,  48.397,  125
   167.0,0.099311, 50,  48.389,  126
   167.2,0.099720, 50,  48.385,  128
   167.4,0.100129, 50,  48.379,  128
   167.6,0.100514, 50,  48.371,  128
   167.8,0.100900, 50,  48.366,  126
   168.0,0.101268, 50,  48.360,  125
   168.2,0.101633, 50,  48.353,  124
   168.4,0.102009, 50,  48.349,  124
   168.6,0.102372, 50,  48.346,  125
   168.8,0.102735, 50,  48.346,  125
   169.0,0.103111, 50,  48.340,  127
   169.2,0.103485, 50,  48.338,  128
   169.4,0.103842, 50,  48.338,  127
   169.6,0.104206, 50,  48.335,  125
   169.8,0.104566, 50,  48.328,  124
   170.0,0.104857, 50,  48.325,  123
   170.2,0.105124, 50,  48.329,  124
   170.4,0.105345, 50,  48.327,  124
   170.6,0.105548, 50,  48.325,  125
   170.8,0.105847, 50,  48.326,  126
   171.0,0.106178, 50,  48.326,  126
   171.2,0.106536, 50,  48.323,  126
   171.4,0.106850, 50,  48.326,  126
   171.6,0.107167, 50,  48.326,  127
   171.8,0.107481, 50,  48.329,  125
   172.0,0.107770, 50,  48.330,  124
   172.2,0.108060, 50,  48.331,  124
   172.4,0.108346, 50,  48.333,  124
   172.6,0.108622, 50,  48.338,  125
   172.8,0.108898, 50,  48.341,  127
   173.0,0.109170, 50,  48.340,  129
   173.2,0.109433, 50,  48.344,  131
   173.4,0.109702, 50,  48.347,  129
   173.6,0.109975, 50,  48.351,  128
   173.8,0.110223, 50,  48.359,  126
   174.0,0.110476, 50,  48.366,  125
   174.2,0.110727, 50,  48.367,  125
   174.4,0.110959, 50,  48.376,  125
   174.6,0.111187, 50,  48.380,  124
   174.8,0.111407, 50,  48.387,  124
   175.0,0.111628, 50,  48.396,  124
   175.2,0.111856, 50,  48.402,  125
   175.4,0.112077, 50,  48.407,  127
   175.6,0.112285, 50,  48.421,  129
   175.8,0.112491, 50,  48.426,  128
   176.0,0.112694, 50,  48.437,  127
   176.2,0.112881, 50,  48.456,  125
   176.4,0.113059, 50,  48.465,  124
   176.6,0.113237, 50,  48.474,  124
   176.8,0.113406, 50,  48.484,  125
   177.0,0.113574, 50,  48.495,  125
   177.2,0.113742, 50,  48.504,  124
   177.4,0.113900, 50,  48.512,  125
   177.6,0.114064, 50,  48.520,  127
   177.8,0.114229, 50,  48.534,  126
   178.0,0.114369, 50,  48.542,  125
   178.2,0.114512, 50,  48.550,  125
   178.4,0.114652, 50,  48.559,  125
   178.6,0.114774, 50,  48.570,  125
   178.8,0.114900, 50,  48.582,  124
   179.0,0.115021, 50,  48.611,  125
   179.2,0.115129, 50,  48.624,  127
   179.4,0.115219, 50,  48.634,  126
   179.6,0.115316, 50,  48.644,  124
   179.8,0.115391, 50,  48.656,  126
   180.0,0.115492, 50,  48.670,  128
   180.2,0.115603, 50,  48.677,  127
   180.4,0.115714, 50,  48.692,  125
   180.6,0.115801, 50,  48.701,  125
   180.8,0.115897, 50,  48.710,  125
   181.0,0.115977, 50,  48.740,  126
   181.2,0.116049, 50,  48.747,  128
   181.4,0.116131, 50,  48.763,  129
   181.6,0.116200, 50,  48.771,  131
   181.8,0.116261, 50,  48.781,  129
   182.0,0.116340, 50,  48.795,  128
   182.2,0.116412, 50,  48.801,  126
   182.4,0.116462, 50,  48.810,  125
   182.6,0.116520, 50,  48.826,  125
   182.8,0.116567, 50,  48.839,  125
   183.0,0.116607, 50,  48.847,  125
   183.2,0.116657, 50,  48.872,  125
   183.4,0.116693, 50,  48.882,  124
   183.6,0.116722, 50,  48.894,  124
   183.8,0.116772, 50,  48.904,  128
   184.0,0.116807, 50,  48.915,  131
   184.2,0.116826, 50,  48.920,  129
   184.4,0.116847, 50,  48.930,  127
   184.6,0.116862, 50,  48.943,  125
   184.8,0.116866, 50,  48.948,  124
   185.0,0.116873, 50,  48.960,  123
   185.2,0.116880, 50,  48.966,  123
   185.4,0.116877, 50,  48.975,  124
   185.6,0.116866, 50,  48.985,  124
   185.8,0.116863, 50,  48.988,  126
   186.0,0.116856, 50,  49.003,  128
   186.2,0.116849, 50,  49.027,  127
   186.4,0.116845, 50,  49.035,  126
   186.6,0.116824, 50,  49.037,  126
   186.8,0.116806, 50,  49.046,  126
   187.0,0.116780, 50,  49.058,  125
   187.2,0.116744, 50,  49.066,  124
   187.4,0.116716, 50,  49.070,  125
   187.6,0.116686, 50,  49.078,  126
   187.8,0.116661, 50,  49.086,  125
   188.0,0.116621, 50,  49.089,  123
   188.2,0.116599, 50,  49.089,  126
   188.4,0.116567, 50,  49.099,  128
   188.6,0.116524, 50,  49.107,  126
   188.8,0.116480, 50,  49.113,  125
   189.0,0.116419, 50,  49.123,  125
   189.2,0.116359, 50,  49.123,  124
   189.4,0.116304, 50,  49.131,  125
   189.6,0.116239, 50,  49.154,  126
   189.8,0.116168, 50,  49.161,  128
   190.0,0.116106, 50,  49.165,  131
   190.2,0.116031, 50,  49.167,  129
   190.4,0.115948, 50,  49.174,  127
   190.6,0.115876, 50,  49.175,  126
   190.8,0.115790, 50,  49.180,  125
   191.0,0.115700, 50,  49.186,  125
   191.2,0.115617, 50,  49.188,  125
   191.4,0.115520, 50,  49.198,  125
   191.6,0.115420, 50,  49.203,  125
   191.8,0.115333, 50,  49.205,  125
   192.0,0.115233, 50,  49.207,  125
   192.2,0.115118, 50,  49.213,  125
   192.4,0.115017, 50,  49.213,  126
   192.6,0.114902, 50,  49.217,  127
   192.8,0.114777, 50,  49.222,  128
   193.0,0.114666, 50,  49.224,  127
   193.2,0.114547, 50,  49.225,  126
   193.4,0.114422, 50,  49.224,  125
   193.6,0.114303, 50,  49.226,  124
   193.8,0.114180, 50,  49.227,  125
   194.0,0.114055, 50,  49.229,  126
   194.2,0.113915, 50,  49.234,  126
   194.4,0.113783, 50,  49.235,  127
   194.6,0.113647, 50,  49.235,  126
   194.8,0.113501, 50,  49.239,  125
   195.0,0.113357, 50,  49.235,  126
   195.2,0.113208, 50,  49.238,  126
   195.4,0.113054, 50,  49.239,  125
   195.6,0.112904, 50,  49.244,  124
   195.8,0.112744, 50,  49.241,  126
   196.0,0.112583, 50,  49.242,  127
   196.2,0.112426, 50,  49.243,  126
   196.4,0.112259, 50,  49.248,  126
   196.6,0.112088, 50,  49.249,  127
   196.8,0.111913, 50,  49.250,  129
   197.0,0.111767, 50,  49.250,  127
   197.2,0.111628, 50,  49.255,  126
   197.4,0.111503, 50,  49.255,  125
   197.6,0.111386, 50,  49.252,  124
   197.8,0.111215, 50,  49.251,  124
   198.0,0.111044, 50,  49.256,  125
   198.2,0.110856, 50,  49.256,  128
   198.4,0.110668, 50,  49.255,  132
   198.6,0.110486, 50,  49.254,  129
   198.8,0.110294, 50,  49.259,  126
   199.0,0.110093, 50,  49.255,  126
   199.2,0.109893, 50,  49.256,  125
   199.4,0.109694, 50,  49.259,  126
   199.6,0.109489, 50,  49.258,  126
   199.8,0.109287, 50,  49.262,  125
   200.0,0.109089, 50,  49.259,  125
   200.2,0.108873, 50,  49.261,  125
   200.4,0.108661, 50,  49.259,  125
   200.6,0.108434, 50,  49.259,  125
   200.8,0.108212, 50,  49.254,  126
   201.0,0.108003, 50,  49.259,  128
   201.2,0.107785, 50,  49.260,  130
   201.4,0.107559, 50,  49.255,  128
   201.6,0.107336, 50,  49.258,  126
   201.8,0.107111, 50,  49.257,  125
   202.0,0.106879, 50,  49.257,  123
   202.2,0.106653, 50,  49.259,  124
   202.4,0.106421, 50,  49.261,  124
   202.6,0.106182, 50,  49.264,  126
   202.8,0.105949, 50,  49.281,  128
   203.0,0.105710, 50,  49.280,  125
   203.2,0.105461, 50,  49.278,  123
   203.4,0.105219, 50,  49.281,  124
   203.6,0.104966, 50,  49.283,  126
   203.8,0.104718, 50,  49.280,  126
   204.0,0.104482, 50,  49.284,  126
   204.2,0.104251, 50,  49.283,  127
   204.4,0.103992, 50,  49.284,  128
   204.6,0.103730, 50,  49.284,  126
   204.8,0.103467, 50,  49.286,  124
   205.0,0.103206, 50,  49.285,  125
   205.2,0.102947, 50,  49.284,  126
   205.4,0.102699, 50,  49.291,  126
   205.6,0.102434, 50,  49.293,  127
   205.8,0.102166, 50,  49.285,  126
   206.0,0.101901, 50,  49.287,  125
   206.2,0.101675, 50,  49.287,  125
   206.4,0.101469, 50,  49.287,  125
   206.6,0.101268, 50,  49.292,  129
   206.8,0.101104, 50,  49.291,  133
   207.0,0.100851, 50,  49.294,  129
   207.2,0.100580, 50,  49.293,  126
   207.4,0.100285, 50,  49.291,  126
   207.6,0.100001, 50,  49.291,  125
   207.8,0.099723, 50,  49.294,  125
   208.0,0.099429, 50,  49.295,  125
   208.2,0.099142, 50,  49.293,  125
   208.4,0.098875, 50,  49.296,  124
   208.6,0.098595, 50,  49.298,  125
   208.8,0.098298, 50,  49.295,  126
   209.0,0.098008, 50,  49.294,  125
   209.2,0.097704, 50,  49.295,  125
   209.4,0.097408, 50,  49.297,  128
   209.6,0.097122, 50,  49.299,  131
   209.8,0.096833, 50,  49.298,  128
   210.0,0.096537, 50,  49.297,  126
   210.2,0.096251, 50,  49.297,  125
   210.4,0.095952, 50,  49.299,  124
   210.6,0.095650, 50,  49.298,  124
   210.8,0.095362, 50,  49.294,  124
   211.0,0.095064, 50,  49.298,  125
   211.2,0.094755, 50,  49.300,  127
   211.4,0.094454, 50,  49.298,  125
   211.6,0.094156, 50,  49.302,  124
   211.8,0.093845, 50,  49.297,  125
   212.0,0.093537, 50,  49.298,  125
   212.2,0.093240, 50,  49.300,  126
   212.4,0.092933, 50,  49.299,  126
   212.6,0.092633, 50,  49.299,  127
   212.8,0.092340, 50,  49.298,  127
   213.0,0.092023, 50,  49.296,  125
   213.2,0.091707, 50,  49.296,  124
   213.4,0.091384, 50,  49.299,  124
   213.6,0.091064, 50,  49.294,  125
   213.8,0.090755, 50,  49.296,  126
   214.0,0.090453, 50,  49.294,  127
   214.2,0.090135, 50,  49.291,  126
   214.4,0.089820, 50,  49.290,  125
   214.6,0.089505, 50,  49.288,  125
   214.8,0.089238, 50,  49.293,  124
   215.0,0.088997, 50,  49.289,  127
   215.2,0.088774, 50,  49.291,  130
   215.4,0.088578, 50,  49.292,  129
   215.6,0.088275, 50,  49.290,  127
   215.8,0.087961, 50,  49.287,  126
   216.0,0.087610, 50,  49.281,  125
   216.2,0.087284, 50,  49.286,  125
   216.4,0.086967, 50,  49.282,  125
   216.6,0.086648, 50,  49.284,  124
   216.8,0.086328, 50,  49.284,  124
   217.0,0.086003, 50,  49.283,  124
   217.2,0.085684, 50,  49.282,  125
   217.4,0.085355, 50,  49.280,  125
   217.6,0.085023, 50,  49.284,  125
   217.8,0.084685, 50,  49.280,  126
   218.0,0.084354, 50,  49.279,  126
   218.2,0.084030, 50,  49.278,  127
   218.4,0.083709, 50,  49.277,  128
   218.6,0.083378, 50,  49.279,  127
   218.8,0.083048, 50,  49.281,  126
   219.0,0.082725, 50,  49.277,  126
   219.2,0.082395, 50,  49.284,  125
   219.4,0.082076, 50,  49.278,  126
   219.6,0.081763, 50,  49.281,  128
   219.8,0.081427, 50,  49.284,  126
   220.0,0.081095, 50,  49.277,  124
   220.2,0.080760, 50,  49.284,  125
   220.4,0.080425, 50,  49.281,  125
   220.6,0.080094, 50,  49.282,  125
   220.8,0.079776, 50,  49.282,  126
   221.0,0.079449, 50,  49.288,  124
   221.2,0.079112, 50,  49.288,  123
   221.4,0.078788, 50,  49.285,  123
   221.6,0.078455, 50,  49.288,  124
   221.8,0.078125, 50,  49.285,  125
   222.0,0.077789, 50,  49.285,  126
   222.2,0.077459, 50,  49.288,  127
   222.4,0.077130, 50,  49.288,  129
   222.6,0.076808, 50,  49.291,  128
   222.8,0.076476, 50,  49.292,  127
   223.0,0.076144, 50,  49.291,  125
   223.2,0.075813, 50,  49.289,  124
   223.4,0.075485, 50,  49.286,  127
   223.6,0.075167, 50,  49.288,  130
   223.8,0.074857, 50,  49.288,  129
   224.0,0.074578, 50,  49.286,  127
   224.2,0.074320, 50,  49.281,  126
   224.4,0.074078, 50,  49.281,  125
   224.6,0.073863, 50,  49.276,  125
   224.8,0.073553, 50,  49.277,  125
   225.0,0.073227, 50,  49.278,  125
   225.2,0.072881, 50,  49.274,  125
   225.4,0.072546, 50,  49.275,  125
   225.6,0.072211, 50,  49.271,  124
   225.8,0.071869, 50,  49.270,  124
   226.0,0.071535, 50,  49.264,  124
   226.2,0.071210, 50,  49.247,  125
   226.4,0.070882, 50,  49.246,  125
   226.6,0.070552, 50,  49.242,  127
   226.8,0.070228, 50,  49.239,  128
   227.0,0.069911, 50,  49.236,  127
   227.2,0.069581, 50,  49.234,  126
   227.4,0.069258, 50,  49.228,  125
   227.6,0.068935, 50,  49.223,  124
   227.8,0.068609, 50,  49.222,  126
   228.0,0.068290, 50,  49.217,  128
   228.2,0.067977, 50,  49.211,  126
   228.4,0.067648, 50,  49.206,  125
   228.6,0.067317, 50,  49.202,  124
   228.8,0.066993, 50,  49.199,  122
   229.0,0.066668, 50,  49.195,  124
   229.2,0.066354, 50,  49.195,  126
   229.4,0.066043, 50,  49.190,  126
   229.6,0.065716, 50,  49.189,  126
   229.8,0.065399, 50,  49.180,  125
   230.0,0.065069, 50,  49.175,  124
   230.2,0.064746, 50,  49.174,  124
   230.4,0.064436, 50,  49.170,  124
   230.6,0.064120, 50,  49.167,  124
   230.8,0.063804, 50,  49.165,  124
   231.0,0.063495, 50,  49.162,  126
   231.2,0.063179, 50,  49.155,  127
   231.4,0.062861, 50,  49.151,  127
   231.6,0.062552, 50,  49.150,  127
   231.8,0.062234, 50,  49.137,  129
   232.0,0.061916, 50,  49.133,  132
   232.2,0.061611, 50,  49.118,  131
   232.4,0.061307, 50,  49.118,  130
   232.6,0.061034, 50,  49.109,  127
   232.8,0.060793, 50,  49.104,  124
   233.0,0.060568, 50,  49.102,  125
   233.2,0.060369, 50,  49.099,  125
   233.4,0.060081, 50,  49.097,  125
   233.6,0.059771, 50,  49.095,  124
   233.8,0.059436, 50,  49.095,  124
   234.0,0.059117, 50,  49.090,  125
   234.2,0.058805, 50,  49.092,  125
   234.4,0.058490, 50,  49.088,  125
   234.6,0.058178, 50,  49.088,  125
   234.8,0.057869, 50,  49.088,  125
   235.0,0.057574, 50,  49.090,  127
   235.2,0.057265, 50,  49.081,  130
   235.4,0.056961, 50,  49.080,  128
   235.6,0.056660, 50,  49.084,  126
   235.8,0.056349, 50,  49.081,  126
   236.0,0.056045, 50,  49.075,  125
   236.2,0.055744, 50,  49.075,  126
   236.4,0.055437, 50,  49.076,  127
   236.6,0.055137, 50,  49.077,  126
   236.8,0.054850, 50,  49.074,  125
   237.0,0.054543, 50,  49.069,  124
   237.2,0.054250, 50,  49.070,  124
   237.4,0.053957, 50,  49.072,  125
   237.6,0.053658, 50,  49.074,  126
   237.8,0.053375, 50,  49.075,  126
   238.0,0.053085, 50,  49.075,  127
   238.2,0.052789, 50,  49.077,  125
   238.4,0.052500, 50,  49.072,  124
   238.6,0.052199, 50,  49.070,  124
   238.8,0.051904, 50,  49.073,  124
   239.0,0.051618, 50,  49.068,  124
   239.2,0.051330, 50,  49.072,  124
   239.4,0.051038, 50,  49.075,  126
   239.6,0.050753, 50,  49.071,  127
   239.8,0.050475, 50,  49.076,  126
   240.0,0.050187, 50,  49.072,  126
   240.2,0.049906, 50,  49.070,  128
   240.4,0.049628, 50,  49.072,  130
   240.6,0.049347, 50,  49.072,  129
   240.8,0.049072, 50,  49.072,  128
   241.0,0.048805, 50,  49.072,  127
   241.2,0.048568, 50,  49.071,  126
   241.4,0.048342, 50,  49.069,  126
   241.6,0.048146, 50,  49.074,  126
   241.8,0.047961, 50,  49.078,  125
   242.0,0.047709, 50,  49.081,  124
   242.2,0.047436, 50,  49.078,  124
   242.4,0.047144, 50,  49.077,  124
   242.6,0.046861, 50,  49.076,  125
   242.8,0.046579, 50,  49.084,  125
   243.0,0.046303, 50,  49.081,  125
   243.2,0.046027, 50,  49.084,  125
   243.4,0.045764, 50,  49.079,  125
   243.6,0.045508, 50,  49.082,  125
   243.8,0.045235, 50,  49.084,  126
   244.0,0.044972, 50,  49.086,  127
   244.2,0.044710, 50,  49.090,  127
   244.4,0.044441, 50,  49.089,  127
   244.6,0.044182, 50,  49.088,  128
   244.8,0.043919, 50,  49.094,  128
   245.0,0.043661, 50,  49.097,  127
   245.2,0.043399, 50,  49.102,  126
   245.4,0.043144, 50,  49.103,  126
   245.6,0.042879, 50,  49.103,  125
   245.8,0.042620, 50,  49.108,  125
   246.0,0.042369, 50,  49.114,  125
   246.2,0.042107, 50,  49.113,  127
   246.4,0.041852, 50,  49.113,  129
   246.6,0.041607, 50,  49.117,  126
   246.8,0.041349, 50,  49.123,  123
   247.0,0.041095, 50,  49.119,  124
   247.2,0.040847, 50,  49.124,  125
   247.4,0.040592, 50,  49.123,  125
   247.6,0.040345, 50,  49.131,  125
   247.8,0.040103, 50,  49.135,  127
   248.0,0.039855, 50,  49.141,  129
   248.2,0.039614, 50,  49.139,  128
   248.4,0.039379, 50,  49.137,  127
   248.6,0.039134, 50,  49.143,  128
   248.8,0.038899, 50,  49.144,  129
   249.0,0.038671, 50,  49.145,  128
   249.2,0.038433, 50,  49.145,  127
   249.4,0.038195, 50,  49.149,  127
   249.6,0.037964, 50,  49.149,  127
   249.8,0.037726, 50,  49.149,  126
   250.0,0.037489, 50,  49.149,  126
   250.2,0.037261, 50,  49.153,  125
   250.4,0.037060, 50,  49.158,  125
   250.6,0.036868, 50,  49.157,  125
   250.8,0.036707, 50,  49.167,  125
   251.0,0.036551, 50,  49.165,  125
   251.2,0.036338, 50,  49.172,  125
   251.4,0.036111, 50,  49.171,  125
   251.6,0.035865, 50,  49.175,  125
   251.8,0.035631, 50,  49.185,  124
   252.0,0.035411, 50,  49.185,  124
   252.2,0.035193, 50,  49.185,  126
   252.4,0.034969, 50,  49.188,  127
   252.6,0.034745, 50,  49.203,  126
   252.8,0.034524, 50,  49.205,  126
   253.0,0.034297, 50,  49.205,  126
   253.2,0.034079, 50,  49.208,  127
   253.4,0.033863, 50,  49.210,  126
   253.6,0.033642, 50,  49.211,  125
   253.8,0.033427, 50,  49.214,  125
   254.0,0.033223, 50,  49.216,  126
   254.2,0.033002, 50,  49.218,  124
   254.4,0.032785, 50,  49.225,  123
   254.6,0.032575, 50,  49.225,  125
   254.8,0.032355, 50,  49.226,  126
   255.0,0.032141, 50,  49.225,  125
   255.2,0.031925, 50,  49.229,  123
   255.4,0.031717, 50,  49.225,  124
   255.6,0.031513, 50,  49.232,  124
   255.8,0.031309, 50,  49.232,  124
   256.0,0.031105, 50,  49.233,  124
   256.2,0.030900, 50,  49.233,  124
   256.4,0.030696, 50,  49.234,  125
   256.6,0.030493, 50,  49.235,  126
   256.8,0.030292, 50,  49.237,  127
   257.0,0.030091, 50,  49.240,  129
   257.2,0.029893, 50,  49.241,  130
   257.4,0.029696, 50,  49.238,  128
   257.6,0.029501, 50,  49.240,  127
   257.8,0.029306, 50,  49.247,  127
   258.0,0.029115, 50,  49.245,  128
   258.2,0.028930, 50,  49.246,  126
   258.4,0.028729, 50,  49.245,  125
   258.6,0.028535, 50,  49.251,  125
   258.8,0.028345, 50,  49.255,  125
   259.0,0.028144, 50,  49.255,  126
   259.2,0.027950, 50,  49.261,  126
   259.4,0.027760, 50,  49.257,  126
   259.6,0.027566, 50,  49.261,  125
   259.8,0.027384, 50,  49.266,  125
   260.0,0.027209, 50,  49.267,  125
   260.2,0.027050, 50,  49.266,  124
   260.4,0.026903, 50,  49.268,  123
   260.6,0.026778, 50,  49.271,  127
   260.8,0.026661, 50,  49.273,  130
   261.0,0.026494, 50,  49.274,  128
   261.2,0.026306, 50,  49.277,  126
   261.4,0.026110, 50,  49.274,  126
   261.6,0.025928, 50,  49.279,  127
   261.8,0.025750, 50,  49.280,  125
   262.0,0.025584, 50,  49.284,  123
   262.2,0.025405, 50,  49.280,  124
   262.4,0.025233, 50,  49.285,  125
   262.6,0.025070, 50,  49.286,  125
   262.8,0.024892, 50,  49.294,  124
   263.0,0.024720, 50,  49.297,  126
   263.2,0.024554, 50,  49.297,  127
   263.4,0.024379, 50,  49.295,  127
   263.6,0.024213, 50,  49.299,  126
   263.8,0.024048, 50,  49.303,  126
   264.0,0.023879, 50,  49.303,  125
   264.2,0.023720, 50,  49.305,  124
   264.4,0.023560, 50,  49.308,  123
   264.6,0.023390, 50,  49.312,  123
   264.8,0.023237, 50,  49.316,  123
   265.0,0.023071, 50,  49.317,  125
   265.2,0.022902, 50,  49.315,  127
   265.4,0.022742, 50,  49.314,  129
   265.6,0.022576, 50,  49.321,  130
   265.8,0.022417, 50,  49.322,  128
   266.0,0.022260, 50,  49.325,  126
   266.2,0.022106, 50,  49.323,  126
   266.4,0.021956, 50,  49.326,  126
   266.6,0.021802, 50,  49.324,  126
   266.8,0.021652, 50,  49.334,  126
   267.0,0.021504, 50,  49.335,  125
   267.2,0.021354, 50,  49.338,  125
   267.4,0.021203, 50,  49.356,  125
   267.6,0.021053, 50,  49.355,  126
   267.8,0.020902, 50,  49.358,  125
   268.0,0.020759, 50,  49.358,  125
   268.2,0.020605, 50,  49.359,  125
   268.4,0.020458, 50,  49.361,  126
   268.6,0.020313, 50,  49.362,  125
   268.8,0.020189, 50,  49.361,  124
   269.0,0.020077, 50,  49.364,  125
   269.2,0.019985, 50,  49.363,  125
   269.4,0.019893, 50,  49.366,  126
   269.6,0.019763, 50,  49.369,  127
   269.8,0.019622, 50,  49.371,  128
   270.0,0.019469, 50,  49.371,  129
   270.2,0.019324, 50,  49.371,  127
   270.4,0.019186, 50,  49.373,  125
   270.6,0.019052, 50,  49.377,  125
   270.8,0.018910, 50,  49.381,  126
   271.0,0.018781, 50,  49.378,  125
   271.2,0.018655, 50,  49.385,  125
   271.4,0.018516, 50,  49.387,  126
   271.6,0.018381, 50,  49.386,  128
   271.8,0.018253, 50,  49.389,  127
   272.0,0.018117, 50,  49.393,  127
   272.2,0.017985, 50,  49.395,  125
   272.4,0.017859, 50,  49.394,  124
   272.6,0.017724, 50,  49.399,  124
   272.8,0.017604, 50,  49.400,  124
   273.0,0.017482, 50,  49.400,  124
   273.2,0.017349, 50,  49.401,  124
   273.4,0.017229, 50,  49.404,  126
   273.6,0.017103, 50,  49.407,  128
   273.8,0.016971, 50,  49.412,  129
   274.0,0.016845, 50,  49.411,  131
   274.2,0.016722, 50,  49.412,  128
   274.4,0.016595, 50,  49.417,  126
   274.6,0.016474, 50,  49.419,  125
   274.8,0.016364, 50,  49.422,  124
   275.0,0.016243, 50,  49.427,  125
   275.2,0.016126, 50,  49.428,  126
   275.4,0.016015, 50,  49.428,  126
   275.6,0.015891, 50,  49.435,  125
   275.8,0.015771, 50,  49.437,  125
   276.0,0.015658, 50,  49.437,  126
   276.2,0.015537, 50,  49.441,  126
   276.4,0.015423, 50,  49.439,  126
   276.6,0.015316, 50,  49.446,  126
   276.8,0.015198, 50,  49.446,  126
   277.0,0.015089, 50,  49.446,  125
   277.2,0.014985, 50,  49.445,  124
   277.4,0.014870, 50,  49.448,  124
   277.6,0.014761, 50,  49.448,  124
   277.8,0.014657, 50,  49.447,  126
   278.0,0.014563, 50,  49.451,  128
   278.2,0.014471, 50,  49.447,  128
   278.4,0.014398, 50,  49.452,  128
   278.6,0.014330, 50,  49.451,  126
   278.8,0.014226, 50,  49.454,  124
   279.0,0.014121, 50,  49.449,  125
   279.2,0.014010, 50,  49.448,  125
   279.4,0.013910, 50,  49.447,  125
   279.6,0.013815, 50,  49.447,  125
   279.8,0.013716, 50,  49.449,  124
   280.0,0.013607, 50,  49.448,  122
   280.2,0.013509, 50,  49.446,  124
   280.4,0.013398, 50,  49.448,  126
   280.6,0.013292, 50,  49.448,  125
   280.8,0.013202, 50,  49.448,  124
   281.0,0.013103, 50,  49.446,  124
   281.2,0.012997, 50,  49.447,  124
   281.4,0.012897, 50,  49.448,  124
   281.6,0.012798, 50,  49.444,  124
   281.8,0.012695, 50,  49.443,  124
   282.0,0.012601, 50,  49.444,  125
   282.2,0.012517, 50,  49.445,  128
   282.4,0.012417, 50,  49.441,  132
   282.6,0.012321, 50,  49.441,  130
   282.8,0.012231, 50,  49.435,  127
   283.0,0.012137, 50,  49.432,  127
   283.2,0.012043, 50,  49.431,  126
   283.4,0.011959, 50,  49.427,  126
   283.6,0.011868, 50,  49.429,  126
   283.8,0.011786, 50,  49.425,  125
   284.0,0.011707, 50,  49.425,  124
   284.2,0.011613, 50,  49.424,  124
   284.4,0.011522, 50,  49.425,  125
   284.6,0.011436, 50,  49.422,  126
   284.8,0.011341, 50,  49.420,  126
   285.0,0.011257, 50,  49.420,  126
   285.2,0.011179, 50,  49.420,  126
   285.4,0.011087, 50,  49.415,  125
   285.6,0.011005, 50,  49.414,  124
   285.8,0.010924, 50,  49.409,  124
   286.0,0.010836, 50,  49.406,  123
   286.2,0.010754, 50,  49.405,  127
   286.4,0.010676, 50,  49.404,  130
   286.6,0.010587, 50,  49.396,  130
   286.8,0.010505, 50,  49.401,  129
   287.0,0.010430, 50,  49.397,  127
   287.2,0.010360, 50,  49.392,  124
   287.4,0.010294, 50,  49.392,  124
   287.6,0.010244, 50,  49.391,  124
   287.8,0.010196, 50,  49.390,  124
   288.0,0.010129, 50,  49.392,  125
   288.2,0.010052, 50,  49.390,  125
   288.4,0.009971, 50,  49.390,  124
   288.6,0.009891, 50,  49.391,  125
   288.8,0.009819, 50,  49.390,  126
   289.0,0.009744, 50,  49.385,  127
   289.2,0.009664, 50,  49.384,  127
   289.4,0.009597, 50,  49.383,  126
   289.6,0.009524, 50,  49.382,  124
   289.8,0.009447, 50,  49.376,  124
   290.0,0.009380, 50,  49.375,  124
   290.2,0.009310, 50,  49.374,  124
   290.4,0.009236, 50,  49.373,  125
   290.6,0.009169, 50,  49.370,  129
   290.8,0.009096, 50,  49.373,  133
   291.0,0.009016, 50,  49.375,  130
   291.2,0.008946, 50,  49.372,  127
   291.4,0.008870, 50,  49.367,  126
   291.6,0.008797, 50,  49.361,  125
   291.8,0.008737, 50,  49.362,  126
   292.0,0.008682, 50,  49.365,  126
   292.2,0.008613, 50,  49.363,  126
   292.4,0.008551, 50,  49.365,  126
   292.6,0.008489, 50,  49.366,  124
   292.8,0.008420, 50,  49.364,  123
   293.0,0.008355, 50,  49.363,  124
   293.2,0.008288, 50,  49.366,  125
   293.4,0.008220, 50,  49.362,  125
   293.6,0.008158, 50,  49.362,  125
   293.8,0.008100, 50,  49.365,  124
   294.0,0.008032, 50,  49.363,  124
   294.2,0.007970, 50,  49.364,  124
   294.4,0.007909, 50,  49.361,  124
   294.6,0.007844, 50,  49.363,  125
   294.8,0.007782, 50,  49.360,  125
   295.0,0.007723, 50,  49.357,  128
   295.2,0.007658, 50,  49.366,  130
   295.4,0.007603, 50,  49.363,  129
   295.6,0.007545, 50,  49.365,  127
   295.8,0.007482, 50,  49.358,  126
   296.0,0.007423, 50,  49.362,  125
   296.2,0.007371, 50,  49.363,  125
   296.4,0.007324, 50,  49.366,  125
   296.6,0.007281, 50,  49.362,  126
   296.8,0.007233, 50,  49.363,  127
   297.0,0.007206, 50,  49.365,  126
   297.2,0.007149, 50,  49.364,  125
   297.4,0.007099, 50,  49.365,  126
   297.6,0.007045, 50,  49.360,  127
   297.8,0.006988, 50,  49.364,  125
   298.0,0.006937, 50,  49.367,  124
   298.2,0.006884, 50,  49.363,  124
   298.4,0.006824, 50,  49.360,  125
   298.6,0.006774, 50,  49.366,  125
   298.8,0.006725, 50,  49.366,  126
   299.0,0.006667, 50,  49.366,  129
   299.2,0.006614, 50,  49.362,  133
   299.4,0.006571, 50,  49.367,  130
   299.6,0.006516, 50,  49.365,  128
   299.8,0.006461, 50,  49.363,  126
   300.0,0.006407, 50,  49.360,  125
   300.2,0.006353, 50,  49.361,  125
   300.4,0.006310, 50,  49.362,  125
   300.6,0.006262, 50,  49.362,  126
   300.8,0.006208, 50,  49.365,  127
   301.0,0.006164, 50,  49.363,  126
   301.2,0.006117, 50,  49.364,  125
   301.4,0.006063, 50,  49.363,  126
   301.6,0.006019, 50,  49.361,  126
   301.8,0.005969, 50,  49.357,  126
   302.0,0.005915, 50,  49.359,  126
   302.2,0.005874, 50,  49.359,  125
   302.4,0.005824, 50,  49.358,  124
   302.6,0.005772, 50,  49.359,  124
   302.8,0.005737, 50,  49.356,  124
   303.0,0.005695, 50,  49.356,  124
   303.2,0.005644, 50,  49.357,  124
   303.4,0.005606, 50,  49.353,  128
   303.6,0.005556, 50,  49.354,  131
   303.8,0.005502, 50,  49.351,  128
   304.0,0.005461, 50,  49.350,  126
   304.2,0.005414, 50,  49.345,  125
   304.4,0.005365, 50,  49.346,  125
   304.6,0.005330, 50,  49.342,  125
   304.8,0.005291, 50,  49.346,  125
   305.0,0.005245, 50,  49.344,  126
   305.2,0.005210, 50,  49.347,  127
   305.4,0.005165, 50,  49.348,  125
   305.6,0.005132, 50,  49.347,  123
   305.8,0.005099, 50,  49.344,  125
   306.0,0.005073, 50,  49.344,  127
   306.2,0.005052, 50,  49.342,  125
   306.4,0.005009, 50,  49.342,  123
   306.6,0.004970, 50,  49.346,  123
   306.8,0.004929, 50,  49.343,  124
   307.0,0.004883, 50,  49.346,  124
   307.2,0.004851, 50,  49.348,  125
   307.4,0.004812, 50,  49.347,  128
   307.6,0.004769, 50,  49.350,  131
   307.8,0.004736, 50,  49.352,  130
   308.0,0.004700, 50,  49.349,  129
   308.2,0.004660, 50,  49.351,  128
   308.4,0.004627, 50,  49.348,  126
   308.6,0.004591, 50,  49.349,  126
   308.8,0.004550, 50,  49.352,  126
   309.0,0.004517, 50,  49.354,  126
   309.2,0.004488, 50,  49.355,  126
   309.4,0.004447, 50,  49.356,  126
   309.6,0.004414, 50,  49.355,  126
   309.8,0.004385, 50,  49.359,  126
   310.0,0.004345, 50,  49.359,  126
   310.2,0.004311, 50,  49.360,  126
   310.4,0.004282, 50,  49.357,  126
   310.6,0.004242, 50,  49.360,  125
   310.8,0.004215, 50,  49.358,  124
   311.0,0.004188, 50,  49.360,  123
   311.2,0.004148, 50,  49.356,  123
   311.4,0.004124, 50,  49.363,  123
   311.6,0.004091, 50,  49.358,  123
   311.8,0.004054, 50,  49.362,  128
   312.0,0.004030, 50,  49.356,  132
   312.2,0.003999, 50,  49.357,  129
   312.4,0.003965, 50,  49.361,  126
   312.6,0.003941, 50,  49.360,  125
   312.8,0.003913, 50,  49.356,  125
   313.0,0.003879, 50,  49.358,  124
   313.2,0.003848, 50,  49.358,  124
   313.4,0.003817, 50,  49.361,  125
   313.6,0.003777, 50,  49.362,  127
   313.8,0.003755, 50,  49.363,  126
   314.0,0.003732, 50,  49.361,  124
   314.2,0.003714, 50,  49.362,  125
   314.4,0.003688, 50,  49.361,  126
   314.6,0.003671, 50,  49.360,  126
   314.8,0.003646, 50,  49.366,  126
   315.0,0.003617, 50,  49.364,  125
   315.2,0.003599, 50,  49.367,  124
   315.4,0.003571, 50,  49.363,  124
   315.6,0.003541, 50,  49.364,  124
   315.8,0.003524, 50,  49.365,  127
   316.0,0.003498, 50,  49.366,  129
   316.2,0.003467, 50,  49.371,  129
   316.4,0.003442, 50,  49.369,  129
   316.6,0.003413, 50,  49.370,  128
   316.8,0.003384, 50,  49.368,  126
   317.0,0.003359, 50,  49.368,  125
   317.2,0.003327, 50,  49.370,  125
   317.4,0.003298, 50,  49.367,  125
   317.6,0.003280, 50,  49.367,  126
   317.8,0.003252, 50,  49.366,  125
   318.0,0.003223, 50,  49.366,  125
   318.2,0.003198, 50,  49.368,  125
   318.4,0.003173, 50,  49.364,  126
   318.6,0.003144, 50,  49.365,  126
   318.8,0.003126, 50,  49.365,  126
   319.0,0.003111, 50,  49.363,  124
   319.2,0.003082, 50,  49.363,  123
   319.4,0.003066, 50,  49.368,  123
   319.6,0.003041, 50,  49.363,  123
   319.8,0.003012, 50,  49.358,  123
   320.0,0.003000, 50,  49.363,  124
   320.2,0.002972, 50,  49.361,  126
   320.4,0.002943, 50,  49.361,  127
   320.6,0.002928, 50,  49.361,  127
   320.8,0.002903, 50,  49.367,  127
   321.0,0.002874, 50,  49.360,  127
   321.2,0.002852, 50,  49.361,  127
   321.4,0.002829, 50,  49.361,  126
   321.6,0.002801, 50,  49.358,  125
   321.8,0.002785, 50,  49.356,  126
   322.0,0.002770, 50,  49.351,  127
   322.2,0.002744, 50,  49.354,  126
   322.4,0.002721, 50,  49.358,  125
   322.6,0.002696, 50,  49.352,  125
   322.8,0.002670, 50,  49.351,  125
   323.0,0.002648, 50,  49.352,  125
   323.2,0.002633, 50,  49.353,  126
   323.4,0.002616, 50,  49.350,  125
   323.6,0.002593, 50,  49.353,  124
   323.8,0.002586, 50,  49.347,  124
   324.0,0.002572, 50,  49.345,  125
   324.2,0.002555, 50,  49.344,  127
   324.4,0.002538, 50,  49.348,  130
   324.6,0.002519, 50,  49.346,  129
   324.8,0.002496, 50,  49.347,  129
   325.0,0.002483, 50,  49.345,  128
   325.2,0.002468, 50,  49.346,  127
   325.4,0.002442, 50,  49.345,  126
   325.6,0.002432, 50,  49.349,  124
   325.8,0.002419, 50,  49.344,  124
   326.0,0.002396, 50,  49.343,  125
   326.2,0.002382, 50,  49.340,  125
   326.4,0.002375, 50,  49.348,  126
   326.6,0.002354, 50,  49.350,  126
   326.8,0.002337, 50,  49.346,  126
   327.0,0.002315, 50,  49.347,  126
   327.2,0.002292, 50,  49.345,  126
   327.4,0.002282, 50,  49.346,  125
   327.6,0.002265, 50,  49.342,  125
   327.8,0.002242, 50,  49.348,  124
   328.0,0.002232, 50,  49.342,  123
   328.2,0.002222, 50,  49.348,  124
   328.4,0.002196, 50,  49.347,  124
   328.6,0.002180, 50,  49.348,  125
   328.8,0.002170, 50,  49.349,  127
   329.0,0.002144, 50,  49.352,  127
   329.2,0.002127, 50,  49.354,  128
   329.4,0.002120, 50,  49.353,  127
   329.6,0.002097, 50,  49.352,  127
   329.8,0.002080, 50,  49.354,  126
   330.0,0.002063, 50,  49.353,  125
   330.2,0.002040, 50,  49.358,  125
   330.4,0.002030, 50,  49.357,  126
   330.6,0.002014, 50,  49.353,  126
   330.8,0.001993, 50,  49.352,  125
   331.0,0.001976, 50,  49.353,  124
   331.2,0.001960, 50,  49.352,  123
   331.4,0.001939, 50,  49.354,  124
   331.6,0.001928, 50,  49.355,  125
   331.8,0.001918, 50,  49.354,  124
   332.0,0.001907, 50,  49.352,  123
   332.2,0.001892, 50,  49.350,  124
   332.4,0.001885, 50,  49.347,  125
   332.6,0.001877, 50,  49.351,  127
   332.8,0.001863, 50,  49.348,  129
   333.0,0.001852, 50,  49.348,  128
   333.2,0.001835, 50,  49.353,  126
   333.4,0.001818, 50,  49.351,  126
   333.6,0.001807, 50,  49.343,  126
   333.8,0.001799, 50,  49.352,  126
   334.0,0.001782, 50,  49.350,  126
   334.2,0.001768, 50,  49.352,  126
   334.4,0.001761, 50,  49.352,  126
   334.6,0.001743, 50,  49.357,  126
   334.8,0.001732, 50,  49.358,  126
   335.0,0.001725, 50,  49.359,  126
   335.2,0.001707, 50,  49.356,  126
   335.4,0.001696, 50,  49.364,  126
   335.6,0.001692, 50,  49.362,  126
   335.8,0.001674, 50,  49.362,  125
   336.0,0.001663, 50,  49.362,  125
   336.2,0.001656, 50,  49.360,  124
   336.4,0.001638, 50,  49.362,  123
   336.6,0.001627, 50,  49.363,  124
   336.8,0.001620, 50,  49.364,  124
   337.0,0.001605, 50,  49.369,  125
   337.2,0.001594, 50,  49.373,  126
   337.4,0.001587, 50,  49.372,  128
   337.6,0.001569, 50,  49.372,  129
   337.8,0.001558, 50,  49.376,  128
   338.0,0.001553, 50,  49.376,  126
   338.2,0.001536, 50,  49.377,  125
   338.4,0.001525, 50,  49.377,  125
   338.6,0.001520, 50,  49.376,  125
   338.8,0.001502, 50,  49.377,  124
   339.0,0.001498, 50,  49.380,  125
   339.2,0.001491, 50,  49.380,  125
   339.4,0.001473, 50,  49.383,  125
   339.6,0.001472, 50,  49.383,  125
   339.8,0.001463, 50,  49.388,  125
   340.0,0.001451, 50,  49.384,  126
   340.2,0.001447, 50,  49.387,  126
   340.4,0.001433, 50,  49.387,  126
   340.6,0.001425, 50,  49.388,  125
   340.8,0.001416, 50,  49.391,  124
   341.0,0.001408, 50,  49.393,  126
   341.2,0.001400, 50,  49.390,  129
   341.4,0.001385, 50,  49.396,  127
   341.6,0.001380, 50,  49.393,  125
   341.8,0.001369, 50,  49.394,  127
   342.0,0.001352, 50,  49.394,  128
   342.2,0.001343, 50,  49.391,  127
   342.4,0.001332, 50,  49.392,  126
   342.6,0.001317, 50,  49.396,  125
   342.8,0.001306, 50,  49.392,  124
   343.0,0.001305, 50,  49.391,  125
   343.2,0.001292, 50,  49.388,  126
   343.4,0.001281, 50,  49.387,  126
   343.6,0.001280, 50,  49.389,  127
   343.8,0.001268, 50,  49.385,  126
   344.0,0.001254, 50,  49.393,  125
   344.2,0.001249, 50,  49.385,  125
   344.4,0.001237, 50,  49.391,  124
   344.6,0.001226, 50,  49.386,  123
   344.8,0.001225, 50,  49.385,  122
   345.0,0.001212, 50,  49.390,  123
   345.2,0.001204, 50,  49.388,  124
   345.4,0.001202, 50,  49.386,  125
   345.6,0.001190, 50,  49.384,  127
   345.8,0.001186, 50,  49.383,  126
   346.0,0.001182, 50,  49.384,  124
   346.2,0.001169, 50,  49.384,  125
   346.4,0.001165, 50,  49.382,  126
   346.6,0.001157, 50,  49.380,  126
   346.8,0.001144, 50,  49.378,  126
   347.0,0.001143, 50,  49.375,  127
   347.2,0.001135, 50,  49.377,  127
   347.4,0.001122, 50,  49.374,  126
   347.6,0.001121, 50,  49.374,  125
   347.8,0.001113, 50,  49.372,  126
   348.0,0.001103, 50,  49.373,  126
   348.2,0.001095, 50,  49.369,  126
   348.4,0.001089, 50,  49.369,  125
   348.6,0.001077, 50,  49.367,  126
   348.8,0.001072, 50,  49.369,  126
   349.0,0.001067, 50,  49.359,  125
   349.2,0.001055, 50,  49.363,  124
   349.4,0.001052, 50,  49.362,  126
   349.6,0.001056, 50,  49.361,  129
   349.8,0.001051, 50,  49.363,  128
   350.0,0.001041, 50,  49.355,  126
   350.2,0.001042, 50,  49.354,  127
   350.4,0.001037, 50,  49.354,  127
   350.6,0.001027, 50,  49.355,  127
   350.8,0.001019, 50,  49.351,  127
   351.0,0.001011, 50,  49.350,  125
   351.2,0.001008, 50,  49.351,  124
   351.4,0.001005, 50,  49.350,  124
   351.6,0.000997, 50,  49.348,  124
   351.8,0.000991, 50,  49.347,  126
   352.0,0.000983, 50,  49.349,  127
   352.2,0.000972, 50,  49.344,  126
   352.4,0.000969, 50,  49.348,  126
   352.6,0.000964, 50,  49.343,  125
   352.8,0.000958, 50,  49.341,  124
   353.0,0.000956, 50,  49.339,  125
   353.2,0.000950, 50,  49.332,  125
   353.4,0.000945, 50,  49.338,  124
   353.6,0.000939, 50,  49.331,  124
   353.8,0.000928, 50,  49.330,  125
   354.0,0.000920, 50,  49.326,  126
   354.2,0.000914, 50,  49.325,  124
   354.4,0.000909, 50,  49.322,  123
   354.6,0.000903, 50,  49.321,  125
   354.8,0.000900, 50,  49.310,  128
   355.0,0.000892, 50,  49.310,  127
   355.2,0.000884, 50,  49.307,  126
   355.4,0.000878, 50,  49.301,  125
   355.6,0.000873, 50,  49.279,  124
   355.8,0.000864, 50,  49.283,  125
   356.0,0.000859, 50,  49.278,  125
   356.2,0.000853, 50,  49.275,  125
   356.4,0.000851, 50,  49.274,  125
   356.6,0.000848, 50,  49.271,  124
   356.8,0.000842, 50,  49.269,  122
   357.0,0.000837, 50,  49.266,  124
   357.2,0.000834, 50,  49.265,  126
   357.4,0.000831, 50,  49.262,  124
   357.6,0.000823, 50,  49.259,  123
   357.8,0.000818, 50,  49.255,  126
   358.0,0.000812, 50,  49.253,  130
   358.2,0.000807, 50,  49.248,  128
   358.4,0.000801, 50,  49.246,  126
   358.6,0.000795, 50,  49.241,  125
   358.8,0.000797, 50,  49.243,  125
   359.0,0.000791, 50,  49.234,  126
   359.2,0.000788, 50,  49.237,  126
   359.4,0.000783, 50,  49.241,  126
   359.6,0.000780, 50,  49.236,  126
   359.8,0.000768, 50,  49.232,  126
   360.0,0.000762, 50,  49.230,  126
   360.2,0.000754, 50,  49.228,  127
   360.4,0.000751, 50,  49.227,  127
   360.6,0.000746, 50,  49.223,  126
   360.8,0.000738, 50,  49.221,  126
   361.0,0.000735, 50,  49.220,  125
   361.2,0.000732, 50,  49.218,  125
   361.4,0.000727, 50,  49.214,  125
   361.6,0.000721, 50,  49.206,  124
   361.8,0.000713, 50,  49.202,  124
   362.0,0.000704, 50,  49.205,  124
   362.2,0.000702, 50,  49.203,  126
   362.4,0.000693, 50,  49.200,  127
   362.6,0.000685, 50,  49.197,  125
   362.8,0.000682, 50,  49.198,  123
   363.0,0.000677, 50,  49.188,  126
   363.2,0.000671, 50,  49.192,  129
   363.4,0.000666, 50,  49.189,  127
   363.6,0.000660, 50,  49.190,  126
   363.8,0.000655, 50,  49.189,  127
   364.0,0.000652, 50,  49.181,  128
   364.2,0.000647, 50,  49.180,  126
   364.4,0.000641, 50,  49.182,  123
   364.6,0.000638, 50,  49.181,  124
   364.8,0.000635, 50,  49.184,  125
   365.0,0.000637, 50,  49.184,  124
   365.2,0.000627, 50,  49.186,  124
   365.4,0.000624, 50,  49.184,  125
   365.6,0.000626, 50,  49.186,  126
   365.8,0.000619, 50,  49.185,  126
   366.0,0.000619, 50,  49.184,  127
   366.2,0.000620, 50,  49.185,  128
   366.4,0.000611, 50,  49.182,  130
   366.6,0.000608, 50,  49.184,  128
   366.8,0.000609, 50,  49.186,  127
   367.0,0.000600, 50,  49.189,  125
   367.2,0.000597, 50,  49.182,  124
   367.4,0.000594, 50,  49.181,  125
   367.6,0.000591, 50,  49.184,  127
   367.8,0.000589, 50,  49.186,  126
   368.0,0.000589, 50,  49.184,  125
   368.2,0.000583, 50,  49.167,  124
   368.4,0.000583, 50,  49.164,  124
   368.6,0.000583, 50,  49.168,  125
   368.8,0.000576, 50,  49.168,  126
   369.0,0.000576, 50,  49.170,  126
   369.2,0.000576, 50,  49.170,  126
   369.4,0.000580, 50,  49.172,  125
   369.6,0.000583, 50,  49.167,  124
   369.8,0.000578, 50,  49.169,  124
   370.0,0.000565, 50,  49.169,  124
   370.2,0.000565, 50,  49.170,  124
   370.4,0.000560, 50,  49.168,  124
   370.6,0.000561, 50,  49.169,  126
   370.8,0.000558, 50,  49.168,  128
   371.0,0.000556, 50,  49.167,  126
   371.2,0.000546, 50,  49.165,  125
   371.4,0.000539, 50,  49.162,  125
   371.6,0.000534, 50,  49.163,  125
   371.8,0.000541, 50,  49.166,  126
   372.0,0.000538, 50,  49.166,  126
   372.2,0.000532, 50,  49.165,  128
   372.4,0.000527, 50,  49.168,  129
   372.6,0.000524, 50,  49.166,  127
   372.8,0.000521, 50,  49.164,  125
   373.0,0.000518, 50,  49.164,  126
   373.2,0.000518, 50,  49.161,  127
   373.4,0.000516, 50,  49.165,  126
   373.6,0.000507, 50,  49.163,  125
   373.8,0.000505, 50,  49.163,  125
   374.0,0.000502, 50,  49.165,  125
   374.2,0.000496, 50,  49.162,  125
   374.4,0.000500, 50,  49.160,  126
   374.6,0.000495, 50,  49.159,  128
   374.8,0.000492, 50,  49.159,  130
   375.0,0.000499, 50,  49.156,  128
   375.2,0.000496, 50,  49.157,  127
   375.4,0.000487, 50,  49.156,  126
   375.6,0.000484, 50,  49.148,  126
   375.8,0.000481, 50,  49.148,  127
   376.0,0.000478, 50,  49.144,  128
   376.2,0.000476, 50,  49.148,  127
   376.4,0.000470, 50,  49.146,  126
   376.6,0.000467, 50,  49.142,  125
   376.8,0.000464, 50,  49.143,  124
   377.0,0.000464, 50,  49.140,  125
   377.2,0.000464, 50,  49.141,  125
   377.4,0.000462, 50,  49.141,  126
   377.6,0.000462, 50,  49.142,  128
   377.8,0.000462, 50,  49.145,  126
   378.0,0.000450, 50,  49.142,  124
   378.2,0.000443, 50,  49.142,  124
   378.4,0.000437, 50,  49.141,  124
   378.6,0.000441, 50,  49.141,  125
   378.8,0.000448, 50,  49.144,  125
   379.0,0.000445, 50,  49.149,  126
   379.2,0.000442, 50,  49.144,  127
   379.4,0.000449, 50,  49.140,  126
   379.6,0.000449, 50,  49.147,  125
   379.8,0.000440, 50,  49.143,  125
   380.0,0.000440, 50,  49.143,  124
   380.2,0.000442, 50,  49.143,  126
   380.4,0.000440, 50,  49.144,  128
   380.6,0.000437, 50,  49.145,  128
   380.8,0.000437, 50,  49.145,  129
   381.0,0.000434, 50,  49.140,  126
   381.2,0.000431, 50,  49.137,  124
   381.4,0.000431, 50,  49.137,  125
   381.6,0.000431, 50,  49.133,  125
   381.8,0.000434, 50,  49.137,  125
   382.0,0.000431, 50,  49.140,  124
   382.2,0.000429, 50,  49.136,  123
   382.4,0.000433, 50,  49.135,  122
   382.6,0.000428, 50,  49.131,  124
   382.8,0.000437, 50,  49.136,  126
   383.0,0.000431, 50,  49.133,  128
   383.2,0.000424, 50,  49.132,  129
   383.4,0.000429, 50,  49.130,  128
   383.6,0.000423, 50,  49.126,  126
   383.8,0.000420, 50,  49.128,  126
   384.0,0.000417, 50,  49.124,  126
   384.2,0.000413, 50,  49.125,  126
   384.4,0.000408, 50,  49.127,  126
   384.6,0.000405, 50,  49.125,  126
   384.8,0.000398, 50,  49.127,  127
   385.0,0.000396, 50,  49.123,  126
   385.2,0.000400, 50,  49.126,  125
   385.4,0.000397, 50,  49.122,  126
   385.6,0.000387, 50,  49.124,  127
   385.8,0.000394, 50,  49.132,  127
   386.0,0.000391, 50,  49.134,  127
   386.2,0.000394, 50,  49.133,  126
   386.4,0.000394, 50,  49.133,  125
   386.6,0.000394, 50,  49.136,  125
   386.8,0.000390, 50,  49.135,  124
   387.0,0.000390, 50,  49.137,  124
   387.2,0.000394, 50,  49.137,  125
   387.4,0.000385, 50,  49.143,  126
   387.6,0.000385, 50,  49.141,  127
   387.8,0.000382, 50,  49.147,  126
   388.0,0.000382, 50,  49.148,  124
   388.2,0.000379, 50,  49.148,  124
   388.4,0.000376, 50,  49.150,  124
   388.6,0.000376, 50,  49.152,  127
   388.8,0.000376, 50,  49.160,  130
   389.0,0.000377, 50,  49.165,  129
   389.2,0.000371, 50,  49.168,  129
   389.4,0.000371, 50,  49.170,  127
   389.6,0.000375, 50,  49.167,  125
   389.8,0.000368, 50,  49.171,  125
   390.0,0.000365, 50,  49.173,  124
   390.2,0.000369, 50,  49.179,  124
   390.4,0.000360, 50,  49.181,  125
   390.6,0.000360, 50,  49.183,  124
   390.8,0.000364, 50,  49.189,  124
   391.0,0.000357, 50,  49.189,  125
   391.2,0.000357, 50,  49.193,  126
   391.4,0.000364, 50,  49.194,  128
   391.6,0.000354, 50,  49.196,  130
   391.8,0.000357, 50,  49.203,  128
   392.0,0.000356, 50,  49.206,  126
   392.2,0.000350, 50,  49.207,  125
   392.4,0.000347, 50,  49.205,  125
   392.6,0.000350, 50,  49.204,  125
   392.8,0.000346, 50,  49.214,  125
   393.0,0.000336, 50,  49.217,  127
   393.2,0.000333, 50,  49.222,  128
   393.4,0.000327, 50,  49.223,  126
   393.6,0.000331, 50,  49.224,  124
   393.8,0.000329, 50,  49.228,  125
   394.0,0.000322, 50,  49.218,  125
   394.2,0.000329, 50,  49.220,  126
   394.4,0.000326, 50,  49.223,  126
   394.6,0.000317, 50,  49.221,  125
   394.8,0.000324, 50,  49.223,  124
   395.0,0.000324, 50,  49.213,  124
   395.2,0.000324, 50,  49.216,  123
   395.4,0.000321, 50,  49.210,  124
   395.6,0.000324, 50,  49.211,  125
   395.8,0.000321, 50,  49.209,  125
   396.0,0.000314, 50,  49.203,  126
   396.2,0.000309, 50,  49.197,  125
   396.4,0.000303, 50,  49.199,  124
   396.6,0.000296, 50,  49.193,  124
   396.8,0.000294, 50,  49.190,  125
   397.0,0.000295, 50,  49.191,  125
   397.2,0.000285, 50,  49.193,  126
   397.4,0.000285, 50,  49.193,  127
   397.6,0.000289, 50,  49.189,  128
   397.8,0.000283, 50,  49.189,  127
   398.0,0.000283, 50,  49.183,  127
   398.2,0.000289, 50,  49.178,  127
   398.4,0.000285, 50,  49.177,  126
   398.6,0.000285, 50,  49.179,  126
   398.8,0.000289, 50,  49.178,  126
   399.0,0.000283, 50,  49.172,  125
   399.2,0.000280, 50,  49.173,  125
   399.4,0.000278, 50,  49.172,  125
   399.6,0.000272, 50,  49.169,  125
   399.8,0.000272, 50,  49.166,  128
   400.0,0.000275, 50,  49.162,  131
   400.2,0.000266, 50,  49.167,  129
   400.4,0.000263, 50,  49.162,  126
   400.6,0.000267, 50,  49.160,  125
   400.8,0.000258, 50,  49.158,  125
   401.0,0.000258, 50,  49.157,  125
   401.2,0.000264, 50,  49.162,  126
   401.4,0.000261, 50,  49.159,  127
   401.6,0.000261, 50,  49.154,  128
   401.8,0.000264, 50,  49.156,  127
   402.0,0.000261, 50,  49.155,  125
   402.2,0.000258, 50,  49.153,  125
   402.4,0.000262, 50,  49.151,  126
   402.6,0.000255, 50,  49.154,  126
   402.8,0.000250, 50,  49.153,  125
   403.0,0.000248, 50,  49.152,  126
   403.2,0.000238, 50,  49.153,  127
   403.4,0.000238, 50,  49.153,  125
   403.6,0.000240, 50,  49.156,  124
   403.8,0.000237, 50,  49.161,  124
   404.0,0.000233, 50,  49.162,  125
   404.2,0.000230, 50,  49.159,  126
   404.4,0.000233, 50,  49.167,  128
   404.6,0.000233, 50,  49.169,  126
   404.8,0.000230, 50,  49.169,  124
   405.0,0.000225, 50,  49.166,  125
   405.2,0.000227, 50,  49.169,  125
   405.4,0.000225, 50,  49.173,  125
   405.6,0.000225, 50,  49.173,  125
   405.8,0.000225, 50,  49.176,  127
   406.0,0.000225, 50,  49.177,  129
   406.2,0.000222, 50,  49.179,  128
   406.4,0.000222, 50,  49.178,  127
   406.6,0.000219, 50,  49.179,  126
   406.8,0.000214, 50,  49.178,  126
   407.0,0.000211, 50,  49.179,  125
   407.2,0.000208, 50,  49.183,  125
   407.4,0.000203, 50,  49.179,  125
   407.6,0.000203, 50,  49.185,  125
   407.8,0.000200, 50,  49.183,  123
   408.0,0.000200, 50,  49.188,  122
   408.2,0.000200, 50,  49.188,  127
   408.4,0.000200, 50,  49.185,  131
   408.6,0.000197, 50,  49.182,  128
   408.8,0.000194, 50,  49.192,  124
   409.0,0.000192, 50,  49.190,  124
   409.2,0.000183, 50,  49.188,  125
   409.4,0.000183, 50,  49.184,  125
   409.6,0.000181, 50,  49.184,  125
   409.8,0.000181, 50,  49.191,  125
   410.0,0.000183, 50,  49.187,  125
   410.2,0.000181, 50,  49.186,  126
   410.4,0.000185, 50,  49.192,  128
   410.6,0.000181, 50,  49.194,  127
   410.8,0.000181, 50,  49.188,  127
   411.0,0.000185, 50,  49.187,  127
   411.2,0.000181, 50,  49.183,  127
   411.4,0.000178, 50,  49.186,  127
   411.6,0.000175, 50,  49.189,  128
   411.8,0.000178, 50,  49.181,  126
   412.0,0.000178, 50,  49.181,  125
   412.2,0.000178, 50,  49.183,  125
   412.4,0.000178, 50,  49.185,  125
   412.6,0.000178, 50,  49.187,  126
   412.8,0.000172, 50,  49.191,  128
   413.0,0.000172, 50,  49.188,  125
   413.2,0.000172, 50,  49.190,  123
   413.4,0.000170, 50,  49.190,  124
   413.6,0.000170, 50,  49.189,  124
   413.8,0.000167, 50,  49.190,  124
   414.0,0.000164, 50,  49.196,  124
   414.2,0.000161, 50,  49.196,  127
   414.4,0.000159, 50,  49.194,  130
   414.6,0.000159, 50,  49.195,  128
   414.8,0.000159, 50,  49.196,  125
   415.0,0.000161, 50,  49.190,  126
   415.2,0.000156, 50,  49.194,  127
   415.4,0.000157, 50,  49.190,  125
   415.6,0.000150, 50,  49.185,  124
   415.8,0.000148, 50,  49.190,  125
   416.0,0.000151, 50,  49.189,  125
   416.2,0.000145, 50,  49.187,  125
   416.4,0.000142, 50,  49.188,  124
   416.6,0.000146, 50,  49.183,  128
   416.8,0.000139, 50,  49.184,  131
   417.0,0.000139, 50,  49.185,  130
   417.2,0.000146, 50,  49.185,  128
   417.4,0.000137, 50,  49.184,  126
   417.6,0.000137, 50,  49.181,  124
   417.8,0.000140, 50,  49.180,  125
   418.0,0.000134, 50,  49.179,  125
   418.2,0.000134, 50,  49.178,  125
   418.4,0.000140, 50,  49.181,  125
   418.6,0.000137, 50,  49.183,  126
   418.8,0.000134, 50,  49.182,  127
   419.0,0.000138, 50,  49.183,  127
   419.2,0.000134, 50,  49.182,  127
   419.4,0.000131, 50,  49.179,  127
   419.6,0.000135, 50,  49.179,  126
   419.8,0.000128, 50,  49.183,  126
   420.0,0.000128, 50,  49.181,  126
   420.2,0.000129, 50,  49.183,  125
   420.4,0.000123, 50,  49.181,  125
   420.6,0.000125, 50,  49.183,  125
   420.8,0.000129, 50,  49.184,  125
   421.0,0.000123, 50,  49.183,  126
   421.2,0.000125, 50,  49.181,  128
   421.4,0.000129, 50,  49.178,  126
   421.6,0.000129, 50,  49.176,  123
   421.8,0.000123, 50,  49.175,  123
   422.0,0.000127, 50,  49.173,  124
   422.2,0.000124, 50,  49.168,  125
   422.4,0.000127, 50,  49.175,  125
   422.6,0.000127, 50,  49.175,  126
   422.8,0.000127, 50,  49.175,  126
   423.0,0.000120, 50,  49.170,  126
   423.2,0.000120, 50,  49.176,  127
   423.4,0.000124, 50,  49.173,  127
   423.6,0.000117, 50,  49.168,  128
   423.8,0.000120, 50,  49.168,  127
   424.0,0.000124, 50,  49.161,  126
   424.2,0.000117, 50,  49.162,  126
   424.4,0.000127, 50,  49.161,  127
   424.6,0.000131, 50,  49.159,  126
   424.8,0.000124, 50,  49.163,  126
   425.0,0.000133, 50,  49.158,  128
   425.2,0.000133, 50,  49.155,  131
   425.4,0.000127, 50,  49.139,  130
   425.6,0.000136, 50,  49.135,  129
   425.8,0.000136, 50,  49.133,  127
   426.0,0.000129, 50,  49.124,  125
   426.2,0.000139, 50,  49.126,  125
   426.4,0.000136, 50,  49.126,  125
   426.6,0.000129, 50,  49.117,  125
   426.8,0.000139, 50,  49.120,  125
   427.0,0.000136, 50,  49.115,  126
   427.2,0.000129, 50,  49.116,  127
   427.4,0.000132, 50,  49.118,  127
   427.6,0.000129, 50,  49.114,  127
   427.8,0.000125, 50,  49.115,  126
   428.0,0.000125, 50,  49.106,  126
   428.2,0.000132, 50,  49.106,  125
   428.4,0.000128, 50,  49.102,  124
   428.6,0.000132, 50,  49.100,  125
   428.8,0.000139, 50,  49.098,  127
   429.0,0.000135, 50,  49.089,  126
   429.2,0.000142, 50,  49.092,  125
   429.4,0.000144, 50,  49.087,  126
   429.6,0.000143, 50,  49.085,  128
   429.8,0.000143, 50,  49.079,  126
   430.0,0.000146, 50,  49.073,  125
   430.2,0.000139, 50,  49.071,  125
   430.4,0.000145, 50,  49.068,  124
   430.6,0.000139, 50,  49.062,  125
   430.8,0.000146, 50,  49.063,  125
   431.0,0.000149, 50,  49.062,  126
   431.2,0.000146, 50,  49.056,  127
   431.4,0.000149, 50,  49.058,  128
   431.6,0.000142, 50,  49.056,  128
   431.8,0.000142, 50,  49.055,  127
   432.0,0.000146, 50,  49.050,  127
   432.2,0.000137, 50,  49.051,  126
   432.4,0.000134, 50,  49.044,  125
   432.6,0.000135, 50,  49.045,  125
   432.8,0.000125, 50,  49.046,  125
   433.0,0.000123, 50,  49.042,  126
   433.2,0.000124, 50,  49.045,  126
   433.4,0.000115, 50,  49.045,  127
   433.6,0.000115, 50,  49.042,  129
   433.8,0.000116, 50,  49.044,  129
   434.0,0.000109, 50,  49.043,  129
   434.2,0.000106, 50,  49.042,  127
   434.4,0.000113, 50,  49.033,  124
   434.6,0.000106, 50,  49.033,  124
   434.8,0.000101, 50,  49.039,  124
   435.0,0.000102, 50,  49.038,  125
   435.2,0.000095, 50,  49.036,  126
   435.4,0.000092, 50,  49.040,  125
   435.6,0.000096, 50,  49.035,  124
   435.8,0.000088, 50,  49.042,  126
   436.0,0.000093, 50,  49.038,  127
   436.2,0.000102, 50,  49.036,  127
   436.4,0.000093, 50,  49.034,  127
   436.6,0.000096, 50,  49.035,  127
   436.8,0.000094, 50,  49.032,  126
   437.0,0.000091, 50,  49.021,  126
   437.2,0.000100, 50,  49.017,  126
   437.4,0.000094, 50,  49.016,  126
   437.6,0.000088, 50,  49.016,  125
   437.8,0.000091, 50,  49.020,  127
   438.0,0.000091, 50,  49.017,  129
   438.2,0.000087, 50,  49.021,  127
   438.4,0.000089, 50,  49.019,  126
   438.6,0.000099, 50,  49.016,  125
   438.8,0.000095, 50,  49.017,  124
   439.0,0.000095, 50,  49.018,  125
   439.2,0.000095, 50,  49.022,  125
   439.4,0.000098, 50,  49.027,  126
   439.6,0.000098, 50,  49.029,  127
   439.8,0.000100, 50,  49.030,  128
   440.0,0.000100, 50,  49.032,  130
   440.2,0.000099, 50,  49.037,  128
   440.4,0.000109, 50,  49.038,  126
   440.6,0.000109, 50,  49.038,  126
   440.8,0.000105, 50,  49.036,  126
   441.0,0.000111, 50,  49.038,  125
   441.2,0.000106, 50,  49.041,  124
   441.4,0.000099, 50,  49.042,  125
   441.6,0.000106, 50,  49.046,  126
   441.8,0.000103, 50,  49.053,  128
   442.0,0.000096, 50,  49.072,  130
   442.2,0.000106, 50,  49.070,  129
   442.4,0.000109, 50,  49.072,  128
   442.6,0.000102, 50,  49.074,  128
   442.8,0.000105, 50,  49.078,  127
   443.0,0.000105, 50,  49.079,  126
   443.2,0.000101, 50,  49.077,  126
   443.4,0.000101, 50,  49.081,  126
   443.6,0.000107, 50,  49.085,  125
   443.8,0.000103, 50,  49.089,  125
   444.0,0.000101, 50,  49.092,  124
   444.2,0.000107, 50,  49.093,  126
   444.4,0.000103, 50,  49.096,  129
   444.6,0.000106, 50,  49.098,  128
   444.8,0.000118, 50,  49.105,  127
   445.0,0.000112, 50,  49.107,  126
   445.2,0.000112, 50,  49.105,  125
   445.4,0.000116, 50,  49.111,  125
   445.6,0.000112, 50,  49.112,  125
   445.8,0.000109, 50,  49.118,  126
   446.0,0.000113, 50,  49.125,  126
   446.2,0.000109, 50,  49.126,  127
   446.4,0.000113, 50,  49.131,  128
   446.6,0.000120, 50,  49.130,  127
   446.8,0.000116, 50,  49.138,  126
   447.0,0.000116, 50,  49.136,  125
   447.2,0.000118, 50,  49.136,  125
   447.4,0.000112, 50,  49.146,  125
   447.6,0.000118, 50,  49.150,  125
   447.8,0.000125, 50,  49.151,  126
   448.0,0.000132, 50,  49.159,  127
   448.2,0.000125, 50,  49.159,  126
   448.4,0.000135, 50,  49.159,  126
   448.6,0.000128, 50,  49.165,  126
   448.8,0.000124, 50,  49.172,  127
   449.0,0.000133, 50,  49.176,  127
   449.2,0.000133, 50,  49.178,  127
   449.4,0.000127, 50,  49.176,  126
   449.6,0.000136, 50,  49.179,  125
   449.8,0.000136, 50,  49.182,  126
   450.0,0.000132, 50,  49.184,  127
   450.2,0.000132, 50,  49.183,  129
   450.4,0.000132, 50,  49.188,  130
   450.6,0.000128, 50,  49.194,  129
   450.8,0.000125, 50,  49.192,  127
   451.0,0.000132, 50,  49.191,  127
   451.2,0.000128, 50,  49.193,  128
   451.4,0.000131, 50,  49.187,  126
   451.6,0.000140, 50,  49.188,  125
   451.8,0.000137, 50,  49.187,  125
   452.0,0.000137, 50,  49.189,  125
   452.2,0.000137, 50,  49.187,  125
   452.4,0.000137, 50,  49.186,  125
   452.6,0.000143, 50,  49.182,  128
   452.8,0.000154, 50,  49.179,  130
   453.0,0.000153, 50,  49.178,  129
   453.2,0.000153, 50,  49.174,  127
   453.4,0.000153, 50,  49.174,  126
   453.6,0.000149, 50,  49.170,  125
   453.8,0.000151, 50,  49.166,  124
   454.0,0.000151, 50,  49.165,  123
   454.2,0.000148, 50,  49.162,  125
   454.4,0.000150, 50,  49.158,  127
   454.6,0.000156, 50,  49.157,  127
   454.8,0.000159, 50,  49.155,  128
   455.0,0.000156, 50,  49.149,  126
   455.2,0.000156, 50,  49.147,  125
   455.4,0.000152, 50,  49.144,  126
   455.6,0.000149, 50,  49.139,  126
   455.8,0.000146, 50,  49.137,  126
   456.0,0.000142, 50,  49.138,  125
   456.2,0.000133, 50,  49.137,  127
   456.4,0.000137, 50,  49.134,  128
   456.6,0.000137, 50,  49.135,  126
   456.8,0.000127, 50,  49.134,  125
   457.0,0.000131, 50,  49.136,  127
   457.2,0.000129, 50,  49.133,  129
   457.4,0.000126, 50,  49.127,  127
   457.6,0.000133, 50,  49.132,  126
   457.8,0.000130, 50,  49.127,  126
   458.0,0.000130, 50,  49.126,  125
   458.2,0.000130, 50,  49.123,  126
   458.4,0.000130, 50,  49.125,  126
   458.6,0.000130, 50,  49.125,  128
   458.8,0.000127, 50,  49.129,  131
   459.0,0.000124, 50,  49.129,  128
   459.2,0.000127, 50,  49.129,  125
   459.4,0.000122, 50,  49.125,  126
   459.6,0.000119, 50,  49.124,  127
   459.8,0.000119, 50,  49.121,  126
   460.0,0.000116, 50,  49.122,  124
   460.2,0.000111, 50,  49.126,  124
   460.4,0.000115, 50,  49.125,  124
   460.6,0.000112, 50,  49.126,  124
   460.8,0.000106, 50,  49.126,  124
   461.0,0.000113, 50,  49.125,  126
   461.2,0.000107, 50,  49.132,  127
   461.4,0.000107, 50,  49.133,  128
   461.6,0.000103, 50,  49.127,  129
   461.8,0.000101, 50,  49.129,  127
