Run Name,Group830%3
Run Date,06:12:52 PM   02-24-11
Method Name,25%B-Isocrat
Export Format Version, 1.00
Method ID, 1232
Points/Second, 1.00
Number of Records,   1731
Offset from Run Start Time,00:00:00
Run End Time,00:28:53
Time,Second
QuadTec 1, (280.0 nm), AU
QuadTec 2, (260.0 nm), AU
Gradient Pump,<Not Selected>
QuadTec 3, (214.0 nm), AU
QuadTec 4, (405.0 nm), AU
Conductivity,mS/cm
Trace 6,<Not Available>
GP Pressure,<Not Selected>
Volume,<Not Selected>
Fraction,<Not Available>
Time,QuadTec 1,QuadTec 2,QuadTec 3,QuadTec 4,Conductivity
     0.0,-0.000082,-0.000315,-0.006807,0.000000,  31.635
     1.0,-0.000079,-0.000325,0.000000,0.000000,  31.628
     2.0,-0.000079,-0.000318,0.000000,0.000000,  31.631
     3.0,-0.000418,-0.000315,0.000000,0.000000,  31.632
     4.0,0.000000,-0.000316,0.000000,0.000000,  31.631
     5.0,0.000000,0.000000,-0.000060,-0.000022,  31.629
     6.0,0.000000,0.000000,-0.000310,-0.000053,  31.630
     7.0,0.000000,0.000000,-0.000515,-0.000018,  31.624
     8.0,0.000016,0.000000,-0.000330,-0.000053,  31.625
     9.0,0.000028,0.000028,-0.000313,-0.000094,  31.615
    10.0,0.000022,0.000033,-0.000414,-0.000080,  31.619
    11.0,0.000023,0.000036,-0.000412,-0.000067,  31.620
    12.0,-0.000004,0.000037,-0.000210,-0.000040,  31.622
    13.0,-0.000001,0.000038,-0.000438,-0.000053,  31.616
    14.0,0.000018,0.000026,-0.000436,-0.000053,  31.614
    15.0,0.000023,0.000021,-0.000233,-0.000053,  31.615
    16.0,0.000015,0.000032,-0.000237,-0.000075,  31.615
    17.0,0.000023,0.000027,-0.000330,-0.000075,  31.617
    18.0,0.000010,0.000033,-0.000349,-0.000075,  31.619
    19.0,0.000008,0.000039,-0.000325,-0.000098,  31.621
    20.0,0.000016,0.000038,-0.000410,-0.000062,  31.617
    21.0,0.000007,0.000033,-0.000269,-0.000089,  31.621
    22.0,0.000016,0.000032,-0.000380,-0.000098,  31.619
    23.0,0.000016,0.000036,-0.000456,-0.000062,  31.628
    24.0,0.000003,0.000031,-0.000438,-0.000089,  31.635
    25.0,0.000020,0.000027,-0.000425,-0.000133,  31.631
    26.0,0.000023,0.000020,-0.000294,-0.000098,  31.632
    27.0,0.000031,0.000030,-0.000331,-0.000098,  31.630
    28.0,0.000034,0.000042,-0.000273,-0.000133,  31.629
    29.0,-0.000003,0.000045,-0.000322,-0.000111,  31.634
    30.0,0.000017,0.000053,-0.000760,-0.000098,  31.633
    31.0,0.000023,0.000037,-0.000577,-0.000111,  31.632
    32.0,0.000029,0.000030,-0.000317,-0.000138,  31.634
    33.0,0.000021,0.000036,-0.000260,-0.000147,  31.628
    34.0,0.000015,0.000045,-0.000387,-0.000098,  31.630
    35.0,0.000006,0.000059,-0.000779,-0.000098,  31.618
    36.0,0.000010,0.000050,-0.000447,-0.000133,  31.614
    37.0,0.000018,0.000030,-0.000746,-0.000125,  31.610
    38.0,0.000036,0.000026,-0.000686,-0.000133,  31.613
    39.0,0.000029,0.000041,-0.000632,-0.000098,  31.611
    40.0,0.000029,0.000044,-0.000686,-0.000098,  31.612
    41.0,0.000019,0.000044,-0.000451,-0.000133,  31.615
    42.0,0.000019,0.000042,-0.001650,-0.000133,  31.610
    43.0,0.000033,0.000030,-0.001211,-0.000169,  31.609
    44.0,0.000031,0.000035,-0.000587,-0.000142,  31.606
    45.0,0.000029,0.000036,-0.001137,-0.000107,  31.607
    46.0,0.000030,0.000041,-0.001080,-0.000093,  31.607
    47.0,0.000019,0.000043,-0.000758,-0.000107,  31.607
    48.0,0.000038,0.000050,-0.000527,-0.000129,  31.611
    49.0,0.000037,0.000037,-0.000597,-0.000156,  31.611
    50.0,0.000034,0.000047,-0.000834,-0.000120,  31.606
    51.0,0.000035,0.000056,-0.000491,-0.000129,  31.607
    52.0,0.000016,0.000055,-0.000468,-0.000142,  31.603
    53.0,0.000030,0.000050,-0.000514,-0.000093,  31.604
    54.0,0.000042,0.000041,-0.000842,-0.000142,  31.597
    55.0,0.000044,0.000049,-0.000516,-0.000107,  31.598
    56.0,0.000029,0.000053,-0.000459,-0.000120,  31.595
    57.0,0.000023,0.000053,-0.000493,-0.000107,  31.592
    58.0,0.000015,0.000052,-0.000456,-0.000107,  31.595
    59.0,0.000025,0.000041,-0.000656,-0.000129,  31.593
    60.0,0.000051,0.000029,-0.000627,-0.000133,  31.586
    61.0,0.000045,0.000035,-0.000499,-0.000142,  31.588
    62.0,0.000045,0.000055,-0.001430,-0.000164,  31.587
    63.0,0.000034,0.000049,-0.001171,-0.000129,  31.586
    64.0,0.000038,0.000054,-0.000798,-0.000129,  31.586
    65.0,0.000051,0.000060,-0.000595,-0.000178,  31.583
    66.0,0.000045,0.000056,-0.000387,-0.000156,  31.585
    67.0,0.000051,0.000054,-0.000342,-0.000129,  31.587
    68.0,0.000045,0.000059,-0.001416,-0.000142,  31.589
    69.0,0.000036,0.000064,-0.001312,-0.000129,  31.595
    70.0,0.000038,0.000067,-0.000858,-0.000178,  31.589
    71.0,0.000044,0.000061,-0.001042,-0.000120,  31.587
    72.0,0.000039,0.000058,-0.000641,-0.000142,  31.589
    73.0,0.000038,0.000049,-0.000586,-0.000142,  31.591
    74.0,0.000044,0.000054,-0.000572,-0.000107,  31.594
    75.0,0.000028,0.000053,-0.000709,-0.000093,  31.594
    76.0,0.000027,0.000046,-0.000984,-0.000093,  31.591
    77.0,0.000036,0.000041,-0.000618,-0.000115,  31.589
    78.0,0.000034,0.000047,-0.000342,-0.000142,  31.595
    79.0,0.000040,0.000054,-0.000134,-0.000107,  31.596
    80.0,0.000023,0.000059,-0.000434,-0.000093,  31.593
    81.0,0.000030,0.000064,-0.000463,-0.000129,  31.593
    82.0,0.000049,0.000060,-0.000550,-0.000093,  31.594
    83.0,0.000049,0.000055,-0.000384,-0.000156,  31.595
    84.0,0.000046,0.000052,-0.000578,-0.000107,  31.595
    85.0,0.000047,0.000053,-0.001002,-0.000115,  31.602
    86.0,0.000030,0.000064,-0.000494,-0.000115,  31.596
    87.0,0.000038,0.000059,-0.000623,-0.000080,  31.596
    88.0,0.000046,0.000056,-0.000020,-0.000142,  31.602
    89.0,0.000059,0.000052,0.000411,-0.000107,  31.604
    90.0,0.000069,0.000064,0.000742,-0.000129,  31.604
    91.0,0.000090,0.000070,0.001284,-0.000129,  31.610
    92.0,0.000094,0.000086,0.002099,-0.000102,  31.608
    93.0,0.000147,0.000099,0.003032,-0.000102,  31.611
    94.0,0.000212,0.000102,0.004459,-0.000151,  31.611
    95.0,0.000284,0.000132,0.006007,-0.000102,  31.614
    96.0,0.000384,0.000165,0.007726,-0.000088,  31.614
    97.0,0.000491,0.000213,0.008565,-0.000102,  31.616
    98.0,0.000600,0.000265,0.012043,-0.000102,  31.616
    99.0,0.000779,0.000333,0.015192,-0.000138,  31.616
   100.0,0.000982,0.000395,0.019015,-0.000115,  31.622
   101.0,0.001232,0.000512,0.022840,-0.000102,  31.614
   102.0,0.001490,0.000635,0.027382,-0.000138,  31.623
   103.0,0.001765,0.000738,0.030820,-0.000138,  31.626
   104.0,0.002080,0.000880,0.036532,-0.000124,  31.628
   105.0,0.002534,0.001046,0.043283,-0.000088,  31.629
   106.0,0.003067,0.001256,0.049441,-0.000102,  31.634
   107.0,0.003613,0.001515,0.057505,-0.000111,  31.639
   108.0,0.004212,0.001804,0.066676,-0.000075,  31.640
   109.0,0.004840,0.002137,0.076291,-0.000048,  31.629
   110.0,0.005594,0.002411,0.085537,-0.000061,  31.623
   111.0,0.006409,0.002771,0.095818,-0.000075,  31.625
   112.0,0.007423,0.003224,0.107299,-0.000061,  31.622
   113.0,0.008478,0.003748,0.121543,0.000001,  31.619
   114.0,0.009632,0.004320,0.136567,-0.000008,  31.620
   115.0,0.010819,0.004940,0.151949,-0.000016,  31.614
   116.0,0.012339,0.005594,0.168202,0.000019,  31.610
   117.0,0.013871,0.006127,0.183341,0.000033,  31.609
   118.0,0.015176,0.007012,0.198269,0.000033,  31.605
   119.0,0.016927,0.007880,0.218130,0.000060,  31.602
   120.0,0.018673,0.008863,0.238193,0.000064,  31.598
   121.0,0.020569,0.009874,0.258530,0.000114,  31.595
   122.0,0.022680,0.010828,0.279509,0.000141,  31.598
   123.0,0.024871,0.011990,0.299821,0.000105,  31.596
   124.0,0.027154,0.012976,0.322796,0.000159,  31.586
   125.0,0.029002,0.014295,0.339697,0.000199,  31.583
   126.0,0.031049,0.015619,0.362359,0.000262,  31.563
   127.0,0.033633,0.016950,0.387094,0.000302,  31.552
   128.0,0.036286,0.018157,0.411342,0.000320,  31.537
   129.0,0.038999,0.019652,0.433009,0.000370,  31.524
   130.0,0.041537,0.021217,0.459502,0.000423,  31.493
   131.0,0.043994,0.022766,0.482840,0.000464,  31.477
   132.0,0.046543,0.023976,0.507423,0.000527,  31.446
   133.0,0.049153,0.025481,0.527402,0.000545,  31.419
   134.0,0.051832,0.026935,0.550574,0.000518,  31.379
   135.0,0.054667,0.028689,0.574916,0.000558,  31.345
   136.0,0.057273,0.030350,0.600743,0.000577,  31.297
   137.0,0.059896,0.031973,0.626406,0.000612,  31.251
   138.0,0.062648,0.033548,0.651135,0.000639,  31.205
   139.0,0.065615,0.035014,0.676327,0.000639,  31.153
   140.0,0.067896,0.036367,0.691683,0.000626,  31.096
   141.0,0.070844,0.038117,0.721566,0.000603,  31.033
   142.0,0.073704,0.039700,0.752105,0.000612,  30.962
   143.0,0.076177,0.041482,0.780374,0.000599,  30.881
   144.0,0.079468,0.043139,0.811478,0.000523,  30.785
   145.0,0.082634,0.044532,0.842328,0.000477,  30.681
   146.0,0.085981,0.046168,0.872719,0.000410,  30.563
   147.0,0.088723,0.047871,0.909829,0.000356,  30.428
   148.0,0.092297,0.049805,0.949097,0.000329,  30.286
   149.0,0.095698,0.051694,0.993205,0.000226,  30.111
   150.0,0.100459,0.053586,1.045752,0.000167,  29.929
   151.0,0.105341,0.055489,1.102330,0.000087,  29.723
   152.0,0.110991,0.058157,1.163858,-0.000070,  29.509
   153.0,0.116967,0.060835,1.237885,-0.000102,  29.264
   154.0,0.123080,0.063293,1.315195,-0.000169,  29.024
   155.0,0.129117,0.066502,1.387028,-0.000223,  28.768
   156.0,0.138107,0.069943,1.484388,-0.000250,  28.515
   157.0,0.148059,0.073850,1.580744,-0.000286,  28.267
   158.0,0.158962,0.078647,1.681894,-0.000290,  28.051
   159.0,0.170504,0.083987,1.782594,-0.000277,  27.847
   160.0,0.182448,0.089879,1.878928,-0.000223,  27.694
   161.0,0.194497,0.094883,1.961102,-0.000183,  27.573
   162.0,0.204876,0.101376,2.029083,-0.000138,  27.499
   163.0,0.217640,0.107988,2.093947,-0.000021,  27.487
   164.0,0.229550,0.114932,2.153799,0.000046,  27.515
   165.0,0.240517,0.121774,2.198956,0.000091,  27.588
   166.0,0.250115,0.128208,2.234988,0.000208,  27.708
   167.0,0.258497,0.134140,2.262709,0.000275,  27.858
   168.0,0.265209,0.138247,2.280247,0.000311,  28.051
   169.0,0.270424,0.143029,2.293589,0.000383,  28.268
   170.0,0.275058,0.147021,2.300998,0.000401,  28.490
   171.0,0.278522,0.150298,2.306049,0.000450,  28.730
   172.0,0.280818,0.152714,2.307276,0.000477,  28.965
   173.0,0.281971,0.154491,2.303493,0.000428,  29.202
   174.0,0.282288,0.155679,2.297255,0.000477,  29.434
   175.0,0.281746,0.156239,2.289837,0.000477,  29.652
   176.0,0.280748,0.156369,2.280237,0.000477,  29.846
   177.0,0.279622,0.156127,2.268626,0.000477,  30.025
   178.0,0.277428,0.155560,2.254818,0.000442,  30.190
   179.0,0.274729,0.154734,2.240396,0.000477,  30.324
   180.0,0.271592,0.153510,2.222301,0.000477,  30.446
   181.0,0.268342,0.151961,2.204845,0.000428,  30.542
   182.0,0.264909,0.150256,2.186200,0.000464,  30.642
   183.0,0.261334,0.148788,2.165606,0.000477,  30.710
   184.0,0.258143,0.146818,2.145223,0.000477,  30.761
   185.0,0.253873,0.144788,2.125402,0.000464,  30.810
   186.0,0.249576,0.142514,2.101848,0.000415,  30.847
   187.0,0.245325,0.140228,2.078757,0.000450,  30.867
   188.0,0.240936,0.137878,2.055430,0.000450,  30.892
   189.0,0.236774,0.135499,2.030454,0.000415,  30.903
   190.0,0.232271,0.133534,2.004958,0.000415,  30.915
   191.0,0.228369,0.131221,1.986410,0.000388,  30.919
   192.0,0.224131,0.128691,1.960535,0.000437,  30.931
   193.0,0.219649,0.126152,1.934480,0.000437,  30.935
   194.0,0.215364,0.123595,1.907959,0.000401,  30.929
   195.0,0.211045,0.121126,1.881856,0.000423,  30.923
   196.0,0.206518,0.118861,1.855132,0.000423,  30.920
   197.0,0.202002,0.116495,1.829757,0.000410,  30.902
   198.0,0.198471,0.114313,1.809966,0.000410,  30.901
   199.0,0.194228,0.111776,1.784861,0.000401,  30.893
   200.0,0.190363,0.109324,1.760042,0.000374,  30.886
   201.0,0.185946,0.106970,1.735741,0.000339,  30.878
   202.0,0.181732,0.104851,1.710647,0.000352,  30.861
   203.0,0.177612,0.102398,1.687219,0.000361,  30.853
   204.0,0.173612,0.100330,1.664638,0.000325,  30.847
   205.0,0.170187,0.098188,1.644589,0.000383,  30.842
   206.0,0.167021,0.095955,1.624123,0.000383,  30.832
   207.0,0.163240,0.093817,1.601804,0.000347,  30.819
   208.0,0.159475,0.091738,1.580769,0.000370,  30.812
   209.0,0.155798,0.089682,1.558613,0.000370,  30.801
   210.0,0.152319,0.087625,1.537936,0.000320,  30.790
   211.0,0.148899,0.085662,1.519998,0.000356,  30.779
   212.0,0.146104,0.084083,1.501775,0.000370,  30.772
   213.0,0.143126,0.082139,1.487437,0.000370,  30.759
   214.0,0.139926,0.080379,1.470630,0.000343,  30.740
   215.0,0.136906,0.078586,1.452887,0.000307,  30.733
   216.0,0.133940,0.076817,1.436665,0.000329,  30.729
   217.0,0.131174,0.075129,1.420434,0.000329,  30.715
   218.0,0.128344,0.073482,1.405042,0.000293,  30.689
   219.0,0.125605,0.072001,1.389782,0.000307,  30.678
   220.0,0.123286,0.070692,1.375704,0.000280,  30.670
   221.0,0.120926,0.069138,1.365817,0.000329,  30.655
   222.0,0.118495,0.067652,1.352980,0.000356,  30.647
   223.0,0.116191,0.066242,1.340700,0.000298,  30.630
   224.0,0.113885,0.064903,1.329044,0.000334,  30.624
   225.0,0.111598,0.063642,1.316942,0.000298,  30.607
   226.0,0.109450,0.062350,1.305989,0.000293,  30.604
   227.0,0.107429,0.061335,1.297094,0.000316,  30.600
   228.0,0.105947,0.060107,1.288548,0.000293,  30.598
   229.0,0.104015,0.058955,1.279304,0.000343,  30.593
   230.0,0.102098,0.057858,1.270962,0.000329,  30.593
   231.0,0.100265,0.056782,1.261539,0.000307,  30.585
   232.0,0.098520,0.055734,1.254000,0.000343,  30.574
   233.0,0.096867,0.054718,1.246219,0.000356,  30.574
   234.0,0.095379,0.053961,1.239516,0.000343,  30.561
   235.0,0.094035,0.053032,1.233052,0.000343,  30.556
   236.0,0.092544,0.052093,1.226461,0.000293,  30.544
   237.0,0.091087,0.051252,1.219636,0.000302,  30.542
   238.0,0.089743,0.050426,1.214024,0.000316,  30.531
   239.0,0.088410,0.049635,1.208805,0.000280,  30.522
   240.0,0.087186,0.048898,1.203659,0.000316,  30.514
   241.0,0.085987,0.048304,1.197677,0.000343,  30.496
   242.0,0.085086,0.047588,1.191420,0.000329,  30.497
   243.0,0.083946,0.046920,1.188594,0.000329,  30.485
   244.0,0.082863,0.046264,1.184763,0.000266,  30.469
   245.0,0.081849,0.045616,1.180750,0.000316,  30.464
   246.0,0.080883,0.045033,1.176633,0.000316,  30.458
   247.0,0.079936,0.044491,1.172947,0.000316,  30.449
   248.0,0.078997,0.044037,1.167371,0.000329,  30.446
   249.0,0.078287,0.043499,1.163587,0.000280,  30.442
   250.0,0.077451,0.042965,1.161605,0.000302,  30.438
   251.0,0.076688,0.042467,1.159219,0.000316,  30.438
   252.0,0.075870,0.041995,1.155911,0.000280,  30.422
   253.0,0.075107,0.041592,1.152487,0.000329,  30.413
   254.0,0.074388,0.041139,1.149331,0.000329,  30.404
   255.0,0.073682,0.040803,1.146449,0.000316,  30.394
   256.0,0.073153,0.040378,1.144653,0.000316,  30.382
   257.0,0.072541,0.039983,1.141552,0.000280,  30.368
   258.0,0.071919,0.039599,1.138544,0.000316,  30.359
   259.0,0.071290,0.039220,1.135868,0.000316,  30.349
   260.0,0.070682,0.038889,1.132863,0.000280,  30.349
   261.0,0.070126,0.038558,1.130465,0.000302,  30.339
   262.0,0.069567,0.038260,1.124417,0.000329,  30.334
   263.0,0.069171,0.037980,1.123930,0.000289,  30.315
   264.0,0.068668,0.037676,1.122027,0.000302,  30.309
   265.0,0.068176,0.037392,1.119800,0.000280,  30.306
   266.0,0.067711,0.037104,1.116403,0.000275,  30.298
   267.0,0.067244,0.036833,1.113616,0.000289,  30.294
   268.0,0.066780,0.036574,1.110694,0.000266,  30.289
   269.0,0.066365,0.036373,1.108407,0.000266,  30.289
   270.0,0.065987,0.036109,1.105466,0.000266,  30.276
   271.0,0.065582,0.035872,1.102906,0.000253,  30.273
   272.0,0.065183,0.035636,1.099733,0.000217,  30.259
   273.0,0.064788,0.035397,1.097510,0.000231,  30.248
   274.0,0.064414,0.035177,1.094201,0.000275,  30.232
   275.0,0.064031,0.034962,1.090496,0.000253,  30.226
   276.0,0.063649,0.034795,1.087230,0.000231,  30.216
   277.0,0.063336,0.034583,1.083060,0.000266,  30.212
   278.0,0.062979,0.034372,1.079242,0.000231,  30.205
   279.0,0.062648,0.034164,1.077590,0.000266,  30.193
   280.0,0.062327,0.033973,1.074848,0.000217,  30.183
   281.0,0.061983,0.033777,1.070894,0.000231,  30.171
   282.0,0.061623,0.033579,1.067624,0.000266,  30.165
   283.0,0.061267,0.033404,1.063652,0.000280,  30.160
   284.0,0.060929,0.033252,1.060024,0.000302,  30.150
   285.0,0.060657,0.033059,1.056030,0.000302,  30.143
   286.0,0.060335,0.032888,1.052591,0.000266,  30.132
   287.0,0.060003,0.032693,1.049029,0.000253,  30.122
   288.0,0.059681,0.032530,1.046050,0.000217,  30.115
   289.0,0.059368,0.032354,1.040956,0.000217,  30.111
   290.0,0.059050,0.032185,1.036920,0.000240,  30.107
   291.0,0.058737,0.032025,1.032223,0.000204,  30.098
   292.0,0.058461,0.031886,1.027655,0.000226,  30.086
   293.0,0.058182,0.031711,1.024282,0.000217,  30.081
   294.0,0.057846,0.031540,1.020159,0.000204,  30.078
   295.0,0.057541,0.031371,1.015729,0.000226,  30.072
   296.0,0.057238,0.031190,1.010998,0.000204,  30.067
   297.0,0.056948,0.031028,1.006577,0.000217,  30.057
   298.0,0.056634,0.030880,1.001692,0.000240,  30.042
   299.0,0.056305,0.030751,0.996659,0.000240,  30.041
   300.0,0.056051,0.030592,0.992508,0.000240,  30.027
   301.0,0.055738,0.030415,0.987423,0.000217,  30.029
   302.0,0.055442,0.030253,0.980588,0.000231,  30.023
   303.0,0.055132,0.030082,0.976881,0.000275,  30.013
   304.0,0.054805,0.029942,0.971837,0.000262,  30.009
   305.0,0.054484,0.029757,0.966901,0.000213,  29.996
   306.0,0.054157,0.029621,0.962069,0.000213,  29.993
   307.0,0.053904,0.029445,0.957321,0.000213,  29.986
   308.0,0.053622,0.029271,0.951981,0.000221,  29.976
   309.0,0.053302,0.029120,0.945357,0.000235,  29.976
   310.0,0.052982,0.028942,0.939082,0.000199,  29.970
   311.0,0.052612,0.028775,0.934921,0.000235,  29.964
   312.0,0.052313,0.028621,0.929022,0.000262,  29.946
   313.0,0.052002,0.028475,0.923358,0.000248,  29.939
   314.0,0.051757,0.028324,0.918913,0.000262,  29.940
   315.0,0.051450,0.028157,0.913106,0.000213,  29.933
   316.0,0.051134,0.028003,0.907826,0.000213,  29.921
   317.0,0.050807,0.027837,0.901731,0.000177,  29.918
   318.0,0.050485,0.027676,0.894613,0.000199,  29.909
   319.0,0.050185,0.027502,0.888906,0.000235,  29.898
   320.0,0.049864,0.027360,0.882983,0.000226,  29.892
   321.0,0.049596,0.027210,0.878204,0.000226,  29.883
   322.0,0.049267,0.027042,0.871937,0.000190,  29.877
   323.0,0.048953,0.026880,0.866167,0.000177,  29.866
   324.0,0.048630,0.026705,0.859674,0.000199,  29.856
   325.0,0.048343,0.026547,0.852604,0.000163,  29.850
   326.0,0.048003,0.026379,0.847154,0.000177,  29.847
   327.0,0.047681,0.026247,0.841170,0.000199,  29.843
   328.0,0.047377,0.026090,0.835489,0.000199,  29.835
   329.0,0.047079,0.025918,0.830268,0.000199,  29.830
   330.0,0.046766,0.025740,0.823964,0.000199,  29.830
   331.0,0.046506,0.025574,0.818086,0.000172,  29.824
   332.0,0.046168,0.025413,0.811226,0.000208,  29.815
   333.0,0.045830,0.025239,0.805215,0.000235,  29.807
   334.0,0.045471,0.025079,0.798942,0.000186,  29.806
   335.0,0.045172,0.024949,0.792256,0.000199,  29.804
   336.0,0.044901,0.024776,0.787224,0.000186,  29.798
   337.0,0.044584,0.024617,0.780929,0.000221,  29.793
   338.0,0.044273,0.024451,0.773240,0.000235,  29.787
   339.0,0.043951,0.024279,0.769635,0.000145,  29.777
   340.0,0.043641,0.024118,0.762695,0.000194,  29.771
   341.0,0.043327,0.023960,0.755926,0.000235,  29.755
   342.0,0.043017,0.023807,0.749067,0.000221,  29.745
   343.0,0.042731,0.023675,0.743351,0.000208,  29.738
   344.0,0.042494,0.023520,0.737707,0.000186,  29.722
   345.0,0.042165,0.023353,0.731758,0.000221,  29.717
   346.0,0.041846,0.023203,0.725515,0.000163,  29.712
   347.0,0.041543,0.023026,0.719091,0.000163,  29.702
   348.0,0.041266,0.022884,0.712834,0.000199,  29.700
   349.0,0.040957,0.022743,0.706084,0.000150,  29.692
   350.0,0.040657,0.022643,0.699617,0.000199,  29.691
   351.0,0.040384,0.022467,0.694941,0.000163,  29.679
   352.0,0.040078,0.022307,0.689035,0.000150,  29.674
   353.0,0.039788,0.022142,0.682637,0.000172,  29.664
   354.0,0.039506,0.021993,0.676544,0.000136,  29.657
   355.0,0.039202,0.021839,0.670446,0.000136,  29.655
   356.0,0.038906,0.021689,0.664790,0.000186,  29.652
   357.0,0.038642,0.021560,0.659956,0.000136,  29.652
   358.0,0.038378,0.021415,0.652661,0.000181,  29.645
   359.0,0.038100,0.021259,0.646712,0.000221,  29.641
   360.0,0.037814,0.021120,0.641442,0.000150,  29.639
   361.0,0.037531,0.020959,0.635630,0.000194,  29.629
   362.0,0.037239,0.020817,0.630287,0.000194,  29.626
   363.0,0.036947,0.020685,0.624041,0.000194,  29.621
   364.0,0.036741,0.020558,0.616796,0.000194,  29.615
   365.0,0.036449,0.020424,0.612517,0.000159,  29.616
   366.0,0.036193,0.020280,0.607177,0.000208,  29.609
   367.0,0.035930,0.020138,0.601578,0.000194,  29.600
   368.0,0.035651,0.020005,0.596305,0.000159,  29.589
   369.0,0.035392,0.019869,0.590601,0.000181,  29.587
   370.0,0.035115,0.019745,0.584598,0.000123,  29.583
   371.0,0.034885,0.019619,0.579013,0.000145,  29.585
   372.0,0.034662,0.019497,0.574723,0.000123,  29.576
   373.0,0.034400,0.019369,0.569102,0.000123,  29.569
   374.0,0.034144,0.019245,0.563827,0.000132,  29.566
   375.0,0.033903,0.019114,0.557736,0.000110,  29.563
   376.0,0.033667,0.018983,0.552684,0.000123,  29.558
   377.0,0.033432,0.018860,0.547046,0.000159,  29.542
   378.0,0.033199,0.018757,0.540892,0.000123,  29.535
   379.0,0.033003,0.018637,0.537496,0.000172,  29.528
   380.0,0.032759,0.018520,0.532843,0.000110,  29.530
   381.0,0.032520,0.018408,0.527663,0.000123,  29.525
   382.0,0.032311,0.018287,0.522935,0.000159,  29.521
   383.0,0.032075,0.018178,0.517509,0.000123,  29.511
   384.0,0.031843,0.018045,0.512251,0.000123,  29.500
   385.0,0.031614,0.017933,0.506414,0.000159,  29.491
   386.0,0.031422,0.017854,0.502032,0.000159,  29.485
   387.0,0.031215,0.017737,0.498188,0.000159,  29.484
   388.0,0.030975,0.017627,0.493207,0.000123,  29.477
   389.0,0.030766,0.017511,0.486857,0.000123,  29.471
   390.0,0.030565,0.017397,0.483539,0.000145,  29.465
   391.0,0.030362,0.017294,0.478938,0.000123,  29.461
   392.0,0.030138,0.017192,0.473927,0.000123,  29.454
   393.0,0.029938,0.017111,0.468827,0.000159,  29.454
   394.0,0.029771,0.017015,0.465394,0.000123,  29.444
   395.0,0.029588,0.016910,0.460596,0.000159,  29.439
   396.0,0.029391,0.016804,0.456293,0.000096,  29.437
   397.0,0.029207,0.016710,0.452938,0.000110,  29.430
   398.0,0.029010,0.016610,0.448222,0.000167,  29.422
   399.0,0.028812,0.016528,0.443709,0.000167,  29.423
   400.0,0.028623,0.016434,0.439031,0.000145,  29.410
   401.0,0.028460,0.016362,0.435017,0.000132,  29.399
   402.0,0.028310,0.016260,0.431838,0.000159,  29.394
   403.0,0.028135,0.016187,0.427480,0.000194,  29.388
   404.0,0.027959,0.016101,0.423213,0.000159,  29.383
   405.0,0.027790,0.016006,0.418538,0.000123,  29.384
   406.0,0.027621,0.015908,0.415134,0.000159,  29.376
   407.0,0.027457,0.015809,0.411334,0.000110,  29.367
   408.0,0.027297,0.015751,0.407650,0.000118,  29.360
   409.0,0.027159,0.015689,0.404547,0.000132,  29.351
   410.0,0.026984,0.015610,0.400521,0.000145,  29.348
   411.0,0.026810,0.015531,0.396600,0.000132,  29.340
   412.0,0.026685,0.015447,0.392781,0.000096,  29.338
   413.0,0.026536,0.015359,0.389573,0.000096,  29.333
   414.0,0.026407,0.015293,0.385789,0.000132,  29.333
   415.0,0.026258,0.015242,0.382284,0.000132,  29.327
   416.0,0.026130,0.015191,0.379187,0.000132,  29.324
   417.0,0.025996,0.015121,0.375547,0.000096,  29.314
   418.0,0.025863,0.015048,0.372054,0.000096,  29.308
   419.0,0.025720,0.014979,0.368807,0.000118,  29.299
   420.0,0.025590,0.014923,0.365382,0.000110,  29.293
   421.0,0.025461,0.014851,0.361223,0.000123,  29.286
   422.0,0.025315,0.014802,0.357597,0.000145,  29.282
   423.0,0.025238,0.014741,0.355502,0.000123,  29.276
   424.0,0.025130,0.014686,0.352661,0.000145,  29.272
   425.0,0.025018,0.014633,0.349528,0.000123,  29.271
   426.0,0.024910,0.014584,0.345961,0.000123,  29.269
   427.0,0.024794,0.014550,0.343366,0.000159,  29.270
   428.0,0.024681,0.014504,0.340690,0.000123,  29.264
   429.0,0.024591,0.014454,0.337657,0.000159,  29.257
   430.0,0.024522,0.014401,0.335179,0.000159,  29.256
   431.0,0.024422,0.014375,0.332855,0.000123,  29.247
   432.0,0.024305,0.014344,0.330040,0.000181,  29.246
   433.0,0.024190,0.014294,0.327125,0.000194,  29.241
   434.0,0.024080,0.014229,0.324122,0.000145,  29.229
   435.0,0.024003,0.014174,0.321471,0.000167,  29.229
   436.0,0.023918,0.014126,0.319125,0.000167,  29.228
   437.0,0.023813,0.014085,0.316588,0.000154,  29.221
   438.0,0.023749,0.014048,0.313581,0.000167,  29.217
   439.0,0.023630,0.014007,0.311351,0.000110,  29.215
   440.0,0.023559,0.013953,0.308977,0.000118,  29.214
   441.0,0.023488,0.013909,0.306621,0.000118,  29.212
   442.0,0.023416,0.013885,0.304316,0.000118,  29.205
   443.0,0.023342,0.013860,0.301582,0.000141,  29.208
   444.0,0.023282,0.013816,0.299448,0.000154,  29.209
   445.0,0.023172,0.013798,0.297669,0.000132,  29.208
   446.0,0.023137,0.013767,0.295535,0.000167,  29.205
   447.0,0.023071,0.013703,0.293162,0.000132,  29.190
   448.0,0.023017,0.013704,0.290723,0.000141,  29.190
   449.0,0.022966,0.013682,0.288838,0.000154,  29.188
   450.0,0.022876,0.013673,0.286782,0.000132,  29.187
   451.0,0.022830,0.013651,0.284626,0.000105,  29.184
   452.0,0.022795,0.013628,0.282175,0.000096,  29.179
   453.0,0.022748,0.013591,0.280570,0.000118,  29.176
   454.0,0.022710,0.013581,0.278973,0.000118,  29.176
   455.0,0.022649,0.013579,0.277166,0.000118,  29.175
   456.0,0.022587,0.013562,0.275224,0.000141,  29.169
   457.0,0.022540,0.013537,0.273255,0.000154,  29.169
   458.0,0.022496,0.013500,0.271514,0.000154,  29.165
   459.0,0.022483,0.013487,0.269784,0.000167,  29.162
   460.0,0.022419,0.013474,0.267022,0.000132,  29.158
   461.0,0.022362,0.013461,0.265876,0.000141,  29.152
   462.0,0.022278,0.013440,0.264078,0.000141,  29.142
   463.0,0.022261,0.013420,0.262842,0.000118,  29.137
   464.0,0.022250,0.013379,0.261306,0.000127,  29.139
   465.0,0.022226,0.013386,0.259523,0.000141,  29.129
   466.0,0.022195,0.013386,0.257709,0.000127,  29.128
   467.0,0.022157,0.013375,0.256571,0.000141,  29.127
   468.0,0.022088,0.013375,0.254964,0.000083,  29.127
   469.0,0.022077,0.013362,0.252672,0.000105,  29.121
   470.0,0.022030,0.013332,0.251730,0.000069,  29.119
   471.0,0.022021,0.013332,0.250506,0.000083,  29.112
   472.0,0.022009,0.013313,0.249326,0.000105,  29.104
   473.0,0.021957,0.013325,0.248110,0.000083,  29.105
   474.0,0.021930,0.013318,0.246583,0.000105,  29.096
   475.0,0.021933,0.013306,0.245402,0.000069,  29.096
   476.0,0.021922,0.013294,0.243861,0.000056,  29.095
   477.0,0.021911,0.013311,0.242680,0.000091,  29.091
   478.0,0.021885,0.013335,0.241456,0.000069,  29.083
   479.0,0.021822,0.013323,0.239456,0.000091,  29.079
   480.0,0.021834,0.013314,0.238930,0.000069,  29.075
   481.0,0.021822,0.013287,0.237870,0.000056,  29.067
   482.0,0.021844,0.013297,0.236874,0.000136,  29.069
   483.0,0.021814,0.013300,0.235414,0.000114,  29.063
   484.0,0.021788,0.013310,0.234146,0.000078,  29.061
   485.0,0.021760,0.013314,0.232551,0.000127,  29.057
   486.0,0.021785,0.013310,0.231672,0.000127,  29.047
   487.0,0.021799,0.013290,0.229878,0.000114,  29.050
   488.0,0.021805,0.013322,0.230032,0.000114,  29.045
   489.0,0.021801,0.013332,0.229407,0.000091,  29.041
   490.0,0.021775,0.013340,0.228438,0.000127,  29.042
   491.0,0.021758,0.013351,0.226705,0.000141,  29.037
   492.0,0.021793,0.013342,0.226282,0.000127,  29.034
   493.0,0.021799,0.013341,0.225445,0.000136,  29.033
   494.0,0.021801,0.013361,0.224652,0.000091,  29.027
   495.0,0.021805,0.013366,0.224155,0.000127,  29.023
   496.0,0.021766,0.013391,0.223686,0.000069,  29.013
   497.0,0.021795,0.013398,0.222629,0.000083,  29.003
   498.0,0.021820,0.013387,0.221799,0.000091,  29.003
   499.0,0.021834,0.013418,0.220783,0.000069,  28.996
   500.0,0.021845,0.013433,0.220305,0.000091,  28.993
   501.0,0.021862,0.013460,0.219542,0.000069,  28.994
   502.0,0.021815,0.013467,0.218880,0.000069,  28.990
   503.0,0.021853,0.013484,0.218134,0.000091,  28.987
   504.0,0.021859,0.013470,0.217391,0.000069,  28.985
   505.0,0.021902,0.013491,0.216514,0.000083,  28.983
   506.0,0.021928,0.013527,0.216190,0.000105,  28.974
   507.0,0.021918,0.013550,0.215372,0.000078,  28.971
   508.0,0.021922,0.013564,0.214680,0.000114,  28.963
   509.0,0.021946,0.013572,0.214306,0.000091,  28.957
   510.0,0.021993,0.013566,0.213277,0.000056,  28.958
   511.0,0.022009,0.013594,0.212971,0.000127,  28.948
   512.0,0.022026,0.013624,0.212343,0.000114,  28.949
   513.0,0.021993,0.013639,0.211477,0.000114,  28.946
   514.0,0.022025,0.013653,0.211766,0.000078,  28.942
   515.0,0.022056,0.013638,0.211197,0.000056,  28.939
   516.0,0.022083,0.013664,0.210414,0.000064,  28.939
   517.0,0.022124,0.013681,0.209670,0.000042,  28.936
   518.0,0.022129,0.013695,0.209568,0.000042,  28.933
   519.0,0.022121,0.013736,0.208643,0.000091,  28.933
   520.0,0.022172,0.013764,0.208687,0.000069,  28.934
   521.0,0.022208,0.013745,0.208494,0.000064,  28.936
   522.0,0.022244,0.013783,0.207939,0.000114,  28.927
   523.0,0.022268,0.013811,0.207041,-0.000016,  28.928
   524.0,0.022298,0.013839,0.205151,-0.000164,  28.925
   525.0,0.022268,0.013871,0.204286,-0.000308,  28.916
   526.0,0.022049,0.013887,0.203722,-0.000389,  28.914
   527.0,0.021643,0.013874,0.202480,-0.000272,  28.914
   528.0,0.021411,0.013756,0.201266,-0.000146,  28.906
   529.0,0.021375,0.013490,0.200721,-0.000043,  28.900
   530.0,0.021476,0.013294,0.202133,-0.000012,  28.896
   531.0,0.021621,0.013249,0.204675,0.000002,  28.889
   532.0,0.021774,0.013291,0.205711,0.000064,  28.886
   533.0,0.022121,0.013382,0.205315,0.000064,  28.886
   534.0,0.022419,0.013492,0.204875,0.000051,  28.882
   535.0,0.022466,0.013726,0.204016,0.000087,  28.871
   536.0,0.022460,0.013927,0.204164,0.000100,  28.865
   537.0,0.022497,0.014001,0.204009,0.000100,  28.861
   538.0,0.022561,0.014007,0.203794,0.000114,  28.861
   539.0,0.022621,0.014051,0.203488,0.000029,  28.859
   540.0,0.022668,0.014091,0.202089,-0.000043,  28.858
   541.0,0.022685,0.014131,0.200521,-0.000241,  28.849
   542.0,0.022646,0.014172,0.199122,-0.000362,  28.826
   543.0,0.022447,0.014195,0.198956,-0.000353,  28.813
   544.0,0.022083,0.014173,0.198758,-0.000348,  28.811
   545.0,0.021840,0.014059,0.197303,-0.000164,  28.802
   546.0,0.021818,0.013772,0.197280,-0.000093,  28.794
   547.0,0.021873,0.013614,0.198854,-0.000025,  28.805
   548.0,0.022034,0.013564,0.201274,0.000037,  28.794
   549.0,0.022204,0.013601,0.202021,0.000015,  28.796
   550.0,0.022553,0.013674,0.201739,0.000051,  28.798
   551.0,0.022852,0.013788,0.201827,0.000015,  28.797
   552.0,0.022929,0.014025,0.201857,0.000015,  28.799
   553.0,0.022937,0.014283,0.201608,0.000087,  28.795
   554.0,0.023006,0.014369,0.201381,0.000114,  28.799
   555.0,0.023057,0.014383,0.201232,0.000078,  28.806
   556.0,0.023137,0.014435,0.200879,0.000073,  28.809
   557.0,0.023192,0.014466,0.199863,0.000006,  28.799
   558.0,0.023216,0.014513,0.198131,-0.000205,  28.799
   559.0,0.023205,0.014550,0.196588,-0.000281,  28.797
   560.0,0.023013,0.014575,0.197469,-0.000133,  28.799
   561.0,0.022600,0.014562,0.198087,-0.000030,  28.795
   562.0,0.022378,0.014426,0.197203,0.000011,  28.791
   563.0,0.022815,0.014136,0.199446,0.000037,  28.785
   564.0,0.023035,0.014011,0.200462,0.000037,  28.787
   565.0,0.023071,0.014210,0.200749,0.000064,  28.780
   566.0,0.023361,0.014414,0.200828,0.000100,  28.780
   567.0,0.023479,0.014438,0.200670,0.000060,  28.771
   568.0,0.023548,0.014646,0.200657,0.000051,  28.771
   569.0,0.023597,0.014735,0.201101,0.000100,  28.771
   570.0,0.023605,0.014803,0.200935,0.000114,  28.770
   571.0,0.023682,0.014834,0.200836,0.000100,  28.764
   572.0,0.023734,0.014836,0.199460,0.000100,  28.758
   573.0,0.023791,0.014895,0.200516,0.000051,  28.760
   574.0,0.023863,0.014947,0.201252,0.000100,  28.754
   575.0,0.023930,0.014985,0.201244,0.000114,  28.747
   576.0,0.023926,0.015030,0.201199,0.000064,  28.742
   577.0,0.024018,0.015062,0.201486,0.000114,  28.739
   578.0,0.024056,0.015078,0.201723,0.000100,  28.742
   579.0,0.024129,0.015127,0.201595,0.000100,  28.737
   580.0,0.024174,0.015159,0.201686,0.000114,  28.736
   581.0,0.024198,0.015209,0.201922,0.000078,  28.733
   582.0,0.024253,0.015235,0.202240,0.000078,  28.729
   583.0,0.024294,0.015255,0.202241,0.000042,  28.726
   584.0,0.024374,0.015285,0.202013,0.000042,  28.726
   585.0,0.024435,0.015332,0.202218,0.000078,  28.724
   586.0,0.024459,0.015358,0.202526,0.000078,  28.723
   587.0,0.024478,0.015394,0.202413,0.000078,  28.724
   588.0,0.024541,0.015436,0.202740,0.000042,  28.723
   589.0,0.024613,0.015435,0.202821,0.000042,  28.717
   590.0,0.024673,0.015470,0.202702,0.000078,  28.712
   591.0,0.024720,0.015519,0.203279,0.000042,  28.704
   592.0,0.024744,0.015556,0.203538,0.000078,  28.705
   593.0,0.024770,0.015593,0.203509,0.000114,  28.690
   594.0,0.024831,0.015625,0.203376,0.000078,  28.686
   595.0,0.024908,0.015631,0.203918,0.000087,  28.686
   596.0,0.024963,0.015684,0.203036,0.000100,  28.682
   597.0,0.025007,0.015710,0.203970,0.000064,  28.675
   598.0,0.025046,0.015759,0.204394,0.000114,  28.671
   599.0,0.025064,0.015789,0.204459,0.000114,  28.669
   600.0,0.025119,0.015802,0.203318,0.000100,  28.662
   601.0,0.025150,0.015827,0.203874,0.000073,  28.650
   602.0,0.025230,0.015859,0.204432,0.000064,  28.644
   603.0,0.025274,0.015896,0.205171,0.000114,  28.640
   604.0,0.025271,0.015941,0.204668,0.000114,  28.640
   605.0,0.025342,0.015968,0.204655,0.000078,  28.634
   606.0,0.025415,0.015980,0.205478,0.000136,  28.633
   607.0,0.025475,0.016000,0.205537,0.000114,  28.629
   608.0,0.025516,0.016048,0.205964,0.000114,  28.619
   609.0,0.025549,0.016095,0.205726,0.000114,  28.606
   610.0,0.025563,0.016133,0.206011,0.000078,  28.609
   611.0,0.025626,0.016160,0.206267,0.000114,  28.602
   612.0,0.025699,0.016151,0.206503,0.000114,  28.603
   613.0,0.025742,0.016196,0.206634,0.000064,  28.597
   614.0,0.025781,0.016235,0.205620,0.000078,  28.596
   615.0,0.025792,0.016266,0.204699,0.000078,  28.592
   616.0,0.025816,0.016293,0.206372,0.000114,  28.591
   617.0,0.025878,0.016321,0.207224,0.000100,  28.585
   618.0,0.025935,0.016325,0.207505,0.000024,  28.582
   619.0,0.025999,0.016367,0.207858,0.000087,  28.582
   620.0,0.026049,0.016400,0.208126,0.000114,  28.579
   621.0,0.026054,0.016441,0.208182,0.000100,  28.578
   622.0,0.026101,0.016476,0.207333,0.000114,  28.570
   623.0,0.026150,0.016487,0.207595,0.000064,  28.568
   624.0,0.026187,0.016506,0.207846,0.000087,  28.566
   625.0,0.026245,0.016546,0.208446,0.000073,  28.565
   626.0,0.026284,0.016562,0.208955,0.000064,  28.563
   627.0,0.026272,0.016603,0.208925,0.000100,  28.560
   628.0,0.026336,0.016621,0.209223,0.000100,  28.559
   629.0,0.026374,0.016627,0.209107,0.000100,  28.556
   630.0,0.026419,0.016664,0.209218,0.000114,  28.551
   631.0,0.026440,0.016694,0.209299,0.000064,  28.551
   632.0,0.026457,0.016727,0.209184,0.000078,  28.542
   633.0,0.026479,0.016747,0.209476,0.000056,  28.537
   634.0,0.026509,0.016746,0.209598,0.000056,  28.528
   635.0,0.026551,0.016765,0.209350,0.000091,  28.529
   636.0,0.026583,0.016777,0.209562,0.000105,  28.521
   637.0,0.026603,0.016802,0.209350,0.000091,  28.516
   638.0,0.026595,0.016828,0.209214,0.000105,  28.516
   639.0,0.026608,0.016829,0.207945,0.000118,  28.513
   640.0,0.026644,0.016842,0.208342,0.000141,  28.503
   641.0,0.026647,0.016853,0.208632,0.000127,  28.499
   642.0,0.026661,0.016878,0.208597,0.000127,  28.495
   643.0,0.026647,0.016879,0.208656,0.000141,  28.494
   644.0,0.026602,0.016894,0.206952,0.000132,  28.483
   645.0,0.026611,0.016888,0.207346,0.000141,  28.469
   646.0,0.026600,0.016858,0.207189,0.000154,  28.467
   647.0,0.026564,0.016863,0.207041,0.000105,  28.462
   648.0,0.026537,0.016865,0.206482,0.000127,  28.456
   649.0,0.026493,0.016845,0.205794,0.000141,  28.444
   650.0,0.026418,0.016823,0.205161,0.000141,  28.431
   651.0,0.026374,0.016807,0.204569,0.000154,  28.424
   652.0,0.026319,0.016755,0.203913,0.000145,  28.408
   653.0,0.026250,0.016728,0.202989,0.000154,  28.398
   654.0,0.026170,0.016689,0.202246,0.000167,  28.385
   655.0,0.026076,0.016651,0.201207,0.000132,  28.376
   656.0,0.025983,0.016596,0.200293,0.000154,  28.366
   657.0,0.025894,0.016553,0.199287,0.000167,  28.339
   658.0,0.025801,0.016495,0.196947,0.000154,  28.331
   659.0,0.025707,0.016447,0.196480,0.000167,  28.313
   660.0,0.025571,0.016380,0.195954,0.000132,  28.297
   661.0,0.025453,0.016295,0.195001,0.000154,  28.277
   662.0,0.025338,0.016237,0.194006,0.000167,  28.266
   663.0,0.025216,0.016135,0.193017,0.000132,  28.247
   664.0,0.025093,0.016073,0.191857,0.000118,  28.226
   665.0,0.024974,0.016012,0.190989,0.000091,  28.203
   666.0,0.024842,0.015933,0.189692,0.000127,  28.180
   667.0,0.024688,0.015850,0.188651,0.000141,  28.151
   668.0,0.024564,0.015761,0.185665,0.000091,  28.133
   669.0,0.024443,0.015665,0.185728,0.000127,  28.108
   670.0,0.024316,0.015586,0.184839,0.000141,  28.086
   671.0,0.024173,0.015507,0.183859,0.000127,  28.057
   672.0,0.024064,0.015449,0.183048,0.000141,  28.025
   673.0,0.023920,0.015357,0.182240,0.000132,  28.002
   674.0,0.023811,0.015272,0.181310,0.000141,  27.974
   675.0,0.023673,0.015180,0.180168,0.000141,  27.948
   676.0,0.023552,0.015108,0.179152,0.000118,  27.930
   677.0,0.023427,0.015013,0.178227,0.000141,  27.900
   678.0,0.023285,0.014965,0.177435,0.000127,  27.880
   679.0,0.023205,0.014893,0.176633,0.000127,  27.850
   680.0,0.023101,0.014812,0.175793,0.000141,  27.827
   681.0,0.022983,0.014738,0.174789,0.000078,  27.805
   682.0,0.022873,0.014670,0.174106,0.000114,  27.784
   683.0,0.022770,0.014603,0.173432,0.000114,  27.758
   684.0,0.022663,0.014522,0.172783,0.000127,  27.737
   685.0,0.022570,0.014464,0.171944,0.000127,  27.717
   686.0,0.022507,0.014401,0.171331,0.000064,  27.689
   687.0,0.022436,0.014335,0.170278,0.000100,  27.661
   688.0,0.022348,0.014278,0.169861,0.000114,  27.645
   689.0,0.022263,0.014223,0.168884,0.000064,  27.626
   690.0,0.022176,0.014182,0.168715,0.000100,  27.603
   691.0,0.022126,0.014132,0.168728,0.000100,  27.580
   692.0,0.022060,0.014081,0.168341,0.000087,  27.565
   693.0,0.022017,0.014046,0.168183,0.000114,  27.542
   694.0,0.021970,0.014007,0.168027,0.000064,  27.528
   695.0,0.021916,0.013968,0.167758,0.000100,  27.514
   696.0,0.021883,0.013946,0.167340,0.000114,  27.500
   697.0,0.021866,0.013911,0.167173,0.000064,  27.487
   698.0,0.021850,0.013897,0.167154,0.000087,  27.467
   699.0,0.021836,0.013885,0.167200,0.000087,  27.456
   700.0,0.021814,0.013850,0.167120,0.000073,  27.442
   701.0,0.021784,0.013854,0.167122,0.000087,  27.434
   702.0,0.021776,0.013842,0.167210,0.000037,  27.417
   703.0,0.021787,0.013826,0.167278,0.000122,  27.409
   704.0,0.021799,0.013821,0.167299,0.000060,  27.407
   705.0,0.021801,0.013816,0.167367,0.000037,  27.395
   706.0,0.021812,0.013831,0.167454,0.000037,  27.397
   707.0,0.021806,0.013840,0.166147,0.000037,  27.390
   708.0,0.021831,0.013848,0.166770,0.000073,  27.383
   709.0,0.021842,0.013847,0.167217,0.000073,  27.385
   710.0,0.021876,0.013853,0.167565,0.000037,  27.376
   711.0,0.021889,0.013860,0.167982,0.000073,  27.375
   712.0,0.021903,0.013880,0.168146,0.000100,  27.377
   713.0,0.021919,0.013885,0.167644,0.000073,  27.376
   714.0,0.021946,0.013885,0.167635,0.000087,  27.375
   715.0,0.021965,0.013883,0.168261,0.000024,  27.374
   716.0,0.021993,0.013917,0.168821,0.000060,  27.370
   717.0,0.022008,0.013931,0.168962,0.000073,  27.379
   718.0,0.021997,0.013941,0.169286,0.000037,  27.377
   719.0,0.022030,0.013960,0.169420,0.000051,  27.374
   720.0,0.022060,0.013963,0.169506,0.000002,  27.376
   721.0,0.022096,0.013974,0.169296,0.000024,  27.373
   722.0,0.022129,0.013996,0.168365,0.000002,  27.372
   723.0,0.022151,0.014012,0.169382,0.000037,  27.373
   724.0,0.022173,0.014041,0.169944,0.000073,  27.369
   725.0,0.022209,0.014063,0.169246,0.000073,  27.374
   726.0,0.022228,0.014063,0.170191,0.000051,  27.375
   727.0,0.022261,0.014086,0.170668,0.000087,  27.377
   728.0,0.022288,0.014092,0.170968,0.000100,  27.381
   729.0,0.022306,0.014114,0.171009,0.000087,  27.374
   730.0,0.022329,0.014143,0.171230,0.000087,  27.381
   731.0,0.022367,0.014162,0.171533,0.000051,  27.386
   732.0,0.022395,0.014173,0.171726,0.000037,  27.390
   733.0,0.022430,0.014194,0.171862,0.000002,  27.387
   734.0,0.022458,0.014222,0.171943,0.000015,  27.387
   735.0,0.022411,0.014236,0.171605,0.000064,  27.390
   736.0,0.022441,0.014249,0.172088,0.000029,  27.391
   737.0,0.022513,0.014236,0.172366,0.000064,  27.395
   738.0,0.022534,0.014233,0.172758,0.000019,  27.394
   739.0,0.022570,0.014283,0.172592,0.000024,  27.398
   740.0,0.022594,0.014306,0.172932,0.000073,  27.393
   741.0,0.022564,0.014326,0.173130,0.000064,  27.392
   742.0,0.022619,0.014338,0.173121,0.000051,  27.395
   743.0,0.022652,0.014318,0.172067,0.000015,  27.395
   744.0,0.022668,0.014341,0.173219,0.000015,  27.393
   745.0,0.022704,0.014369,0.173074,0.000064,  27.394
   746.0,0.022720,0.014389,0.173748,0.000015,  27.392
   747.0,0.022756,0.014401,0.174183,0.000029,  27.388
   748.0,0.022795,0.014412,0.174248,0.000064,  27.391
   749.0,0.022817,0.014420,0.173793,0.000029,  27.390
   750.0,0.022840,0.014456,0.174240,0.000051,  27.387
   751.0,0.022863,0.014470,0.174722,0.000051,  27.385
   752.0,0.022874,0.014485,0.174880,0.000051,  27.388
   753.0,0.022874,0.014506,0.175329,0.000100,  27.383
   754.0,0.022929,0.014488,0.175480,0.000100,  27.382
   755.0,0.022939,0.014496,0.175419,0.000060,  27.382
   756.0,0.022976,0.014541,0.175602,0.000087,  27.377
   757.0,0.023020,0.014544,0.175845,0.000114,  27.381
   758.0,0.022971,0.014565,0.176003,0.000100,  27.387
   759.0,0.023014,0.014587,0.176058,0.000100,  27.378
   760.0,0.023054,0.014574,0.176104,0.000024,  27.379
   761.0,0.023085,0.014603,0.176400,0.000019,  27.373
   762.0,0.023120,0.014632,0.176776,0.000046,  27.375
   763.0,0.023114,0.014646,0.176788,0.000060,  27.376
   764.0,0.023114,0.014665,0.176525,0.000060,  27.374
   765.0,0.023167,0.014679,0.176923,0.000037,  27.374
   766.0,0.023197,0.014654,0.177377,0.000019,  27.368
   767.0,0.023216,0.014690,0.177636,0.000060,  27.370
   768.0,0.023241,0.014716,0.177670,0.000051,  27.375
   769.0,0.023247,0.014720,0.177621,0.000073,  27.376
   770.0,0.023250,0.014744,0.177817,0.000087,  27.378
   771.0,0.023290,0.014748,0.177840,0.000095,  27.378
   772.0,0.023318,0.014742,0.176306,0.000046,  27.381
   773.0,0.023337,0.014764,0.176984,0.000060,  27.382
   774.0,0.023367,0.014777,0.177845,0.000087,  27.381
   775.0,0.023362,0.014805,0.178339,0.000100,  27.386
   776.0,0.023386,0.014812,0.178660,0.000051,  27.380
   777.0,0.023424,0.014805,0.178803,0.000087,  27.385
   778.0,0.023435,0.014816,0.178954,0.000087,  27.389
   779.0,0.023457,0.014845,0.179033,0.000073,  27.383
   780.0,0.023487,0.014855,0.179197,0.000087,  27.385
   781.0,0.023479,0.014873,0.179462,0.000037,  27.387
   782.0,0.023520,0.014881,0.179627,0.000073,  27.388
   783.0,0.023534,0.014875,0.179769,0.000100,  27.387
   784.0,0.023559,0.014909,0.178972,0.000051,  27.393
   785.0,0.023581,0.014929,0.179360,0.000051,  27.389
   786.0,0.023599,0.014936,0.178479,0.000051,  27.391
   787.0,0.023622,0.014954,0.179693,0.000122,  27.396
   788.0,0.023647,0.014966,0.180200,0.000087,  27.394
   789.0,0.023666,0.014971,0.180109,0.000064,  27.401
   790.0,0.023694,0.014993,0.180495,0.000100,  27.404
   791.0,0.023713,0.015013,0.180721,0.000087,  27.407
   792.0,0.023716,0.015020,0.180208,0.000100,  27.401
   793.0,0.023744,0.015034,0.180567,0.000114,  27.401
   794.0,0.023757,0.015039,0.181026,0.000064,  27.398
   795.0,0.023773,0.015056,0.181160,0.000087,  27.394
   796.0,0.023800,0.015068,0.181089,0.000114,  27.408
   797.0,0.023813,0.015077,0.181123,0.000064,  27.405
   798.0,0.023836,0.015104,0.181576,0.000100,  27.410
   799.0,0.023858,0.015121,0.181931,0.000100,  27.410
   800.0,0.023865,0.015121,0.181875,0.000100,  27.407
   801.0,0.023894,0.015135,0.182092,0.000100,  27.411
   802.0,0.023907,0.015141,0.182117,0.000064,  27.410
   803.0,0.023920,0.015150,0.182036,0.000100,  27.416
   804.0,0.023935,0.015157,0.182220,0.000114,  27.415
   805.0,0.023957,0.015179,0.182396,0.000078,  27.414
   806.0,0.023962,0.015184,0.182467,0.000064,  27.415
   807.0,0.023981,0.015187,0.181034,0.000051,  27.411
   808.0,0.024014,0.015202,0.182168,0.000087,  27.422
   809.0,0.023973,0.015220,0.182678,0.000073,  27.415
   810.0,0.024006,0.015230,0.182754,0.000051,  27.421
   811.0,0.024044,0.015222,0.182947,0.000087,  27.421
   812.0,0.024044,0.015235,0.183113,0.000114,  27.420
   813.0,0.024069,0.015256,0.183340,0.000100,  27.421
   814.0,0.024083,0.015256,0.183794,0.000114,  27.421
   815.0,0.024099,0.015268,0.183544,0.000078,  27.420
   816.0,0.024119,0.015276,0.183330,0.000114,  27.417
   817.0,0.024130,0.015286,0.183506,0.000087,  27.417
   818.0,0.024142,0.015299,0.183288,0.000051,  27.412
   819.0,0.024156,0.015305,0.183707,0.000100,  27.418
   820.0,0.024161,0.015312,0.183974,0.000114,  27.418
   821.0,0.024174,0.015316,0.184126,0.000114,  27.421
   822.0,0.024188,0.015330,0.184160,0.000114,  27.422
   823.0,0.024196,0.015338,0.184384,0.000060,  27.422
   824.0,0.024209,0.015349,0.184398,0.000109,  27.423
   825.0,0.024226,0.015354,0.184381,0.000087,  27.426
   826.0,0.024231,0.015366,0.184382,0.000100,  27.425
   827.0,0.024257,0.015371,0.184009,0.000136,  27.420
   828.0,0.024261,0.015376,0.184366,0.000136,  27.426
   829.0,0.024264,0.015375,0.184531,0.000136,  27.422
   830.0,0.024284,0.015392,0.184640,0.000114,  27.420
   831.0,0.024289,0.015396,0.184849,0.000078,  27.422
   832.0,0.024306,0.015404,0.184658,0.000114,  27.428
   833.0,0.024314,0.015411,0.184771,0.000114,  27.422
   834.0,0.024333,0.015428,0.184637,0.000064,  27.421
   835.0,0.024338,0.015433,0.185078,0.000046,  27.421
   836.0,0.024356,0.015438,0.185180,0.000073,  27.424
   837.0,0.024348,0.015438,0.185176,0.000087,  27.427
   838.0,0.024328,0.015450,0.185342,0.000087,  27.427
   839.0,0.024358,0.015453,0.185443,0.000051,  27.421
   840.0,0.024386,0.015434,0.185691,0.000033,  27.424
   841.0,0.024400,0.015448,0.185391,0.000060,  27.427
   842.0,0.024417,0.015464,0.185113,0.000064,  27.425
   843.0,0.024411,0.015481,0.185245,0.000100,  27.428
   844.0,0.024410,0.015486,0.183611,0.000114,  27.424
   845.0,0.024430,0.015489,0.184978,0.000100,  27.423
   846.0,0.024441,0.015489,0.185581,0.000060,  27.428
   847.0,0.024454,0.015496,0.186118,0.000051,  27.429
   848.0,0.024465,0.015491,0.186080,0.000087,  27.428
   849.0,0.024470,0.015508,0.186016,0.000100,  27.432
   850.0,0.024481,0.015511,0.185999,0.000100,  27.435
   851.0,0.024483,0.015526,0.186155,0.000087,  27.439
   852.0,0.024492,0.015527,0.186342,0.000024,  27.436
   853.0,0.024504,0.015538,0.186318,0.000087,  27.437
   854.0,0.024523,0.015527,0.186334,0.000087,  27.433
   855.0,0.024468,0.015542,0.186506,0.000051,  27.441
   856.0,0.024512,0.015541,0.186570,0.000114,  27.440
   857.0,0.024529,0.015518,0.186606,0.000042,  27.435
   858.0,0.024531,0.015541,0.186760,0.000051,  27.437
   859.0,0.024564,0.015560,0.186830,0.000051,  27.432
   860.0,0.024553,0.015568,0.186987,0.000078,  27.431
   861.0,0.024578,0.015586,0.186782,0.000114,  27.431
   862.0,0.024608,0.015590,0.186679,0.000114,  27.430
   863.0,0.024613,0.015588,0.187024,0.000011,  27.427
   864.0,0.024625,0.015605,0.187154,0.000087,  27.430
   865.0,0.024638,0.015622,0.187258,0.000114,  27.434
   866.0,0.024633,0.015626,0.187178,0.000100,  27.433
   867.0,0.024639,0.015635,0.187270,0.000114,  27.436
   868.0,0.024652,0.015628,0.187512,0.000024,  27.431
   869.0,0.024672,0.015627,0.187517,0.000033,  27.428
   870.0,0.024674,0.015641,0.187620,0.000073,  27.430
   871.0,0.024679,0.015649,0.187316,0.000064,  27.430
   872.0,0.024683,0.015654,0.187456,0.000064,  27.439
   873.0,0.024685,0.015657,0.187518,0.000064,  27.428
   874.0,0.024707,0.015655,0.187793,0.000087,  27.430
   875.0,0.024707,0.015664,0.187646,0.000060,  27.425
   876.0,0.024712,0.015661,0.187692,0.000064,  27.426
   877.0,0.024751,0.015671,0.187890,0.000100,  27.431
   878.0,0.024751,0.015685,0.187954,0.000114,  27.428
   879.0,0.024751,0.015691,0.188096,0.000100,  27.428
   880.0,0.024749,0.015685,0.188112,0.000114,  27.431
   881.0,0.024748,0.015692,0.188147,0.000064,  27.434
   882.0,0.024782,0.015688,0.187513,0.000100,  27.433
   883.0,0.024756,0.015705,0.187707,0.000114,  27.442
   884.0,0.024781,0.015716,0.187758,0.000100,  27.448
   885.0,0.024809,0.015718,0.187796,0.000114,  27.446
   886.0,0.024795,0.015716,0.188504,0.000019,  27.449
   887.0,0.024811,0.015737,0.188482,0.000073,  27.445
   888.0,0.024834,0.015751,0.188377,0.000114,  27.455
   889.0,0.024803,0.015752,0.188341,0.000069,  27.456
   890.0,0.024831,0.015765,0.188767,0.000105,  27.457
   891.0,0.024839,0.015759,0.188646,0.000042,  27.462
   892.0,0.024844,0.015757,0.188801,0.000064,  27.463
   893.0,0.024861,0.015767,0.188092,0.000078,  27.463
   894.0,0.024864,0.015772,0.188417,0.000042,  27.467
   895.0,0.024872,0.015769,0.188218,0.000091,  27.470
   896.0,0.024864,0.015784,0.188493,0.000056,  27.466
   897.0,0.024872,0.015789,0.188107,-0.000012,  27.474
   898.0,0.024883,0.015776,0.188706,0.000064,  27.482
   899.0,0.024883,0.015783,0.188638,0.000042,  27.483
   900.0,0.024897,0.015777,0.188810,0.000064,  27.479
   901.0,0.024891,0.015793,0.188886,0.000042,  27.482
   902.0,0.024888,0.015797,0.188671,0.000029,  27.484
   903.0,0.024883,0.015787,0.188949,0.000073,  27.484
   904.0,0.024875,0.015791,0.188773,0.000127,  27.486
   905.0,0.024888,0.015775,0.188837,0.000078,  27.490
   906.0,0.024913,0.015787,0.188785,0.000114,  27.494
   907.0,0.024902,0.015788,0.188605,0.000127,  27.499
   908.0,0.024899,0.015814,0.188766,0.000127,  27.500
   909.0,0.024892,0.015805,0.188928,0.000060,  27.503
   910.0,0.024894,0.015801,0.189028,0.000051,  27.509
   911.0,0.024897,0.015796,0.188858,0.000100,  27.512
   912.0,0.024877,0.015802,0.188819,0.000141,  27.513
   913.0,0.024883,0.015801,0.188614,0.000114,  27.508
   914.0,0.024872,0.015796,0.188600,0.000114,  27.519
   915.0,0.024869,0.015797,0.188761,0.000078,  27.518
   916.0,0.024877,0.015789,0.188649,0.000100,  27.519
   917.0,0.024880,0.015790,0.188274,0.000114,  27.516
   918.0,0.024888,0.015798,0.188440,0.000064,  27.517
   919.0,0.024883,0.015796,0.188463,0.000100,  27.518
   920.0,0.024864,0.015802,0.188808,0.000073,  27.520
   921.0,0.024864,0.015804,0.188586,0.000100,  27.518
   922.0,0.024876,0.015797,0.188494,0.000114,  27.521
   923.0,0.024865,0.015788,0.188326,0.000091,  27.517
   924.0,0.024848,0.015786,0.188443,0.000127,  27.518
   925.0,0.024839,0.015787,0.188382,0.000100,  27.521
   926.0,0.024828,0.015764,0.188358,0.000100,  27.529
   927.0,0.024822,0.015758,0.188123,0.000136,  27.530
   928.0,0.024822,0.015761,0.187834,0.000136,  27.529
   929.0,0.024820,0.015754,0.187929,0.000136,  27.526
   930.0,0.024809,0.015758,0.187916,0.000114,  27.528
   931.0,0.024803,0.015758,0.187755,0.000091,  27.517
   932.0,0.024801,0.015741,0.186918,0.000127,  27.515
   933.0,0.024801,0.015738,0.187360,0.000141,  27.514
   934.0,0.024809,0.015742,0.187425,0.000091,  27.523
   935.0,0.024804,0.015741,0.187434,0.000127,  27.524
   936.0,0.024784,0.015753,0.187381,0.000141,  27.528
   937.0,0.024768,0.015738,0.187088,0.000127,  27.531
   938.0,0.024760,0.015728,0.187403,0.000141,  27.533
   939.0,0.024760,0.015712,0.187335,0.000091,  27.531
   940.0,0.024760,0.015714,0.187372,0.000127,  27.532
   941.0,0.024735,0.015715,0.187213,0.000141,  27.528
   942.0,0.024710,0.015705,0.187018,0.000127,  27.520
   943.0,0.024685,0.015695,0.187222,0.000114,  27.513
   944.0,0.024694,0.015683,0.186884,0.000064,  27.516
   945.0,0.024693,0.015679,0.186947,0.000127,  27.512
   946.0,0.024677,0.015679,0.186865,0.000114,  27.511
   947.0,0.024666,0.015675,0.186572,0.000091,  27.506
   948.0,0.024650,0.015679,0.186582,0.000114,  27.506
   949.0,0.024641,0.015659,0.186612,0.000114,  27.505
   950.0,0.024629,0.015651,0.186340,0.000100,  27.495
   951.0,0.024630,0.015652,0.185686,0.000114,  27.505
   952.0,0.024624,0.015651,0.186109,0.000064,  27.496
   953.0,0.024606,0.015652,0.185878,0.000078,  27.495
   954.0,0.024592,0.015641,0.186149,0.000015,  27.498
   955.0,0.024569,0.015617,0.186037,0.000037,  27.497
   956.0,0.024578,0.015601,0.185843,0.000051,  27.496
   957.0,0.024581,0.015604,0.185747,0.000037,  27.493
   958.0,0.024556,0.015605,0.185568,0.000087,  27.490
   959.0,0.024537,0.015620,0.185499,0.000087,  27.492
   960.0,0.024501,0.015591,0.185528,0.000024,  27.492
   961.0,0.024504,0.015576,0.185403,0.000087,  27.492
   962.0,0.024502,0.015560,0.185028,0.000087,  27.497
   963.0,0.024512,0.015545,0.184999,0.000087,  27.496
   964.0,0.024491,0.015545,0.185069,0.000087,  27.494
   965.0,0.024477,0.015541,0.184964,0.000051,  27.497
   966.0,0.024452,0.015544,0.184749,0.000087,  27.505
   967.0,0.024457,0.015532,0.184553,0.000087,  27.504
   968.0,0.024443,0.015525,0.184791,0.000051,  27.513
   969.0,0.024438,0.015532,0.184711,0.000100,  27.515
   970.0,0.024430,0.015517,0.184610,0.000100,  27.520
   971.0,0.024396,0.015509,0.184786,0.000073,  27.530
   972.0,0.024394,0.015500,0.184698,0.000073,  27.535
   973.0,0.024391,0.015496,0.183756,0.000064,  27.541
   974.0,0.024386,0.015501,0.183894,0.000073,  27.543
   975.0,0.024389,0.015492,0.183726,0.000087,  27.544
   976.0,0.024364,0.015492,0.184005,0.000051,  27.546
   977.0,0.024351,0.015482,0.184231,0.000087,  27.545
   978.0,0.024339,0.015473,0.183889,0.000109,  27.546
   979.0,0.024339,0.015450,0.183688,0.000073,  27.543
   980.0,0.024334,0.015453,0.183754,0.000015,  27.541
   981.0,0.024303,0.015449,0.183610,0.000024,  27.540
   982.0,0.024287,0.015453,0.183455,0.000073,  27.542
   983.0,0.024272,0.015427,0.183473,0.000114,  27.540
   984.0,0.024267,0.015410,0.183217,0.000087,  27.541
   985.0,0.024270,0.015406,0.183162,0.000087,  27.538
   986.0,0.024264,0.015403,0.183205,0.000051,  27.538
   987.0,0.024234,0.015411,0.182664,0.000087,  27.536
   988.0,0.024218,0.015402,0.182028,0.000060,  27.540
   989.0,0.024202,0.015387,0.182618,0.000037,  27.539
   990.0,0.024199,0.015371,0.182691,0.000087,  27.536
   991.0,0.024221,0.015359,0.182863,0.000087,  27.538
   992.0,0.024176,0.015367,0.182474,0.000087,  27.529
   993.0,0.024149,0.015356,0.182396,0.000087,  27.536
   994.0,0.024116,0.015347,0.182579,0.000051,  27.533
   995.0,0.024108,0.015323,0.181819,0.000087,  27.533
   996.0,0.024107,0.015312,0.181821,0.000073,  27.537
   997.0,0.024088,0.015314,0.181764,0.000051,  27.536
   998.0,0.024084,0.015310,0.181909,0.000087,  27.537
   999.0,0.024062,0.015306,0.181075,0.000109,  27.538
  1000.0,0.024042,0.015308,0.181517,0.000082,  27.541
  1001.0,0.024037,0.015288,0.181538,0.000060,  27.540
  1002.0,0.024025,0.015273,0.181176,0.000037,  27.542
  1003.0,0.024031,0.015274,0.180727,0.000087,  27.548
  1004.0,0.023993,0.015266,0.180935,0.000073,  27.544
  1005.0,0.023965,0.015263,0.180941,0.000060,  27.543
  1006.0,0.023948,0.015249,0.181078,0.000109,  27.540
  1007.0,0.023926,0.015224,0.180612,0.000100,  27.544
  1008.0,0.023952,0.015218,0.180455,0.000122,  27.546
  1009.0,0.023933,0.015197,0.180407,0.000114,  27.544
  1010.0,0.023894,0.015219,0.180542,0.000064,  27.543
  1011.0,0.023858,0.015207,0.179642,0.000087,  27.546
  1012.0,0.023841,0.015184,0.179481,0.000073,  27.548
  1013.0,0.023824,0.015158,0.179405,0.000087,  27.550
  1014.0,0.023852,0.015153,0.179476,0.000114,  27.546
  1015.0,0.023814,0.015141,0.179414,0.000064,  27.550
  1016.0,0.023779,0.015147,0.179447,0.000087,  27.554
  1017.0,0.023743,0.015132,0.179221,0.000046,  27.552
  1018.0,0.023736,0.015101,0.178689,0.000060,  27.556
  1019.0,0.023730,0.015084,0.178749,0.000109,  27.560
  1020.0,0.023696,0.015083,0.178377,0.000100,  27.562
  1021.0,0.023671,0.015071,0.177152,0.000087,  27.565
  1022.0,0.023636,0.015056,0.178175,0.000060,  27.568
  1023.0,0.023603,0.015024,0.178264,0.000037,  27.569
  1024.0,0.023605,0.015009,0.178132,0.000087,  27.574
  1025.0,0.023583,0.015006,0.177790,0.000087,  27.574
  1026.0,0.023566,0.014994,0.177639,0.000051,  27.576
  1027.0,0.023534,0.015002,0.177488,0.000087,  27.579
  1028.0,0.023503,0.014982,0.177510,0.000087,  27.580
  1029.0,0.023487,0.014950,0.177275,0.000073,  27.586
  1030.0,0.023472,0.014941,0.176691,0.000073,  27.588
  1031.0,0.023449,0.014923,0.176548,0.000064,  27.588
  1032.0,0.023427,0.014910,0.176069,0.000100,  27.587
  1033.0,0.023386,0.014912,0.176051,0.000114,  27.592
  1034.0,0.023364,0.014883,0.175986,0.000051,  27.594
  1035.0,0.023348,0.014859,0.175827,0.000078,  27.595
  1036.0,0.023337,0.014844,0.175580,0.000037,  27.596
  1037.0,0.023344,0.014831,0.175567,0.000073,  27.598
  1038.0,0.023282,0.014826,0.175197,0.000073,  27.597
  1039.0,0.023243,0.014822,0.174367,0.000037,  27.597
  1040.0,0.023202,0.014786,0.174680,0.000073,  27.596
  1041.0,0.023163,0.014763,0.174371,0.000073,  27.600
  1042.0,0.023166,0.014738,0.174299,0.000060,  27.598
  1043.0,0.023134,0.014722,0.173637,0.000073,  27.595
  1044.0,0.023084,0.014710,0.173171,0.000064,  27.596
  1045.0,0.023035,0.014689,0.173523,0.000073,  27.592
  1046.0,0.023011,0.014650,0.173493,0.000073,  27.597
  1047.0,0.022996,0.014628,0.173057,0.000064,  27.599
  1048.0,0.022955,0.014616,0.172879,0.000087,  27.600
  1049.0,0.022939,0.014606,0.172689,0.000087,  27.604
  1050.0,0.022898,0.014597,0.172253,0.000087,  27.606
  1051.0,0.022879,0.014583,0.172448,0.000060,  27.603
  1052.0,0.022860,0.014552,0.172216,0.000037,  27.604
  1053.0,0.022852,0.014539,0.171623,0.000073,  27.604
  1054.0,0.022836,0.014532,0.171412,0.000073,  27.605
  1055.0,0.022778,0.014520,0.171095,0.000037,  27.610
  1056.0,0.022745,0.014514,0.171080,0.000073,  27.604
  1057.0,0.022707,0.014480,0.170933,0.000060,  27.607
  1058.0,0.022685,0.014460,0.170531,0.000073,  27.610
  1059.0,0.022657,0.014432,0.170072,0.000073,  27.611
  1060.0,0.022638,0.014402,0.169998,0.000064,  27.611
  1061.0,0.022583,0.014401,0.169812,0.000087,  27.611
  1062.0,0.022537,0.014381,0.169514,0.000060,  27.616
  1063.0,0.022504,0.014344,0.169422,0.000037,  27.615
  1064.0,0.022485,0.014320,0.168884,0.000073,  27.612
  1065.0,0.022479,0.014295,0.168448,0.000087,  27.611
  1066.0,0.022440,0.014282,0.168441,0.000073,  27.610
  1067.0,0.022389,0.014277,0.168168,0.000073,  27.612
  1068.0,0.022337,0.014259,0.168408,0.000037,  27.607
  1069.0,0.022318,0.014222,0.167537,0.000046,  27.602
  1070.0,0.022293,0.014197,0.167420,0.000073,  27.604
  1071.0,0.022251,0.014189,0.167342,0.000060,  27.600
  1072.0,0.022223,0.014168,0.166763,0.000060,  27.592
  1073.0,0.022181,0.014145,0.166388,0.000037,  27.592
  1074.0,0.022141,0.014122,0.166505,0.000060,  27.590
  1075.0,0.022114,0.014100,0.166319,0.000073,  27.589
  1076.0,0.022094,0.014076,0.165916,0.000037,  27.589
  1077.0,0.022081,0.014056,0.165619,0.000060,  27.593
  1078.0,0.022012,0.014046,0.165417,0.000073,  27.593
  1079.0,0.021965,0.014034,0.165359,0.000060,  27.590
  1080.0,0.021946,0.013993,0.164918,0.000060,  27.590
  1081.0,0.021909,0.013974,0.164376,0.000073,  27.589
  1082.0,0.021885,0.013956,0.164053,0.000082,  27.583
  1083.0,0.021859,0.013933,0.163869,0.000060,  27.586
  1084.0,0.021807,0.013922,0.163374,0.000073,  27.588
  1085.0,0.021783,0.013891,0.163390,0.000046,  27.582
  1086.0,0.021750,0.013860,0.163276,0.000060,  27.583
  1087.0,0.021725,0.013845,0.162889,0.000060,  27.588
  1088.0,0.021725,0.013824,0.162694,0.000073,  27.587
  1089.0,0.021665,0.013807,0.162439,0.000037,  27.577
  1090.0,0.021618,0.013792,0.162232,0.000073,  27.582
  1091.0,0.021567,0.013768,0.162126,0.000060,  27.584
  1092.0,0.021539,0.013741,0.161630,0.000060,  27.582
  1093.0,0.021523,0.013715,0.161394,0.000082,  27.584
  1094.0,0.021479,0.013690,0.159554,0.000082,  27.584
  1095.0,0.021438,0.013688,0.160318,0.000060,  27.582
  1096.0,0.021388,0.013662,0.159985,0.000060,  27.579
  1097.0,0.021339,0.013609,0.159734,0.000024,  27.583
  1098.0,0.021328,0.013600,0.159658,0.000073,  27.582
  1099.0,0.021288,0.013575,0.159774,0.000060,  27.578
  1100.0,0.021272,0.013560,0.160824,0.000019,  27.582
  1101.0,0.021225,0.013545,0.160674,-0.000008,  27.577
  1102.0,0.021198,0.013530,0.160433,-0.000084,  27.576
  1103.0,0.021229,0.013495,0.160282,0.000015,  27.578
  1104.0,0.021215,0.013479,0.159653,0.000033,  27.578
  1105.0,0.021181,0.013493,0.159364,0.000011,  27.581
  1106.0,0.021103,0.013490,0.158962,0.000019,  27.579
  1107.0,0.021020,0.013478,0.157799,0.000033,  27.581
  1108.0,0.020984,0.013426,0.158422,0.000006,  27.580
  1109.0,0.020972,0.013383,0.157539,0.000019,  27.584
  1110.0,0.020980,0.013345,0.157515,-0.000003,  27.581
  1111.0,0.020936,0.013340,0.157907,0.000019,  27.582
  1112.0,0.020887,0.013343,0.157549,0.000019,  27.603
  1113.0,0.020825,0.013304,0.156913,-0.000030,  27.579
  1114.0,0.020828,0.013283,0.158111,-0.000191,  27.582
  1115.0,0.020801,0.013258,0.157691,-0.000124,  27.605
  1116.0,0.020776,0.013269,0.156538,-0.000008,  27.590
  1117.0,0.020797,0.013235,0.156960,-0.000102,  27.586
  1118.0,0.020721,0.013205,0.157788,-0.000286,  27.603
  1119.0,0.020645,0.013228,0.158026,-0.000183,  27.610
  1120.0,0.020683,0.013162,0.157338,-0.000196,  27.586
  1121.0,0.020756,0.013119,0.156928,-0.000232,  27.608
  1122.0,0.020633,0.013160,0.157476,-0.000326,  27.611
  1123.0,0.020617,0.013202,0.157875,-0.000299,  27.591
  1124.0,0.020556,0.013106,0.158046,-0.000196,  27.605
  1125.0,0.020346,0.013086,0.158298,-0.000317,  27.609
  1126.0,0.020543,0.013014,0.157133,-0.000353,  27.604
  1127.0,0.020595,0.012907,0.157189,-0.000331,  27.603
  1128.0,0.020323,0.013042,0.159692,-0.000479,  27.608
  1129.0,0.020359,0.013068,0.160716,-0.000398,  27.601
  1130.0,0.020399,0.012841,0.159831,-0.000384,  27.607
  1131.0,0.020363,0.012882,0.160720,-0.000555,  27.606
  1132.0,0.020606,0.012919,0.162334,-0.000465,  27.609
  1133.0,0.020511,0.012918,0.162816,-0.000438,  27.605
  1134.0,0.020432,0.013062,0.161842,-0.000461,  27.606
  1135.0,0.020707,0.012987,0.163501,-0.000425,  27.606
  1136.0,0.020765,0.012952,0.164033,-0.000479,  27.603
  1137.0,0.020720,0.013089,0.165186,-0.000506,  27.605
  1138.0,0.020847,0.013167,0.165887,-0.000452,  27.603
  1139.0,0.020928,0.013129,0.166368,-0.000461,  27.606
  1140.0,0.020942,0.013224,0.166603,-0.000438,  27.603
  1141.0,0.021045,0.013297,0.166647,-0.000358,  27.602
  1142.0,0.021092,0.013271,0.166737,-0.000461,  27.599
  1143.0,0.021083,0.013360,0.166919,-0.000465,  27.578
  1144.0,0.021127,0.013388,0.166953,-0.000452,  27.592
  1145.0,0.021094,0.013385,0.166607,-0.000640,  27.596
  1146.0,0.021059,0.013426,0.166249,-0.000532,  27.597
  1147.0,0.021036,0.013393,0.166094,-0.000528,  27.597
  1148.0,0.020839,0.013378,0.166392,-0.000479,  27.593
  1149.0,0.020936,0.013361,0.166424,-0.000532,  27.593
  1150.0,0.020968,0.013176,0.166518,-0.000532,  27.597
  1151.0,0.020960,0.013246,0.166482,-0.000573,  27.596
  1152.0,0.020908,0.013295,0.166331,-0.000541,  27.592
  1153.0,0.020925,0.013296,0.166062,-0.000479,  27.596
  1154.0,0.020890,0.013262,0.165610,-0.000506,  27.588
  1155.0,0.020903,0.013271,0.165250,-0.000528,  27.589
  1156.0,0.020884,0.013225,0.165391,-0.000492,  27.598
  1157.0,0.020813,0.013262,0.165449,-0.000465,  27.587
  1158.0,0.020777,0.013260,0.165629,-0.000425,  27.582
  1159.0,0.020786,0.013213,0.165686,-0.000532,  27.581
  1160.0,0.020799,0.013185,0.165512,-0.000622,  27.579
  1161.0,0.020903,0.013194,0.165689,-0.000595,  27.581
  1162.0,0.020677,0.013196,0.165651,-0.000546,  27.581
  1163.0,0.020682,0.013285,0.165420,-0.000568,  27.575
  1164.0,0.020726,0.013164,0.165413,-0.000532,  27.576
  1165.0,0.020735,0.013111,0.164622,-0.000546,  27.573
  1166.0,0.020723,0.013136,0.165030,-0.000586,  27.576
  1167.0,0.020720,0.013148,0.165162,-0.000573,  27.576
  1168.0,0.020692,0.013149,0.164978,-0.000595,  27.576
  1169.0,0.020649,0.013132,0.164794,-0.000546,  27.573
  1170.0,0.020663,0.013095,0.164728,-0.000532,  27.576
  1171.0,0.020679,0.013064,0.164749,-0.000568,  27.577
  1172.0,0.020644,0.013086,0.163964,-0.000546,  27.573
  1173.0,0.020652,0.013113,0.164379,-0.000519,  27.575
  1174.0,0.020592,0.013104,0.164331,-0.000546,  27.572
  1175.0,0.020630,0.013103,0.164428,-0.000438,  27.568
  1176.0,0.020630,0.013060,0.163923,-0.000568,  27.568
  1177.0,0.020641,0.013090,0.163613,-0.000559,  27.570
  1178.0,0.020669,0.013087,0.164268,-0.000559,  27.568
  1179.0,0.020603,0.013109,0.164369,-0.000546,  27.565
  1180.0,0.020579,0.013138,0.163796,-0.000546,  27.567
  1181.0,0.020568,0.013085,0.163030,-0.000582,  27.563
  1182.0,0.020581,0.013046,0.163919,-0.000532,  27.562
  1183.0,0.020579,0.013042,0.163625,-0.000658,  27.570
  1184.0,0.020564,0.013049,0.164073,-0.000644,  27.567
  1185.0,0.020539,0.013047,0.164251,-0.000595,  27.567
  1186.0,0.020513,0.013052,0.164093,-0.000631,  27.562
  1187.0,0.020532,0.013033,0.163989,-0.000568,  27.562
  1188.0,0.020548,0.013014,0.163984,-0.000604,  27.563
  1189.0,0.020553,0.013020,0.164039,-0.000604,  27.568
  1190.0,0.020557,0.013037,0.164054,-0.000590,  27.569
  1191.0,0.020546,0.013035,0.163765,-0.000577,  27.561
  1192.0,0.020540,0.013050,0.163973,-0.000523,  27.560
  1193.0,0.020549,0.013035,0.164009,-0.000555,  27.560
  1194.0,0.020524,0.013041,0.164039,-0.000582,  27.562
  1195.0,0.020613,0.013040,0.163992,-0.000559,  27.558
  1196.0,0.020524,0.013020,0.163958,-0.000559,  27.554
  1197.0,0.020474,0.013106,0.164130,-0.000582,  27.549
  1198.0,0.020466,0.013027,0.164156,-0.000573,  27.544
  1199.0,0.020460,0.012982,0.163907,-0.000586,  27.541
  1200.0,0.020477,0.012976,0.163846,-0.000635,  27.544
  1201.0,0.020469,0.012989,0.163677,-0.000609,  27.542
  1202.0,0.020442,0.013000,0.163830,-0.000609,  27.540
  1203.0,0.020392,0.012992,0.163696,-0.000573,  27.537
  1204.0,0.020425,0.012974,0.163657,-0.000559,  27.540
  1205.0,0.020442,0.012932,0.162827,-0.000635,  27.542
  1206.0,0.020442,0.012953,0.163145,-0.000573,  27.542
  1207.0,0.020445,0.012969,0.163377,-0.000559,  27.558
  1208.0,0.020401,0.012974,0.163227,-0.000546,  27.554
  1209.0,0.020429,0.012975,0.162472,-0.000465,  27.542
  1210.0,0.020420,0.012960,0.162935,-0.000555,  27.546
  1211.0,0.020429,0.012965,0.162577,-0.000613,  27.544
  1212.0,0.020473,0.012965,0.163032,-0.000613,  27.548
  1213.0,0.020393,0.012966,0.163045,-0.000586,  27.549
  1214.0,0.020332,0.013011,0.163126,-0.000586,  27.551
  1215.0,0.020336,0.012948,0.162985,-0.000573,  27.550
  1216.0,0.020352,0.012886,0.162966,-0.000573,  27.550
  1217.0,0.020342,0.012891,0.162856,-0.000640,  27.553
  1218.0,0.020333,0.012897,0.162841,-0.000640,  27.558
  1219.0,0.020317,0.012893,0.162572,-0.000564,  27.561
  1220.0,0.020271,0.012899,0.162513,-0.000573,  27.559
  1221.0,0.020292,0.012869,0.162672,-0.000573,  27.559
  1222.0,0.020306,0.012841,0.162694,-0.000551,  27.555
  1223.0,0.020291,0.012861,0.162051,-0.000524,  27.562
  1224.0,0.020305,0.012876,0.162195,-0.000510,  27.568
  1225.0,0.020242,0.012864,0.162231,-0.000546,  27.560
  1226.0,0.020271,0.012869,0.162311,-0.000514,  27.562
  1227.0,0.020293,0.012847,0.162007,-0.000510,  27.559
  1228.0,0.020271,0.012870,0.162143,-0.000573,  27.562
  1229.0,0.020360,0.012873,0.162248,-0.000573,  27.564
  1230.0,0.020274,0.012871,0.162173,-0.000551,  27.560
  1231.0,0.020236,0.012939,0.160586,-0.000595,  27.560
  1232.0,0.020222,0.012874,0.161605,-0.000537,  27.558
  1233.0,0.020220,0.012843,0.161845,-0.000559,  27.558
  1234.0,0.020221,0.012824,0.161395,-0.000662,  27.561
  1235.0,0.020210,0.012828,0.161252,-0.000613,  27.564
  1236.0,0.020216,0.012830,0.161682,-0.000586,  27.562
  1237.0,0.020145,0.012827,0.161711,-0.000586,  27.562
  1238.0,0.020173,0.012821,0.161661,-0.000586,  27.564
  1239.0,0.020189,0.012765,0.161669,-0.000622,  27.564
  1240.0,0.020189,0.012782,0.161552,-0.000573,  27.566
  1241.0,0.020176,0.012800,0.161491,-0.000559,  27.566
  1242.0,0.020142,0.012797,0.161412,-0.000582,  27.565
  1243.0,0.020151,0.012790,0.161406,-0.000506,  27.564
  1244.0,0.020148,0.012779,0.161320,-0.000546,  27.562
  1245.0,0.020162,0.012788,0.161282,-0.000573,  27.561
  1246.0,0.020208,0.012785,0.161135,-0.000586,  27.556
  1247.0,0.020142,0.012787,0.161255,-0.000595,  27.558
  1248.0,0.020110,0.012858,0.160773,-0.000573,  27.554
  1249.0,0.020099,0.012790,0.161158,-0.000586,  27.557
  1250.0,0.020099,0.012758,0.160254,-0.000635,  27.557
  1251.0,0.020094,0.012761,0.160735,-0.000613,  27.556
  1252.0,0.020089,0.012737,0.160870,-0.000586,  27.558
  1253.0,0.020078,0.012739,0.160208,-0.000573,  27.559
  1254.0,0.020046,0.012736,0.160679,-0.000559,  27.556
  1255.0,0.020053,0.012731,0.160564,-0.000617,  27.560
  1256.0,0.020063,0.012704,0.160976,-0.000559,  27.557
  1257.0,0.020077,0.012727,0.160663,-0.000559,  27.560
  1258.0,0.020072,0.012740,0.160541,-0.000568,  27.565
  1259.0,0.020044,0.012753,0.160724,-0.000568,  27.566
  1260.0,0.020046,0.012739,0.160666,-0.000487,  27.562
  1261.0,0.020048,0.012722,0.160375,-0.000532,  27.561
  1262.0,0.020018,0.012728,0.160193,-0.000546,  27.559
  1263.0,0.020107,0.012721,0.160077,-0.000595,  27.560
  1264.0,0.020017,0.012730,0.160169,-0.000573,  27.559
  1265.0,0.019965,0.012776,0.159724,-0.000573,  27.560
  1266.0,0.019949,0.012725,0.160008,-0.000577,  27.558
  1267.0,0.019952,0.012690,0.160057,-0.000551,  27.558
  1268.0,0.019941,0.012662,0.160051,-0.000667,  27.559
  1269.0,0.019931,0.012672,0.159985,-0.000591,  27.561
  1270.0,0.019925,0.012661,0.159766,-0.000613,  27.562
  1271.0,0.019851,0.012641,0.159075,-0.000613,  27.562
  1272.0,0.019887,0.012625,0.158894,-0.000577,  27.563
  1273.0,0.019892,0.012592,0.159313,-0.000627,  27.562
  1274.0,0.019889,0.012604,0.159373,-0.000591,  27.562
  1275.0,0.019884,0.012617,0.157695,-0.000586,  27.563
  1276.0,0.019852,0.012618,0.158341,-0.000586,  27.562
  1277.0,0.019861,0.012608,0.158818,-0.000551,  27.559
  1278.0,0.019846,0.012590,0.159106,-0.000586,  27.562
  1279.0,0.019846,0.012585,0.159021,-0.000613,  27.558
  1280.0,0.019821,0.012588,0.159037,-0.000591,  27.560
  1281.0,0.019795,0.012579,0.158872,-0.000613,  27.556
  1282.0,0.019770,0.012587,0.158851,-0.000591,  27.557
  1283.0,0.019759,0.012562,0.158797,-0.000613,  27.555
  1284.0,0.019745,0.012531,0.158816,-0.000667,  27.556
  1285.0,0.019743,0.012516,0.158708,-0.000645,  27.559
  1286.0,0.019748,0.012509,0.158582,-0.000667,  27.560
  1287.0,0.019726,0.012517,0.158567,-0.000627,  27.559
  1288.0,0.019676,0.012509,0.158605,-0.000591,  27.557
  1289.0,0.019702,0.012499,0.158590,-0.000577,  27.560
  1290.0,0.019706,0.012452,0.158443,-0.000604,  27.561
  1291.0,0.019705,0.012470,0.158336,-0.000640,  27.557
  1292.0,0.019707,0.012496,0.158139,-0.000618,  27.565
  1293.0,0.019666,0.012491,0.157890,-0.000604,  27.559
  1294.0,0.019680,0.012501,0.157836,-0.000519,  27.558
  1295.0,0.019672,0.012473,0.157852,-0.000586,  27.555
  1296.0,0.019671,0.012484,0.157728,-0.000604,  27.555
  1297.0,0.019740,0.012482,0.157854,-0.000667,  27.556
  1298.0,0.019672,0.012475,0.157762,-0.000618,  27.559
  1299.0,0.019623,0.012518,0.157659,-0.000613,  27.557
  1300.0,0.019598,0.012463,0.156847,-0.000676,  27.554
  1301.0,0.019616,0.012441,0.157272,-0.000640,  27.554
  1302.0,0.019617,0.012429,0.157488,-0.000694,  27.556
  1303.0,0.019620,0.012438,0.157505,-0.000653,  27.558
  1304.0,0.019596,0.012438,0.157573,-0.000627,  27.557
  1305.0,0.019533,0.012444,0.157338,-0.000662,  27.557
  1306.0,0.019545,0.012423,0.157163,-0.000600,  27.558
  1307.0,0.019568,0.012389,0.157038,-0.000613,  27.558
  1308.0,0.019575,0.012380,0.156962,-0.000635,  27.558
  1309.0,0.019569,0.012409,0.157131,-0.000600,  27.564
  1310.0,0.019567,0.012415,0.156779,-0.000573,  27.558
  1311.0,0.019556,0.012422,0.156110,-0.000532,  27.554
  1312.0,0.019559,0.012414,0.156648,-0.000546,  27.561
  1313.0,0.019556,0.012395,0.156788,-0.000635,  27.561
  1314.0,0.019643,0.012409,0.156030,-0.000649,  27.560
  1315.0,0.019546,0.012393,0.155909,-0.000685,  27.562
  1316.0,0.019488,0.012484,0.155951,-0.000685,  27.559
  1317.0,0.019488,0.012409,0.156200,-0.000649,  27.555
  1318.0,0.019492,0.012372,0.156214,-0.000685,  27.557
  1319.0,0.019494,0.012353,0.156415,-0.000676,  27.557
  1320.0,0.019479,0.012362,0.155660,-0.000711,  27.562
  1321.0,0.019470,0.012374,0.156269,-0.000711,  27.560
  1322.0,0.019401,0.012355,0.156137,-0.000640,  27.563
  1323.0,0.019418,0.012359,0.156073,-0.000613,  27.566
  1324.0,0.019429,0.012296,0.156254,-0.000662,  27.565
  1325.0,0.019423,0.012306,0.156146,-0.000627,  27.563
  1326.0,0.019427,0.012317,0.156098,-0.000613,  27.569
  1327.0,0.019385,0.012324,0.155888,-0.000627,  27.566
  1328.0,0.019405,0.012326,0.155972,-0.000546,  27.568
  1329.0,0.019401,0.012310,0.155844,-0.000635,  27.562
  1330.0,0.019384,0.012309,0.155714,-0.000667,  27.565
  1331.0,0.019435,0.012306,0.155693,-0.000680,  27.568
  1332.0,0.019358,0.012309,0.155729,-0.000680,  27.568
  1333.0,0.019324,0.012374,0.155025,-0.000667,  27.566
  1334.0,0.019290,0.012303,0.154807,-0.000689,  27.564
  1335.0,0.019304,0.012261,0.155008,-0.000680,  27.566
  1336.0,0.019299,0.012240,0.154906,-0.000707,  27.569
  1337.0,0.019287,0.012237,0.154925,-0.000730,  27.571
  1338.0,0.019259,0.012232,0.155036,-0.000631,  27.568
  1339.0,0.019216,0.012231,0.155016,-0.000653,  27.569
  1340.0,0.019224,0.012218,0.154655,-0.000618,  27.570
  1341.0,0.019249,0.012180,0.153243,-0.000653,  27.575
  1342.0,0.019241,0.012192,0.154336,-0.000631,  27.574
  1343.0,0.019236,0.012205,0.154676,-0.000618,  27.576
  1344.0,0.019214,0.012185,0.154645,-0.000653,  27.576
  1345.0,0.019200,0.012192,0.154659,-0.000559,  27.577
  1346.0,0.019208,0.012175,0.154579,-0.000640,  27.574
  1347.0,0.019193,0.012186,0.154519,-0.000680,  27.576
  1348.0,0.019326,0.012192,0.154458,-0.000694,  27.578
  1349.0,0.019218,0.012177,0.154405,-0.000680,  27.578
  1350.0,0.019158,0.012259,0.154578,-0.000716,  27.575
  1351.0,0.019124,0.012192,0.153235,-0.000667,  27.576
  1352.0,0.019125,0.012143,0.153832,-0.000653,  27.579
  1353.0,0.019122,0.012111,0.154112,-0.000680,  27.575
  1354.0,0.019116,0.012129,0.154018,-0.000645,  27.579
  1355.0,0.019139,0.012132,0.154119,-0.000631,  27.576
  1356.0,0.019068,0.012127,0.154082,-0.000631,  27.576
  1357.0,0.019088,0.012125,0.153961,-0.000653,  27.574
  1358.0,0.019112,0.012070,0.153912,-0.000653,  27.576
  1359.0,0.019100,0.012080,0.153826,-0.000604,  27.574
  1360.0,0.019101,0.012110,0.153400,-0.000640,  27.578
  1361.0,0.019076,0.012106,0.153238,-0.000627,  27.573
  1362.0,0.019071,0.012106,0.153323,-0.000524,  27.576
  1363.0,0.019076,0.012097,0.153324,-0.000600,  27.571
  1364.0,0.019078,0.012083,0.153240,-0.000591,  27.571
  1365.0,0.019147,0.012106,0.153240,-0.000653,  27.572
  1366.0,0.019065,0.012112,0.153129,-0.000627,  27.572
  1367.0,0.019029,0.012191,0.153114,-0.000631,  27.569
  1368.0,0.019006,0.012116,0.152998,-0.000653,  27.571
  1369.0,0.019003,0.012078,0.152989,-0.000631,  27.573
  1370.0,0.018995,0.012064,0.152789,-0.000707,  27.569
  1371.0,0.018993,0.012050,0.152681,-0.000694,  27.575
  1372.0,0.018973,0.012052,0.152736,-0.000645,  27.570
  1373.0,0.018946,0.012044,0.153146,-0.000653,  27.574
  1374.0,0.018951,0.012041,0.152814,-0.000653,  27.568
  1375.0,0.018964,0.011997,0.152608,-0.000645,  27.569
  1376.0,0.018969,0.012015,0.152581,-0.000618,  27.572
  1377.0,0.018949,0.012028,0.152380,-0.000631,  27.574
  1378.0,0.018917,0.012029,0.152391,-0.000640,  27.582
  1379.0,0.018916,0.012011,0.152291,-0.000546,  27.582
  1380.0,0.018907,0.011998,0.152019,-0.000569,  27.574
  1381.0,0.018898,0.011998,0.152122,-0.000680,  27.573
  1382.0,0.019006,0.012003,0.152192,-0.000667,  27.571
  1383.0,0.018906,0.012002,0.152099,-0.000645,  27.572
  1384.0,0.018854,0.012067,0.152096,-0.000667,  27.573
  1385.0,0.018837,0.012013,0.151998,-0.000645,  27.569
  1386.0,0.018852,0.011965,0.151845,-0.000680,  27.571
  1387.0,0.018852,0.011941,0.151502,-0.000721,  27.573
  1388.0,0.018821,0.011954,0.151503,-0.000658,  27.573
  1389.0,0.018819,0.011946,0.151060,-0.000680,  27.569
  1390.0,0.018748,0.011939,0.151460,-0.000645,  27.571
  1391.0,0.018773,0.011938,0.151454,-0.000631,  27.571
  1392.0,0.018800,0.011888,0.151458,-0.000667,  27.567
  1393.0,0.018805,0.011901,0.151317,-0.000645,  27.566
  1394.0,0.018776,0.011920,0.151423,-0.000653,  27.574
  1395.0,0.018757,0.011905,0.151415,-0.000640,  27.576
  1396.0,0.018751,0.011906,0.151278,-0.000551,  27.575
  1397.0,0.018748,0.011892,0.150999,-0.000604,  27.577
  1398.0,0.018756,0.011897,0.150970,-0.000618,  27.573
  1399.0,0.018846,0.011898,0.150870,-0.000680,  27.573
  1400.0,0.018756,0.011883,0.150869,-0.000667,  27.565
  1401.0,0.018698,0.011990,0.149883,-0.000658,  27.566
  1402.0,0.018689,0.011907,0.149907,-0.000680,  27.563
  1403.0,0.018683,0.011863,0.150333,-0.000707,  27.566
  1404.0,0.018663,0.011851,0.150388,-0.000685,  27.565
  1405.0,0.018661,0.011840,0.150490,-0.000694,  27.566
  1406.0,0.018641,0.011834,0.150511,-0.000631,  27.564
  1407.0,0.018615,0.011830,0.150358,-0.000667,  27.563
  1408.0,0.018614,0.011820,0.150028,-0.000667,  27.568
  1409.0,0.018636,0.011777,0.150073,-0.000631,  27.566
  1410.0,0.018615,0.011786,0.150156,-0.000653,  27.563
  1411.0,0.018629,0.011808,0.150064,-0.000631,  27.573
  1412.0,0.018594,0.011807,0.149893,-0.000631,  27.569
  1413.0,0.018588,0.011811,0.149967,-0.000559,  27.564
  1414.0,0.018580,0.011790,0.149846,-0.000604,  27.563
  1415.0,0.018561,0.011790,0.149829,-0.000667,  27.565
  1416.0,0.018652,0.011799,0.149661,-0.000667,  27.563
  1417.0,0.018565,0.011801,0.149645,-0.000645,  27.564
  1418.0,0.018525,0.011847,0.149629,-0.000653,  27.567
  1419.0,0.018496,0.011790,0.149539,-0.000631,  27.565
  1420.0,0.018529,0.011758,0.149448,-0.000631,  27.560
  1421.0,0.018532,0.011733,0.149505,-0.000734,  27.560
  1422.0,0.018498,0.011745,0.149616,-0.000698,  27.562
  1423.0,0.018496,0.011746,0.149474,-0.000694,  27.560
  1424.0,0.018431,0.011742,0.149162,-0.000680,  27.559
  1425.0,0.018450,0.011728,0.149116,-0.000645,  27.561
  1426.0,0.018478,0.011697,0.148979,-0.000645,  27.562
  1427.0,0.018474,0.011696,0.148819,-0.000645,  27.561
  1428.0,0.018466,0.011719,0.148749,-0.000680,  27.561
  1429.0,0.018443,0.011721,0.148347,-0.000653,  27.561
  1430.0,0.018435,0.011711,0.147623,-0.000564,  27.556
  1431.0,0.018431,0.011696,0.148065,-0.000640,  27.555
  1432.0,0.018419,0.011695,0.148097,-0.000645,  27.559
  1433.0,0.018506,0.011692,0.147630,-0.000672,  27.558
  1434.0,0.018420,0.011679,0.147461,-0.000680,  27.558
  1435.0,0.018357,0.011783,0.147884,-0.000658,  27.557
  1436.0,0.018324,0.011686,0.148176,-0.000680,  27.553
  1437.0,0.018330,0.011636,0.148297,-0.000680,  27.554
  1438.0,0.018330,0.011614,0.148062,-0.000698,  27.554
  1439.0,0.018333,0.011624,0.147945,-0.000721,  27.557
  1440.0,0.018321,0.011629,0.147764,-0.000663,  27.555
  1441.0,0.018276,0.011620,0.147806,-0.000636,  27.550
  1442.0,0.018259,0.011615,0.147796,-0.000658,  27.556
  1443.0,0.018281,0.011557,0.147535,-0.000649,  27.551
  1444.0,0.018276,0.011570,0.147881,-0.000707,  27.556
  1445.0,0.018278,0.011590,0.147490,-0.000672,  27.559
  1446.0,0.018239,0.011593,0.147445,-0.000636,  27.552
  1447.0,0.018251,0.011588,0.147537,-0.000551,  27.556
  1448.0,0.018247,0.011567,0.147284,-0.000618,  27.554
  1449.0,0.018240,0.011575,0.147105,-0.000680,  27.552
  1450.0,0.018303,0.011564,0.146805,-0.000721,  27.556
  1451.0,0.018224,0.011583,0.147163,-0.000658,  27.556
  1452.0,0.018187,0.011632,0.147008,-0.000680,  27.555
  1453.0,0.018153,0.011565,0.147036,-0.000680,  27.552
  1454.0,0.018172,0.011531,0.146901,-0.000658,  27.553
  1455.0,0.018179,0.011515,0.146812,-0.000712,  27.557
  1456.0,0.018173,0.011524,0.146776,-0.000685,  27.555
  1457.0,0.018160,0.011528,0.146714,-0.000694,  27.554
  1458.0,0.018118,0.011520,0.146435,-0.000680,  27.555
  1459.0,0.018120,0.011505,0.146274,-0.000631,  27.560
  1460.0,0.018140,0.011492,0.146226,-0.000653,  27.561
  1461.0,0.018143,0.011496,0.146359,-0.000653,  27.564
  1462.0,0.018149,0.011513,0.146310,-0.000604,  27.562
  1463.0,0.018146,0.011510,0.146287,-0.000640,  27.562
  1464.0,0.018128,0.011520,0.146091,-0.000537,  27.565
  1465.0,0.018132,0.011504,0.145818,-0.000600,  27.564
  1466.0,0.018116,0.011515,0.145364,-0.000667,  27.562
  1467.0,0.018235,0.011517,0.145669,-0.000645,  27.563
  1468.0,0.018118,0.011495,0.145810,-0.000653,  27.561
  1469.0,0.018064,0.011599,0.146040,-0.000631,  27.563
  1470.0,0.018053,0.011519,0.145818,-0.000653,  27.561
  1471.0,0.018045,0.011473,0.145790,-0.000653,  27.560
  1472.0,0.018051,0.011455,0.145639,-0.000658,  27.563
  1473.0,0.018045,0.011464,0.144917,-0.000680,  27.562
  1474.0,0.018048,0.011467,0.145323,-0.000667,  27.562
  1475.0,0.017994,0.011461,0.145517,-0.000618,  27.562
  1476.0,0.018019,0.011454,0.145526,-0.000591,  27.573
  1477.0,0.018030,0.011398,0.145426,-0.000618,  27.572
  1478.0,0.018024,0.011428,0.145168,-0.000613,  27.564
  1479.0,0.018021,0.011447,0.145216,-0.000613,  27.571
  1480.0,0.017988,0.011445,0.145158,-0.000604,  27.569
  1481.0,0.018011,0.011449,0.144488,-0.000559,  27.572
  1482.0,0.017994,0.011435,0.144870,-0.000600,  27.570
  1483.0,0.018011,0.011445,0.144644,-0.000591,  27.569
  1484.0,0.018035,0.011438,0.144444,-0.000653,  27.569
  1485.0,0.017973,0.011447,0.144588,-0.000604,  27.574
  1486.0,0.017954,0.011462,0.144620,-0.000640,  27.573
  1487.0,0.017922,0.011425,0.144090,-0.000640,  27.569
  1488.0,0.017932,0.011395,0.143962,-0.000577,  27.572
  1489.0,0.017935,0.011384,0.144146,-0.000667,  27.575
  1490.0,0.017926,0.011390,0.144200,-0.000653,  27.572
  1491.0,0.017907,0.011395,0.144323,-0.000631,  27.568
  1492.0,0.017883,0.011401,0.143492,-0.000653,  27.575
  1493.0,0.017863,0.011392,0.143975,-0.000604,  27.572
  1494.0,0.017883,0.011357,0.144016,-0.000640,  27.576
  1495.0,0.017875,0.011356,0.143971,-0.000640,  27.573
  1496.0,0.017864,0.011369,0.143916,-0.000604,  27.581
  1497.0,0.017848,0.011367,0.144037,-0.000613,  27.576
  1498.0,0.017842,0.011357,0.143945,-0.000470,  27.579
  1499.0,0.017849,0.011337,0.143833,-0.000551,  27.575
  1500.0,0.017824,0.011342,0.143590,-0.000618,  27.575
  1501.0,0.017951,0.011341,0.143753,-0.000595,  27.573
  1502.0,0.017843,0.011330,0.143437,-0.000595,  27.581
  1503.0,0.017781,0.011405,0.143288,-0.000653,  27.577
  1504.0,0.017742,0.011342,0.143362,-0.000667,  27.577
  1505.0,0.017748,0.011301,0.143394,-0.000667,  27.578
  1506.0,0.017756,0.011276,0.143232,-0.000694,  27.580
  1507.0,0.017734,0.011276,0.143279,-0.000680,  27.578
  1508.0,0.017728,0.011276,0.143171,-0.000716,  27.579
  1509.0,0.017663,0.011265,0.143148,-0.000667,  27.579
  1510.0,0.017688,0.011265,0.143053,-0.000653,  27.579
  1511.0,0.017715,0.011216,0.143207,-0.000703,  27.581
  1512.0,0.017717,0.011220,0.143138,-0.000653,  27.579
  1513.0,0.017692,0.011249,0.142328,-0.000640,  27.579
  1514.0,0.017676,0.011255,0.142655,-0.000653,  27.582
  1515.0,0.017699,0.011241,0.143029,-0.000573,  27.575
  1516.0,0.017693,0.011224,0.142270,-0.000689,  27.582
  1517.0,0.017707,0.011239,0.142101,-0.000680,  27.577
  1518.0,0.017786,0.011241,0.142443,-0.000707,  27.580
  1519.0,0.017688,0.011239,0.142450,-0.000703,  27.579
  1520.0,0.017647,0.011338,0.142675,-0.000694,  27.583
  1521.0,0.017617,0.011261,0.140572,-0.000694,  27.576
  1522.0,0.017619,0.011218,0.141942,-0.000685,  27.579
  1523.0,0.017611,0.011192,0.142190,-0.000788,  27.585
  1524.0,0.017600,0.011180,0.142001,-0.000761,  27.582
  1525.0,0.017584,0.011186,0.142151,-0.000698,  27.579
  1526.0,0.017556,0.011174,0.142219,-0.000721,  27.585
  1527.0,0.017569,0.011162,0.142261,-0.000698,  27.580
  1528.0,0.017582,0.011120,0.142307,-0.000698,  27.580
  1529.0,0.017583,0.011130,0.142182,-0.000734,  27.585
  1530.0,0.017577,0.011142,0.142199,-0.000698,  27.586
  1531.0,0.017553,0.011156,0.142171,-0.000734,  27.584
  1532.0,0.017552,0.011140,0.142159,-0.000613,  27.583
  1533.0,0.017542,0.011117,0.141926,-0.000658,  27.579
  1534.0,0.017540,0.011138,0.142040,-0.000698,  27.577
  1535.0,0.017672,0.011124,0.141975,-0.000725,  27.578
  1536.0,0.017577,0.011127,0.142015,-0.000788,  27.585
  1537.0,0.017531,0.011203,0.142130,-0.000761,  27.585
  1538.0,0.017506,0.011158,0.141064,-0.000725,  27.584
  1539.0,0.017523,0.011123,0.141594,-0.000774,  27.584
  1540.0,0.017528,0.011090,0.141981,-0.000815,  27.587
  1541.0,0.017519,0.011102,0.141939,-0.000766,  27.590
  1542.0,0.017514,0.011108,0.142031,-0.000752,  27.586
  1543.0,0.017438,0.011106,0.141963,-0.000725,  27.589
  1544.0,0.017479,0.011100,0.141436,-0.000748,  27.586
  1545.0,0.017531,0.011057,0.141858,-0.000739,  27.591
  1546.0,0.017544,0.011066,0.142046,-0.000676,  27.595
  1547.0,0.017555,0.011093,0.142134,-0.000663,  27.597
  1548.0,0.017558,0.011105,0.142149,-0.000676,  27.594
  1549.0,0.017571,0.011115,0.141732,-0.000672,  27.595
  1550.0,0.017568,0.011120,0.141498,-0.000721,  27.595
  1551.0,0.017573,0.011124,0.141877,-0.000712,  27.594
  1552.0,0.017679,0.011124,0.141837,-0.000801,  27.596
  1553.0,0.017617,0.011128,0.141968,-0.000774,  27.595
  1554.0,0.017576,0.011232,0.142240,-0.000739,  27.597
  1555.0,0.017577,0.011163,0.142313,-0.000774,  27.598
  1556.0,0.017565,0.011133,0.142422,-0.000752,  27.594
  1557.0,0.017568,0.011120,0.142240,-0.000815,  27.598
  1558.0,0.017584,0.011105,0.142263,-0.000815,  27.601
  1559.0,0.017592,0.011124,0.142760,-0.000793,  27.601
  1560.0,0.017571,0.011123,0.142880,-0.000801,  27.601
  1561.0,0.017581,0.011140,0.143065,-0.000801,  27.604
  1562.0,0.017619,0.011100,0.143076,-0.000766,  27.599
  1563.0,0.017638,0.011109,0.143158,-0.000779,  27.602
  1564.0,0.017671,0.011135,0.143222,-0.000793,  27.608
  1565.0,0.017661,0.011146,0.143221,-0.000828,  27.606
  1566.0,0.017701,0.011170,0.143002,-0.000694,  27.608
  1567.0,0.017723,0.011162,0.143417,-0.000766,  27.610
  1568.0,0.017722,0.011191,0.143690,-0.000842,  27.606
  1569.0,0.017834,0.011198,0.143808,-0.000882,  27.609
  1570.0,0.017785,0.011216,0.143951,-0.000846,  27.612
  1571.0,0.017766,0.011276,0.142851,-0.000869,  27.613
  1572.0,0.017760,0.011254,0.143910,-0.000833,  27.606
  1573.0,0.017804,0.011232,0.144289,-0.000855,  27.614
  1574.0,0.017837,0.011221,0.144563,-0.000958,  27.613
  1575.0,0.017858,0.011234,0.145086,-0.000922,  27.621
  1576.0,0.017889,0.011254,0.145477,-0.000909,  27.624
  1577.0,0.017861,0.011274,0.145312,-0.000909,  27.624
  1578.0,0.017913,0.011276,0.145786,-0.000895,  27.632
  1579.0,0.017958,0.011266,0.146069,-0.000895,  27.634
  1580.0,0.018021,0.011282,0.146490,-0.000882,  27.638
  1581.0,0.018067,0.011311,0.146728,-0.000909,  27.642
  1582.0,0.018097,0.011343,0.147072,-0.000918,  27.646
  1583.0,0.018137,0.011385,0.147639,-0.000828,  27.647
  1584.0,0.018169,0.011408,0.147890,-0.000869,  27.649
  1585.0,0.018204,0.011424,0.148041,-0.000887,  27.653
  1586.0,0.018378,0.011462,0.148293,-0.000949,  27.656
  1587.0,0.018328,0.011465,0.149052,-0.000989,  27.656
  1588.0,0.018320,0.011609,0.149352,-0.000927,  27.665
  1589.0,0.018368,0.011560,0.149762,-0.000949,  27.673
  1590.0,0.018416,0.011533,0.150140,-0.000976,  27.672
  1591.0,0.018490,0.011547,0.150466,-0.000967,  27.678
  1592.0,0.018535,0.011567,0.150879,-0.001030,  27.685
  1593.0,0.018589,0.011617,0.151646,-0.000967,  27.690
  1594.0,0.018614,0.011649,0.152249,-0.001003,  27.695
  1595.0,0.018704,0.011684,0.152570,-0.000989,  27.694
  1596.0,0.018784,0.011677,0.153352,-0.000994,  27.712
  1597.0,0.018858,0.011733,0.153562,-0.001016,  27.715
  1598.0,0.018962,0.011775,0.154279,-0.000981,  27.725
  1599.0,0.018994,0.011838,0.153315,-0.001030,  27.728
  1600.0,0.019077,0.011891,0.155335,-0.000895,  27.729
  1601.0,0.019164,0.011918,0.156452,-0.000954,  27.733
  1602.0,0.019243,0.011981,0.156477,-0.001070,  27.742
  1603.0,0.019408,0.012022,0.157038,-0.001083,  27.749
  1604.0,0.019444,0.012081,0.158293,-0.001061,  27.760
  1605.0,0.019505,0.012219,0.159170,-0.001048,  27.764
  1606.0,0.019559,0.012213,0.160149,-0.001061,  27.772
  1607.0,0.019646,0.012233,0.161082,-0.001097,  27.779
  1608.0,0.019751,0.012241,0.162154,-0.001151,  27.782
  1609.0,0.019869,0.012303,0.163106,-0.001128,  27.797
  1610.0,0.019972,0.012362,0.163923,-0.001137,  27.806
  1611.0,0.020053,0.012444,0.164338,-0.001137,  27.815
  1612.0,0.020179,0.012502,0.165729,-0.001115,  27.823
  1613.0,0.020300,0.012539,0.165930,-0.001164,  27.837
  1614.0,0.020416,0.012603,0.167503,-0.001142,  27.845
  1615.0,0.020545,0.012682,0.168787,-0.001164,  27.856
  1616.0,0.020672,0.012763,0.170134,-0.001164,  27.874
  1617.0,0.020800,0.012844,0.171242,-0.001048,  27.880
  1618.0,0.020953,0.012917,0.172410,-0.001177,  27.887
  1619.0,0.021081,0.012997,0.173524,-0.001155,  27.897
  1620.0,0.021354,0.013091,0.174567,-0.001182,  27.906
  1621.0,0.021370,0.013147,0.175608,-0.001231,  27.925
  1622.0,0.021468,0.013342,0.177094,-0.001209,  27.933
  1623.0,0.021610,0.013357,0.177589,-0.001245,  27.943
  1624.0,0.021746,0.013413,0.179322,-0.001271,  27.963
  1625.0,0.021910,0.013485,0.181069,-0.001263,  27.975
  1626.0,0.022082,0.013568,0.182571,-0.001263,  27.989
  1627.0,0.022240,0.013665,0.182781,-0.001249,  28.007
  1628.0,0.022345,0.013759,0.184549,-0.001298,  28.018
  1629.0,0.022547,0.013871,0.186044,-0.001285,  28.040
  1630.0,0.022747,0.013924,0.188160,-0.001312,  28.051
  1631.0,0.022968,0.014050,0.189949,-0.001312,  28.070
  1632.0,0.023144,0.014187,0.191717,-0.001312,  28.090
  1633.0,0.023311,0.014320,0.193224,-0.001289,  28.104
  1634.0,0.023534,0.014399,0.195030,-0.001169,  28.122
  1635.0,0.023692,0.014521,0.196285,-0.001222,  28.138
  1636.0,0.023899,0.014669,0.197770,-0.001298,  28.160
  1637.0,0.024170,0.014789,0.199287,-0.001339,  28.173
  1638.0,0.024321,0.014920,0.201111,-0.001303,  28.200
  1639.0,0.024494,0.015144,0.203011,-0.001339,  28.204
  1640.0,0.024681,0.015195,0.204577,-0.001357,  28.233
  1641.0,0.024907,0.015272,0.206907,-0.001464,  28.266
  1642.0,0.025086,0.015367,0.208942,-0.001352,  28.290
  1643.0,0.025298,0.015506,0.211179,-0.001330,  28.314
  1644.0,0.025621,0.015650,0.212886,-0.001365,  28.343
  1645.0,0.025996,0.015792,0.215701,-0.001365,  28.345
  1646.0,0.026222,0.015955,0.217926,-0.001388,  28.392
  1647.0,0.026485,0.016236,0.220375,-0.001231,  28.427
  1648.0,0.026725,0.016347,0.222852,-0.001155,  28.457
  1649.0,0.026941,0.016497,0.224656,-0.001245,  28.484
  1650.0,0.027397,0.016665,0.226907,-0.001298,  28.512
  1651.0,0.027755,0.016810,0.229362,-0.001218,  28.524
  1652.0,0.027935,0.017161,0.231717,-0.001271,  28.574
  1653.0,0.028092,0.017376,0.234760,-0.001159,  28.608
  1654.0,0.028449,0.017466,0.237467,-0.001245,  28.640
  1655.0,0.028613,0.017541,0.239473,-0.001298,  28.670
  1656.0,0.029157,0.017777,0.240205,-0.001339,  28.693
  1657.0,0.029439,0.017711,0.243262,-0.001365,  28.729
  1658.0,0.029615,0.018282,0.246397,-0.001388,  28.778
  1659.0,0.029805,0.018444,0.249394,-0.001231,  28.814
  1660.0,0.030081,0.018546,0.252845,-0.001285,  28.846
  1661.0,0.030367,0.018659,0.255109,-0.001361,  28.876
  1662.0,0.031020,0.018788,0.257631,-0.001401,  28.910
  1663.0,0.031280,0.019021,0.259690,-0.001388,  28.949
  1664.0,0.031464,0.019452,0.262654,-0.001406,  28.979
  1665.0,0.031721,0.019595,0.265543,-0.001379,  29.017
  1666.0,0.032042,0.019711,0.267462,-0.001388,  29.045
  1667.0,0.032291,0.019862,0.269611,-0.001365,  29.075
  1668.0,0.032720,0.020058,0.271474,-0.001298,  29.110
  1669.0,0.033014,0.020143,0.273759,-0.001343,  29.141
  1670.0,0.033194,0.020420,0.276870,-0.001424,  29.176
  1671.0,0.033457,0.020622,0.279442,-0.001406,  29.219
  1672.0,0.033696,0.020775,0.280880,-0.001370,  29.254
  1673.0,0.034030,0.021001,0.284459,-0.001334,  29.289
  1674.0,0.034415,0.021108,0.287070,-0.001357,  29.330
  1675.0,0.034764,0.021327,0.289790,-0.001424,  29.367
  1676.0,0.035071,0.021548,0.292651,-0.001437,  29.404
  1677.0,0.035358,0.021713,0.295092,-0.001424,  29.440
  1678.0,0.035612,0.021923,0.297409,-0.001433,  29.481
  1679.0,0.035942,0.022120,0.299966,-0.001419,  29.519
  1680.0,0.036275,0.022302,0.302575,-0.001383,  29.562
  1681.0,0.036618,0.022479,0.304665,-0.001433,  29.606
  1682.0,0.036920,0.022694,0.307888,-0.001433,  29.641
  1683.0,0.037231,0.022907,0.310740,-0.001397,  29.674
  1684.0,0.037540,0.023070,0.313462,-0.001383,  29.712
  1685.0,0.037826,0.023277,0.315484,-0.001240,  29.751
  1686.0,0.038164,0.023412,0.317799,-0.001365,  29.793
  1687.0,0.038456,0.023668,0.320602,-0.001468,  29.836
  1688.0,0.038882,0.023890,0.323076,-0.001419,  29.875
  1689.0,0.039089,0.024094,0.325777,-0.001419,  29.918
  1690.0,0.039337,0.024365,0.328289,-0.001455,  29.952
  1691.0,0.039707,0.024477,0.331266,-0.001446,  29.990
  1692.0,0.039997,0.024606,0.333873,-0.001446,  30.037
  1693.0,0.040325,0.024828,0.336544,-0.001477,  30.080
  1694.0,0.040633,0.025054,0.339460,-0.001473,  30.121
  1695.0,0.040938,0.025268,0.342135,-0.001473,  30.160
  1696.0,0.041218,0.025471,0.344944,-0.001446,  30.208
  1697.0,0.041619,0.025661,0.347762,-0.001419,  30.248
  1698.0,0.041979,0.025831,0.350555,-0.001446,  30.292
  1699.0,0.042314,0.026039,0.353182,-0.001419,  30.326
  1700.0,0.042575,0.026271,0.355595,-0.001406,  30.367
  1701.0,0.042890,0.026487,0.357809,-0.001370,  30.407
  1702.0,0.043246,0.026699,0.360562,-0.001312,  30.445
  1703.0,0.043573,0.026898,0.362669,-0.001401,  30.490
  1704.0,0.043903,0.027112,0.365896,-0.001392,  30.528
  1705.0,0.044341,0.027337,0.369022,-0.001406,  30.573
  1706.0,0.044510,0.027495,0.371799,-0.001392,  30.607
  1707.0,0.044784,0.027818,0.373929,-0.001392,  30.649
  1708.0,0.045104,0.027930,0.376822,-0.001415,  30.694
  1709.0,0.045444,0.028075,0.379546,-0.001392,  30.739
  1710.0,0.045767,0.028303,0.382287,-0.001406,  30.781
  1711.0,0.046111,0.028501,0.385439,-0.001441,  30.825
  1712.0,0.046432,0.028737,0.388481,-0.001419,  30.862
  1713.0,0.046773,0.028924,0.390843,-0.001406,  30.902
  1714.0,0.047048,0.029124,0.392079,-0.001419,  30.946
  1715.0,0.047396,0.029298,0.395562,-0.001419,  30.997
  1716.0,0.047721,0.029532,0.398683,-0.001428,  31.038
  1717.0,0.048048,0.029750,0.401850,-0.001392,  31.080
  1718.0,0.048298,0.029961,0.404454,-0.001406,  31.123
  1719.0,0.048699,0.030173,0.406941,-0.001280,  31.151
  1720.0,0.049025,0.030306,0.409321,-0.001352,  31.195
  1721.0,0.049293,0.030557,0.411502,-0.001392,  31.241
  1722.0,0.049688,0.030754,0.413725,-0.001383,  31.280
  1723.0,0.049881,0.030968,0.416775,-0.001392,  31.324
  1724.0,0.050164,0.031225,0.419830,-0.001415,  31.362
  1725.0,0.050479,0.031359,0.422410,-0.001370,  31.401
  1726.0,0.050823,0.031548,0.424905,-0.001419,  31.449
  1727.0,0.051138,0.031711,0.427596,-0.001473,  31.496
  1728.0,0.051370,0.031893,0.430721,-0.001446,  31.539
  1729.0,0.051679,0.032096,0.433237,-0.001468,  31.575
  1730.0,0.051961,0.032292,0.435919,-0.001433,  31.622
