Run Name,Group 4 (Lyso & Ribo)
Run Date,01:47:51 PM   03-28-16
Method Name,27% isocratic
Export Format Version, 1.00
Method ID, 3185
Points/Second, 1.00
Number of Records,   1398
Offset from Run Start Time,00:00:00
Run End Time,00:23:17
Time,Second
QuadTec 1, (280.0 nm), AU
QuadTec 2, (260.0 nm), AU
Gradient Pump,<Not Selected>
QuadTec 3, (214.0 nm), AU
QuadTec 4, (405.0 nm), AU
Conductivity,mS/cm
Trace 6,<Not Available>
GP Pressure,PSI
Volume,ml
Fraction,<Not Available>
Time,QuadTec 1,QuadTec 2,QuadTec 3,QuadTec 4,Conductivity,GP Pressure,Volume
     0.0,-0.001877,0.000000,0.012559,0.000000,  87.696,   71,     0.0
     1.0,0.000000,0.000000,0.000000,0.000000,  87.664,   70,     0.0
     2.0,0.000000,0.000000,0.000000,0.000000,  87.626,   66,     0.1
     3.0,0.000000,0.000000,0.000000,0.000000,  87.586,   71,     0.1
     4.0,0.000000,0.000000,0.000000,0.000000,  87.542,   70,     0.1
     5.0,-0.000128,-0.000078,-0.000299,-0.000119,  87.498,   68,     0.2
     6.0,-0.000152,-0.000103,-0.000709,-0.000119,  87.478,   70,     0.2
     7.0,-0.000181,-0.000124,-0.000878,-0.000133,  87.460,   70,     0.2
     8.0,-0.000209,-0.000134,-0.001156,-0.000147,  87.466,   66,     0.3
     9.0,-0.000222,-0.000159,-0.001595,-0.000147,  87.494,   71,     0.3
    10.0,-0.000210,-0.000159,-0.001673,-0.000161,  87.541,   71,     0.3
    11.0,-0.000214,-0.000147,-0.001882,-0.000161,  87.611,   68,     0.4
    12.0,-0.000226,-0.000164,-0.001951,-0.000147,  87.681,   67,     0.4
    13.0,-0.000201,-0.000154,-0.002051,-0.000161,  87.807,   72,     0.4
    14.0,-0.000200,-0.000143,-0.002041,-0.000147,  87.881,   68,     0.5
    15.0,-0.000204,-0.000137,-0.002170,-0.000147,  87.941,   71,     0.5
    16.0,-0.000180,-0.000126,-0.002060,-0.000147,  87.992,   68,     0.5
    17.0,-0.000169,-0.000118,-0.002330,-0.000133,  88.027,   68,     0.6
    18.0,-0.000170,-0.000113,-0.002160,-0.000133,  88.049,   70,     0.6
    19.0,-0.000140,-0.000079,-0.002170,-0.000133,  88.073,   72,     0.6
    20.0,-0.000136,-0.000076,-0.002249,-0.000119,  88.078,   67,     0.7
    21.0,-0.000154,-0.000096,-0.002388,-0.000133,  88.073,   70,     0.7
    22.0,-0.000173,-0.000116,-0.002398,-0.000147,  88.066,   70,     0.7
    23.0,-0.000178,-0.000124,-0.002368,-0.000147,  88.055,   68,     0.8
    24.0,-0.000188,-0.000142,-0.002507,-0.000147,  88.020,   68,     0.8
    25.0,-0.000205,-0.000147,-0.002626,-0.000147,  87.988,   70,     0.8
    26.0,-0.000201,-0.000153,-0.002486,-0.000161,  87.913,   70,     0.9
    27.0,-0.000197,-0.000159,-0.002646,-0.000161,  87.838,   70,     0.9
    28.0,-0.000217,-0.000170,-0.002695,-0.000147,  87.760,   68,     0.9
    29.0,-0.000217,-0.000168,-0.002675,-0.000175,  87.716,   68,     1.0
    30.0,-0.000214,-0.000156,-0.002845,-0.000161,  87.673,   71,     1.0
    31.0,-0.000190,-0.000157,-0.002715,-0.000147,  87.591,   70,     1.0
    32.0,-0.000179,-0.000148,-0.002645,-0.000161,  87.567,   67,     1.1
    33.0,-0.000179,-0.000139,-0.002585,-0.000161,  87.555,   69,     1.1
    34.0,-0.000179,-0.000136,-0.002786,-0.000161,  87.548,   72,     1.1
    35.0,-0.000187,-0.000136,-0.002716,-0.000147,  87.546,   68,     1.2
    36.0,-0.000187,-0.000139,-0.002736,-0.000147,  87.544,   70,     1.2
    37.0,-0.000183,-0.000136,-0.002676,-0.000161,  87.546,   69,     1.2
    38.0,-0.000183,-0.000133,-0.002546,-0.000147,  87.546,   70,     1.3
    39.0,-0.000171,-0.000142,-0.002596,-0.000147,  87.559,   69,     1.3
    40.0,-0.000190,-0.000149,-0.002635,-0.000161,  87.565,   69,     1.3
    41.0,-0.000194,-0.000152,-0.002644,-0.000161,  87.574,   67,     1.4
    42.0,-0.000198,-0.000152,-0.002714,-0.000161,  87.580,   72,     1.4
    43.0,-0.000194,-0.000144,-0.002844,-0.000161,  87.592,   69,     1.4
    44.0,-0.000178,-0.000144,-0.002734,-0.000147,  87.600,   69,     1.5
    45.0,-0.000183,-0.000133,-0.002754,-0.000161,  87.608,   69,     1.5
    46.0,-0.000174,-0.000128,-0.002663,-0.000147,  87.612,   72,     1.5
    47.0,-0.000164,-0.000113,-0.002754,-0.000133,  87.615,   67,     1.6
    48.0,-0.000161,-0.000123,-0.002674,-0.000133,  87.620,   68,     1.6
    49.0,-0.000168,-0.000134,-0.002524,-0.000109,  87.628,   69,     1.6
    50.0,-0.000157,-0.000111,-0.002475,-0.000147,  87.640,   71,     1.7
    51.0,-0.000153,-0.000115,-0.002465,-0.000147,  87.652,   69,     1.7
    52.0,-0.000156,-0.000126,-0.002346,-0.000095,  87.713,   69,     1.7
    53.0,-0.000164,-0.000128,-0.002375,-0.000147,  87.719,   66,     1.8
    54.0,-0.000147,-0.000128,-0.002485,-0.000109,  87.729,   72,     1.8
    55.0,-0.000168,-0.000117,-0.002585,-0.000147,  87.735,   68,     1.8
    56.0,-0.000157,-0.000105,-0.002426,-0.000147,  87.737,   68,     1.9
    57.0,-0.000150,-0.000102,-0.002366,-0.000123,  87.739,   67,     1.9
    58.0,-0.000135,-0.000077,-0.002187,-0.000147,  87.734,   71,     1.9
    59.0,-0.000116,-0.000051,-0.002008,-0.000119,  87.720,   66,     2.0
    60.0,-0.000082,-0.000017,-0.001850,-0.000081,  87.692,   70,     2.0
    61.0,-0.000050,0.000028,-0.001561,-0.000067,  87.660,   69,     2.0
    62.0,0.000003,0.000092,-0.001154,-0.000039,  87.549,   71,     2.1
    63.0,0.000055,0.000148,-0.000856,-0.000035,  87.459,   68,     2.1
    64.0,0.000110,0.000221,-0.000639,-0.000049,  87.346,   72,     2.1
    65.0,0.000185,0.000290,0.000262,0.000059,  87.149,   66,     2.2
    66.0,0.000297,0.000397,0.000931,0.000063,  86.955,   69,     2.2
    67.0,0.000425,0.000537,0.001580,0.000105,  86.662,   68,     2.2
    68.0,0.000546,0.000705,0.002483,0.000241,  86.322,   68,     2.3
    69.0,0.000708,0.000868,0.003397,0.000273,  85.910,   69,     2.3
    70.0,0.000788,0.001043,0.004098,0.000343,  85.428,   74,     2.3
    71.0,0.001022,0.001252,0.005271,0.000493,  84.842,   67,     2.4
    72.0,0.001174,0.001449,0.006111,0.000553,  84.210,   68,     2.4
    73.0,0.001193,0.001577,0.006858,0.000581,  83.463,   68,     2.4
    74.0,0.001475,0.001788,0.007733,0.000721,  82.614,   67,     2.5
    75.0,0.001582,0.001918,0.008404,0.000819,  81.692,   68,     2.5
    76.0,0.001677,0.001957,0.008964,0.000900,  80.675,   71,     2.5
    77.0,0.001883,0.002161,0.009156,0.000931,  79.565,   67,     2.6
    78.0,0.001921,0.002254,0.009524,0.000973,  78.383,   69,     2.6
    79.0,0.001936,0.002260,0.009646,0.001040,  77.101,   68,     2.6
    80.0,0.002048,0.002376,0.009790,0.001110,  75.809,   67,     2.7
    81.0,0.001960,0.002321,0.009475,0.001040,  74.418,   69,     2.7
    82.0,0.001928,0.002238,0.009025,0.001015,  73.054,   70,     2.7
    83.0,0.001950,0.002300,0.008853,0.001057,  71.659,   67,     2.8
    84.0,0.001903,0.002230,0.008252,0.001054,  70.243,   67,     2.8
    85.0,0.001843,0.002086,0.007632,0.000987,  68.846,   68,     2.8
    86.0,0.001836,0.002073,0.006952,0.001001,  67.450,   67,     2.9
    87.0,0.001754,0.002010,0.006193,0.000998,  66.045,   69,     2.9
    88.0,0.001724,0.001914,0.005394,0.000847,  64.702,   69,     2.9
    89.0,0.001685,0.001841,0.004575,0.000847,  63.355,   67,     3.0
    90.0,0.001609,0.001754,0.003911,0.000858,  62.060,   67,     3.0
    91.0,0.001523,0.001698,0.003076,0.000763,  60.819,   67,     3.0
    92.0,0.001542,0.001646,0.002575,0.000830,  59.635,   67,     3.1
    93.0,0.001457,0.001534,0.001884,0.000777,  58.450,   67,     3.1
    94.0,0.001355,0.001493,0.000919,0.000721,  57.376,   68,     3.1
    95.0,0.001375,0.001473,0.000271,0.000760,  56.313,   67,     3.2
    96.0,0.001316,0.001408,-0.000538,0.000679,  55.290,   68,     3.2
    97.0,0.001231,0.001311,-0.001135,0.000623,  54.318,   68,     3.2
    98.0,0.001246,0.001300,-0.001662,0.000675,  53.394,   67,     3.3
    99.0,0.001193,0.001269,-0.002338,0.000637,  52.476,   68,     3.3
   100.0,0.001137,0.001134,-0.002733,0.000647,  51.638,   67,     3.3
   101.0,0.001115,0.001131,-0.003278,0.000609,  50.813,   68,     3.4
   102.0,0.001074,0.001082,-0.003822,0.000581,  50.006,   69,     3.4
   103.0,0.001029,0.001036,-0.004475,0.000605,  49.229,   68,     3.4
   104.0,0.001037,0.001030,-0.004948,0.000567,  48.496,   67,     3.5
   105.0,0.001003,0.000961,-0.005727,0.000553,  47.770,   68,     3.5
   106.0,0.000951,0.000899,-0.006515,0.000549,  47.094,   68,     3.5
   107.0,0.000955,0.000915,-0.006799,0.000511,  46.443,   68,     3.6
   108.0,0.000929,0.000864,-0.007408,0.000511,  45.809,   67,     3.6
   109.0,0.000877,0.000814,-0.007888,0.000497,  45.228,   69,     3.6
   110.0,0.000873,0.000800,-0.008259,0.000497,  44.662,   65,     3.7
   111.0,0.000859,0.000773,-0.008768,0.000521,  44.107,   68,     3.7
   112.0,0.000845,0.000728,-0.009423,0.000455,  43.567,   70,     3.7
   113.0,0.000833,0.000693,-0.009872,0.000469,  43.034,   68,     3.8
   114.0,0.000795,0.000673,-0.010203,0.000493,  42.515,   68,     3.8
   115.0,0.000788,0.000668,-0.010856,0.000427,  42.001,   70,     3.8
   116.0,0.000792,0.000662,-0.011109,0.000441,  41.531,   65,     3.9
   117.0,0.000777,0.000642,-0.011468,0.000451,  41.062,   68,     3.9
   118.0,0.000732,0.000625,-0.011857,0.000413,  40.628,   69,     3.9
   119.0,0.000747,0.000610,-0.012352,0.000451,  40.210,   68,     4.0
   120.0,0.000721,0.000587,-0.012623,0.000451,  39.814,   68,     4.0
   121.0,0.000692,0.000563,-0.012826,0.000427,  39.454,   69,     4.0
   122.0,0.000706,0.000557,-0.013223,0.000451,  39.134,   66,     4.1
   123.0,0.000695,0.000533,-0.013523,0.000413,  38.820,   69,     4.1
   124.0,0.000695,0.000515,-0.013939,0.000427,  38.543,   69,     4.1
   125.0,0.000703,0.000535,-0.013929,0.000451,  38.287,   66,     4.2
   126.0,0.000685,0.000514,-0.014084,0.000413,  38.034,   68,     4.2
   127.0,0.000662,0.000484,-0.014460,0.000427,  37.799,   69,     4.2
   128.0,0.000683,0.000506,-0.014537,0.000451,  37.575,   68,     4.3
   129.0,0.000651,0.000461,-0.015029,0.000465,  37.349,   68,     4.3
   130.0,0.000636,0.000468,-0.015116,0.000437,  37.134,   68,     4.3
   131.0,0.000641,0.000470,-0.015251,0.000413,  36.931,   67,     4.4
   132.0,0.000629,0.000453,-0.015530,0.000399,  36.736,   68,     4.4
   133.0,0.000625,0.000432,-0.015636,0.000423,  36.552,   68,     4.4
   134.0,0.000622,0.000439,-0.016078,0.000385,  36.373,   67,     4.5
   135.0,0.000606,0.000430,-0.016232,0.000385,  36.192,   68,     4.5
   136.0,0.000610,0.000418,-0.016232,0.000409,  36.039,   70,     4.5
   137.0,0.000599,0.000392,-0.016501,0.000462,  35.874,   68,     4.6
   138.0,0.000595,0.000402,-0.016665,0.000409,  35.720,   68,     4.6
   139.0,0.000607,0.000392,-0.016828,0.000409,  35.576,   68,     4.6
   140.0,0.000599,0.000410,-0.016924,0.000423,  35.439,   69,     4.7
   141.0,0.000599,0.000402,-0.017048,0.000448,  35.291,   68,     4.7
   142.0,0.000589,0.000389,-0.017240,0.000462,  35.160,   68,     4.7
   143.0,0.000580,0.000375,-0.017346,0.000409,  35.022,   69,     4.8
   144.0,0.000562,0.000364,-0.017690,0.000448,  34.892,   67,     4.8
   145.0,0.000552,0.000373,-0.017834,0.000434,  34.763,   67,     4.8
   146.0,0.000558,0.000376,-0.017901,0.000395,  34.635,   68,     4.9
   147.0,0.000563,0.000352,-0.017959,0.000434,  34.509,   68,     4.9
   148.0,0.000554,0.000349,-0.018255,0.000434,  34.394,   68,     4.9
   149.0,0.000554,0.000344,-0.018322,0.000420,  34.277,   68,     5.0
   150.0,0.000540,0.000329,-0.018390,0.000434,  34.166,   68,     5.0
   151.0,0.000540,0.000329,-0.018609,0.000381,  34.065,   67,     5.0
   152.0,0.000555,0.000325,-0.018647,0.000420,  33.959,   68,     5.1
   153.0,0.000549,0.000332,-0.018800,0.000434,  33.838,   68,     5.1
   154.0,0.000542,0.000316,-0.018925,0.000381,  33.709,   67,     5.1
   155.0,0.000538,0.000325,-0.019268,0.000420,  33.569,   68,     5.2
   156.0,0.000546,0.000329,-0.019154,0.000434,  33.457,   67,     5.2
   157.0,0.000544,0.000320,-0.019201,0.000395,  33.357,   67,     5.2
   158.0,0.000546,0.000323,-0.019201,0.000434,  33.263,   67,     5.3
   159.0,0.000549,0.000328,-0.019258,0.000409,  33.197,   68,     5.3
   160.0,0.000536,0.000323,-0.019249,0.000448,  33.147,   67,     5.3
   161.0,0.000537,0.000317,-0.019316,0.000423,  33.104,   67,     5.4
   162.0,0.000537,0.000310,-0.019401,0.000371,  33.063,   67,     5.4
   163.0,0.000532,0.000326,-0.019430,0.000395,  33.026,   68,     5.4
   164.0,0.000549,0.000326,-0.019421,0.000385,  32.987,   68,     5.5
   165.0,0.000541,0.000318,-0.019506,0.000357,  32.949,   68,     5.5
   166.0,0.000547,0.000317,-0.019602,0.000395,  32.914,   67,     5.5
   167.0,0.000542,0.000310,-0.019764,0.000357,  32.862,   68,     5.6
   168.0,0.000522,0.000298,-0.019850,0.000395,  32.816,   69,     5.6
   169.0,0.000527,0.000308,-0.019773,0.000409,  32.774,   69,     5.6
   170.0,0.000531,0.000305,-0.019840,0.000357,  32.733,   67,     5.7
   171.0,0.000511,0.000306,-0.019992,0.000381,  32.698,   67,     5.7
   172.0,0.000523,0.000295,-0.020202,0.000357,  32.672,   68,     5.7
   173.0,0.000502,0.000274,-0.020401,0.000343,  32.655,   68,     5.8
   174.0,0.000506,0.000295,-0.020268,0.000381,  32.643,   69,     5.8
   175.0,0.000506,0.000289,-0.020307,0.000357,  32.631,   68,     5.8
   176.0,0.000514,0.000292,-0.020411,0.000343,  32.619,   67,     5.9
   177.0,0.000522,0.000302,-0.020402,0.000381,  32.612,   68,     5.9
   178.0,0.000506,0.000304,-0.020316,0.000395,  32.594,   67,     5.9
   179.0,0.000510,0.000309,-0.020278,0.000381,  32.587,   68,     6.0
   180.0,0.000530,0.000308,-0.020193,0.000357,  32.573,   70,     6.0
   181.0,0.000521,0.000310,-0.020059,0.000343,  32.560,   67,     6.0
   182.0,0.000522,0.000324,-0.020097,0.000395,  32.539,   67,     6.1
   183.0,0.000533,0.000335,-0.020012,0.000357,  32.509,   67,     6.1
   184.0,0.000553,0.000328,-0.020050,0.000357,  32.489,   67,     6.1
   185.0,0.000553,0.000320,-0.019955,0.000409,  32.473,   68,     6.2
   186.0,0.000536,0.000328,-0.019926,0.000385,  32.448,   68,     6.2
   187.0,0.000536,0.000323,-0.019917,0.000395,  32.427,   67,     6.2
   188.0,0.000537,0.000314,-0.020012,0.000409,  32.414,   71,     6.3
   189.0,0.000517,0.000306,-0.020078,0.000357,  32.395,   67,     6.3
   190.0,0.000510,0.000302,-0.020088,0.000395,  32.375,   66,     6.3
   191.0,0.000526,0.000299,-0.020211,0.000357,  32.366,   67,     6.4
   192.0,0.000517,0.000312,-0.020306,0.000357,  32.354,   67,     6.4
   193.0,0.000514,0.000320,-0.020183,0.000395,  32.343,   67,     6.4
   194.0,0.000518,0.000311,-0.020354,0.000357,  32.334,   69,     6.5
   195.0,0.000510,0.000302,-0.020231,0.000357,  32.325,   67,     6.5
   196.0,0.000527,0.000307,-0.020183,0.000395,  32.315,   66,     6.5
   197.0,0.000523,0.000312,-0.020212,0.000395,  32.303,   67,     6.6
   198.0,0.000515,0.000301,-0.020383,0.000381,  32.285,   68,     6.6
   199.0,0.000523,0.000295,-0.020326,0.000357,  32.277,   67,     6.6
   200.0,0.000523,0.000309,-0.020373,0.000343,  32.267,   69,     6.7
   201.0,0.000515,0.000301,-0.020364,0.000381,  32.259,   68,     6.7
   202.0,0.000523,0.000294,-0.020440,0.000357,  32.250,   66,     6.7
   203.0,0.000527,0.000305,-0.020639,0.000381,  32.246,   67,     6.8
   204.0,0.000522,0.000308,-0.020431,0.000434,  32.230,   69,     6.8
   205.0,0.000527,0.000308,-0.020316,0.000434,  32.228,   67,     6.8
   206.0,0.000522,0.000312,-0.020298,0.000395,  32.220,   69,     6.9
   207.0,0.000526,0.000311,-0.020259,0.000409,  32.217,   68,     6.9
   208.0,0.000542,0.000323,-0.020335,0.000395,  32.210,   66,     6.9
   209.0,0.000526,0.000317,-0.020288,0.000434,  32.203,   67,     7.0
   210.0,0.000534,0.000315,-0.020354,0.000434,  32.195,   68,     7.0
   211.0,0.000531,0.000308,-0.020269,0.000381,  32.186,   67,     7.0
   212.0,0.000511,0.000294,-0.020326,0.000420,  32.163,   68,     7.1
   213.0,0.000508,0.000298,-0.020487,0.000434,  32.141,   68,     7.1
   214.0,0.000504,0.000306,-0.020468,0.000381,  32.114,   67,     7.1
   215.0,0.000508,0.000291,-0.020393,0.000381,  32.096,   68,     7.2
   216.0,0.000516,0.000309,-0.020373,0.000357,  32.069,   67,     7.2
   217.0,0.000511,0.000315,-0.020497,0.000395,  32.043,   66,     7.2
   218.0,0.000516,0.000309,-0.020573,0.000357,  32.025,   67,     7.3
   219.0,0.000512,0.000301,-0.020687,0.000357,  32.006,   68,     7.3
   220.0,0.000504,0.000294,-0.020621,0.000395,  31.995,   68,     7.3
   221.0,0.000505,0.000275,-0.020621,0.000357,  31.990,   67,     7.4
   222.0,0.000501,0.000266,-0.020687,0.000343,  31.991,   67,     7.4
   223.0,0.000494,0.000294,-0.020953,0.000367,  31.992,   67,     7.4
   224.0,0.000501,0.000286,-0.020744,0.000329,  32.001,   68,     7.5
   225.0,0.000488,0.000291,-0.020706,0.000329,  32.006,   67,     7.5
   226.0,0.000501,0.000297,-0.020773,0.000367,  32.015,   67,     7.5
   227.0,0.000505,0.000287,-0.020668,0.000329,  32.021,   68,     7.6
   228.0,0.000500,0.000300,-0.020678,0.000367,  32.032,   66,     7.6
   229.0,0.000507,0.000300,-0.020706,0.000343,  32.038,   67,     7.6
   230.0,0.000502,0.000300,-0.020659,0.000343,  32.046,   68,     7.7
   231.0,0.000502,0.000293,-0.020678,0.000381,  32.048,   69,     7.7
   232.0,0.000515,0.000293,-0.020649,0.000357,  32.049,   67,     7.7
   233.0,0.000515,0.000297,-0.020564,0.000343,  32.053,   67,     7.8
   234.0,0.000518,0.000295,-0.020564,0.000381,  32.051,   66,     7.8
   235.0,0.000517,0.000305,-0.020516,0.000357,  32.044,   68,     7.8
   236.0,0.000514,0.000314,-0.020583,0.000381,  32.045,   68,     7.9
   237.0,0.000518,0.000316,-0.020516,0.000357,  32.032,   68,     7.9
   238.0,0.000502,0.000298,-0.020421,0.000343,  32.022,   67,     7.9
   239.0,0.000499,0.000286,-0.020574,0.000381,  32.006,   70,     8.0
   240.0,0.000489,0.000284,-0.020612,0.000357,  31.998,   67,     8.0
   241.0,0.000476,0.000272,-0.020792,0.000329,  31.994,   67,     8.0
   242.0,0.000469,0.000283,-0.020773,0.000367,  31.988,   67,     8.1
   243.0,0.000469,0.000270,-0.020745,0.000329,  31.986,   69,     8.1
   244.0,0.000480,0.000266,-0.020793,0.000329,  31.982,   65,     8.1
   245.0,0.000485,0.000280,-0.020783,0.000367,  31.978,   68,     8.2
   246.0,0.000476,0.000265,-0.021096,0.000329,  31.980,   68,     8.2
   247.0,0.000480,0.000276,-0.020926,0.000367,  31.982,   69,     8.2
   248.0,0.000492,0.000279,-0.020906,0.000329,  31.988,   67,     8.3
   249.0,0.000488,0.000282,-0.021039,0.000329,  31.987,   68,     8.3
   250.0,0.000491,0.000287,-0.020897,0.000367,  31.989,   66,     8.3
   251.0,0.000507,0.000302,-0.020811,0.000367,  31.989,   70,     8.4
   252.0,0.000517,0.000309,-0.020735,0.000367,  31.993,   67,     8.4
   253.0,0.000522,0.000314,-0.020507,0.000420,  31.991,   67,     8.4
   254.0,0.000510,0.000320,-0.020678,0.000434,  31.990,   67,     8.5
   255.0,0.000514,0.000317,-0.020488,0.000434,  31.985,   71,     8.5
   256.0,0.000531,0.000311,-0.020602,0.000409,  31.988,   67,     8.5
   257.0,0.000523,0.000299,-0.020649,0.000343,  31.980,   69,     8.6
   258.0,0.000506,0.000309,-0.020536,0.000381,  31.975,   67,     8.6
   259.0,0.000515,0.000306,-0.020507,0.000434,  31.969,   69,     8.6
   260.0,0.000521,0.000303,-0.020450,0.000381,  31.964,   67,     8.7
   261.0,0.000518,0.000315,-0.020573,0.000420,  31.959,   71,     8.7
   262.0,0.000531,0.000324,-0.020526,0.000434,  31.951,   67,     8.7
   263.0,0.000522,0.000315,-0.020478,0.000381,  31.948,   70,     8.8
   264.0,0.000523,0.000318,-0.020345,0.000420,  31.948,   67,     8.8
   265.0,0.000523,0.000324,-0.020317,0.000434,  31.948,   68,     8.8
   266.0,0.000523,0.000318,-0.020583,0.000420,  31.945,   68,     8.9
   267.0,0.000532,0.000312,-0.020535,0.000434,  31.946,   70,     8.9
   268.0,0.000527,0.000311,-0.020393,0.000395,  31.942,   67,     8.9
   269.0,0.000515,0.000312,-0.020383,0.000434,  31.941,   68,     9.0
   270.0,0.000512,0.000300,-0.020393,0.000434,  31.944,   67,     9.0
   271.0,0.000507,0.000299,-0.020564,0.000381,  31.947,   69,     9.0
   272.0,0.000500,0.000288,-0.020725,0.000420,  31.947,   69,     9.1
   273.0,0.000499,0.000306,-0.020763,0.000434,  31.948,   69,     9.1
   274.0,0.000506,0.000312,-0.020554,0.000381,  31.959,   67,     9.1
   275.0,0.000527,0.000308,-0.020412,0.000381,  31.966,   68,     9.2
   276.0,0.000531,0.000309,-0.020498,0.000381,  31.969,   68,     9.2
   277.0,0.000522,0.000314,-0.020422,0.000420,  31.975,   67,     9.2
   278.0,0.000542,0.000337,-0.020336,0.000434,  31.978,   69,     9.3
   279.0,0.000540,0.000328,-0.020411,0.000395,  31.983,   69,     9.3
   280.0,0.000540,0.000346,-0.020145,0.000409,  31.985,   67,     9.3
   281.0,0.000532,0.000340,-0.020155,0.000385,  31.988,   68,     9.4
   282.0,0.000533,0.000324,-0.020088,0.000357,  31.983,   67,     9.4
   283.0,0.000534,0.000317,-0.020126,0.000395,  31.988,   67,     9.4
   284.0,0.000523,0.000308,-0.020259,0.000357,  31.992,   68,     9.5
   285.0,0.000511,0.000305,-0.020421,0.000395,  31.995,   67,     9.5
   286.0,0.000520,0.000312,-0.020421,0.000357,  32.002,   68,     9.5
   287.0,0.000516,0.000296,-0.020364,0.000357,  32.003,   68,     9.6
   288.0,0.000511,0.000317,-0.020393,0.000434,  32.000,   68,     9.6
   289.0,0.000523,0.000314,-0.020326,0.000434,  31.997,   66,     9.6
   290.0,0.000516,0.000314,-0.020383,0.000395,  32.000,   67,     9.7
   291.0,0.000515,0.000305,-0.020525,0.000434,  32.001,   68,     9.7
   292.0,0.000523,0.000310,-0.020364,0.000434,  32.004,   69,     9.7
   293.0,0.000515,0.000308,-0.020336,0.000395,  32.009,   67,     9.8
   294.0,0.000512,0.000297,-0.020459,0.000434,  32.014,   67,     9.8
   295.0,0.000516,0.000301,-0.020640,0.000409,  32.011,   66,     9.8
   296.0,0.000507,0.000291,-0.020602,0.000381,  32.020,   68,     9.9
   297.0,0.000516,0.000302,-0.020497,0.000357,  32.021,   68,     9.9
   298.0,0.000520,0.000320,-0.020488,0.000343,  32.023,   68,     9.9
   299.0,0.000515,0.000324,-0.020478,0.000381,  32.020,   35,    10.0
   300.0,0.000520,0.000308,-0.020355,0.000434,  32.019,   33,    10.0
   301.0,0.000534,0.000326,-0.020393,0.000381,  32.021,   33,    10.0
   302.0,0.000532,0.000328,-0.020060,0.000406,  32.024,   34,    10.0
   303.0,0.000490,0.000294,-0.019993,0.000378,  32.023,   33,    10.1
   304.0,0.000448,0.000268,-0.020002,0.000378,  32.020,   34,    10.1
   305.0,0.000438,0.000253,-0.020050,0.000353,  32.023,   35,    10.1
   306.0,0.000431,0.000248,-0.020107,0.000339,  32.020,   33,    10.1
   307.0,0.000415,0.000236,-0.020031,0.000325,  32.016,   33,    10.1
   308.0,0.000423,0.000239,-0.020192,0.000287,  32.013,   34,    10.1
   309.0,0.000415,0.000236,-0.020097,0.000287,  32.011,   33,    10.2
   310.0,0.000402,0.000231,-0.020097,0.000311,  32.003,   34,    10.2
   311.0,0.000407,0.000232,-0.020325,0.000273,  32.005,   35,    10.2
   312.0,0.000391,0.000222,-0.020154,0.000273,  31.999,   34,    10.2
   313.0,0.000380,0.000207,-0.020335,0.000297,  31.997,   33,    10.2
   314.0,0.000387,0.000217,-0.020145,0.000311,  31.994,   34,    10.2
   315.0,0.000391,0.000221,-0.020097,0.000297,  31.993,   32,    10.3
   316.0,0.000411,0.000224,-0.019993,0.000259,  31.990,   34,    10.3
   317.0,0.000413,0.000229,-0.019907,0.000273,  31.987,   35,    10.3
   318.0,0.000410,0.000232,-0.020050,0.000322,  31.980,   34,    10.3
   319.0,0.000422,0.000243,-0.019907,0.000336,  31.978,   34,    10.3
   320.0,0.000410,0.000233,-0.019869,0.000311,  31.972,   34,    10.3
   321.0,0.000423,0.000239,-0.019774,0.000350,  31.969,   33,    10.4
   322.0,0.000434,0.000263,-0.019745,0.000364,  31.962,   33,    10.4
   323.0,0.000445,0.000262,-0.019811,0.000339,  31.952,   35,    10.4
   324.0,0.000458,0.000259,-0.019745,0.000325,  31.948,   35,    10.4
   325.0,0.000449,0.000274,-0.019592,0.000353,  31.945,   34,    10.4
   326.0,0.000460,0.000280,-0.019545,0.000392,  31.936,   34,    10.4
   327.0,0.000476,0.000276,-0.019497,0.000392,  31.937,   33,    10.5
   328.0,0.000468,0.000276,-0.019649,0.000353,  31.929,   31,    10.5
   329.0,0.000448,0.000266,-0.019497,0.000392,  31.931,   35,    10.5
   330.0,0.000442,0.000252,-0.019525,0.000392,  31.927,   35,    10.5
   331.0,0.000422,0.000244,-0.019649,0.000301,  31.925,   34,    10.5
   332.0,0.000419,0.000244,-0.019621,0.000325,  31.919,   35,    10.5
   333.0,0.000402,0.000240,-0.019716,0.000364,  31.923,   32,    10.6
   334.0,0.000399,0.000233,-0.019840,0.000364,  31.922,   33,    10.6
   335.0,0.000419,0.000236,-0.019773,0.000364,  31.917,   35,    10.6
   336.0,0.000419,0.000234,-0.019669,0.000325,  31.912,   34,    10.6
   337.0,0.000407,0.000227,-0.019659,0.000350,  31.916,   34,    10.6
   338.0,0.000408,0.000225,-0.019830,0.000364,  31.913,   34,    10.6
   339.0,0.000416,0.000212,-0.019916,0.000325,  31.917,   33,    10.7
   340.0,0.000396,0.000212,-0.019869,0.000336,  31.919,   35,    10.7
   341.0,0.000406,0.000220,-0.019878,0.000336,  31.919,   35,    10.7
   342.0,0.000397,0.000220,-0.019926,0.000283,  31.919,   35,    10.7
   343.0,0.000395,0.000198,-0.020116,0.000322,  31.925,   34,    10.7
   344.0,0.000382,0.000206,-0.020221,0.000283,  31.928,   34,    10.7
   345.0,0.000379,0.000196,-0.020136,0.000322,  31.929,   33,    10.8
   346.0,0.000369,0.000178,-0.020117,0.000297,  31.930,   33,    10.8
   347.0,0.000356,0.000179,-0.020288,0.000245,  31.928,   35,    10.8
   348.0,0.000374,0.000174,-0.020449,0.000308,  31.930,   37,    10.8
   349.0,0.000393,0.000179,-0.020516,0.000308,  31.929,   34,    10.8
   350.0,0.000399,0.000193,-0.020259,0.000283,  31.929,   34,    10.8
   351.0,0.000422,0.000219,-0.020221,0.000336,  31.926,   33,    10.9
   352.0,0.000437,0.000242,-0.020116,0.000350,  31.931,   33,    10.9
   353.0,0.000447,0.000254,-0.019926,0.000350,  31.933,   34,    10.9
   354.0,0.000451,0.000260,-0.019811,0.000311,  31.933,   34,    10.9
   355.0,0.000438,0.000268,-0.019669,0.000339,  31.935,   36,    10.9
   356.0,0.000438,0.000257,-0.019716,0.000378,  31.946,   34,    10.9
   357.0,0.000443,0.000246,-0.019726,0.000325,  31.947,   35,    11.0
   358.0,0.000434,0.000251,-0.019649,0.000301,  31.956,   33,    11.0
   359.0,0.000423,0.000242,-0.019697,0.000325,  31.964,   34,    11.0
   360.0,0.000432,0.000000,-0.019621,0.000000,  31.970,   35,    11.0
   361.0,0.000000,0.000000,0.000000,0.000000,  31.971,   35,    11.0
   362.0,0.000000,0.000000,0.000000,0.000000,  31.975,   35,    11.0
   363.0,0.000000,0.000000,0.000000,0.000000,  31.973,   37,    11.1
   364.0,-0.000009,0.000000,0.000371,-0.000053,  31.977,   37,    11.1
   365.0,-0.000021,-0.000005,0.000028,-0.000053,  31.978,   36,    11.1
   366.0,-0.000026,0.000000,0.000171,-0.000077,  31.978,   34,    11.1
   367.0,-0.000034,-0.000005,0.000238,-0.000053,  31.981,   35,    11.1
   368.0,-0.000033,-0.000009,0.000304,-0.000053,  31.983,   36,    11.1
   369.0,-0.000044,-0.000020,0.000266,-0.000077,  31.990,   36,    11.2
   370.0,-0.000048,-0.000032,0.000142,-0.000053,  31.988,   34,    11.2
   371.0,-0.000050,-0.000032,0.000038,-0.000053,  31.991,   34,    11.2
   372.0,-0.000066,-0.000042,0.000028,-0.000091,  31.990,   33,    11.2
   373.0,-0.000069,-0.000066,-0.000181,-0.000067,  31.994,   34,    11.2
   374.0,-0.000085,-0.000071,-0.000096,-0.000053,  31.997,   34,    11.2
   375.0,-0.000104,-0.000078,-0.000305,-0.000067,  31.993,   36,    11.3
   376.0,-0.000111,-0.000073,-0.000248,-0.000053,  32.004,   36,    11.3
   377.0,-0.000100,-0.000075,-0.000125,-0.000130,  32.005,   34,    11.3
   378.0,-0.000085,-0.000064,-0.000144,-0.000105,  32.004,   33,    11.3
   379.0,-0.000065,-0.000060,-0.000029,-0.000130,  32.005,   35,    11.3
   380.0,-0.000063,-0.000052,0.000066,-0.000116,  32.003,   35,    11.3
   381.0,-0.000064,-0.000047,0.000142,-0.000091,  32.004,   35,    11.4
   382.0,-0.000039,-0.000035,0.000209,-0.000130,  32.000,   33,    11.4
   383.0,-0.000048,-0.000036,0.000276,-0.000116,  32.003,   34,    11.4
   384.0,-0.000043,-0.000035,0.000076,-0.000091,  32.002,   36,    11.4
   385.0,-0.000059,-0.000034,0.000209,-0.000116,  31.999,   35,    11.4
   386.0,-0.000059,-0.000034,0.000162,-0.000091,  32.001,   35,    11.4
   387.0,-0.000058,-0.000049,0.000314,-0.000102,  32.004,   36,    11.5
   388.0,-0.000066,-0.000036,0.000333,-0.000102,  32.001,   34,    11.5
   389.0,-0.000078,-0.000048,0.000095,-0.000077,  32.001,   34,    11.5
   390.0,-0.000069,-0.000048,0.000200,-0.000102,  32.002,   34,    11.5
   391.0,-0.000081,-0.000058,0.000105,-0.000116,  32.000,   34,    11.5
   392.0,-0.000076,-0.000051,0.000266,-0.000067,  32.005,   35,    11.5
   393.0,-0.000074,-0.000046,0.000048,-0.000053,  32.003,   35,    11.6
   394.0,-0.000066,-0.000045,0.000304,-0.000028,  32.002,   32,    11.6
   395.0,-0.000054,-0.000055,0.000076,-0.000028,  32.002,   34,    11.6
   396.0,-0.000054,-0.000044,0.000086,-0.000053,  32.005,   34,    11.6
   397.0,-0.000069,-0.000056,0.000219,-0.000067,  31.998,   35,    11.6
   398.0,-0.000075,-0.000063,0.000076,-0.000067,  31.999,   35,    11.6
   399.0,-0.000083,-0.000071,0.000142,-0.000105,  32.004,   34,    11.7
   400.0,-0.000095,-0.000081,0.000123,-0.000081,  32.003,   34,    11.7
   401.0,-0.000086,-0.000077,0.000152,-0.000081,  32.001,   34,    11.7
   402.0,-0.000079,-0.000078,0.000266,-0.000105,  31.996,   33,    11.7
   403.0,-0.000072,-0.000062,0.000438,-0.000081,  32.001,   35,    11.7
   404.0,-0.000057,-0.000040,0.000839,-0.000053,  31.997,   33,    11.7
   405.0,-0.000043,-0.000030,0.001211,-0.000067,  31.995,   35,    11.8
   406.0,-0.000005,-0.000010,0.001622,-0.000053,  31.999,   33,    11.8
   407.0,0.000021,0.000010,0.002331,-0.000077,  31.997,   34,    11.8
   408.0,0.000042,0.000029,0.003060,-0.000091,  31.987,   33,    11.8
   409.0,0.000079,0.000053,0.003944,-0.000130,  31.994,   35,    11.8
   410.0,0.000108,0.000075,0.004907,-0.000116,  31.989,   35,    11.8
   411.0,0.000172,0.000109,0.006055,-0.000091,  31.989,   35,    11.9
   412.0,0.000223,0.000155,0.007275,-0.000130,  31.985,   34,    11.9
   413.0,0.000296,0.000205,0.008848,-0.000116,  31.989,   33,    11.9
   414.0,0.000402,0.000276,0.010485,-0.000091,  31.973,   33,    11.9
   415.0,0.000505,0.000349,0.012402,-0.000102,  31.979,   35,    11.9
   416.0,0.000635,0.000435,0.014328,-0.000077,  31.975,   35,    11.9
   417.0,0.000804,0.000537,0.016608,-0.000102,  31.973,   35,    12.0
   418.0,0.000979,0.000637,0.019680,-0.000102,  31.974,   33,    12.0
   419.0,0.001171,0.000765,0.022843,-0.000077,  31.974,   34,    12.0
   420.0,0.001410,0.000915,0.026463,-0.000102,  31.971,   33,    12.0
   421.0,0.001637,0.001074,0.030658,-0.000102,  31.971,   34,    12.0
   422.0,0.001876,0.001269,0.035221,-0.000077,  31.971,   35,    12.0
   423.0,0.002177,0.001482,0.040275,-0.000102,  31.974,   34,    12.1
   424.0,0.002533,0.001726,0.045725,-0.000077,  31.976,   33,    12.1
   425.0,0.002890,0.001973,0.051161,-0.000102,  31.965,   34,    12.1
   426.0,0.003289,0.002270,0.056763,-0.000102,  31.963,   34,    12.1
   427.0,0.003724,0.002571,0.063548,-0.000063,  31.953,   36,    12.1
   428.0,0.004180,0.002845,0.070980,-0.000025,  31.953,   33,    12.1
   429.0,0.004663,0.003202,0.078653,-0.000025,  31.947,   35,    12.2
   430.0,0.005195,0.003589,0.086849,0.000000,  31.944,   34,    12.2
   431.0,0.005681,0.003996,0.095450,-0.000025,  31.935,   34,    12.2
   432.0,0.006230,0.004433,0.104829,-0.000063,  31.924,   33,    12.2
   433.0,0.006824,0.004903,0.114427,-0.000053,  31.913,   35,    12.2
   434.0,0.007441,0.005392,0.124510,-0.000077,  31.896,   34,    12.2
   435.0,0.008099,0.005881,0.133540,-0.000053,  31.887,   35,    12.3
   436.0,0.008776,0.006430,0.143405,-0.000053,  31.868,   34,    12.3
   437.0,0.009445,0.006967,0.154027,-0.000039,  31.845,   34,    12.3
   438.0,0.010158,0.007421,0.165118,-0.000039,  31.832,   34,    12.3
   439.0,0.010876,0.008011,0.176186,-0.000025,  31.795,   34,    12.3
   440.0,0.011580,0.008605,0.187494,-0.000049,  31.755,   34,    12.3
   441.0,0.012153,0.009217,0.198672,-0.000011,  31.710,   36,    12.4
   442.0,0.012858,0.009818,0.210022,0.000003,  31.669,   34,    12.4
   443.0,0.013574,0.010426,0.221223,0.000003,  31.636,   34,    12.4
   444.0,0.014290,0.011042,0.232548,-0.000007,  31.605,   34,    12.4
   445.0,0.014956,0.011648,0.240999,-0.000021,  31.569,   34,    12.4
   446.0,0.015637,0.012240,0.251919,0.000031,  31.546,   34,    12.4
   447.0,0.016299,0.012817,0.262302,0.000045,  31.521,   35,    12.5
   448.0,0.016914,0.013274,0.272663,0.000021,  31.485,   34,    12.5
   449.0,0.017517,0.013829,0.282421,0.000045,  31.461,   34,    12.5
   450.0,0.018112,0.014377,0.291994,0.000073,  31.426,   34,    12.5
   451.0,0.018537,0.014883,0.301030,0.000049,  31.393,   34,    12.5
   452.0,0.019080,0.015378,0.309663,0.000073,  31.357,   34,    12.5
   453.0,0.019569,0.015841,0.318096,0.000087,  31.318,   35,    12.6
   454.0,0.020046,0.016283,0.325621,0.000101,  31.268,   34,    12.6
   455.0,0.020461,0.016687,0.331685,0.000101,  31.221,   34,    12.6
   456.0,0.020857,0.017063,0.339124,0.000091,  31.163,   35,    12.6
   457.0,0.021210,0.017371,0.345596,0.000129,  31.102,   35,    12.6
   458.0,0.021519,0.017616,0.352392,0.000129,  31.027,   34,    12.6
   459.0,0.021827,0.017869,0.358571,0.000091,  30.957,   35,    12.7
   460.0,0.022112,0.018123,0.364565,0.000143,  30.876,   33,    12.7
   461.0,0.022284,0.018292,0.369957,0.000171,  30.791,   35,    12.7
   462.0,0.022502,0.018452,0.375361,0.000119,  30.703,   37,    12.7
   463.0,0.022682,0.018564,0.380267,0.000105,  30.609,   35,    12.7
   464.0,0.022814,0.018606,0.384219,0.000091,  30.500,   34,    12.7
   465.0,0.022960,0.018654,0.388914,0.000129,  30.385,   35,    12.8
   466.0,0.023125,0.018669,0.393363,0.000024,  30.263,   34,    12.8
   467.0,0.023260,0.018682,0.398074,0.000024,  30.135,   34,    12.8
   468.0,0.023432,0.018678,0.403165,0.000049,  29.998,   38,    12.8
   469.0,0.023625,0.018654,0.408502,-0.000004,  29.854,   34,    12.8
   470.0,0.023793,0.018624,0.414659,-0.000032,  29.696,   34,    12.8
   471.0,0.024056,0.018628,0.421647,-0.000007,  29.526,   34,    12.9
   472.0,0.024380,0.018649,0.429374,-0.000060,  29.356,   34,    12.9
   473.0,0.024758,0.018694,0.438076,-0.000021,  29.182,   35,    12.9
   474.0,0.025213,0.018776,0.446326,-0.000032,  29.018,   37,    12.9
   475.0,0.025736,0.018894,0.457869,-0.000018,  28.864,   35,    12.9
   476.0,0.026343,0.019033,0.471478,0.000059,  28.716,   34,    12.9
   477.0,0.026981,0.019184,0.486212,0.000087,  28.584,   34,    13.0
   478.0,0.027680,0.019387,0.501690,0.000077,  28.482,   33,    13.0
   479.0,0.028396,0.019618,0.518760,0.000143,  28.406,   34,    13.0
   480.0,0.029046,0.019870,0.537223,0.000157,  28.365,   37,    13.0
   481.0,0.029859,0.020133,0.556058,0.000147,  28.361,   35,    13.0
   482.0,0.030690,0.020441,0.575296,0.000213,  28.387,   34,    13.0
   483.0,0.031522,0.020733,0.594549,0.000189,  28.459,   34,    13.1
   484.0,0.032337,0.021009,0.610285,0.000213,  28.567,   33,    13.1
   485.0,0.033133,0.021286,0.629381,0.000228,  28.697,   34,    13.1
   486.0,0.033970,0.021520,0.649030,0.000150,  28.859,   36,    13.1
   487.0,0.034785,0.021793,0.668201,0.000203,  29.055,   34,    13.1
   488.0,0.035569,0.022089,0.686830,0.000192,  29.260,   34,    13.1
   489.0,0.036262,0.022346,0.704590,0.000178,  29.492,   35,    13.2
   490.0,0.036879,0.022589,0.722194,0.000203,  29.734,   33,    13.2
   491.0,0.037565,0.022834,0.738574,0.000136,  29.974,   34,    13.2
   492.0,0.038298,0.023078,0.754788,0.000189,  30.222,   37,    13.2
   493.0,0.038979,0.023326,0.769518,0.000189,  30.460,   35,    13.2
   494.0,0.039636,0.023574,0.782278,0.000150,  30.698,   35,    13.2
   495.0,0.040291,0.023803,0.796724,0.000189,  30.932,   34,    13.3
   496.0,0.040898,0.023975,0.811125,0.000136,  31.155,   34,    13.3
   497.0,0.041448,0.024162,0.823651,0.000136,  31.359,   35,    13.3
   498.0,0.042044,0.024386,0.836660,0.000161,  31.553,   37,    13.3
   499.0,0.042592,0.024580,0.848984,0.000161,  31.731,   35,    13.3
   500.0,0.043021,0.024781,0.860156,0.000175,  31.899,   36,    13.3
   501.0,0.043529,0.024969,0.870915,0.000199,  32.049,   34,    13.4
   502.0,0.044001,0.025137,0.880827,0.000185,  32.187,   34,    13.4
   503.0,0.044465,0.025300,0.888877,0.000185,  32.303,   34,    13.4
   504.0,0.044909,0.025454,0.897400,0.000199,  32.415,   37,    13.4
   505.0,0.045304,0.025596,0.906006,0.000185,  32.513,   36,    13.4
   506.0,0.045671,0.025697,0.913887,0.000224,  32.608,   34,    13.4
   507.0,0.046017,0.025829,0.920980,0.000199,  32.680,   34,    13.5
   508.0,0.046355,0.025949,0.927261,0.000161,  32.749,   33,    13.5
   509.0,0.046569,0.026026,0.932940,0.000185,  32.815,   34,    13.5
   510.0,0.046863,0.026116,0.938529,0.000199,  32.866,   35,    13.5
   511.0,0.047131,0.026189,0.943688,0.000161,  32.906,   35,    13.5
   512.0,0.047359,0.026279,0.948571,0.000161,  32.948,   35,    13.5
   513.0,0.047553,0.026331,0.951327,0.000161,  32.988,   36,    13.6
   514.0,0.047764,0.026392,0.955760,0.000185,  33.022,   33,    13.6
   515.0,0.047925,0.026433,0.959014,0.000199,  33.039,   34,    13.6
   516.0,0.048099,0.026482,0.962147,0.000175,  33.052,   35,    13.6
   517.0,0.048240,0.026513,0.965099,0.000199,  33.070,   35,    13.6
   518.0,0.048352,0.026538,0.967578,0.000199,  33.082,   35,    13.6
   519.0,0.048451,0.026563,0.968885,0.000175,  33.086,   36,    13.7
   520.0,0.048555,0.026581,0.971338,0.000213,  33.091,   33,    13.7
   521.0,0.048630,0.026580,0.972588,0.000199,  33.091,   34,    13.7
   522.0,0.048696,0.026568,0.974003,0.000199,  33.086,   35,    13.7
   523.0,0.048754,0.026577,0.975072,0.000199,  33.086,   35,    13.7
   524.0,0.048812,0.026568,0.975422,0.000175,  33.074,   36,    13.7
   525.0,0.048841,0.026546,0.976134,0.000185,  33.063,   37,    13.8
   526.0,0.048862,0.026534,0.976343,0.000199,  33.043,   32,    13.8
   527.0,0.048870,0.026520,0.976324,0.000161,  33.027,   34,    13.8
   528.0,0.048887,0.026489,0.976382,0.000171,  33.006,   35,    13.8
   529.0,0.048870,0.026465,0.975982,0.000171,  32.985,   35,    13.8
   530.0,0.048858,0.026433,0.975300,0.000147,  32.959,   35,    13.8
   531.0,0.048829,0.026399,0.974741,0.000171,  32.940,   36,    13.9
   532.0,0.048817,0.026371,0.974013,0.000147,  32.920,   33,    13.9
   533.0,0.048779,0.026328,0.973154,0.000171,  32.897,   33,    13.9
   534.0,0.048747,0.026282,0.972042,0.000171,  32.874,   34,    13.9
   535.0,0.048659,0.026230,0.970605,0.000147,  32.857,   35,    13.9
   536.0,0.048580,0.026174,0.968818,0.000171,  32.839,   35,    13.9
   537.0,0.048497,0.026113,0.966900,0.000171,  32.831,   37,    14.0
   538.0,0.048414,0.026058,0.964814,0.000147,  32.806,   33,    14.0
   539.0,0.048327,0.025996,0.962856,0.000171,  32.794,   34,    14.0
   540.0,0.048248,0.025938,0.960578,0.000171,  32.782,   36,    14.0
   541.0,0.048132,0.025864,0.958129,0.000171,  32.765,   36,    14.0
   542.0,0.048009,0.025775,0.955702,0.000133,  32.755,   33,    14.0
   543.0,0.047901,0.025701,0.953147,0.000147,  32.743,   37,    14.1
   544.0,0.047756,0.025611,0.950238,0.000171,  32.735,   34,    14.1
   545.0,0.047591,0.025529,0.946544,0.000171,  32.716,   34,    14.1
   546.0,0.047429,0.025436,0.943334,0.000161,  32.705,   35,    14.1
   547.0,0.047255,0.025341,0.939580,0.000171,  32.689,   36,    14.1
   548.0,0.047090,0.025240,0.935735,0.000171,  32.677,   35,    14.1
   549.0,0.046937,0.025133,0.932095,0.000147,  32.663,   37,    14.2
   550.0,0.046755,0.025034,0.928504,0.000171,  32.646,   35,    14.2
   551.0,0.046557,0.024936,0.924500,0.000171,  32.638,   34,    14.2
   552.0,0.046376,0.024819,0.920831,0.000171,  32.625,   34,    14.2
   553.0,0.046161,0.024700,0.916730,0.000171,  32.617,   36,    14.2
   554.0,0.045930,0.024577,0.911723,0.000147,  32.606,   35,    14.2
   555.0,0.045724,0.024485,0.907361,0.000185,  32.589,   37,    14.3
   556.0,0.045510,0.024369,0.902775,0.000199,  32.577,   34,    14.3
   557.0,0.045279,0.024249,0.898096,0.000161,  32.573,   34,    14.3
   558.0,0.045090,0.024123,0.893000,0.000199,  32.559,   35,    14.3
   559.0,0.044848,0.023982,0.887689,0.000199,  32.544,   35,    14.3
   560.0,0.044589,0.023836,0.882094,0.000185,  32.538,   34,    14.3
   561.0,0.044326,0.023695,0.876780,0.000161,  32.533,   38,    14.4
   562.0,0.044063,0.023564,0.872486,0.000175,  32.521,   35,    14.4
   563.0,0.043813,0.023429,0.866857,0.000199,  32.516,   34,    14.4
   564.0,0.043546,0.023291,0.861282,0.000199,  32.504,   34,    14.4
   565.0,0.043276,0.023169,0.855866,0.000175,  32.485,   35,    14.4
   566.0,0.042990,0.023019,0.849879,0.000199,  32.478,   35,    14.4
   567.0,0.042690,0.022863,0.843613,0.000199,  32.469,   36,    14.5
   568.0,0.042465,0.022707,0.837398,0.000175,  32.456,   35,    14.5
   569.0,0.042163,0.022551,0.831678,0.000199,  32.437,   34,    14.5
   570.0,0.041869,0.022393,0.825640,0.000213,  32.425,   35,    14.5
   571.0,0.041567,0.022241,0.819181,0.000199,  32.415,   35,    14.5
   572.0,0.041245,0.022060,0.813809,0.000199,  32.404,   34,    14.5
   573.0,0.040947,0.021908,0.807156,0.000161,  32.393,   36,    14.6
   574.0,0.040655,0.021771,0.800825,0.000185,  32.378,   36,    14.6
   575.0,0.040354,0.021616,0.793949,0.000199,  32.371,   34,    14.6
   576.0,0.040040,0.021457,0.787466,0.000175,  32.358,   34,    14.6
   577.0,0.039780,0.021290,0.780665,0.000199,  32.354,   35,    14.6
   578.0,0.039472,0.021138,0.774025,0.000213,  32.347,   35,    14.6
   579.0,0.039155,0.020992,0.767374,0.000189,  32.343,   36,    14.7
   580.0,0.038834,0.020827,0.760722,0.000203,  32.340,   35,    14.7
   581.0,0.038526,0.020681,0.755420,0.000203,  32.327,   34,    14.7
   582.0,0.038214,0.020523,0.748607,0.000256,  32.323,   34,    14.7
   583.0,0.037875,0.020341,0.741641,0.000270,  32.315,   34,    14.7
   584.0,0.037531,0.020192,0.734334,0.000217,  32.315,   34,    14.7
   585.0,0.037208,0.020006,0.727443,0.000256,  32.314,   36,    14.8
   586.0,0.036869,0.019835,0.720469,0.000270,  32.310,   36,    14.8
   587.0,0.036614,0.019658,0.713820,0.000203,  32.301,   34,    14.8
   588.0,0.036268,0.019489,0.706477,0.000242,  32.300,   34,    14.8
   589.0,0.035917,0.019295,0.699360,0.000213,  32.296,   35,    14.8
   590.0,0.035550,0.019107,0.691964,0.000213,  32.290,   34,    14.8
   591.0,0.035212,0.018913,0.685949,0.000228,  32.292,   36,    14.9
   592.0,0.034871,0.018744,0.678876,0.000189,  32.285,   35,    14.9
   593.0,0.034537,0.018584,0.671597,0.000199,  32.274,   35,    14.9
   594.0,0.034200,0.018429,0.664566,0.000199,  32.257,   35,    14.9
   595.0,0.033876,0.018254,0.657397,0.000161,  32.243,   35,    14.9
   596.0,0.033551,0.018076,0.650154,0.000199,  32.228,   34,    14.9
   597.0,0.033286,0.017913,0.643058,0.000199,  32.214,   35,    15.0
   598.0,0.032954,0.017741,0.635828,0.000161,  32.197,   36,    15.0
   599.0,0.032618,0.017569,0.628789,0.000161,  32.184,   34,    15.0
   600.0,0.032299,0.017394,0.621651,0.000161,  32.174,   35,    15.0
   601.0,0.031972,0.017225,0.616005,0.000171,  32.157,   35,    15.0
   602.0,0.031641,0.017059,0.608298,0.000185,  32.141,   34,    15.0
   603.0,0.031338,0.016927,0.601517,0.000147,  32.125,   35,    15.1
   604.0,0.031015,0.016776,0.594699,0.000171,  32.114,   35,    15.1
   605.0,0.030716,0.016626,0.587777,0.000199,  32.097,   35,    15.1
   606.0,0.030413,0.016457,0.581112,0.000147,  32.090,   35,    15.1
   607.0,0.030147,0.016298,0.574079,0.000171,  32.075,   35,    15.1
   608.0,0.029843,0.016131,0.567242,0.000171,  32.060,   34,    15.1
   609.0,0.029516,0.015965,0.560718,0.000171,  32.036,   35,    15.2
   610.0,0.029223,0.015822,0.554083,0.000171,  32.017,   35,    15.2
   611.0,0.028930,0.015663,0.548618,0.000147,  31.997,   34,    15.2
   612.0,0.028628,0.015515,0.541967,0.000171,  31.981,   35,    15.2
   613.0,0.028324,0.015399,0.535379,0.000171,  31.972,   35,    15.2
   614.0,0.028031,0.015236,0.528641,0.000119,  31.963,   34,    15.2
   615.0,0.027750,0.015083,0.521835,0.000157,  31.953,   35,    15.3
   616.0,0.027513,0.014958,0.515620,0.000171,  31.943,   34,    15.3
   617.0,0.027245,0.014814,0.509407,0.000119,  31.950,   35,    15.3
   618.0,0.026972,0.014670,0.502844,0.000157,  31.944,   35,    15.3
   619.0,0.026688,0.014517,0.496781,0.000119,  31.942,   34,    15.3
   620.0,0.026401,0.014376,0.491243,0.000157,  31.941,   33,    15.3
   621.0,0.026141,0.014247,0.485648,0.000171,  31.939,   34,    15.4
   622.0,0.025881,0.014110,0.479596,0.000157,  31.939,   34,    15.4
   623.0,0.025617,0.014015,0.473608,0.000210,  31.946,   33,    15.4
   624.0,0.025370,0.013887,0.467553,0.000171,  31.946,   35,    15.4
   625.0,0.025098,0.013754,0.461635,0.000171,  31.941,   35,    15.4
   626.0,0.024899,0.013610,0.455706,0.000182,  31.942,   33,    15.4
   627.0,0.024639,0.013496,0.449876,0.000143,  31.937,   35,    15.5
   628.0,0.024407,0.013359,0.444071,0.000182,  31.937,   35,    15.5
   629.0,0.024164,0.013246,0.438542,0.000182,  31.933,   36,    15.5
   630.0,0.023937,0.013139,0.433896,0.000143,  31.933,   34,    15.5
   631.0,0.023702,0.013022,0.428444,0.000182,  31.933,   35,    15.5
   632.0,0.023475,0.012921,0.422756,0.000143,  31.935,   33,    15.5
   633.0,0.023252,0.012838,0.417372,0.000143,  31.938,   35,    15.6
   634.0,0.023033,0.012720,0.412121,0.000182,  31.940,   34,    15.6
   635.0,0.022830,0.012623,0.407138,0.000157,  31.946,   34,    15.6
   636.0,0.022670,0.012527,0.401999,0.000157,  31.944,   36,    15.6
   637.0,0.022451,0.012435,0.396646,0.000196,  31.947,   35,    15.6
   638.0,0.022252,0.012325,0.391639,0.000196,  31.947,   34,    15.6
   639.0,0.022053,0.012226,0.386699,0.000196,  31.955,   34,    15.7
   640.0,0.021862,0.012127,0.382797,0.000171,  31.954,   34,    15.7
   641.0,0.021671,0.012040,0.377930,0.000157,  31.961,   34,    15.7
   642.0,0.021495,0.011962,0.373240,0.000157,  31.956,   36,    15.7
   643.0,0.021325,0.011891,0.368619,0.000171,  31.957,   35,    15.7
   644.0,0.021145,0.011814,0.363986,0.000133,  31.959,   33,    15.7
   645.0,0.020990,0.011730,0.359558,0.000185,  31.955,   34,    15.8
   646.0,0.020850,0.011662,0.355123,0.000199,  31.956,   33,    15.8
   647.0,0.020670,0.011582,0.350737,0.000161,  31.957,   34,    15.8
   648.0,0.020515,0.011502,0.346520,0.000161,  31.957,   36,    15.8
   649.0,0.020347,0.011422,0.342382,0.000161,  31.960,   34,    15.8
   650.0,0.020188,0.011344,0.338862,0.000185,  31.960,   34,    15.8
   651.0,0.020033,0.011263,0.334682,0.000199,  31.959,   34,    15.9
   652.0,0.019881,0.011204,0.330664,0.000147,  31.961,   33,    15.9
   653.0,0.019734,0.011129,0.326837,0.000171,  31.958,   34,    15.9
   654.0,0.019587,0.011051,0.322890,0.000171,  31.964,   36,    15.9
   655.0,0.019434,0.010985,0.319099,0.000119,  31.960,   35,    15.9
   656.0,0.019314,0.010922,0.315172,0.000157,  31.967,   34,    15.9
   657.0,0.019207,0.010857,0.311378,0.000171,  31.966,   34,    16.0
   658.0,0.019086,0.010788,0.307723,0.000157,  31.968,   33,    16.0
   659.0,0.018959,0.010746,0.304436,0.000157,  31.971,   34,    16.0
   660.0,0.018850,0.010705,0.301192,0.000147,  31.971,   35,    16.0
   661.0,0.018746,0.010663,0.297849,0.000171,  31.974,   35,    16.0
   662.0,0.018642,0.010619,0.294681,0.000171,  31.974,   35,    16.0
   663.0,0.018537,0.010580,0.291360,0.000147,  31.977,   35,    16.1
   664.0,0.018440,0.010531,0.288111,0.000171,  31.976,   32,    16.1
   665.0,0.018367,0.010500,0.285077,0.000171,  31.979,   34,    16.1
   666.0,0.018266,0.010449,0.281785,0.000147,  31.983,   36,    16.1
   667.0,0.018174,0.010402,0.278849,0.000171,  31.984,   34,    16.1
   668.0,0.018076,0.010361,0.275639,0.000147,  31.987,   35,    16.1
   669.0,0.017991,0.010324,0.273085,0.000171,  31.990,   34,    16.2
   670.0,0.017910,0.010291,0.270622,0.000171,  31.990,   31,    16.2
   671.0,0.017833,0.010259,0.267788,0.000147,  31.992,   34,    16.2
   672.0,0.017763,0.010238,0.265145,0.000157,  31.994,   35,    16.2
   673.0,0.017698,0.010208,0.262293,0.000171,  31.999,   35,    16.2
   674.0,0.017621,0.010182,0.259761,0.000119,  32.001,   36,    16.2
   675.0,0.017563,0.010145,0.257387,0.000157,  32.005,   35,    16.3
   676.0,0.017505,0.010122,0.254710,0.000171,  32.005,   32,    16.3
   677.0,0.017443,0.010102,0.252275,0.000157,  32.005,   35,    16.3
   678.0,0.017389,0.010083,0.249964,0.000133,  32.008,   35,    16.3
   679.0,0.017339,0.010080,0.248080,0.000119,  32.014,   35,    16.3
   680.0,0.017300,0.010063,0.245930,0.000157,  32.011,   34,    16.3
   681.0,0.017274,0.010041,0.243691,0.000171,  32.014,   35,    16.4
   682.0,0.017228,0.010030,0.241482,0.000147,  32.012,   35,    16.4
   683.0,0.017189,0.010013,0.239346,0.000171,  32.017,   34,    16.4
   684.0,0.017159,0.010010,0.237282,0.000171,  32.012,   35,    16.4
   685.0,0.017132,0.010006,0.235288,0.000119,  32.011,   36,    16.4
   686.0,0.017101,0.010004,0.233271,0.000157,  32.016,   36,    16.4
   687.0,0.017049,0.009982,0.231462,0.000157,  32.012,   35,    16.5
   688.0,0.017023,0.009979,0.229504,0.000157,  32.011,   33,    16.5
   689.0,0.017004,0.009971,0.228029,0.000171,  32.007,   34,    16.5
   690.0,0.016976,0.009971,0.226296,0.000119,  32.009,   36,    16.5
   691.0,0.016961,0.009975,0.224685,0.000143,  32.004,   35,    16.5
   692.0,0.016962,0.009975,0.223067,0.000143,  32.000,   35,    16.5
   693.0,0.016957,0.009993,0.221521,0.000105,  32.001,   35,    16.6
   694.0,0.016958,0.009998,0.220000,0.000143,  32.003,   33,    16.6
   695.0,0.016945,0.010010,0.218535,0.000143,  31.999,   35,    16.6
   696.0,0.016953,0.010018,0.217078,0.000105,  31.997,   34,    16.6
   697.0,0.016954,0.010019,0.215750,0.000091,  32.002,   35,    16.6
   698.0,0.016938,0.010019,0.214415,0.000091,  31.998,   36,    16.6
   699.0,0.016926,0.010013,0.213242,0.000115,  32.003,   35,    16.7
   700.0,0.016922,0.010021,0.211852,0.000115,  32.002,   32,    16.7
   701.0,0.016926,0.010034,0.210436,0.000077,  31.997,   35,    16.7
   702.0,0.016930,0.010045,0.209158,0.000115,  32.002,   35,    16.7
   703.0,0.016958,0.010069,0.207998,0.000101,  32.001,   34,    16.7
   704.0,0.016969,0.010084,0.206925,0.000101,  32.000,   35,    16.7
   705.0,0.016980,0.010092,0.205655,0.000126,  31.998,   36,    16.8
   706.0,0.016996,0.010117,0.204554,0.000101,  31.993,   35,    16.8
   707.0,0.017023,0.010137,0.203434,0.000140,  31.993,   35,    16.8
   708.0,0.017066,0.010167,0.202604,0.000101,  31.991,   34,    16.8
   709.0,0.017100,0.010204,0.201876,0.000101,  31.987,   35,    16.8
   710.0,0.017134,0.010230,0.201232,0.000154,  31.986,   36,    16.8
   711.0,0.017181,0.010262,0.200352,0.000115,  31.986,   36,    16.9
   712.0,0.017200,0.010282,0.199558,0.000063,  31.979,   33,    16.9
   713.0,0.017235,0.010307,0.198783,0.000101,  31.980,   33,    16.9
   714.0,0.017262,0.010340,0.197788,0.000101,  31.981,   33,    16.9
   715.0,0.017296,0.010372,0.197441,0.000091,  31.979,   35,    16.9
   716.0,0.017360,0.010408,0.196861,0.000115,  31.978,   35,    16.9
   717.0,0.017406,0.010456,0.196282,0.000105,  31.974,   35,    17.0
   718.0,0.017444,0.010479,0.195722,0.000129,  31.977,   33,    17.0
   719.0,0.017498,0.010524,0.195104,0.000143,  31.978,   33,    17.0
   720.0,0.017571,0.010577,0.194696,0.000091,  31.974,   33,    17.0
   721.0,0.017641,0.010609,0.194237,0.000143,  31.975,   35,    17.0
   722.0,0.017696,0.010663,0.194090,0.000143,  31.976,   35,    17.0
   723.0,0.017742,0.010702,0.193722,0.000105,  31.977,   35,    17.1
   724.0,0.017781,0.010725,0.193326,0.000143,  31.971,   34,    17.1
   725.0,0.017823,0.010767,0.192870,0.000143,  31.971,   33,    17.1
   726.0,0.017860,0.010797,0.192395,0.000168,  31.967,   33,    17.1
   727.0,0.017915,0.010824,0.192059,0.000168,  31.963,   35,    17.1
   728.0,0.017968,0.010874,0.191742,0.000115,  31.963,   35,    17.1
   729.0,0.018030,0.010919,0.191575,0.000154,  31.957,   35,    17.2
   730.0,0.018093,0.010955,0.191289,0.000115,  31.955,   34,    17.2
   731.0,0.018163,0.010990,0.190943,0.000115,  31.951,   34,    17.2
   732.0,0.018228,0.011026,0.190726,0.000154,  31.945,   34,    17.2
   733.0,0.018299,0.011080,0.190619,0.000087,  31.946,   36,    17.2
   734.0,0.018344,0.011115,0.190391,0.000101,  31.942,   36,    17.2
   735.0,0.018431,0.011160,0.190223,0.000126,  31.938,   36,    17.3
   736.0,0.018488,0.011207,0.189938,0.000140,  31.930,   35,    17.3
   737.0,0.018553,0.011254,0.189849,0.000140,  31.927,   34,    17.3
   738.0,0.018631,0.011305,0.189840,0.000101,  31.917,   34,    17.3
   739.0,0.018716,0.011356,0.189741,0.000063,  31.922,   35,    17.3
   740.0,0.018782,0.011395,0.189701,0.000101,  31.920,   35,    17.3
   741.0,0.018867,0.011458,0.189692,0.000101,  31.917,   34,    17.4
   742.0,0.018937,0.011494,0.189238,0.000101,  31.918,   34,    17.4
   743.0,0.019007,0.011547,0.189613,0.000140,  31.920,   32,    17.4
   744.0,0.019100,0.011616,0.189692,0.000101,  31.916,   35,    17.4
   745.0,0.019189,0.011678,0.190096,0.000126,  31.912,   34,    17.4
   746.0,0.019275,0.011724,0.189936,0.000140,  31.912,   35,    17.4
   747.0,0.019372,0.011794,0.190203,0.000101,  31.906,   35,    17.5
   748.0,0.019445,0.011841,0.190292,0.000140,  31.906,   34,    17.5
   749.0,0.019546,0.011915,0.190410,0.000101,  31.903,   34,    17.5
   750.0,0.019631,0.011966,0.190746,0.000101,  31.899,   35,    17.5
   751.0,0.019719,0.012025,0.191032,0.000140,  31.895,   35,    17.5
   752.0,0.019830,0.012098,0.191278,0.000101,  31.895,   35,    17.5
   753.0,0.019903,0.012173,0.191683,0.000101,  31.888,   35,    17.6
   754.0,0.019973,0.012202,0.191592,0.000140,  31.879,   35,    17.6
   755.0,0.020038,0.012254,0.191940,0.000154,  31.872,   35,    17.6
   756.0,0.020119,0.012319,0.192187,0.000154,  31.870,   35,    17.6
   757.0,0.020229,0.012369,0.192365,0.000101,  31.866,   35,    17.6
   758.0,0.020314,0.012429,0.192682,0.000101,  31.865,   35,    17.6
   759.0,0.020407,0.012492,0.192769,0.000140,  31.864,   35,    17.7
   760.0,0.020505,0.012545,0.193247,0.000101,  31.861,   36,    17.7
   761.0,0.020602,0.012601,0.193704,0.000129,  31.864,   34,    17.7
   762.0,0.020704,0.012670,0.193881,0.000154,  31.865,   34,    17.7
   763.0,0.020777,0.012724,0.194219,0.000115,  31.857,   35,    17.7
   764.0,0.020843,0.012781,0.194527,0.000115,  31.861,   34,    17.7
   765.0,0.020961,0.012859,0.194835,0.000154,  31.859,   35,    17.8
   766.0,0.021041,0.012913,0.195093,0.000115,  31.854,   36,    17.8
   767.0,0.021142,0.012982,0.195502,0.000168,  31.855,   35,    17.8
   768.0,0.021256,0.013056,0.195740,0.000143,  31.856,   37,    17.8
   769.0,0.021349,0.013103,0.196460,0.000129,  31.855,   35,    17.8
   770.0,0.021438,0.013157,0.196941,0.000154,  31.854,   34,    17.8
   771.0,0.021533,0.013215,0.197220,0.000115,  31.856,   35,    17.9
   772.0,0.021611,0.013257,0.197722,0.000115,  31.852,   35,    17.9
   773.0,0.021700,0.013318,0.197890,0.000154,  31.856,   34,    17.9
   774.0,0.021785,0.013376,0.198170,0.000101,  31.859,   36,    17.9
   775.0,0.021875,0.013432,0.198713,0.000140,  31.862,   35,    17.9
   776.0,0.021977,0.013501,0.199094,0.000101,  31.870,   34,    17.9
   777.0,0.022070,0.013573,0.199567,0.000101,  31.873,   34,    18.0
   778.0,0.022144,0.013627,0.199879,0.000140,  31.879,   35,    18.0
   779.0,0.022246,0.013667,0.200078,0.000101,  31.884,   35,    18.0
   780.0,0.022335,0.013722,0.200797,0.000101,  31.896,   36,    18.0
   781.0,0.022429,0.013785,0.201373,0.000140,  31.899,   35,    18.0
   782.0,0.022527,0.013851,0.201819,0.000101,  31.907,   33,    18.0
   783.0,0.022608,0.013908,0.202263,0.000101,  31.915,   34,    18.1
   784.0,0.022695,0.013971,0.202730,0.000140,  31.921,   36,    18.1
   785.0,0.022788,0.014024,0.203135,0.000140,  31.923,   34,    18.1
   786.0,0.022877,0.014078,0.203479,0.000140,  31.927,   36,    18.1
   787.0,0.022961,0.014117,0.203967,0.000101,  31.925,   35,    18.1
   788.0,0.023034,0.014156,0.204095,0.000101,  31.931,   34,    18.1
   789.0,0.023140,0.014215,0.204646,0.000112,  31.924,   35,    18.2
   790.0,0.023239,0.014285,0.205127,0.000073,  31.928,   36,    18.2
   791.0,0.023339,0.014348,0.205441,0.000101,  31.927,   34,    18.2
   792.0,0.023426,0.014417,0.205971,0.000126,  31.921,   36,    18.2
   793.0,0.023520,0.014493,0.206760,0.000101,  31.919,   35,    18.2
   794.0,0.023623,0.014540,0.207239,0.000140,  31.907,   35,    18.2
   795.0,0.023721,0.014606,0.207804,0.000140,  31.901,   35,    18.3
   796.0,0.023807,0.014666,0.207923,0.000101,  31.894,   34,    18.3
   797.0,0.023904,0.014734,0.208572,0.000140,  31.885,   34,    18.3
   798.0,0.024018,0.014797,0.209108,0.000101,  31.874,   36,    18.3
   799.0,0.024112,0.014842,0.209756,0.000101,  31.861,   35,    18.3
   800.0,0.024202,0.014909,0.210291,0.000140,  31.851,   36,    18.3
   801.0,0.024301,0.014964,0.210765,0.000101,  31.839,   34,    18.4
   802.0,0.024355,0.015023,0.211218,0.000115,  31.829,   35,    18.4
   803.0,0.024469,0.015103,0.211893,0.000154,  31.823,   35,    18.4
   804.0,0.024567,0.015163,0.212577,0.000168,  31.812,   36,    18.4
   805.0,0.024678,0.015235,0.212828,0.000168,  31.812,   35,    18.4
   806.0,0.024776,0.015288,0.213381,0.000143,  31.815,   35,    18.4
   807.0,0.024862,0.015355,0.214153,0.000143,  31.814,   33,    18.5
   808.0,0.024939,0.015388,0.214569,0.000182,  31.821,   35,    18.5
   809.0,0.025034,0.015454,0.215153,0.000143,  31.823,   34,    18.5
   810.0,0.025113,0.015503,0.215589,0.000129,  31.833,   36,    18.5
   811.0,0.025171,0.015550,0.216174,0.000129,  31.837,   37,    18.5
   812.0,0.025249,0.015604,0.216742,0.000129,  31.852,   35,    18.5
   813.0,0.025324,0.015646,0.217169,0.000077,  31.863,   35,    18.6
   814.0,0.025407,0.015679,0.217556,0.000077,  31.874,   36,    18.6
   815.0,0.025486,0.015745,0.218031,0.000077,  31.882,   35,    18.6
   816.0,0.025585,0.015797,0.218365,0.000115,  31.888,   34,    18.6
   817.0,0.025668,0.015848,0.218955,0.000115,  31.897,   36,    18.6
   818.0,0.025734,0.015875,0.219438,0.000077,  31.909,   35,    18.6
   819.0,0.025817,0.015927,0.219817,0.000115,  31.916,   36,    18.7
   820.0,0.025884,0.015972,0.220187,0.000101,  31.921,   35,    18.7
   821.0,0.025959,0.016020,0.220403,0.000101,  31.920,   35,    18.7
   822.0,0.026034,0.016068,0.221052,0.000126,  31.925,   36,    18.7
   823.0,0.026096,0.016116,0.221496,0.000087,  31.928,   35,    18.7
   824.0,0.026179,0.016153,0.221997,0.000112,  31.926,   35,    18.7
   825.0,0.026261,0.016213,0.222401,0.000179,  31.928,   34,    18.8
   826.0,0.026332,0.016263,0.222825,0.000140,  31.925,   35,    18.8
   827.0,0.026435,0.016324,0.223357,0.000140,  31.921,   36,    18.8
   828.0,0.026510,0.016363,0.223899,0.000101,  31.922,   35,    18.8
   829.0,0.026581,0.016411,0.224368,0.000101,  31.919,   35,    18.8
   830.0,0.026648,0.016465,0.224640,0.000126,  31.921,   35,    18.8
   831.0,0.026702,0.016507,0.225206,0.000101,  31.918,   34,    18.9
   832.0,0.026773,0.016546,0.225527,0.000101,  31.917,   32,    18.9
   833.0,0.026853,0.016605,0.225921,0.000154,  31.915,   35,    18.9
   834.0,0.026920,0.016636,0.226039,0.000101,  31.914,   36,    18.9
   835.0,0.026970,0.016664,0.226527,0.000126,  31.912,   35,    18.9
   836.0,0.027043,0.016712,0.226926,0.000101,  31.911,   35,    18.9
   837.0,0.027117,0.016752,0.227463,0.000101,  31.907,   34,    19.0
   838.0,0.027193,0.016778,0.227798,0.000126,  31.909,   35,    19.0
   839.0,0.027264,0.016833,0.228258,0.000101,  31.909,   36,    19.0
   840.0,0.027310,0.016872,0.228558,0.000101,  31.903,   36,    19.0
   841.0,0.027382,0.016923,0.229101,0.000126,  31.906,   35,    19.0
   842.0,0.027441,0.016963,0.229531,0.000101,  31.905,   35,    19.0
   843.0,0.027524,0.017011,0.230052,0.000126,  31.903,   35,    19.1
   844.0,0.027592,0.017056,0.230242,0.000101,  31.901,   35,    19.1
   845.0,0.027650,0.017095,0.230709,0.000101,  31.893,   35,    19.1
   846.0,0.027718,0.017121,0.231154,0.000126,  31.896,   35,    19.1
   847.0,0.027761,0.017145,0.231465,0.000101,  31.894,   34,    19.1
   848.0,0.027804,0.017173,0.231536,0.000101,  31.889,   34,    19.1
   849.0,0.027880,0.017218,0.232028,0.000126,  31.882,   34,    19.2
   850.0,0.027923,0.017252,0.232330,0.000101,  31.881,   35,    19.2
   851.0,0.027991,0.017296,0.232642,0.000101,  31.878,   36,    19.2
   852.0,0.028046,0.017329,0.232909,0.000112,  31.875,   35,    19.2
   853.0,0.028089,0.017359,0.233401,0.000126,  31.878,   35,    19.2
   854.0,0.028161,0.017399,0.233620,0.000126,  31.872,   34,    19.2
   855.0,0.028225,0.017438,0.234058,0.000101,  31.869,   34,    19.3
   856.0,0.028276,0.017462,0.234366,0.000063,  31.878,   36,    19.3
   857.0,0.028343,0.017507,0.234693,0.000087,  31.875,   35,    19.3
   858.0,0.028386,0.017549,0.235003,0.000101,  31.880,   33,    19.3
   859.0,0.028433,0.017580,0.235400,0.000063,  31.883,   35,    19.3
   860.0,0.028481,0.017613,0.235579,0.000101,  31.881,   35,    19.3
   861.0,0.028528,0.017638,0.235861,0.000101,  31.884,   35,    19.4
   862.0,0.028571,0.017679,0.236291,0.000101,  31.895,   35,    19.4
   863.0,0.028635,0.017728,0.236620,0.000101,  31.897,   35,    19.4
   864.0,0.028683,0.017733,0.237051,0.000063,  31.895,   32,    19.4
   865.0,0.028710,0.017750,0.237090,0.000101,  31.895,   35,    19.4
   866.0,0.028758,0.017785,0.237508,0.000101,  31.898,   35,    19.4
   867.0,0.028801,0.017805,0.237719,0.000063,  31.905,   36,    19.5
   868.0,0.028824,0.017833,0.237725,0.000101,  31.905,   36,    19.5
   869.0,0.028860,0.017857,0.238181,0.000101,  31.903,   36,    19.5
   870.0,0.028916,0.017878,0.238243,0.000063,  31.911,   34,    19.5
   871.0,0.028944,0.017889,0.238544,0.000101,  31.913,   34,    19.5
   872.0,0.028984,0.017923,0.238765,0.000063,  31.913,   36,    19.5
   873.0,0.029027,0.017950,0.239053,0.000101,  31.918,   35,    19.6
   874.0,0.029055,0.017975,0.239298,0.000101,  31.920,   35,    19.6
   875.0,0.029110,0.018005,0.239370,0.000063,  31.922,   37,    19.6
   876.0,0.029142,0.018010,0.239484,0.000087,  31.927,   36,    19.6
   877.0,0.029170,0.018038,0.239890,0.000101,  31.927,   35,    19.6
   878.0,0.029214,0.018050,0.240008,0.000063,  31.927,   36,    19.6
   879.0,0.029237,0.018073,0.240311,0.000087,  31.928,   35,    19.7
   880.0,0.029265,0.018095,0.240500,0.000101,  31.927,   35,    19.7
   881.0,0.029292,0.018122,0.240472,0.000101,  31.927,   35,    19.7
   882.0,0.029329,0.018144,0.240718,0.000063,  31.929,   35,    19.7
   883.0,0.029348,0.018156,0.240493,0.000063,  31.923,   36,    19.7
   884.0,0.029376,0.018184,0.240937,0.000087,  31.918,   37,    19.7
   885.0,0.029428,0.018211,0.241117,0.000101,  31.920,   34,    19.8
   886.0,0.029463,0.018232,0.241259,0.000129,  31.918,   35,    19.8
   887.0,0.029495,0.018265,0.241411,0.000154,  31.914,   35,    19.8
   888.0,0.029518,0.018280,0.241691,0.000115,  31.913,   36,    19.8
   889.0,0.029555,0.018294,0.241915,0.000115,  31.916,   35,    19.8
   890.0,0.029575,0.018309,0.242010,0.000154,  31.918,   37,    19.8
   891.0,0.029594,0.018328,0.242143,0.000168,  31.918,   34,    19.9
   892.0,0.029615,0.018340,0.242300,0.000168,  31.916,   35,    19.9
   893.0,0.029643,0.018373,0.242329,0.000143,  31.920,   35,    19.9
   894.0,0.029650,0.018379,0.242543,0.000143,  31.920,   36,    19.9
   895.0,0.029678,0.018389,0.242424,0.000182,  31.927,   35,    19.9
   896.0,0.029690,0.018395,0.242628,0.000171,  31.940,   38,    19.9
   897.0,0.029710,0.018419,0.242819,0.000119,  31.935,   34,    20.0
   898.0,0.029714,0.018434,0.242919,0.000157,  31.945,   35,    20.0
   899.0,0.029725,0.018441,0.242976,0.000171,  31.950,   36,    20.0
   900.0,0.029713,0.018431,0.242895,0.000119,  31.953,   36,    20.0
   901.0,0.029718,0.018422,0.242781,0.000119,  31.958,   34,    20.0
   902.0,0.029721,0.018419,0.242795,0.000119,  31.954,   38,    20.0
   903.0,0.029747,0.018422,0.242900,0.000143,  31.965,   34,    20.1
   904.0,0.029755,0.018423,0.242695,0.000143,  31.967,   35,    20.1
   905.0,0.029750,0.018422,0.242685,0.000091,  31.973,   35,    20.1
   906.0,0.029750,0.018422,0.242700,0.000115,  31.976,   35,    20.1
   907.0,0.029730,0.018417,0.242623,0.000115,  31.982,   35,    20.1
   908.0,0.029721,0.018420,0.242533,0.000077,  31.982,   38,    20.1
   909.0,0.029734,0.018410,0.242433,0.000115,  31.984,   34,    20.2
   910.0,0.029721,0.018410,0.242423,0.000115,  31.986,   34,    20.2
   911.0,0.029739,0.018413,0.242414,0.000115,  31.984,   34,    20.2
   912.0,0.029706,0.018400,0.242300,0.000087,  31.985,   36,    20.2
   913.0,0.029690,0.018389,0.242124,0.000063,  31.981,   35,    20.2
   914.0,0.029690,0.018386,0.241938,0.000101,  31.981,   38,    20.2
   915.0,0.029674,0.018377,0.241881,0.000101,  31.980,   34,    20.3
   916.0,0.029683,0.018374,0.241701,0.000087,  31.982,   35,    20.3
   917.0,0.029687,0.018368,0.241582,0.000126,  31.982,   35,    20.3
   918.0,0.029670,0.018362,0.241174,0.000101,  31.982,   36,    20.3
   919.0,0.029667,0.018362,0.241259,0.000101,  31.978,   35,    20.3
   920.0,0.029651,0.018362,0.241117,0.000140,  31.979,   38,    20.3
   921.0,0.029647,0.018351,0.241098,0.000140,  31.979,   34,    20.4
   922.0,0.029635,0.018348,0.240955,0.000126,  31.974,   35,    20.4
   923.0,0.029627,0.018338,0.240742,0.000101,  31.972,   35,    20.4
   924.0,0.029603,0.018323,0.240656,0.000087,  31.971,   36,    20.4
   925.0,0.029579,0.018305,0.240401,0.000112,  31.963,   35,    20.4
   926.0,0.029571,0.018299,0.240188,0.000073,  31.959,   38,    20.4
   927.0,0.029559,0.018305,0.240136,0.000087,  31.950,   34,    20.5
   928.0,0.029543,0.018302,0.239966,0.000112,  31.939,   33,    20.5
   929.0,0.029531,0.018290,0.239630,0.000073,  31.937,   34,    20.5
   930.0,0.029528,0.018274,0.239625,0.000112,  31.929,   35,    20.5
   931.0,0.029496,0.018257,0.239351,0.000073,  31.923,   35,    20.5
   932.0,0.029485,0.018245,0.239242,0.000087,  31.914,   38,    20.5
   933.0,0.029473,0.018238,0.239133,0.000112,  31.906,   34,    20.6
   934.0,0.029461,0.018229,0.238935,0.000073,  31.894,   34,    20.6
   935.0,0.029445,0.018230,0.238647,0.000101,  31.886,   35,    20.6
   936.0,0.029409,0.018215,0.238478,0.000126,  31.881,   34,    20.6
   937.0,0.029377,0.018180,0.238218,0.000101,  31.879,   36,    20.6
   938.0,0.029361,0.018171,0.237964,0.000063,  31.876,   38,    20.6
   939.0,0.029346,0.018160,0.237607,0.000087,  31.871,   34,    20.7
   940.0,0.029314,0.018144,0.237470,0.000087,  31.871,   35,    20.7
   941.0,0.029274,0.018127,0.236898,0.000126,  31.871,   35,    20.7
   942.0,0.029227,0.018097,0.236765,0.000073,  31.870,   35,    20.7
   943.0,0.029178,0.018053,0.236446,0.000087,  31.869,   35,    20.7
   944.0,0.029143,0.018033,0.236178,0.000112,  31.872,   37,    20.7
   945.0,0.029119,0.018027,0.235845,0.000073,  31.871,   34,    20.8
   946.0,0.029079,0.018003,0.235606,0.000073,  31.875,   35,    20.8
   947.0,0.029064,0.017985,0.235305,0.000112,  31.874,   35,    20.8
   948.0,0.029024,0.017957,0.235043,0.000073,  31.882,   35,    20.8
   949.0,0.028984,0.017936,0.234595,0.000112,  31.882,   35,    20.8
   950.0,0.028961,0.017927,0.234235,0.000112,  31.880,   37,    20.8
   951.0,0.028945,0.017909,0.234026,0.000087,  31.880,   34,    20.9
   952.0,0.028922,0.017884,0.233918,0.000112,  31.878,   32,    20.9
   953.0,0.028886,0.017863,0.233517,0.000073,  31.881,   35,    20.9
   954.0,0.028826,0.017843,0.233144,0.000087,  31.870,   35,    20.9
   955.0,0.028779,0.017816,0.232711,0.000098,  31.868,   35,    20.9
   956.0,0.028756,0.017788,0.232307,0.000073,  31.861,   37,    20.9
   957.0,0.028711,0.017767,0.231982,0.000073,  31.851,   34,    21.0
   958.0,0.028676,0.017743,0.231523,0.000098,  31.859,   34,    21.0
   959.0,0.028644,0.017721,0.231267,0.000126,  31.850,   33,    21.0
   960.0,0.028585,0.017682,0.230900,0.000098,  31.845,   33,    21.0
   961.0,0.028526,0.017637,0.230524,0.000073,  31.838,   35,    21.0
   962.0,0.028482,0.017616,0.229879,0.000073,  31.835,   36,    21.0
   963.0,0.028443,0.017579,0.229449,0.000059,  31.828,   35,    21.1
   964.0,0.028403,0.017564,0.229194,0.000073,  31.827,   34,    21.1
   965.0,0.028376,0.017552,0.228703,0.000049,  31.811,   34,    21.1
   966.0,0.028320,0.017537,0.228435,0.000087,  31.802,   35,    21.1
   967.0,0.028288,0.017516,0.228149,0.000073,  31.777,   35,    21.1
   968.0,0.028256,0.017504,0.227913,0.000087,  31.760,   36,    21.1
   969.0,0.028217,0.017483,0.227504,0.000087,  31.734,   34,    21.2
   970.0,0.028169,0.017466,0.227192,0.000063,  31.731,   34,    21.2
   971.0,0.028122,0.017420,0.226893,0.000101,  31.723,   34,    21.2
   972.0,0.028062,0.017393,0.226367,0.000101,  31.721,   36,    21.2
   973.0,0.028003,0.017359,0.225728,0.000063,  31.712,   35,    21.2
   974.0,0.027952,0.017331,0.225226,0.000101,  31.717,   36,    21.2
   975.0,0.027896,0.017296,0.225040,0.000101,  31.712,   35,    21.3
   976.0,0.027840,0.017262,0.224647,0.000063,  31.708,   35,    21.3
   977.0,0.027786,0.017208,0.224190,0.000087,  31.706,   35,    21.3
   978.0,0.027715,0.017161,0.223453,0.000073,  31.704,   35,    21.3
   979.0,0.027632,0.017109,0.222924,0.000073,  31.712,   35,    21.3
   980.0,0.027581,0.017060,0.222500,0.000073,  31.708,   37,    21.3
   981.0,0.027521,0.017037,0.222001,0.000049,  31.714,   35,    21.4
   982.0,0.027482,0.017019,0.221579,0.000073,  31.737,   35,    21.4
   983.0,0.027443,0.016989,0.221135,0.000073,  31.749,   35,    21.4
   984.0,0.027371,0.016961,0.220596,0.000049,  31.758,   34,    21.4
   985.0,0.027313,0.016914,0.220143,0.000073,  31.771,   35,    21.4
   986.0,0.027257,0.016877,0.219564,0.000073,  31.790,   36,    21.4
   987.0,0.027199,0.016844,0.218833,0.000049,  31.797,   35,    21.5
   988.0,0.027155,0.016820,0.218658,0.000049,  31.812,   36,    21.5
   989.0,0.027104,0.016778,0.218154,0.000063,  31.821,   34,    21.5
   990.0,0.027024,0.016736,0.217852,0.000059,  31.837,   35,    21.5
   991.0,0.026953,0.016703,0.217264,0.000073,  31.852,   34,    21.5
   992.0,0.026897,0.016657,0.216621,0.000049,  31.861,   36,    21.5
   993.0,0.026826,0.016630,0.216141,0.000087,  31.868,   35,    21.6
   994.0,0.026767,0.016585,0.215606,0.000101,  31.868,   34,    21.6
   995.0,0.026700,0.016548,0.215129,0.000063,  31.855,   34,    21.6
   996.0,0.026637,0.016495,0.214578,0.000073,  31.829,   36,    21.6
   997.0,0.026562,0.016459,0.214079,0.000073,  31.799,   36,    21.6
   998.0,0.026515,0.016441,0.213429,0.000087,  31.793,   36,    21.6
   999.0,0.026460,0.016410,0.213089,0.000101,  31.786,   36,    21.7
  1000.0,0.026412,0.016386,0.212936,0.000063,  31.790,   34,    21.7
  1001.0,0.026342,0.016341,0.212333,0.000101,  31.798,   36,    21.7
  1002.0,0.026267,0.016308,0.211826,0.000101,  31.797,   35,    21.7
  1003.0,0.026172,0.016251,0.211175,0.000063,  31.808,   35,    21.7
  1004.0,0.026110,0.016200,0.210608,0.000101,  31.820,   37,    21.7
  1005.0,0.026055,0.016152,0.210051,0.000101,  31.830,   35,    21.8
  1006.0,0.025984,0.016100,0.209495,0.000063,  31.849,   34,    21.8
  1007.0,0.025913,0.016055,0.208628,0.000087,  31.859,   37,    21.8
  1008.0,0.025826,0.016005,0.208064,0.000049,  31.873,   35,    21.8
  1009.0,0.025756,0.015954,0.207397,0.000073,  31.880,   34,    21.8
  1010.0,0.025690,0.015908,0.206887,0.000073,  31.881,   35,    21.8
  1011.0,0.025631,0.015863,0.206304,0.000049,  31.886,   35,    21.9
  1012.0,0.025532,0.015815,0.205774,0.000073,  31.878,   37,    21.9
  1013.0,0.025444,0.015770,0.205038,0.000073,  31.876,   37,    21.9
  1014.0,0.025362,0.015715,0.204419,0.000035,  31.867,   35,    21.9
  1015.0,0.025291,0.015668,0.203821,0.000045,  31.858,   34,    21.9
  1016.0,0.025228,0.015629,0.203129,0.000045,  31.837,   35,    21.9
  1017.0,0.025157,0.015578,0.202481,0.000045,  31.815,   34,    22.0
  1018.0,0.025087,0.015545,0.202078,0.000007,  31.809,   35,    22.0
  1019.0,0.025008,0.015497,0.201511,0.000021,  31.792,   37,    22.0
  1020.0,0.024946,0.015448,0.200741,0.000059,  31.776,   36,    22.0
  1021.0,0.024864,0.015412,0.200238,0.000073,  31.764,   35,    22.0
  1022.0,0.024800,0.015383,0.199623,0.000035,  31.751,   35,    22.0
  1023.0,0.024746,0.015356,0.199264,0.000073,  31.740,   34,    22.1
  1024.0,0.024682,0.015307,0.198741,0.000073,  31.730,   35,    22.1
  1025.0,0.024612,0.015265,0.198270,0.000049,  31.728,   36,    22.1
  1026.0,0.024534,0.015223,0.197558,0.000101,  31.722,   36,    22.1
  1027.0,0.024447,0.015166,0.196755,0.000087,  31.730,   35,    22.1
  1028.0,0.024373,0.015130,0.196275,0.000101,  31.734,   36,    22.1
  1029.0,0.024315,0.015094,0.195686,0.000101,  31.739,   34,    22.2
  1030.0,0.024240,0.015049,0.195389,0.000063,  31.756,   35,    22.2
  1031.0,0.024194,0.015019,0.194933,0.000101,  31.764,   36,    22.2
  1032.0,0.024099,0.014981,0.194346,0.000115,  31.776,   35,    22.2
  1033.0,0.024004,0.014923,0.193650,0.000077,  31.783,   35,    22.2
  1034.0,0.023946,0.014878,0.193055,0.000115,  31.792,   34,    22.2
  1035.0,0.023851,0.014812,0.192283,0.000115,  31.810,   33,    22.3
  1036.0,0.023774,0.014762,0.191670,0.000101,  31.825,   34,    22.3
  1037.0,0.023684,0.014707,0.190969,0.000063,  31.836,   36,    22.3
  1038.0,0.023573,0.014651,0.190397,0.000063,  31.842,   35,    22.3
  1039.0,0.023492,0.014596,0.189768,0.000101,  31.865,   35,    22.3
  1040.0,0.023430,0.014551,0.189031,0.000101,  31.881,   34,    22.3
  1041.0,0.023352,0.014497,0.188512,0.000063,  31.888,   32,    22.4
  1042.0,0.023261,0.014446,0.187894,0.000087,  31.897,   35,    22.4
  1043.0,0.023167,0.014390,0.187121,0.000101,  31.906,   36,    22.4
  1044.0,0.023073,0.014311,0.186360,0.000049,  31.912,   36,    22.4
  1045.0,0.022980,0.014252,0.185453,0.000073,  31.916,   35,    22.4
  1046.0,0.022906,0.014201,0.184811,0.000073,  31.919,   35,    22.4
  1047.0,0.022824,0.014144,0.183898,0.000059,  31.917,   34,    22.5
  1048.0,0.022758,0.014108,0.183675,0.000059,  31.916,   35,    22.5
  1049.0,0.022672,0.014070,0.183026,0.000049,  31.908,   36,    22.5
  1050.0,0.022582,0.014011,0.182233,0.000073,  31.888,   36,    22.5
  1051.0,0.022480,0.013960,0.181625,0.000073,  31.867,   35,    22.5
  1052.0,0.022414,0.013917,0.181007,0.000049,  31.848,   35,    22.5
  1053.0,0.022348,0.013870,0.180170,0.000073,  31.824,   34,    22.6
  1054.0,0.022294,0.013828,0.179776,0.000073,  31.812,   34,    22.6
  1055.0,0.022219,0.013777,0.179123,0.000049,  31.812,   36,    22.6
  1056.0,0.022126,0.013732,0.178413,0.000035,  31.805,   35,    22.6
  1057.0,0.022015,0.013674,0.177772,0.000063,  31.803,   35,    22.6
  1058.0,0.021938,0.013617,0.177227,0.000087,  31.814,   34,    22.6
  1059.0,0.021848,0.013555,0.176673,0.000073,  31.809,   33,    22.7
  1060.0,0.021762,0.013504,0.175910,0.000035,  31.813,   34,    22.7
  1061.0,0.021673,0.013457,0.175301,0.000059,  31.816,   35,    22.7
  1062.0,0.021572,0.013388,0.174541,0.000073,  31.821,   35,    22.7
  1063.0,0.021486,0.013313,0.173668,0.000021,  31.828,   35,    22.7
  1064.0,0.021420,0.013271,0.172986,0.000031,  31.832,   36,    22.7
  1065.0,0.021331,0.013215,0.171958,0.000045,  31.837,   34,    22.8
  1066.0,0.021232,0.013152,0.171269,0.000031,  31.848,   34,    22.8
  1067.0,0.021139,0.013089,0.170826,0.000031,  31.853,   35,    22.8
  1068.0,0.021042,0.013033,0.170036,0.000017,  31.858,   34,    22.8
  1069.0,0.020965,0.012988,0.169405,0.000056,  31.867,   35,    22.8
  1070.0,0.020890,0.012946,0.168768,0.000045,  31.872,   36,    22.8
  1071.0,0.020812,0.012899,0.167927,0.000031,  31.872,   33,    22.9
  1072.0,0.020739,0.012850,0.167412,0.000031,  31.883,   33,    22.9
  1073.0,0.020656,0.012796,0.166888,0.000045,  31.884,   35,    22.9
  1074.0,0.020579,0.012736,0.166198,-0.000007,  31.887,   36,    22.9
  1075.0,0.020486,0.012696,0.165334,0.000084,  31.886,   35,    22.9
  1076.0,0.020404,0.012651,0.164767,0.000084,  31.893,   35,    22.9
  1077.0,0.020318,0.012597,0.164147,0.000084,  31.894,   34,    23.0
  1078.0,0.020236,0.012539,0.163682,0.000045,  31.893,   34,    23.0
  1079.0,0.020139,0.012502,0.163080,0.000045,  31.891,   35,    23.0
  1080.0,0.020054,0.012442,0.162387,0.000070,  31.889,   38,    23.0
  1081.0,0.019969,0.012382,0.161411,0.000045,  31.893,   34,    23.0
  1082.0,0.019891,0.012328,0.160885,0.000031,  31.884,   37,    23.0
  1083.0,0.019826,0.012290,0.160233,0.000070,  31.876,   34,    23.1
  1084.0,0.019748,0.012248,0.159636,0.000045,  31.877,   33,    23.1
  1085.0,0.019675,0.012192,0.158714,0.000031,  31.873,   35,    23.1
  1086.0,0.019562,0.012132,0.158162,-0.000007,  31.866,   36,    23.1
  1087.0,0.019461,0.012066,0.157387,-0.000021,  31.866,   35,    23.1
  1088.0,0.019391,0.012015,0.156848,0.000017,  31.866,   36,    23.1
  1089.0,0.019306,0.011962,0.156092,0.000017,  31.866,   35,    23.2
  1090.0,0.019221,0.011917,0.155500,-0.000021,  31.867,   34,    23.2
  1091.0,0.019132,0.011870,0.154864,0.000017,  31.871,   35,    23.2
  1092.0,0.019026,0.011804,0.154013,0.000017,  31.871,   36,    23.2
  1093.0,0.018957,0.011748,0.153208,0.000003,  31.869,   36,    23.2
  1094.0,0.018880,0.011694,0.152335,0.000042,  31.871,   36,    23.2
  1095.0,0.018783,0.011634,0.151640,0.000056,  31.869,   34,    23.3
  1096.0,0.018705,0.011592,0.151277,0.000056,  31.872,   32,    23.3
  1097.0,0.018628,0.011535,0.150428,0.000017,  31.868,   35,    23.3
  1098.0,0.018524,0.011470,0.149868,0.000003,  31.864,   37,    23.3
  1099.0,0.018435,0.011420,0.149201,0.000056,  31.859,   35,    23.3
  1100.0,0.018341,0.011376,0.148557,0.000017,  31.855,   37,    23.3
  1101.0,0.018259,0.011325,0.147975,0.000017,  31.852,   35,    23.4
  1102.0,0.018202,0.011283,0.147386,0.000056,  31.848,   33,    23.4
  1103.0,0.018112,0.011230,0.146647,0.000017,  31.849,   35,    23.4
  1104.0,0.018025,0.011164,0.145821,0.000042,  31.843,   35,    23.4
  1105.0,0.017925,0.011111,0.145102,0.000042,  31.842,   34,    23.4
  1106.0,0.017840,0.011046,0.144631,0.000003,  31.841,   37,    23.4
  1107.0,0.017742,0.010986,0.143730,0.000042,  31.839,   34,    23.5
  1108.0,0.017674,0.010945,0.143161,0.000017,  31.838,   34,    23.5
  1109.0,0.017593,0.010900,0.142552,0.000003,  31.835,   36,    23.5
  1110.0,0.017500,0.010844,0.141725,0.000003,  31.825,   35,    23.5
  1111.0,0.017410,0.010799,0.141022,0.000017,  31.834,   35,    23.5
  1112.0,0.017348,0.010762,0.140347,-0.000035,  31.839,   38,    23.5
  1113.0,0.017271,0.010701,0.139871,0.000003,  31.843,   35,    23.6
  1114.0,0.017174,0.010650,0.139045,0.000017,  31.850,   34,    23.6
  1115.0,0.017098,0.010594,0.138570,-0.000011,  31.854,   36,    23.6
  1116.0,0.016986,0.010526,0.137978,-0.000011,  31.856,   35,    23.6
  1117.0,0.016902,0.010467,0.137298,-0.000063,  31.865,   36,    23.6
  1118.0,0.016821,0.010428,0.136602,0.000028,  31.868,   36,    23.6
  1119.0,0.016740,0.010372,0.135627,-0.000011,  31.878,   35,    23.7
  1120.0,0.016675,0.010342,0.135224,-0.000011,  31.881,   34,    23.7
  1121.0,0.016605,0.010286,0.134454,0.000014,  31.876,   35,    23.7
  1122.0,0.016509,0.010227,0.133828,-0.000025,  31.888,   33,    23.7
  1123.0,0.016424,0.010158,0.133196,-0.000025,  31.886,   35,    23.7
  1124.0,0.016351,0.010114,0.132413,0.000014,  31.884,   37,    23.7
  1125.0,0.016267,0.010073,0.132016,-0.000025,  31.873,   36,    23.8
  1126.0,0.016189,0.010031,0.131506,0.000028,  31.871,   35,    23.8
  1127.0,0.016112,0.010001,0.130939,0.000003,  31.870,   35,    23.8
  1128.0,0.016022,0.009956,0.130263,0.000003,  31.861,   36,    23.8
  1129.0,0.015959,0.009906,0.129823,0.000056,  31.858,   34,    23.8
  1130.0,0.015886,0.009864,0.129174,0.000017,  31.854,   37,    23.8
  1131.0,0.015824,0.009808,0.128693,0.000017,  31.848,   36,    23.9
  1132.0,0.015731,0.009761,0.128043,0.000056,  31.845,   34,    23.9
  1133.0,0.015638,0.009698,0.127232,0.000017,  31.845,   36,    23.9
  1134.0,0.015550,0.009633,0.126673,0.000042,  31.840,   35,    23.9
  1135.0,0.015458,0.009579,0.125864,0.000003,  31.838,   35,    23.9
  1136.0,0.015393,0.009541,0.125310,-0.000011,  31.837,   38,    23.9
  1137.0,0.015325,0.009504,0.124808,0.000028,  31.837,   36,    24.0
  1138.0,0.015252,0.009471,0.124256,-0.000011,  31.837,   35,    24.0
  1139.0,0.015171,0.009411,0.123323,-0.000011,  31.844,   36,    24.0
  1140.0,0.015075,0.009359,0.122652,0.000028,  31.840,   35,    24.0
  1141.0,0.014994,0.009302,0.122199,-0.000011,  31.842,   36,    24.0
  1142.0,0.014933,0.009249,0.121221,-0.000011,  31.847,   36,    24.0
  1143.0,0.014856,0.009210,0.120876,0.000042,  31.854,   36,    24.1
  1144.0,0.014784,0.009169,0.120327,-0.000011,  31.863,   35,    24.1
  1145.0,0.014707,0.009115,0.119967,0.000028,  31.866,   35,    24.1
  1146.0,0.014615,0.009056,0.119386,-0.000025,  31.869,   35,    24.1
  1147.0,0.014534,0.008999,0.118653,-0.000025,  31.870,   34,    24.1
  1148.0,0.014461,0.008961,0.117887,0.000014,  31.872,   35,    24.1
  1149.0,0.014396,0.008920,0.117096,-0.000025,  31.874,   35,    24.2
  1150.0,0.014331,0.008885,0.116758,-0.000025,  31.881,   34,    24.2
  1151.0,0.014258,0.008834,0.115888,0.000014,  31.881,   35,    24.2
  1152.0,0.014186,0.008797,0.115507,0.000003,  31.871,   35,    24.2
  1153.0,0.014105,0.008749,0.114981,0.000028,  31.867,   35,    24.2
  1154.0,0.014020,0.008708,0.114450,-0.000011,  31.864,   35,    24.2
  1155.0,0.013939,0.008658,0.113829,-0.000011,  31.860,   35,    24.3
  1156.0,0.013882,0.008612,0.113364,0.000028,  31.853,   34,    24.3
  1157.0,0.013805,0.008576,0.112726,-0.000011,  31.846,   36,    24.3
  1158.0,0.013713,0.008520,0.112283,-0.000011,  31.837,   36,    24.3
  1159.0,0.013656,0.008475,0.111587,0.000028,  31.823,   35,    24.3
  1160.0,0.013603,0.008440,0.111060,0.000017,  31.812,   35,    24.3
  1161.0,0.013550,0.008410,0.110563,0.000003,  31.803,   34,    24.4
  1162.0,0.013474,0.008362,0.110150,0.000042,  31.803,   35,    24.4
  1163.0,0.013393,0.008310,0.109403,0.000056,  31.798,   36,    24.4
  1164.0,0.013306,0.008259,0.108816,0.000042,  31.796,   35,    24.4
  1165.0,0.013221,0.008205,0.108317,0.000017,  31.802,   35,    24.4
  1166.0,0.013143,0.008167,0.107848,0.000003,  31.801,   34,    24.4
  1167.0,0.013088,0.008122,0.107409,0.000042,  31.807,   35,    24.5
  1168.0,0.013019,0.008084,0.106882,0.000017,  31.819,   37,    24.5
  1169.0,0.012939,0.008040,0.106243,-0.000035,  31.825,   35,    24.5
  1170.0,0.012875,0.007990,0.105713,0.000028,  31.837,   35,    24.5
  1171.0,0.012789,0.007949,0.104931,-0.000011,  31.842,   34,    24.5
  1172.0,0.012740,0.007901,0.104446,0.000028,  31.859,   34,    24.5
  1173.0,0.012668,0.007860,0.103806,0.000042,  31.869,   35,    24.6
  1174.0,0.012610,0.007818,0.103521,-0.000011,  31.878,   35,    24.6
  1175.0,0.012534,0.007774,0.103008,0.000028,  31.890,   36,    24.6
  1176.0,0.012465,0.007741,0.102443,-0.000011,  31.895,   35,    24.6
  1177.0,0.012389,0.007698,0.101653,-0.000011,  31.903,   34,    24.6
  1178.0,0.012313,0.007648,0.101166,0.000028,  31.907,   35,    24.6
  1179.0,0.012248,0.007612,0.100714,-0.000011,  31.911,   35,    24.7
  1180.0,0.012179,0.007565,0.100205,-0.000011,  31.916,   34,    24.7
  1181.0,0.012103,0.007527,0.099754,0.000028,  31.917,   36,    24.7
  1182.0,0.012031,0.007472,0.098877,0.000028,  31.914,   36,    24.7
  1183.0,0.011954,0.007413,0.098409,0.000014,  31.914,   35,    24.7
  1184.0,0.011890,0.007375,0.097831,-0.000025,  31.917,   35,    24.7
  1185.0,0.011828,0.007331,0.097296,-0.000063,  31.914,   35,    24.8
  1186.0,0.011763,0.007302,0.096986,-0.000025,  31.917,   35,    24.8
  1187.0,0.011699,0.007261,0.096538,-0.000025,  31.913,   36,    24.8
  1188.0,0.011619,0.007216,0.095887,-0.000063,  31.919,   35,    24.8
  1189.0,0.011554,0.007175,0.095454,0.000014,  31.928,   36,    24.8
  1190.0,0.011477,0.007125,0.094828,-0.000025,  31.934,   35,    24.8
  1191.0,0.011433,0.007087,0.094339,0.000000,  31.942,   35,    24.9
  1192.0,0.011372,0.007054,0.093771,0.000014,  31.945,   34,    24.9
  1193.0,0.011296,0.007005,0.093238,-0.000025,  31.947,   36,    24.9
  1194.0,0.011216,0.006958,0.092789,0.000014,  31.952,   35,    24.9
  1195.0,0.011136,0.006902,0.092227,-0.000025,  31.943,   34,    24.9
  1196.0,0.011088,0.006872,0.091657,-0.000025,  31.945,   33,    24.9
  1197.0,0.011019,0.006841,0.090902,0.000000,  31.948,   35,    25.0
  1198.0,0.010954,0.006807,0.090497,-0.000025,  31.949,   35,    25.0
  1199.0,0.010909,0.006751,0.089887,-0.000025,  31.953,   35,    25.0
  1200.0,0.010823,0.006711,0.089386,0.000000,  31.956,   34,    25.0
  1201.0,0.010767,0.006665,0.089006,-0.000014,  31.955,   35,    25.0
  1202.0,0.010709,0.006631,0.088487,0.000000,  31.955,   34,    25.0
  1203.0,0.010637,0.006602,0.088201,-0.000025,  31.953,   34,    25.1
  1204.0,0.010571,0.006559,0.087591,-0.000025,  31.948,   35,    25.1
  1205.0,0.010503,0.006522,0.087055,0.000014,  31.944,   36,    25.1
  1206.0,0.010435,0.006493,0.086640,-0.000025,  31.946,   34,    25.1
  1207.0,0.010374,0.006454,0.086068,-0.000025,  31.940,   35,    25.1
  1208.0,0.010325,0.006431,0.085766,0.000014,  31.938,   35,    25.1
  1209.0,0.010280,0.006384,0.085315,-0.000025,  31.936,   35,    25.2
  1210.0,0.010248,0.006356,0.084622,-0.000025,  31.928,   35,    25.2
  1211.0,0.010168,0.006309,0.084232,0.000014,  31.918,   35,    25.2
  1212.0,0.010100,0.006249,0.083627,-0.000025,  31.909,   34,    25.2
  1213.0,0.010039,0.006214,0.083275,0.000000,  31.893,   35,    25.2
  1214.0,0.009978,0.006179,0.082767,-0.000039,  31.890,   35,    25.2
  1215.0,0.009888,0.006153,0.082084,-0.000039,  31.880,   34,    25.3
  1216.0,0.009848,0.006126,0.081773,0.000000,  31.882,   34,    25.3
  1217.0,0.009795,0.006099,0.081319,-0.000025,  31.876,   35,    25.3
  1218.0,0.009743,0.006045,0.081009,-0.000025,  31.877,   34,    25.3
  1219.0,0.009686,0.006008,0.080481,0.000000,  31.877,   35,    25.3
  1220.0,0.009626,0.005976,0.079963,-0.000025,  31.874,   35,    25.3
  1221.0,0.009548,0.005925,0.079528,0.000000,  31.872,   35,    25.4
  1222.0,0.009500,0.005883,0.078995,-0.000053,  31.870,   34,    25.4
  1223.0,0.009439,0.005852,0.078714,-0.000025,  31.871,   35,    25.4
  1224.0,0.009391,0.005819,0.078239,0.000000,  31.865,   35,    25.4
  1225.0,0.009338,0.005800,0.077841,-0.000025,  31.870,   35,    25.4
  1226.0,0.009296,0.005776,0.077346,-0.000025,  31.868,   35,    25.4
  1227.0,0.009218,0.005734,0.076842,0.000000,  31.866,   35,    25.5
  1228.0,0.009178,0.005708,0.076335,0.000053,  31.868,   34,    25.5
  1229.0,0.009137,0.005664,0.075929,0.000014,  31.870,   35,    25.5
  1230.0,0.009077,0.005629,0.075641,0.000000,  31.863,   35,    25.5
  1231.0,0.009020,0.005594,0.075178,0.000014,  31.867,   35,    25.5
  1232.0,0.008963,0.005561,0.074767,0.000000,  31.868,   35,    25.5
  1233.0,0.008906,0.005535,0.074315,-0.000025,  31.865,   34,    25.6
  1234.0,0.008857,0.005503,0.073836,-0.000025,  31.864,   35,    25.6
  1235.0,0.008793,0.005472,0.073456,0.000000,  31.860,   35,    25.6
  1236.0,0.008728,0.005429,0.072976,-0.000025,  31.860,   35,    25.6
  1237.0,0.008683,0.005384,0.072493,-0.000025,  31.858,   35,    25.6
  1238.0,0.008650,0.005356,0.072056,0.000000,  31.852,   35,    25.6
  1239.0,0.008585,0.005321,0.071709,-0.000039,  31.848,   34,    25.7
  1240.0,0.008532,0.005280,0.071227,-0.000014,  31.846,   35,    25.7
  1241.0,0.008479,0.005260,0.070859,-0.000014,  31.839,   35,    25.7
  1242.0,0.008418,0.005210,0.070455,-0.000039,  31.835,   36,    25.7
  1243.0,0.008362,0.005190,0.069924,-0.000028,  31.838,   36,    25.7
  1244.0,0.008308,0.005167,0.069578,-0.000053,  31.830,   34,    25.7
  1245.0,0.008279,0.005133,0.069128,-0.000039,  31.830,   34,    25.8
  1246.0,0.008229,0.005116,0.068825,-0.000014,  31.829,   35,    25.8
  1247.0,0.008180,0.005081,0.068471,-0.000053,  31.826,   35,    25.8
  1248.0,0.008131,0.005045,0.068073,-0.000039,  31.827,   35,    25.8
  1249.0,0.008082,0.005016,0.067459,0.000000,  31.829,   36,    25.8
  1250.0,0.008016,0.004980,0.067268,0.000014,  31.828,   35,    25.8
  1251.0,0.007979,0.004948,0.066842,0.000000,  31.828,   34,    25.9
  1252.0,0.007946,0.004925,0.066522,-0.000025,  31.837,   36,    25.9
  1253.0,0.007897,0.004885,0.066226,-0.000025,  31.841,   35,    25.9
  1254.0,0.007837,0.004873,0.065919,0.000000,  31.845,   35,    25.9
  1255.0,0.007791,0.004837,0.065551,-0.000025,  31.845,   37,    25.9
  1256.0,0.007733,0.004813,0.065175,-0.000025,  31.848,   35,    25.9
  1257.0,0.007711,0.004793,0.064978,0.000000,  31.850,   35,    26.0
  1258.0,0.007670,0.004765,0.064602,-0.000025,  31.856,   35,    26.0
  1259.0,0.007617,0.004743,0.064249,0.000000,  31.858,   35,    26.0
  1260.0,0.007553,0.004697,0.063716,0.000000,  31.864,   35,    26.0
  1261.0,0.007508,0.004667,0.063407,-0.000039,  31.867,   36,    26.0
  1262.0,0.007475,0.004645,0.063042,0.000000,  31.870,   35,    26.0
  1263.0,0.007409,0.004609,0.062746,-0.000053,  31.862,   34,    26.1
  1264.0,0.007364,0.004586,0.062384,-0.000039,  31.868,   34,    26.1
  1265.0,0.007311,0.004554,0.062054,-0.000014,  31.866,   35,    26.1
  1266.0,0.007255,0.004513,0.061558,-0.000053,  31.862,   34,    26.1
  1267.0,0.007228,0.004486,0.061185,-0.000053,  31.860,   35,    26.1
  1268.0,0.007191,0.004468,0.060790,-0.000014,  31.861,   35,    26.1
  1269.0,0.007138,0.004439,0.060425,-0.000014,  31.856,   35,    26.2
  1270.0,0.007096,0.004412,0.060143,0.000000,  31.850,   34,    26.2
  1271.0,0.007035,0.004383,0.059802,-0.000039,  31.846,   35,    26.2
  1272.0,0.007003,0.004346,0.059316,-0.000039,  31.842,   35,    26.2
  1273.0,0.006946,0.004314,0.058892,-0.000014,  31.840,   37,    26.2
  1274.0,0.006904,0.004297,0.058669,-0.000025,  31.841,   34,    26.2
  1275.0,0.006863,0.004265,0.058194,-0.000039,  31.839,   35,    26.3
  1276.0,0.006837,0.004237,0.057836,-0.000014,  31.840,   34,    26.3
  1277.0,0.006795,0.004220,0.057633,-0.000053,  31.843,   35,    26.3
  1278.0,0.006761,0.004201,0.057270,-0.000025,  31.844,   35,    26.3
  1279.0,0.006731,0.004181,0.057053,0.000000,  31.846,   37,    26.3
  1280.0,0.006697,0.004163,0.056903,-0.000025,  31.849,   35,    26.3
  1281.0,0.006667,0.004148,0.056495,0.000000,  31.852,   35,    26.4
  1282.0,0.006613,0.004131,0.056336,-0.000025,  31.863,   34,    26.4
  1283.0,0.006567,0.004107,0.055999,-0.000025,  31.864,   35,    26.4
  1284.0,0.006527,0.004090,0.055722,0.000014,  31.865,   35,    26.4
  1285.0,0.006485,0.004061,0.055508,-0.000025,  31.868,   36,    26.4
  1286.0,0.006443,0.004037,0.055301,-0.000025,  31.866,   35,    26.4
  1287.0,0.006411,0.004007,0.054954,0.000000,  31.872,   35,    26.5
  1288.0,0.006370,0.003977,0.054563,0.000014,  31.873,   34,    26.5
  1289.0,0.006320,0.003941,0.054162,0.000039,  31.871,   36,    26.5
  1290.0,0.006271,0.003918,0.053649,-0.000025,  31.870,   35,    26.5
  1291.0,0.006225,0.003890,0.053537,-0.000025,  31.876,   36,    26.5
  1292.0,0.006188,0.003856,0.053237,0.000000,  31.880,   34,    26.5
  1293.0,0.006159,0.003833,0.052902,-0.000025,  31.877,   35,    26.6
  1294.0,0.006122,0.003818,0.052634,-0.000039,  31.884,   36,    26.6
  1295.0,0.006073,0.003792,0.052267,-0.000014,  31.887,   35,    26.6
  1296.0,0.006030,0.003766,0.051999,-0.000053,  31.888,   35,    26.6
  1297.0,0.005998,0.003746,0.051644,-0.000039,  31.892,   38,    26.6
  1298.0,0.005965,0.003711,0.051422,-0.000014,  31.893,   34,    26.6
  1299.0,0.005927,0.003688,0.051057,0.000000,  31.891,   35,    26.7
  1300.0,0.005877,0.003655,0.050712,-0.000014,  31.896,   34,    26.7
  1301.0,0.005825,0.003622,0.050147,-0.000053,  31.894,   36,    26.7
  1302.0,0.005791,0.003603,0.049819,-0.000053,  31.890,   37,    26.7
  1303.0,0.005761,0.003580,0.049740,-0.000028,  31.893,   37,    26.7
  1304.0,0.005738,0.003564,0.049474,-0.000053,  31.897,   34,    26.7
  1305.0,0.005716,0.003556,0.049293,-0.000053,  31.899,   35,    26.8
  1306.0,0.005678,0.003538,0.048983,-0.000014,  31.899,   34,    26.8
  1307.0,0.005632,0.003509,0.048736,-0.000053,  31.895,   36,    26.8
  1308.0,0.005583,0.003482,0.048339,-0.000014,  31.896,   35,    26.8
  1309.0,0.005553,0.003463,0.048159,-0.000053,  31.892,   36,    26.8
  1310.0,0.005518,0.003441,0.047958,-0.000039,  31.893,   36,    26.8
  1311.0,0.005497,0.003424,0.047724,-0.000014,  31.895,   35,    26.9
  1312.0,0.005459,0.003413,0.047424,-0.000039,  31.894,   35,    26.9
  1313.0,0.005413,0.003385,0.047268,-0.000039,  31.890,   36,    26.9
  1314.0,0.005388,0.003365,0.047015,-0.000014,  31.889,   37,    26.9
  1315.0,0.005362,0.003343,0.046629,-0.000053,  31.894,   36,    26.9
  1316.0,0.005332,0.003321,0.046374,-0.000039,  31.888,   33,    26.9
  1317.0,0.005282,0.003291,0.046197,-0.000014,  31.891,   35,    27.0
  1318.0,0.005248,0.003271,0.045900,-0.000028,  31.887,   36,    27.0
  1319.0,0.005223,0.003242,0.045710,-0.000028,  31.886,   36,    27.0
  1320.0,0.005178,0.003219,0.045196,-0.000081,  31.882,   36,    27.0
  1321.0,0.005156,0.003208,0.045063,-0.000053,  31.881,   36,    27.0
  1322.0,0.005110,0.003187,0.044645,-0.000028,  31.874,   36,    27.0
  1323.0,0.005077,0.003170,0.044449,-0.000053,  31.869,   35,    27.1
  1324.0,0.005038,0.003146,0.044196,-0.000053,  31.868,   33,    27.1
  1325.0,0.005009,0.003115,0.044019,-0.000042,  31.859,   35,    27.1
  1326.0,0.004968,0.003097,0.043801,-0.000081,  31.861,   36,    27.1
  1327.0,0.004938,0.003066,0.043546,-0.000042,  31.858,   35,    27.1
  1328.0,0.004904,0.003040,0.043217,-0.000042,  31.854,   34,    27.1
  1329.0,0.004873,0.003032,0.042704,-0.000067,  31.849,   35,    27.2
  1330.0,0.004859,0.003014,0.042626,-0.000042,  31.849,   34,    27.2
  1331.0,0.004818,0.002992,0.042438,-0.000056,  31.846,   34,    27.2
  1332.0,0.004776,0.002968,0.042274,-0.000081,  31.842,   35,    27.2
  1333.0,0.004758,0.002957,0.042064,-0.000042,  31.840,   35,    27.2
  1334.0,0.004716,0.002938,0.041814,-0.000081,  31.835,   36,    27.2
  1335.0,0.004693,0.002918,0.041623,-0.000067,  31.828,   35,    27.3
  1336.0,0.004660,0.002895,0.041103,-0.000042,  31.828,   33,    27.3
  1337.0,0.004626,0.002877,0.040909,-0.000042,  31.833,   35,    27.3
  1338.0,0.004604,0.002858,0.040614,-0.000042,  31.828,   34,    27.3
  1339.0,0.004574,0.002846,0.040545,-0.000081,  31.832,   36,    27.3
  1340.0,0.004536,0.002825,0.040323,-0.000067,  31.832,   34,    27.3
  1341.0,0.004514,0.002806,0.040083,-0.000042,  31.829,   35,    27.4
  1342.0,0.004497,0.002797,0.039768,-0.000081,  31.833,   34,    27.4
  1343.0,0.004459,0.002764,0.039453,-0.000081,  31.834,   35,    27.4
  1344.0,0.004429,0.002750,0.039299,-0.000056,  31.835,   35,    27.4
  1345.0,0.004407,0.002727,0.038868,-0.000081,  31.837,   36,    27.4
  1346.0,0.004373,0.002712,0.038765,-0.000056,  31.841,   35,    27.4
  1347.0,0.004336,0.002691,0.038549,-0.000056,  31.841,   34,    27.5
  1348.0,0.004313,0.002671,0.038352,-0.000095,  31.842,   33,    27.5
  1349.0,0.004281,0.002647,0.038059,-0.000056,  31.842,   35,    27.5
  1350.0,0.004254,0.002634,0.037904,-0.000095,  31.842,   35,    27.5
  1351.0,0.004214,0.002621,0.037686,-0.000109,  31.836,   36,    27.5
  1352.0,0.004200,0.002616,0.037469,-0.000070,  31.834,   35,    27.5
  1353.0,0.004165,0.002604,0.037303,-0.000109,  31.833,   34,    27.6
  1354.0,0.004143,0.002583,0.036990,-0.000095,  31.828,   33,    27.6
  1355.0,0.004110,0.002548,0.036773,-0.000056,  31.828,   36,    27.6
  1356.0,0.004064,0.002526,0.036524,-0.000056,  31.827,   35,    27.6
  1357.0,0.004054,0.002508,0.036232,-0.000056,  31.822,   35,    27.6
  1358.0,0.004044,0.002502,0.036130,-0.000081,  31.814,   34,    27.6
  1359.0,0.004025,0.002493,0.035995,-0.000081,  31.810,   34,    27.7
  1360.0,0.004006,0.002480,0.035756,-0.000042,  31.805,   35,    27.7
  1361.0,0.003988,0.002469,0.035538,-0.000081,  31.810,   36,    27.7
  1362.0,0.003949,0.002451,0.035288,-0.000095,  31.800,   35,    27.7
  1363.0,0.003928,0.002449,0.035220,-0.000056,  31.801,   35,    27.7
  1364.0,0.003920,0.002444,0.035054,-0.000081,  31.791,   35,    27.7
  1365.0,0.003885,0.002427,0.034972,-0.000067,  31.790,   35,    27.8
  1366.0,0.003872,0.002413,0.034817,-0.000042,  31.789,   37,    27.8
  1367.0,0.003825,0.002383,0.034295,-0.000067,  31.791,   36,    27.8
  1368.0,0.003798,0.002359,0.034319,-0.000056,  31.791,   35,    27.8
  1369.0,0.003796,0.002359,0.034102,-0.000081,  31.791,   35,    27.8
  1370.0,0.003772,0.002344,0.034032,-0.000067,  31.796,   35,    27.8
  1371.0,0.003747,0.002336,0.033951,-0.000042,  31.793,   35,    27.9
  1372.0,0.003725,0.002327,0.033724,-0.000081,  31.792,   37,    27.9
  1373.0,0.003691,0.002311,0.033539,-0.000095,  31.795,   35,    27.9
  1374.0,0.003677,0.002293,0.033291,-0.000056,  31.795,   35,    27.9
  1375.0,0.003655,0.002282,0.033095,-0.000081,  31.800,   36,    27.9
  1376.0,0.003636,0.002266,0.032889,-0.000042,  31.807,   35,    27.9
  1377.0,0.003614,0.002262,0.032777,-0.000081,  31.810,   35,    28.0
  1378.0,0.003591,0.002244,0.032675,-0.000067,  31.813,   37,    28.0
  1379.0,0.003569,0.002214,0.032459,-0.000042,  31.819,   35,    28.0
  1380.0,0.003554,0.002218,0.032294,-0.000081,  31.821,   35,    28.0
  1381.0,0.003543,0.002202,0.032201,-0.000067,  31.826,   35,    28.0
  1382.0,0.003512,0.002212,0.032037,-0.000028,  31.825,   34,    28.0
  1383.0,0.003509,0.002194,0.031998,-0.000053,  31.832,   35,    28.1
  1384.0,0.003501,0.002178,0.031769,-0.000053,  31.837,   38,    28.1
  1385.0,0.003478,0.002182,0.031646,-0.000014,  31.840,   35,    28.1
  1386.0,0.003454,0.002173,0.031584,0.000000,  31.844,   34,    28.1
  1387.0,0.003448,0.002167,0.031523,0.000000,  31.850,   35,    28.1
  1388.0,0.003427,0.002152,0.031432,-0.000025,  31.851,   35,    28.1
  1389.0,0.003412,0.002144,0.031319,-0.000025,  31.852,   35,    28.2
  1390.0,0.003397,0.002138,0.031186,0.000000,  31.864,   37,    28.2
  1391.0,0.003367,0.002123,0.031061,-0.000053,  31.869,   36,    28.2
  1392.0,0.003345,0.002109,0.030919,-0.000039,  31.869,   34,    28.2
  1393.0,0.003330,0.002097,0.030786,-0.000014,  31.876,   35,    28.2
  1394.0,0.003318,0.002076,0.030570,-0.000025,  31.878,   34,    28.2
  1395.0,0.003300,0.002067,0.030280,0.000000,  31.882,   35,    28.3
  1396.0,0.003285,0.002079,0.030117,0.000014,  31.889,   37,    28.3
  1397.0,0.003266,0.002059,0.030129,-0.000039,  31.890,   35,    28.3
