Run Name,Group 4 (Lyso & Ribo)
Run Date,12:39:28 PM   03-28-16
Method Name,30% Isocratic
Export Format Version, 1.00
Method ID, 3181
Points/Second, 1.00
Number of Records,   1139
Offset from Run Start Time,00:00:00
Run End Time,00:19:00
Time,Second
QuadTec 1, (280.0 nm), AU
QuadTec 2, (260.0 nm), AU
Gradient Pump,<Not Selected>
QuadTec 3, (214.0 nm), AU
QuadTec 4, (405.0 nm), AU
Conductivity,mS/cm
Trace 6,<Not Available>
GP Pressure,PSI
Volume,ml
Fraction,<Not Available>
Time,QuadTec 1,QuadTec 2,QuadTec 3,QuadTec 4,Conductivity,GP Pressure,Volume
     0.0,-0.000187,0.000443,0.000597,0.000343,  87.833,  -12,     0.0
     1.0,0.000000,0.000446,0.000771,0.000343,  87.597,   71,     0.0
     2.0,0.000000,0.000000,0.000000,0.001285,  87.493,   74,     0.1
     3.0,0.000000,0.000000,0.000000,0.000000,  87.369,   72,     0.1
     4.0,0.000000,0.000000,0.000000,0.000000,  87.271,   70,     0.1
     5.0,-0.000102,0.000000,0.000000,0.000000,  87.156,   71,     0.2
     6.0,-0.000132,-0.000034,-0.000128,0.000000,  86.969,   71,     0.2
     7.0,-0.000147,-0.000052,-0.000655,-0.000116,  86.807,   71,     0.2
     8.0,-0.000131,-0.000072,-0.000703,-0.000116,  86.620,   70,     0.3
     9.0,-0.000132,-0.000050,-0.000791,-0.000091,  86.488,   71,     0.3
    10.0,-0.000128,-0.000043,-0.000820,-0.000155,  86.382,   72,     0.3
    11.0,-0.000109,-0.000049,-0.000948,-0.000155,  86.240,   71,     0.4
    12.0,-0.000095,-0.000038,-0.001018,-0.000130,  86.192,   71,     0.4
    13.0,-0.000088,-0.000017,-0.001216,-0.000155,  86.175,   71,     0.4
    14.0,-0.000064,-0.000009,-0.001107,-0.000141,  86.195,   73,     0.5
    15.0,-0.000065,0.000009,-0.001067,-0.000116,  86.233,   70,     0.5
    16.0,-0.000046,0.000014,-0.001068,-0.000127,  86.299,   74,     0.5
    17.0,-0.000016,0.000035,-0.000998,-0.000102,  86.385,   70,     0.6
    18.0,0.000026,0.000053,-0.000939,-0.000127,  86.469,   71,     0.6
    19.0,0.000052,0.000082,-0.000781,-0.000099,  86.615,   71,     0.6
    20.0,0.000052,0.000112,-0.000912,-0.000046,  86.724,   72,     0.7
    21.0,0.000037,0.000148,-0.000684,-0.000085,  86.805,   72,     0.7
    22.0,0.000011,0.000130,-0.000544,-0.000085,  86.879,   69,     0.7
    23.0,-0.000004,0.000108,-0.000743,-0.000046,  86.976,   69,     0.8
    24.0,-0.000007,0.000082,-0.000723,-0.000099,  87.027,   70,     0.8
    25.0,-0.000003,0.000067,-0.000642,-0.000074,  87.061,   72,     0.8
    26.0,0.000004,0.000073,-0.000692,-0.000113,  87.087,   70,     0.9
    27.0,-0.000003,0.000087,-0.000584,-0.000113,  87.114,   69,     0.9
    28.0,0.000009,0.000082,-0.000783,-0.000074,  87.135,   69,     0.9
    29.0,0.000004,0.000100,-0.000604,-0.000046,  87.158,   69,     1.0
    30.0,0.000017,0.000100,-0.000574,-0.000060,  87.186,   68,     1.0
    31.0,0.000025,0.000101,-0.000554,-0.000021,  87.203,   69,     1.0
    32.0,0.000038,0.000095,-0.000485,-0.000021,  87.209,   73,     1.1
    33.0,0.000046,0.000127,-0.000485,-0.000074,  87.197,   70,     1.1
    34.0,0.000065,0.000142,-0.000297,0.000003,  87.181,   68,     1.1
    35.0,0.000062,0.000144,-0.000258,0.000031,  87.170,   69,     1.2
    36.0,0.000050,0.000147,-0.000239,0.000031,  87.162,   70,     1.2
    37.0,0.000044,0.000147,-0.000249,-0.000007,  87.169,   69,     1.2
    38.0,0.000033,0.000122,-0.000408,-0.000007,  87.181,   71,     1.3
    39.0,0.000029,0.000124,-0.000338,-0.000021,  87.186,   70,     1.3
    40.0,0.000029,0.000112,-0.000318,-0.000007,  87.209,   69,     1.3
    41.0,0.000033,0.000115,-0.000457,-0.000074,  87.223,   70,     1.4
    42.0,0.000048,0.000111,-0.000506,-0.000035,  87.249,   68,     1.4
    43.0,0.000038,0.000117,-0.000576,-0.000035,  87.259,   69,     1.4
    44.0,0.000054,0.000123,-0.000487,-0.000035,  87.287,   69,     1.5
    45.0,0.000058,0.000142,-0.000417,-0.000021,  87.358,   67,     1.5
    46.0,0.000070,0.000141,-0.000268,-0.000060,  87.382,   70,     1.5
    47.0,0.000066,0.000153,-0.000219,-0.000021,  87.409,   71,     1.6
    48.0,0.000081,0.000155,-0.000170,-0.000007,  87.434,   68,     1.6
    49.0,0.000081,0.000158,-0.000051,-0.000046,  87.455,   70,     1.6
    50.0,0.000078,0.000161,-0.000101,-0.000007,  87.476,   69,     1.7
    51.0,0.000074,0.000166,-0.000081,-0.000007,  87.479,   68,     1.7
    52.0,0.000066,0.000162,-0.000091,-0.000046,  87.491,   69,     1.7
    53.0,0.000058,0.000155,-0.000071,-0.000007,  87.500,   69,     1.8
    54.0,0.000071,0.000150,-0.000070,0.000007,  87.504,   67,     1.8
    55.0,0.000063,0.000155,-0.000090,-0.000007,  87.507,   69,     1.8
    56.0,0.000074,0.000161,-0.000150,-0.000007,  87.513,   70,     1.9
    57.0,0.000085,0.000161,-0.000110,-0.000046,  87.510,   68,     1.9
    58.0,0.000100,0.000173,0.000008,-0.000007,  87.511,   67,     1.9
    59.0,0.000122,0.000181,0.000077,-0.000007,  87.499,   70,     2.0
    60.0,0.000160,0.000212,0.000126,-0.000060,  87.488,   68,     2.0
    61.0,0.000196,0.000253,0.000503,0.000007,  87.458,   70,     2.0
    62.0,0.000233,0.000294,0.000741,0.000021,  87.425,   69,     2.1
    63.0,0.000305,0.000348,0.001138,0.000010,  87.372,   69,     2.1
    64.0,0.000378,0.000413,0.001505,0.000101,  87.312,   67,     2.1
    65.0,0.000474,0.000497,0.001922,0.000077,  87.175,   69,     2.2
    66.0,0.000589,0.000603,0.002599,0.000157,  87.057,   69,     2.2
    67.0,0.000715,0.000699,0.003226,0.000161,  86.908,   69,     2.2
    68.0,0.000864,0.000845,0.004014,0.000231,  86.665,   69,     2.3
    69.0,0.000987,0.001012,0.004843,0.000325,  86.396,   69,     2.3
    70.0,0.001150,0.001165,0.005583,0.000357,  86.108,   69,     2.3
    71.0,0.001329,0.001362,0.006720,0.000427,  85.723,   68,     2.4
    72.0,0.001488,0.001555,0.007665,0.000578,  85.296,   68,     2.4
    73.0,0.001651,0.001726,0.008430,0.000637,  84.768,   68,     2.4
    74.0,0.001801,0.001921,0.009127,0.000732,  84.193,   69,     2.5
    75.0,0.001841,0.002101,0.009917,0.000819,  83.516,   70,     2.5
    76.0,0.001938,0.002218,0.010454,0.000879,  82.758,   67,     2.5
    77.0,0.002118,0.002273,0.010757,0.000960,  81.880,   69,     2.6
    78.0,0.002150,0.002427,0.011122,0.001002,  80.926,   67,     2.6
    79.0,0.002158,0.002511,0.011027,0.001058,  79.906,   69,     2.6
    80.0,0.002228,0.002500,0.011275,0.001167,  78.808,   69,     2.7
    81.0,0.002232,0.002593,0.011112,0.001156,  77.594,   69,     2.7
    82.0,0.002210,0.002623,0.010798,0.001184,  76.348,   68,     2.7
    83.0,0.002157,0.002535,0.010361,0.001237,  75.032,   69,     2.8
    84.0,0.002105,0.002473,0.009966,0.001237,  73.727,   68,     2.8
    85.0,0.002063,0.002473,0.009452,0.001209,  72.366,   69,     2.8
    86.0,0.002066,0.002421,0.008671,0.001142,  70.993,   68,     2.9
    87.0,0.001965,0.002393,0.008128,0.001100,  69.636,   68,     2.9
    88.0,0.001919,0.002264,0.007431,0.001138,  68.293,   68,     2.9
    89.0,0.001916,0.002211,0.006706,0.001058,  66.998,   68,     3.0
    90.0,0.001825,0.002169,0.006266,0.001044,  65.697,   69,     3.0
    91.0,0.001723,0.002057,0.005614,0.001068,  64.449,   70,     3.0
    92.0,0.001711,0.001958,0.004913,0.000974,  63.220,   68,     3.1
    93.0,0.001660,0.001912,0.004273,0.000942,  62.027,   68,     3.1
    94.0,0.001588,0.001840,0.003583,0.000942,  60.889,   70,     3.1
    95.0,0.001558,0.001755,0.002867,0.000889,  59.795,   68,     3.2
    96.0,0.001523,0.001683,0.002150,0.000844,  58.719,   70,     3.2
    97.0,0.001471,0.001644,0.001484,0.000833,  57.700,   69,     3.2
    98.0,0.001413,0.001608,0.000720,0.000833,  56.709,   70,     3.3
    99.0,0.001371,0.001508,0.000016,0.000802,  55.737,   68,     3.3
   100.0,0.001355,0.001469,-0.000616,0.000749,  54.819,   68,     3.3
   101.0,0.001315,0.001441,-0.001199,0.000763,  53.943,   69,     3.4
   102.0,0.001286,0.001386,-0.001691,0.000760,  53.084,   67,     3.4
   103.0,0.001267,0.001362,-0.002242,0.000721,  52.259,   68,     3.4
   104.0,0.001242,0.001318,-0.002804,0.000760,  51.469,   67,     3.5
   105.0,0.001200,0.001273,-0.003314,0.000679,  50.707,   69,     3.5
   106.0,0.001189,0.001256,-0.003775,0.000693,  49.997,   68,     3.5
   107.0,0.001164,0.001201,-0.004255,0.000676,  49.291,   68,     3.6
   108.0,0.001157,0.001160,-0.004814,0.000690,  48.639,   73,     3.6
   109.0,0.001131,0.001160,-0.005244,0.000676,  48.008,   68,     3.6
   110.0,0.001081,0.001117,-0.005733,0.000686,  47.402,   67,     3.7
   111.0,0.001074,0.001069,-0.006220,0.000700,  46.847,   68,     3.7
   112.0,0.001042,0.001067,-0.006688,0.000648,  46.289,   69,     3.7
   113.0,0.001033,0.001021,-0.007078,0.000672,  45.770,   69,     3.8
   114.0,0.001037,0.000995,-0.007409,0.000606,  45.274,   68,     3.8
   115.0,0.001008,0.001001,-0.007720,0.000658,  44.790,   70,     3.8
   116.0,0.000988,0.000995,-0.008118,0.000658,  44.333,   69,     3.9
   117.0,0.000981,0.000947,-0.008730,0.000620,  43.895,   67,     3.9
   118.0,0.000975,0.000925,-0.009001,0.000644,  43.474,   70,     3.9
   119.0,0.000929,0.000916,-0.009389,0.000630,  43.079,   71,     4.0
   120.0,0.000940,0.000864,-0.009611,0.000606,  42.702,   67,     4.0
   121.0,0.000933,0.000874,-0.009988,0.000616,  42.331,   69,     4.0
   122.0,0.000907,0.000862,-0.010220,0.000602,  41.993,   71,     4.1
   123.0,0.000926,0.000856,-0.010452,0.000602,  41.655,   67,     4.1
   124.0,0.000920,0.000827,-0.010722,0.000616,  41.343,   68,     4.1
   125.0,0.000878,0.000820,-0.010935,0.000578,  41.046,   68,     4.2
   126.0,0.000887,0.000812,-0.011234,0.000602,  40.762,   71,     4.2
   127.0,0.000879,0.000791,-0.011552,0.000602,  40.471,   68,     4.2
   128.0,0.000868,0.000765,-0.011975,0.000511,  40.205,   68,     4.3
   129.0,0.000872,0.000755,-0.012206,0.000549,  39.950,   68,     4.3
   130.0,0.000860,0.000741,-0.012312,0.000497,  39.708,   69,     4.3
   131.0,0.000860,0.000749,-0.012735,0.000483,  39.474,   68,     4.4
   132.0,0.000855,0.000743,-0.012697,0.000521,  39.246,   68,     4.4
   133.0,0.000860,0.000734,-0.012917,0.000521,  39.033,   69,     4.4
   134.0,0.000849,0.000732,-0.013013,0.000535,  38.823,   68,     4.5
   135.0,0.000844,0.000737,-0.013033,0.000525,  38.631,   67,     4.5
   136.0,0.000849,0.000737,-0.013148,0.000511,  38.438,   69,     4.5
   137.0,0.000853,0.000736,-0.013148,0.000549,  38.267,   68,     4.6
   138.0,0.000837,0.000734,-0.013282,0.000525,  38.085,   67,     4.6
   139.0,0.000839,0.000717,-0.013465,0.000511,  37.926,   67,     4.6
   140.0,0.000839,0.000710,-0.013656,0.000549,  37.770,   67,     4.7
   141.0,0.000811,0.000706,-0.013838,0.000497,  37.621,   68,     4.7
   142.0,0.000824,0.000690,-0.013886,0.000535,  37.481,   70,     4.7
   143.0,0.000827,0.000688,-0.014020,0.000521,  37.345,   69,     4.8
   144.0,0.000815,0.000678,-0.013982,0.000483,  37.211,   70,     4.8
   145.0,0.000824,0.000679,-0.014107,0.000521,  37.090,   68,     4.8
   146.0,0.000805,0.000666,-0.014212,0.000497,  36.959,   69,     4.9
   147.0,0.000794,0.000671,-0.014336,0.000483,  36.856,   68,     4.9
   148.0,0.000774,0.000659,-0.014384,0.000521,  36.743,   68,     4.9
   149.0,0.000778,0.000642,-0.014528,0.000497,  36.637,   68,     5.0
   150.0,0.000775,0.000636,-0.014777,0.000469,  36.544,   73,     5.0
   151.0,0.000775,0.000632,-0.014929,0.000493,  36.453,   67,     5.0
   152.0,0.000767,0.000634,-0.015025,0.000455,  36.358,   67,     5.1
   153.0,0.000772,0.000634,-0.015178,0.000493,  36.278,   69,     5.1
   154.0,0.000772,0.000619,-0.015226,0.000455,  36.204,   69,     5.1
   155.0,0.000757,0.000618,-0.015378,0.000455,  36.131,   69,     5.2
   156.0,0.000742,0.000625,-0.015503,0.000493,  36.051,   68,     5.2
   157.0,0.000741,0.000597,-0.015636,0.000455,  35.981,   68,     5.2
   158.0,0.000754,0.000601,-0.015713,0.000455,  35.909,   69,     5.3
   159.0,0.000731,0.000596,-0.015808,0.000493,  35.839,   68,     5.3
   160.0,0.000732,0.000584,-0.015942,0.000455,  35.784,   70,     5.3
   161.0,0.000743,0.000582,-0.016075,0.000465,  35.725,   66,     5.4
   162.0,0.000738,0.000586,-0.016266,0.000479,  35.673,   68,     5.4
   163.0,0.000736,0.000569,-0.016371,0.000455,  35.617,   68,     5.4
   164.0,0.000728,0.000578,-0.016342,0.000479,  35.567,   67,     5.5
   165.0,0.000724,0.000565,-0.016532,0.000455,  35.513,   68,     5.5
   166.0,0.000736,0.000554,-0.016580,0.000455,  35.454,   68,     5.5
   167.0,0.000743,0.000559,-0.016675,0.000465,  35.408,   70,     5.6
   168.0,0.000738,0.000562,-0.016808,0.000427,  35.366,   66,     5.6
   169.0,0.000747,0.000567,-0.016647,0.000441,  35.319,   69,     5.6
   170.0,0.000742,0.000580,-0.016590,0.000465,  35.267,   68,     5.7
   171.0,0.000734,0.000576,-0.016514,0.000441,  35.229,   68,     5.7
   172.0,0.000750,0.000585,-0.016542,0.000479,  35.182,   69,     5.7
   173.0,0.000742,0.000590,-0.016514,0.000455,  35.144,   69,     5.8
   174.0,0.000730,0.000593,-0.016542,0.000455,  35.102,   68,     5.8
   175.0,0.000738,0.000580,-0.016552,0.000479,  35.062,   69,     5.8
   176.0,0.000738,0.000580,-0.016609,0.000441,  35.022,   67,     5.9
   177.0,0.000738,0.000583,-0.016685,0.000441,  34.993,   69,     5.9
   178.0,0.000738,0.000590,-0.016600,0.000465,  34.961,   68,     5.9
   179.0,0.000726,0.000583,-0.016827,0.000455,  34.933,   68,     6.0
   180.0,0.000731,0.000587,-0.016723,0.000455,  34.903,   69,     6.0
   181.0,0.000731,0.000574,-0.016751,0.000455,  34.877,   69,     6.0
   182.0,0.000736,0.000572,-0.016790,0.000455,  34.846,   67,     6.1
   183.0,0.000736,0.000582,-0.016695,0.000479,  34.817,   69,     6.1
   184.0,0.000716,0.000582,-0.016685,0.000455,  34.793,   69,     6.1
   185.0,0.000711,0.000577,-0.016752,0.000455,  34.766,   68,     6.2
   186.0,0.000700,0.000560,-0.016837,0.000479,  34.739,   69,     6.2
   187.0,0.000685,0.000554,-0.016875,0.000479,  34.718,   69,     6.2
   188.0,0.000694,0.000549,-0.017018,0.000479,  34.701,   66,     6.3
   189.0,0.000680,0.000537,-0.017199,0.000504,  34.687,   68,     6.3
   190.0,0.000680,0.000535,-0.017284,0.000504,  34.671,   69,     6.3
   191.0,0.000685,0.000537,-0.017521,0.000490,  34.653,   69,     6.4
   192.0,0.000692,0.000532,-0.017417,0.000476,  34.636,   67,     6.4
   193.0,0.000700,0.000545,-0.017379,0.000451,  34.627,   69,     6.4
   194.0,0.000714,0.000545,-0.017550,0.000476,  34.598,   68,     6.5
   195.0,0.000712,0.000554,-0.017464,0.000476,  34.585,   70,     6.5
   196.0,0.000718,0.000555,-0.017493,0.000451,  34.577,   69,     6.5
   197.0,0.000701,0.000553,-0.017417,0.000476,  34.555,   68,     6.6
   198.0,0.000717,0.000557,-0.017569,0.000476,  34.543,   68,     6.6
   199.0,0.000717,0.000557,-0.017436,0.000451,  34.529,   69,     6.6
   200.0,0.000716,0.000564,-0.017351,0.000504,  34.522,   69,     6.7
   201.0,0.000715,0.000558,-0.017436,0.000465,  34.512,   69,     6.7
   202.0,0.000720,0.000564,-0.017540,0.000490,  34.498,   71,     6.7
   203.0,0.000712,0.000563,-0.017379,0.000504,  34.492,   69,     6.8
   204.0,0.000717,0.000558,-0.017256,0.000479,  34.484,   69,     6.8
   205.0,0.000726,0.000545,-0.017218,0.000490,  34.479,   68,     6.8
   206.0,0.000730,0.000548,-0.017275,0.000504,  34.470,   69,     6.9
   207.0,0.000726,0.000562,-0.017208,0.000465,  34.465,   68,     6.9
   208.0,0.000721,0.000562,-0.017142,0.000490,  34.458,   69,     6.9
   209.0,0.000733,0.000564,-0.017085,0.000504,  34.451,   71,     7.0
   210.0,0.000730,0.000579,-0.017294,0.000504,  34.442,   67,     7.0
   211.0,0.000725,0.000564,-0.017303,0.000504,  34.427,   69,     7.0
   212.0,0.000733,0.000576,-0.017170,0.000465,  34.422,   66,     7.1
   213.0,0.000715,0.000567,-0.017189,0.000490,  34.414,   70,     7.1
   214.0,0.000718,0.000555,-0.017218,0.000504,  34.405,   68,     7.1
   215.0,0.000718,0.000562,-0.017227,0.000465,  34.401,   68,     7.2
   216.0,0.000718,0.000550,-0.017464,0.000490,  34.386,   67,     7.2
   217.0,0.000715,0.000559,-0.017398,0.000504,  34.380,   68,     7.2
   218.0,0.000715,0.000555,-0.017360,0.000465,  34.375,   69,     7.3
   219.0,0.000715,0.000547,-0.017294,0.000490,  34.369,   69,     7.3
   220.0,0.000708,0.000550,-0.017503,0.000504,  34.367,   71,     7.3
   221.0,0.000712,0.000548,-0.017474,0.000490,  34.358,   68,     7.4
   222.0,0.000711,0.000546,-0.017493,0.000504,  34.347,   68,     7.4
   223.0,0.000708,0.000539,-0.017493,0.000465,  34.343,   67,     7.4
   224.0,0.000692,0.000539,-0.017607,0.000490,  34.337,   69,     7.5
   225.0,0.000684,0.000535,-0.017532,0.000504,  34.325,   70,     7.5
   226.0,0.000689,0.000516,-0.017560,0.000451,  34.315,   67,     7.5
   227.0,0.000689,0.000533,-0.017721,0.000476,  34.314,   68,     7.6
   228.0,0.000689,0.000534,-0.017864,0.000476,  34.312,   69,     7.6
   229.0,0.000696,0.000514,-0.017760,0.000476,  34.313,   69,     7.6
   230.0,0.000700,0.000526,-0.017939,0.000476,  34.311,   68,     7.7
   231.0,0.000695,0.000541,-0.017816,0.000451,  34.308,   69,     7.7
   232.0,0.000695,0.000537,-0.017664,0.000476,  34.307,   69,     7.7
   233.0,0.000690,0.000553,-0.017929,0.000476,  34.302,   68,     7.8
   234.0,0.000696,0.000550,-0.017731,0.000465,  34.299,   68,     7.8
   235.0,0.000691,0.000547,-0.017646,0.000490,  34.294,   68,     7.8
   236.0,0.000691,0.000544,-0.017778,0.000504,  34.287,   69,     7.9
   237.0,0.000696,0.000550,-0.017702,0.000465,  34.277,   69,     7.9
   238.0,0.000700,0.000567,-0.017759,0.000490,  34.270,   67,     7.9
   239.0,0.000712,0.000555,-0.017655,0.000451,  34.268,   69,     8.0
   240.0,0.000704,0.000559,-0.017759,0.000490,  34.263,   68,     8.0
   241.0,0.000704,0.000560,-0.017617,0.000504,  34.254,   68,     8.0
   242.0,0.000708,0.000553,-0.017693,0.000465,  34.248,   70,     8.1
   243.0,0.000705,0.000540,-0.017702,0.000476,  34.244,   68,     8.1
   244.0,0.000708,0.000533,-0.017693,0.000476,  34.245,   68,     8.1
   245.0,0.000732,0.000560,-0.017617,0.000451,  34.248,   68,     8.2
   246.0,0.000743,0.000561,-0.017541,0.000476,  34.250,   68,     8.2
   247.0,0.000739,0.000590,-0.017513,0.000504,  34.252,   69,     8.2
   248.0,0.000720,0.000584,-0.017474,0.000465,  34.258,   68,     8.3
   249.0,0.000707,0.000566,-0.017465,0.000504,  34.259,   69,     8.3
   250.0,0.000712,0.000566,-0.017503,0.000465,  34.267,   68,     8.3
   251.0,0.000708,0.000557,-0.017493,0.000476,  34.268,   67,     8.4
   252.0,0.000704,0.000554,-0.017692,0.000476,  34.264,   69,     8.4
   253.0,0.000712,0.000551,-0.017977,0.000451,  34.267,   69,     8.4
   254.0,0.000708,0.000547,-0.017711,0.000476,  34.267,   69,     8.5
   255.0,0.000710,0.000553,-0.017655,0.000476,  34.264,   67,     8.5
   256.0,0.000702,0.000547,-0.017684,0.000451,  34.263,   72,     8.5
   257.0,0.000713,0.000539,-0.017721,0.000476,  34.262,   68,     8.6
   258.0,0.000713,0.000554,-0.017693,0.000476,  34.260,   69,     8.6
   259.0,0.000710,0.000549,-0.017750,0.000476,  34.261,   68,     8.6
   260.0,0.000713,0.000552,-0.017731,0.000476,  34.258,   69,     8.7
   261.0,0.000722,0.000553,-0.017703,0.000451,  34.253,   69,     8.7
   262.0,0.000710,0.000567,-0.017778,0.000476,  34.254,   67,     8.7
   263.0,0.000722,0.000558,-0.017750,0.000476,  34.247,   68,     8.8
   264.0,0.000718,0.000564,-0.017788,0.000451,  34.249,   69,     8.8
   265.0,0.000718,0.000561,-0.017731,0.000476,  34.243,   67,     8.8
   266.0,0.000710,0.000558,-0.017703,0.000476,  34.238,   68,     8.9
   267.0,0.000718,0.000570,-0.017825,0.000451,  34.241,   68,     8.9
   268.0,0.000710,0.000561,-0.017759,0.000476,  34.239,   69,     8.9
   269.0,0.000710,0.000567,-0.017816,0.000490,  34.234,   68,     9.0
   270.0,0.000721,0.000559,-0.017806,0.000476,  34.235,   70,     9.0
   271.0,0.000717,0.000563,-0.017816,0.000476,  34.216,   69,     9.0
   272.0,0.000727,0.000557,-0.017825,0.000451,  34.205,   67,     9.1
   273.0,0.000703,0.000569,-0.017749,0.000476,  34.196,   69,     9.1
   274.0,0.000707,0.000558,-0.018024,0.000476,  34.185,   68,     9.1
   275.0,0.000695,0.000549,-0.017968,0.000529,  34.178,   68,     9.2
   276.0,0.000692,0.000555,-0.017949,0.000515,  34.174,   68,     9.2
   277.0,0.000700,0.000538,-0.018024,0.000476,  34.170,   69,     9.2
   278.0,0.000707,0.000541,-0.017911,0.000515,  34.170,   70,     9.3
   279.0,0.000707,0.000541,-0.017930,0.000515,  34.180,   68,     9.3
   280.0,0.000703,0.000538,-0.017921,0.000501,  34.195,   70,     9.3
   281.0,0.000714,0.000546,-0.017864,0.000501,  34.204,   69,     9.4
   282.0,0.000718,0.000552,-0.017959,0.000476,  34.214,   68,     9.4
   283.0,0.000726,0.000555,-0.017902,0.000501,  34.216,   68,     9.4
   284.0,0.000729,0.000558,-0.017807,0.000501,  34.231,   73,     9.5
   285.0,0.000726,0.000562,-0.017684,0.000476,  34.236,   68,     9.5
   286.0,0.000722,0.000574,-0.017646,0.000529,  34.236,   68,     9.5
   287.0,0.000722,0.000567,-0.017645,0.000515,  34.238,   68,     9.6
   288.0,0.000718,0.000569,-0.017750,0.000515,  34.244,   69,     9.6
   289.0,0.000714,0.000574,-0.017655,0.000515,  34.246,   70,     9.6
   290.0,0.000718,0.000564,-0.017608,0.000476,  34.231,   68,     9.7
   291.0,0.000722,0.000556,-0.017901,0.000501,  34.229,   69,     9.7
   292.0,0.000722,0.000559,-0.017731,0.000501,  34.227,   70,     9.7
   293.0,0.000730,0.000559,-0.017655,0.000476,  34.224,   69,     9.8
   294.0,0.000730,0.000567,-0.017579,0.000501,  34.223,   69,     9.8
   295.0,0.000722,0.000570,-0.017503,0.000501,  34.218,   67,     9.8
   296.0,0.000718,0.000562,-0.017626,0.000476,  34.211,   71,     9.9
   297.0,0.000714,0.000564,-0.017588,0.000529,  34.202,   68,     9.9
   298.0,0.000714,0.000561,-0.017541,0.000476,  34.192,   68,     9.9
   299.0,0.000711,0.000558,-0.017655,0.000529,  34.195,   68,    10.0
   300.0,0.000707,0.000555,-0.017693,0.000515,  34.180,   68,    10.0
   301.0,0.000718,0.000561,-0.017731,0.000476,  34.185,   53,    10.0
   302.0,0.000696,0.000556,-0.017920,0.000529,  34.223,   34,    10.0
   303.0,0.000659,0.000584,-0.017541,0.000515,  34.224,   34,    10.1
   304.0,0.000625,0.000535,-0.017474,0.000462,  34.232,   34,    10.1
   305.0,0.000618,0.000505,-0.017739,0.000459,  34.234,   34,    10.1
   306.0,0.000611,0.000491,-0.017711,0.000445,  34.240,   35,    10.1
   307.0,0.000599,0.000476,-0.017569,0.000406,  34.236,   34,    10.1
   308.0,0.000601,0.000469,-0.017541,0.000431,  34.248,   35,    10.1
   309.0,0.000605,0.000462,-0.017693,0.000378,  34.249,   35,    10.2
   310.0,0.000596,0.000468,-0.017579,0.000431,  34.249,   33,    10.2
   311.0,0.000599,0.000462,-0.017541,0.000417,  34.247,   34,    10.2
   312.0,0.000603,0.000464,-0.017560,0.000378,  34.244,   33,    10.2
   313.0,0.000607,0.000471,-0.017532,0.000431,  34.240,   35,    10.2
   314.0,0.000618,0.000480,-0.017635,0.000417,  34.233,   35,    10.2
   315.0,0.000625,0.000494,-0.017730,0.000417,  34.232,   33,    10.3
   316.0,0.000618,0.000503,-0.017540,0.000431,  34.231,   33,    10.3
   317.0,0.000618,0.000501,-0.017303,0.000417,  34.232,   36,    10.3
   318.0,0.000607,0.000480,-0.017407,0.000417,  34.226,   34,    10.3
   319.0,0.000608,0.000483,-0.017417,0.000417,  34.219,   34,    10.3
   320.0,0.000596,0.000479,-0.017379,0.000378,  34.210,   36,    10.3
   321.0,0.000604,0.000467,-0.017512,0.000417,  34.203,   35,    10.4
   322.0,0.000593,0.000468,-0.017418,0.000403,  34.201,   34,    10.4
   323.0,0.000596,0.000462,-0.017474,0.000378,  34.191,   35,    10.4
   324.0,0.000602,0.000467,-0.017437,0.000417,  34.181,   36,    10.4
   325.0,0.000605,0.000472,-0.017446,0.000441,  34.180,   34,    10.4
   326.0,0.000597,0.000465,-0.017465,0.000364,  34.173,   33,    10.4
   327.0,0.000613,0.000472,-0.017550,0.000389,  34.175,   36,    10.5
   328.0,0.000628,0.000472,-0.017465,0.000389,  34.171,   36,    10.5
   329.0,0.000615,0.000481,-0.017408,0.000417,  34.174,   36,    10.5
   330.0,0.000617,0.000477,-0.017341,0.000417,  34.178,   36,    10.5
   331.0,0.000615,0.000477,-0.017237,0.000378,  34.180,   33,    10.5
   332.0,0.000617,0.000472,-0.017275,0.000469,  34.186,   34,    10.5
   333.0,0.000617,0.000473,-0.017284,0.000417,  34.188,   34,    10.6
   334.0,0.000612,0.000482,-0.017208,0.000378,  34.200,   35,    10.6
   335.0,0.000628,0.000479,-0.017189,0.000417,  34.201,   34,    10.6
   336.0,0.000631,0.000475,-0.017123,0.000417,  34.210,   35,    10.6
   337.0,0.000623,0.000480,-0.017123,0.000431,  34.213,   37,    10.6
   338.0,0.000620,0.000489,-0.017151,0.000417,  34.218,   34,    10.6
   339.0,0.000603,0.000484,-0.017075,0.000378,  34.220,   33,    10.7
   340.0,0.000599,0.000472,-0.017284,0.000431,  34.218,   36,    10.7
   341.0,0.000604,0.000478,-0.017284,0.000417,  34.225,   35,    10.7
   342.0,0.000592,0.000472,-0.017407,0.000378,  34.229,   35,    10.7
   343.0,0.000598,0.000479,-0.017303,0.000417,  34.228,   34,    10.7
   344.0,0.000598,0.000472,-0.017322,0.000403,  34.234,   35,    10.7
   345.0,0.000581,0.000462,-0.017351,0.000378,  34.236,   34,    10.8
   346.0,0.000586,0.000455,-0.017360,0.000417,  34.240,   34,    10.8
   347.0,0.000574,0.000445,-0.017408,0.000364,  34.240,   35,    10.8
   348.0,0.000578,0.000452,-0.017474,0.000417,  34.245,   37,    10.8
   349.0,0.000594,0.000455,-0.017550,0.000403,  34.240,   35,    10.8
   350.0,0.000594,0.000458,-0.017522,0.000350,  34.238,   35,    10.8
   351.0,0.000578,0.000453,-0.017494,0.000403,  34.253,   35,    10.9
   352.0,0.000591,0.000449,-0.017758,0.000389,  34.253,   34,    10.9
   353.0,0.000582,0.000452,-0.017721,0.000350,  34.253,   34,    10.9
   354.0,0.000591,0.000455,-0.017673,0.000403,  34.257,   35,    10.9
   355.0,0.000583,0.000450,-0.017702,0.000389,  34.256,   35,    10.9
   356.0,0.000582,0.000442,-0.017673,0.000350,  34.256,   34,    10.9
   357.0,0.000578,0.000437,-0.017636,0.000375,  34.259,   35,    11.0
   358.0,0.000574,0.000452,-0.017626,0.000350,  34.260,   34,    11.0
   359.0,0.000574,0.000457,-0.017607,0.000403,  34.264,   35,    11.0
   360.0,0.000597,0.000455,-0.017503,0.000403,  34.265,   40,    11.0
   361.0,0.000596,0.000463,-0.017636,0.000378,  34.265,   35,    11.0
   362.0,0.000617,0.000475,-0.017693,0.000431,  34.270,   35,    11.0
   363.0,0.000617,0.000467,-0.017702,0.000417,  34.268,   36,    11.1
   364.0,0.000590,0.000466,-0.017806,0.000378,  34.271,   34,    11.1
   365.0,0.000587,0.000464,-0.017844,0.000417,  34.266,   36,    11.1
   366.0,0.000591,0.000455,-0.017721,0.000364,  34.266,   37,    11.1
   367.0,0.000601,0.000456,-0.017778,0.000417,  34.260,   36,    11.1
   368.0,0.000613,0.000472,-0.017674,0.000403,  34.258,   35,    11.1
   369.0,0.000620,0.000483,-0.017731,0.000378,  34.258,   37,    11.2
   370.0,0.000608,0.000490,-0.017665,0.000417,  34.256,   37,    11.2
   371.0,0.000617,0.000485,-0.017740,0.000403,  34.255,   35,    11.2
   372.0,0.000604,0.000483,-0.017645,0.000378,  34.251,   36,    11.2
   373.0,0.000613,0.000493,-0.017522,0.000417,  34.250,   36,    11.2
   374.0,0.000613,0.000487,-0.017569,0.000403,  34.246,   35,    11.2
   375.0,0.000609,0.000484,-0.017692,0.000378,  34.245,   36,    11.3
   376.0,0.000610,0.000484,-0.017664,0.000403,  34.243,   35,    11.3
   377.0,0.000594,0.000484,-0.017882,0.000378,  34.228,   35,    11.3
   378.0,0.000594,0.000471,-0.017674,0.000417,  34.226,   34,    11.3
   379.0,0.000612,0.000455,-0.017655,0.000403,  34.221,   36,    11.3
   380.0,0.000598,0.000458,-0.017664,0.000378,  34.212,   38,    11.3
   381.0,0.000607,0.000461,-0.017740,0.000417,  34.204,   37,    11.4
   382.0,0.000587,0.000464,-0.017655,0.000403,  34.203,   35,    11.4
   383.0,0.000576,0.000457,-0.017750,0.000378,  34.197,   35,    11.4
   384.0,0.000577,0.000447,-0.017778,0.000417,  34.194,   32,    11.4
   385.0,0.000582,0.000437,-0.017788,0.000403,  34.178,   35,    11.4
   386.0,0.000577,0.000435,-0.017977,0.000389,  34.170,   35,    11.4
   387.0,0.000584,0.000440,-0.017939,0.000389,  34.164,   35,    11.5
   388.0,0.000576,0.000453,-0.017940,0.000350,  34.157,   35,    11.5
   389.0,0.000572,0.000455,-0.018063,0.000403,  34.164,   36,    11.5
   390.0,0.000577,0.000444,-0.018016,0.000403,  34.160,   38,    11.5
   391.0,0.000577,0.000439,-0.018082,0.000350,  34.156,   35,    11.5
   392.0,0.000584,0.000446,-0.017978,0.000403,  34.156,   36,    11.5
   393.0,0.000593,0.000437,-0.017883,0.000389,  34.159,   35,    11.6
   394.0,0.000599,0.000437,-0.017949,0.000350,  34.162,   35,    11.6
   395.0,0.000592,0.000442,-0.017987,0.000389,  34.164,   34,    11.6
   396.0,0.000576,0.000450,-0.018063,0.000389,  34.168,   35,    11.6
   397.0,0.000576,0.000447,-0.017978,0.000403,  34.167,   36,    11.6
   398.0,0.000581,0.000438,-0.017902,0.000389,  34.172,   34,    11.6
   399.0,0.000583,0.000443,-0.017940,0.000350,  34.171,   35,    11.7
   400.0,0.000596,0.000453,-0.017864,0.000403,  34.174,   37,    11.7
   401.0,0.000599,0.000459,-0.017712,0.000389,  34.177,   35,    11.7
   402.0,0.000602,0.000463,-0.017579,0.000364,  34.180,   37,    11.7
   403.0,0.000634,0.000484,-0.017541,0.000403,  34.183,   35,    11.7
   404.0,0.000660,0.000490,-0.017141,0.000389,  34.186,   36,    11.7
   405.0,0.000673,0.000508,-0.016637,0.000403,  34.181,   35,    11.8
   406.0,0.000715,0.000519,-0.016237,0.000389,  34.180,   35,    11.8
   407.0,0.000732,0.000543,-0.015741,0.000364,  34.179,   35,    11.8
   408.0,0.000780,0.000555,-0.014719,0.000417,  34.183,   35,    11.8
   409.0,0.000848,0.000578,-0.013618,0.000417,  34.181,   35,    11.8
   410.0,0.000919,0.000606,-0.012437,0.000378,  34.177,   37,    11.8
   411.0,0.000990,0.000647,-0.011108,0.000417,  34.181,   36,    11.9
   412.0,0.001083,0.000693,-0.009427,0.000403,  34.181,   36,    11.9
   413.0,0.001186,0.000751,-0.007671,0.000378,  34.185,   36,    11.9
   414.0,0.001335,0.000817,-0.005567,0.000417,  34.187,   34,    11.9
   415.0,0.001470,0.000905,-0.003589,0.000364,  34.184,   35,    11.9
   416.0,0.001656,0.001007,-0.000774,0.000417,  34.186,   36,    11.9
   417.0,0.001893,0.001129,0.002338,0.000403,  34.186,   36,    12.0
   418.0,0.002146,0.001233,0.006095,0.000378,  34.189,   34,    12.0
   419.0,0.002431,0.001386,0.010066,0.000417,  34.187,   36,    12.0
   420.0,0.002712,0.001559,0.014529,0.000403,  34.183,   36,    12.0
   421.0,0.003024,0.001766,0.019916,0.000378,  34.186,   35,    12.0
   422.0,0.003404,0.001987,0.025829,0.000417,  34.184,   35,    12.0
   423.0,0.003833,0.002234,0.032153,0.000403,  34.185,   37,    12.1
   424.0,0.004308,0.002505,0.039331,0.000417,  34.184,   36,    12.1
   425.0,0.004826,0.002831,0.045139,0.000403,  34.182,   36,    12.1
   426.0,0.005373,0.003167,0.053447,0.000378,  34.177,   35,    12.1
   427.0,0.005958,0.003520,0.062293,0.000431,  34.178,   36,    12.1
   428.0,0.006587,0.003854,0.071858,0.000441,  34.172,   37,    12.1
   429.0,0.007244,0.004279,0.081990,0.000455,  34.166,   35,    12.2
   430.0,0.007792,0.004748,0.092688,0.000455,  34.165,   36,    12.2
   431.0,0.008526,0.005238,0.103859,0.000455,  34.162,   37,    12.2
   432.0,0.009274,0.005753,0.115863,0.000455,  34.155,   34,    12.2
   433.0,0.010070,0.006319,0.128058,0.000483,  34.152,   35,    12.2
   434.0,0.010893,0.006894,0.140727,0.000469,  34.147,   34,    12.2
   435.0,0.011721,0.007494,0.151632,0.000469,  34.141,   35,    12.3
   436.0,0.012559,0.008125,0.165494,0.000483,  34.132,   35,    12.3
   437.0,0.013408,0.008719,0.179394,0.000445,  34.128,   35,    12.3
   438.0,0.014307,0.009287,0.193486,0.000445,  34.117,   37,    12.3
   439.0,0.015066,0.009979,0.207950,0.000445,  34.109,   35,    12.3
   440.0,0.015860,0.010668,0.222530,0.000434,  34.100,   34,    12.3
   441.0,0.016733,0.011353,0.237045,0.000459,  34.098,   36,    12.4
   442.0,0.017593,0.012042,0.251757,0.000473,  34.077,   35,    12.4
   443.0,0.018430,0.012730,0.266367,0.000434,  34.069,   36,    12.4
   444.0,0.019270,0.013434,0.277506,0.000459,  34.061,   36,    12.4
   445.0,0.020092,0.014140,0.291593,0.000434,  34.053,   34,    12.4
   446.0,0.020904,0.014805,0.305462,0.000473,  34.042,   35,    12.4
   447.0,0.021689,0.015370,0.319158,0.000473,  34.032,   37,    12.5
   448.0,0.022444,0.016040,0.332523,0.000462,  34.014,   36,    12.5
   449.0,0.023018,0.016713,0.345567,0.000501,  33.994,   35,    12.5
   450.0,0.023757,0.017342,0.358021,0.000515,  33.980,   35,    12.5
   451.0,0.024410,0.017961,0.370415,0.000476,  33.952,   35,    12.5
   452.0,0.025049,0.018558,0.382142,0.000529,  33.937,   35,    12.5
   453.0,0.025681,0.019098,0.393223,0.000543,  33.896,   36,    12.6
   454.0,0.026267,0.019637,0.402392,0.000557,  33.862,   36,    12.6
   455.0,0.026810,0.020156,0.413612,0.000595,  33.818,   35,    12.6
   456.0,0.027339,0.020580,0.423864,0.000609,  33.767,   35,    12.6
   457.0,0.027844,0.020951,0.434181,0.000609,  33.714,   36,    12.6
   458.0,0.028299,0.021355,0.444218,0.000609,  33.650,   36,    12.6
   459.0,0.028639,0.021714,0.453957,0.000609,  33.586,   36,    12.7
   460.0,0.029109,0.022041,0.463906,0.000609,  33.509,   36,    12.7
   461.0,0.029532,0.022351,0.473884,0.000567,  33.424,   36,    12.7
   462.0,0.029968,0.022637,0.483867,0.000581,  33.342,   35,    12.7
   463.0,0.030466,0.022878,0.493427,0.000581,  33.242,   36,    12.7
   464.0,0.030934,0.023128,0.502872,0.000567,  33.134,   37,    12.7
   465.0,0.031456,0.023346,0.514598,0.000567,  33.014,   35,    12.8
   466.0,0.032070,0.023516,0.526803,0.000539,  32.896,   35,    12.8
   467.0,0.032763,0.023721,0.540214,0.000483,  32.754,   36,    12.8
   468.0,0.033515,0.023984,0.555092,0.000483,  32.603,   36,    12.8
   469.0,0.034252,0.024263,0.571133,0.000455,  32.438,   36,    12.8
   470.0,0.035294,0.024588,0.590441,0.000455,  32.262,   36,    12.8
   471.0,0.036498,0.024955,0.612319,0.000469,  32.082,   35,    12.9
   472.0,0.037824,0.025418,0.637004,0.000455,  31.897,   35,    12.9
   473.0,0.039342,0.025953,0.661248,0.000469,  31.695,   35,    12.9
   474.0,0.041032,0.026558,0.689737,0.000455,  31.490,   36,    12.9
   475.0,0.042924,0.027248,0.722945,0.000483,  31.282,   37,    12.9
   476.0,0.044982,0.027896,0.760440,0.000497,  31.078,   34,    12.9
   477.0,0.047181,0.028767,0.801236,0.000525,  30.889,   35,    13.0
   478.0,0.049329,0.029726,0.845065,0.000567,  30.713,   37,    13.0
   479.0,0.051407,0.030760,0.891182,0.000637,  30.550,   35,    13.0
   480.0,0.053819,0.031855,0.939151,0.000665,  30.422,   36,    13.0
   481.0,0.056384,0.032993,0.987515,0.000694,  30.330,   36,    13.0
   482.0,0.058866,0.034157,1.037597,0.000750,  30.272,   34,    13.0
   483.0,0.061332,0.035335,1.076878,0.000764,  30.255,   35,    13.1
   484.0,0.063744,0.036473,1.125587,0.000806,  30.282,   35,    13.1
   485.0,0.066135,0.037621,1.172649,0.000820,  30.356,   35,    13.1
   486.0,0.068405,0.038499,1.218897,0.000862,  30.462,   35,    13.1
   487.0,0.070561,0.039611,1.262974,0.000890,  30.611,   35,    13.1
   488.0,0.072377,0.040617,1.302801,0.000890,  30.791,   36,    13.1
   489.0,0.074227,0.041597,1.341402,0.000904,  31.001,   36,    13.2
   490.0,0.076067,0.042525,1.377605,0.000890,  31.236,   34,    13.2
   491.0,0.077818,0.043388,1.410463,0.000851,  31.478,   36,    13.2
   492.0,0.079420,0.044208,1.440489,0.000826,  31.738,   35,    13.2
   493.0,0.080894,0.044949,1.462297,0.000865,  31.998,   34,    13.2
   494.0,0.082283,0.045630,1.488313,0.000826,  32.267,   36,    13.2
   495.0,0.083515,0.046251,1.511484,0.000865,  32.535,   35,    13.3
   496.0,0.084644,0.046705,1.531170,0.000865,  32.797,   36,    13.3
   497.0,0.085649,0.047240,1.549712,0.000840,  33.049,   36,    13.3
   498.0,0.086361,0.047708,1.564730,0.000893,  33.285,   36,    13.3
   499.0,0.087121,0.048109,1.578743,0.000879,  33.525,   35,    13.3
   500.0,0.087796,0.048439,1.590142,0.000854,  33.745,   36,    13.3
   501.0,0.088299,0.048721,1.600260,0.000893,  33.951,   36,    13.4
   502.0,0.088686,0.048931,1.605803,0.000893,  34.143,   34,    13.4
   503.0,0.089003,0.049067,1.610639,0.000907,  34.319,   35,    13.4
   504.0,0.089185,0.049171,1.613890,0.000893,  34.480,   36,    13.4
   505.0,0.089267,0.049210,1.616365,0.000869,  34.641,   36,    13.4
   506.0,0.089271,0.049210,1.616327,0.000921,  34.776,   39,    13.4
   507.0,0.089144,0.049168,1.616317,0.000893,  34.912,   35,    13.5
   508.0,0.088971,0.049080,1.613068,0.000854,  35.033,   36,    13.5
   509.0,0.088703,0.048928,1.609028,0.000907,  35.132,   36,    13.5
   510.0,0.088394,0.048747,1.603415,0.000907,  35.226,   36,    13.5
   511.0,0.087982,0.048559,1.596347,0.000883,  35.310,   36,    13.5
   512.0,0.087524,0.048303,1.589373,0.000907,  35.382,   36,    13.5
   513.0,0.086981,0.048025,1.582519,0.000907,  35.454,   35,    13.6
   514.0,0.086397,0.047708,1.572812,0.000921,  35.523,   36,    13.6
   515.0,0.085752,0.047408,1.563270,0.000907,  35.564,   36,    13.6
   516.0,0.085116,0.047066,1.551184,0.000960,  35.614,   34,    13.6
   517.0,0.084450,0.046718,1.540714,0.000960,  35.650,   35,    13.6
   518.0,0.083875,0.046321,1.527850,0.000946,  35.680,   36,    13.6
   519.0,0.083112,0.045926,1.515347,0.000960,  35.704,   35,    13.7
   520.0,0.082332,0.045514,1.502582,0.000960,  35.723,   35,    13.7
   521.0,0.081536,0.045093,1.488370,0.000946,  35.728,   35,    13.7
   522.0,0.080728,0.044641,1.475735,0.000946,  35.736,   36,    13.7
   523.0,0.079904,0.044195,1.462890,0.000932,  35.741,   35,    13.7
   524.0,0.079077,0.043734,1.447096,0.000932,  35.737,   34,    13.7
   525.0,0.078242,0.043379,1.432946,0.000918,  35.728,   38,    13.8
   526.0,0.077365,0.042921,1.416100,0.000918,  35.727,   36,    13.8
   527.0,0.076548,0.042455,1.400417,0.000932,  35.719,   35,    13.8
   528.0,0.075802,0.041986,1.384341,0.000932,  35.705,   37,    13.8
   529.0,0.074939,0.041518,1.367380,0.000918,  35.695,   35,    13.8
   530.0,0.074086,0.041069,1.350620,0.000904,  35.674,   36,    13.8
   531.0,0.073221,0.040598,1.334576,0.000904,  35.657,   36,    13.9
   532.0,0.072368,0.040147,1.321041,0.000918,  35.640,   35,    13.9
   533.0,0.071524,0.039694,1.304403,0.000904,  35.620,   35,    13.9
   534.0,0.070652,0.039237,1.287949,0.000904,  35.595,   34,    13.9
   535.0,0.069807,0.038867,1.270635,0.000904,  35.575,   38,    13.9
   536.0,0.068951,0.038402,1.253995,0.000904,  35.558,   35,    13.9
   537.0,0.068201,0.037950,1.236660,0.000956,  35.532,   35,    14.0
   538.0,0.067439,0.037508,1.219225,0.000932,  35.511,   35,    14.0
   539.0,0.066584,0.037076,1.202497,0.000956,  35.489,   35,    14.0
   540.0,0.065747,0.036628,1.185478,0.000956,  35.465,   35,    14.0
   541.0,0.064942,0.036197,1.168527,0.000904,  35.449,   36,    14.0
   542.0,0.064113,0.035769,1.155303,0.000904,  35.415,   36,    14.0
   543.0,0.063324,0.035342,1.137583,0.000904,  35.391,   35,    14.1
   544.0,0.062541,0.034928,1.121333,0.000890,  35.371,   36,    14.1
   545.0,0.061759,0.034602,1.104129,0.000890,  35.345,   35,    14.1
   546.0,0.060996,0.034188,1.087851,0.000904,  35.323,   35,    14.1
   547.0,0.060263,0.033791,1.071218,0.000928,  35.306,   36,    14.1
   548.0,0.059651,0.033409,1.054340,0.000928,  35.274,   35,    14.1
   549.0,0.058908,0.033031,1.038648,0.000942,  35.255,   35,    14.2
   550.0,0.058175,0.032644,1.022524,0.000942,  35.242,   35,    14.2
   551.0,0.057452,0.032261,1.006747,0.000890,  35.213,   34,    14.2
   552.0,0.056751,0.031902,0.994649,0.000890,  35.204,   35,    14.2
   553.0,0.056076,0.031532,0.978374,0.000876,  35.185,   35,    14.2
   554.0,0.055398,0.031214,0.962660,0.000876,  35.159,   37,    14.2
   555.0,0.054743,0.030916,0.947291,0.000876,  35.137,   36,    14.3
   556.0,0.054092,0.030568,0.932513,0.000876,  35.121,   38,    14.3
   557.0,0.053581,0.030245,0.917040,0.000876,  35.105,   35,    14.3
   558.0,0.052953,0.029926,0.902544,0.000876,  35.081,   37,    14.3
   559.0,0.052343,0.029588,0.887788,0.000862,  35.065,   36,    14.3
   560.0,0.051746,0.029282,0.872965,0.000862,  35.038,   34,    14.3
   561.0,0.051154,0.028978,0.860409,0.000848,  35.024,   37,    14.4
   562.0,0.050596,0.028688,0.847853,0.000834,  35.007,   36,    14.4
   563.0,0.050047,0.028406,0.834279,0.000848,  34.988,   35,    14.4
   564.0,0.049507,0.028165,0.820807,0.000848,  34.968,   36,    14.4
   565.0,0.048980,0.027909,0.807630,0.000848,  34.954,   35,    14.4
   566.0,0.048500,0.027650,0.794253,0.000848,  34.943,   36,    14.4
   567.0,0.048111,0.027397,0.781515,0.000820,  34.926,   36,    14.5
   568.0,0.047644,0.027163,0.769015,0.000834,  34.900,   35,    14.5
   569.0,0.047181,0.026931,0.756987,0.000848,  34.889,   36,    14.5
   570.0,0.046727,0.026715,0.744714,0.000834,  34.873,   34,    14.5
   571.0,0.046278,0.026503,0.734699,0.000862,  34.862,   35,    14.5
   572.0,0.045866,0.026295,0.723583,0.000848,  34.838,   37,    14.5
   573.0,0.045451,0.026089,0.712143,0.000848,  34.822,   36,    14.6
   574.0,0.045061,0.025935,0.700940,0.000886,  34.807,   35,    14.6
   575.0,0.044667,0.025739,0.690047,0.000872,  34.792,   36,    14.6
   576.0,0.044309,0.025542,0.679240,0.000834,  34.772,   36,    14.6
   577.0,0.044002,0.025360,0.668770,0.000872,  34.759,   35,    14.6
   578.0,0.043658,0.025183,0.658626,0.000858,  34.734,   35,    14.6
   579.0,0.043331,0.025030,0.648301,0.000834,  34.718,   37,    14.7
   580.0,0.043008,0.024882,0.638579,0.000872,  34.702,   35,    14.7
   581.0,0.042710,0.024729,0.630731,0.000858,  34.692,   35,    14.7
   582.0,0.042424,0.024592,0.621081,0.000872,  34.668,   35,    14.7
   583.0,0.042134,0.024460,0.612338,0.000858,  34.661,   37,    14.7
   584.0,0.041865,0.024365,0.603434,0.000834,  34.654,   35,    14.7
   585.0,0.041608,0.024230,0.594778,0.000872,  34.645,   36,    14.8
   586.0,0.041387,0.024120,0.586128,0.000858,  34.635,   37,    14.8
   587.0,0.041180,0.024009,0.577909,0.000834,  34.618,   36,    14.8
   588.0,0.040952,0.023911,0.569799,0.000834,  34.610,   36,    14.8
   589.0,0.040728,0.023807,0.561854,0.000820,  34.605,   36,    14.8
   590.0,0.040558,0.023717,0.554448,0.000806,  34.606,   36,    14.8
   591.0,0.040367,0.023634,0.548600,0.000792,  34.597,   35,    14.9
   592.0,0.040192,0.023560,0.541264,0.000778,  34.589,   35,    14.9
   593.0,0.040029,0.023493,0.534148,0.000778,  34.582,   36,    14.9
   594.0,0.039879,0.023438,0.527374,0.000792,  34.581,   35,    14.9
   595.0,0.039746,0.023395,0.520592,0.000806,  34.579,   36,    14.9
   596.0,0.039637,0.023337,0.513926,0.000792,  34.570,   35,    14.9
   597.0,0.039515,0.023295,0.507749,0.000792,  34.568,   36,    15.0
   598.0,0.039405,0.023258,0.501784,0.000778,  34.554,   36,    15.0
   599.0,0.039304,0.023227,0.496066,0.000830,  34.549,   36,    15.0
   600.0,0.039215,0.023187,0.491521,0.000844,  34.542,   35,    15.0
   601.0,0.039138,0.023175,0.485750,0.000830,  34.535,   33,    15.0
   602.0,0.039057,0.023154,0.480432,0.000830,  34.535,   36,    15.0
   603.0,0.038996,0.023145,0.475409,0.000806,  34.525,   37,    15.1
   604.0,0.038943,0.023131,0.470364,0.000830,  34.518,   35,    15.1
   605.0,0.038882,0.023127,0.465733,0.000830,  34.505,   37,    15.1
   606.0,0.038858,0.023127,0.461075,0.000806,  34.497,   38,    15.1
   607.0,0.038830,0.023143,0.456786,0.000830,  34.487,   35,    15.1
   608.0,0.038797,0.023142,0.452400,0.000830,  34.484,   36,    15.1
   609.0,0.038777,0.023151,0.448178,0.000806,  34.482,   36,    15.2
   610.0,0.038757,0.023160,0.445015,0.000830,  34.475,   37,    15.2
   611.0,0.038728,0.023179,0.440919,0.000806,  34.473,   36,    15.2
   612.0,0.038761,0.023197,0.437168,0.000830,  34.472,   36,    15.2
   613.0,0.038757,0.023216,0.433448,0.000830,  34.457,   36,    15.2
   614.0,0.038761,0.023240,0.430026,0.000806,  34.453,   37,    15.2
   615.0,0.038765,0.023267,0.426444,0.000830,  34.437,   36,    15.3
   616.0,0.038801,0.023301,0.423315,0.000816,  34.432,   38,    15.3
   617.0,0.038818,0.023338,0.420317,0.000778,  34.421,   36,    15.3
   618.0,0.038862,0.023374,0.416773,0.000816,  34.416,   36,    15.3
   619.0,0.038923,0.023414,0.413897,0.000816,  34.410,   38,    15.3
   620.0,0.038963,0.023466,0.411968,0.000778,  34.405,   35,    15.3
   621.0,0.039007,0.023521,0.409462,0.000816,  34.403,   36,    15.4
   622.0,0.039098,0.023566,0.406981,0.000778,  34.404,   36,    15.4
   623.0,0.039162,0.023621,0.404523,0.000816,  34.396,   36,    15.4
   624.0,0.039219,0.023686,0.402350,0.000816,  34.397,   35,    15.4
   625.0,0.039279,0.023737,0.399897,0.000778,  34.394,   36,    15.4
   626.0,0.039377,0.023799,0.398095,0.000802,  34.397,   37,    15.4
   627.0,0.039442,0.023860,0.395842,0.000788,  34.395,   36,    15.5
   628.0,0.039531,0.023943,0.394006,0.000778,  34.397,   36,    15.5
   629.0,0.039616,0.024013,0.392627,0.000802,  34.395,   37,    15.5
   630.0,0.039701,0.024070,0.390968,0.000816,  34.397,   36,    15.5
   631.0,0.039799,0.024144,0.389433,0.000802,  34.397,   37,    15.5
   632.0,0.039884,0.024197,0.387874,0.000802,  34.388,   35,    15.5
   633.0,0.039985,0.024264,0.386176,0.000778,  34.382,   36,    15.6
   634.0,0.040091,0.024347,0.384840,0.000788,  34.379,   38,    15.6
   635.0,0.040189,0.024423,0.383546,0.000788,  34.373,   36,    15.6
   636.0,0.040290,0.024494,0.382437,0.000750,  34.369,   37,    15.6
   637.0,0.040408,0.024570,0.381075,0.000788,  34.363,   36,    15.6
   638.0,0.040530,0.024653,0.380067,0.000788,  34.359,   35,    15.6
   639.0,0.040631,0.024748,0.379205,0.000764,  34.355,   36,    15.7
   640.0,0.040766,0.024825,0.378305,0.000788,  34.351,   35,    15.7
   641.0,0.040892,0.024905,0.377511,0.000722,  34.344,   37,    15.7
   642.0,0.041001,0.024993,0.376391,0.000774,  34.343,   36,    15.7
   643.0,0.041148,0.025083,0.375816,0.000774,  34.329,   35,    15.7
   644.0,0.041270,0.025156,0.375195,0.000736,  34.330,   35,    15.7
   645.0,0.041372,0.025256,0.374586,0.000788,  34.325,   36,    15.8
   646.0,0.041490,0.025355,0.374051,0.000774,  34.321,   37,    15.8
   647.0,0.041633,0.025438,0.373332,0.000736,  34.324,   37,    15.8
   648.0,0.041776,0.025537,0.372921,0.000774,  34.316,   37,    15.8
   649.0,0.041889,0.025641,0.372288,0.000788,  34.311,   36,    15.8
   650.0,0.042036,0.025724,0.372034,0.000788,  34.300,   38,    15.8
   651.0,0.042179,0.025825,0.371728,0.000788,  34.289,   35,    15.9
   652.0,0.042301,0.025892,0.371513,0.000750,  34.286,   35,    15.9
   653.0,0.042449,0.025982,0.371030,0.000788,  34.271,   37,    15.9
   654.0,0.042571,0.026077,0.371001,0.000788,  34.261,   36,    15.9
   655.0,0.042702,0.026178,0.370908,0.000750,  34.259,   37,    15.9
   656.0,0.042862,0.026267,0.370852,0.000788,  34.254,   37,    15.9
   657.0,0.042988,0.026371,0.370354,0.000788,  34.251,   36,    16.0
   658.0,0.043106,0.026470,0.370482,0.000778,  34.253,   35,    16.0
   659.0,0.043242,0.026553,0.370215,0.000802,  34.252,   35,    16.0
   660.0,0.043368,0.026636,0.370333,0.000750,  34.256,   37,    16.0
   661.0,0.043491,0.026722,0.370323,0.000760,  34.258,   36,    16.0
   662.0,0.043626,0.026787,0.370203,0.000774,  34.266,   38,    16.0
   663.0,0.043757,0.026874,0.370186,0.000764,  34.268,   37,    16.1
   664.0,0.043864,0.026969,0.370314,0.000788,  34.268,   36,    16.1
   665.0,0.043982,0.027059,0.370139,0.000802,  34.271,   37,    16.1
   666.0,0.044126,0.027116,0.370103,0.000736,  34.272,   37,    16.1
   667.0,0.044229,0.027206,0.370343,0.000774,  34.283,   37,    16.1
   668.0,0.044360,0.027293,0.370490,0.000774,  34.286,   36,    16.1
   669.0,0.044479,0.027351,0.370546,0.000750,  34.287,   35,    16.2
   670.0,0.044619,0.027440,0.370620,0.000774,  34.288,   36,    16.2
   671.0,0.044725,0.027510,0.370722,0.000736,  34.286,   35,    16.2
   672.0,0.044860,0.027588,0.370861,0.000774,  34.290,   36,    16.2
   673.0,0.044992,0.027681,0.371121,0.000774,  34.287,   37,    16.2
   674.0,0.045082,0.027761,0.371140,0.000736,  34.289,   36,    16.2
   675.0,0.045197,0.027838,0.371105,0.000774,  34.289,   35,    16.3
   676.0,0.045317,0.027916,0.371466,0.000813,  34.283,   35,    16.3
   677.0,0.045419,0.027980,0.371699,0.000813,  34.287,   36,    16.3
   678.0,0.045530,0.028064,0.371875,0.000760,  34.279,   36,    16.3
   679.0,0.045624,0.028132,0.371951,0.000799,  34.272,   36,    16.3
   680.0,0.045735,0.028199,0.372193,0.000774,  34.272,   36,    16.3
   681.0,0.045855,0.028270,0.372370,0.000774,  34.276,   38,    16.4
   682.0,0.045933,0.028338,0.372335,0.000736,  34.272,   35,    16.4
   683.0,0.046032,0.028397,0.372808,0.000774,  34.273,   36,    16.4
   684.0,0.046114,0.028455,0.372995,0.000760,  34.269,   38,    16.4
   685.0,0.046209,0.028539,0.373107,0.000736,  34.260,   36,    16.4
   686.0,0.046304,0.028601,0.373257,0.000774,  34.264,   37,    16.4
   687.0,0.046390,0.028647,0.373528,0.000774,  34.256,   38,    16.5
   688.0,0.046477,0.028712,0.373604,0.000736,  34.258,   35,    16.5
   689.0,0.046576,0.028774,0.373762,0.000760,  34.261,   37,    16.5
   690.0,0.046671,0.028827,0.373996,0.000736,  34.251,   36,    16.5
   691.0,0.046749,0.028873,0.374015,0.000774,  34.246,   36,    16.5
   692.0,0.046856,0.028929,0.374306,0.000760,  34.242,   36,    16.5
   693.0,0.046939,0.028997,0.374558,0.000736,  34.238,   37,    16.6
   694.0,0.047021,0.029065,0.374830,0.000774,  34.236,   37,    16.6
   695.0,0.047070,0.029111,0.375017,0.000774,  34.236,   35,    16.6
   696.0,0.047128,0.029173,0.375289,0.000736,  34.234,   35,    16.6
   697.0,0.047203,0.029211,0.375280,0.000774,  34.238,   37,    16.6
   698.0,0.047244,0.029247,0.375132,0.000774,  34.232,   37,    16.6
   699.0,0.047314,0.029287,0.375169,0.000774,  34.235,   37,    16.7
   700.0,0.047380,0.029318,0.375506,0.000760,  34.231,   37,    16.7
   701.0,0.047421,0.029352,0.375478,0.000736,  34.233,   35,    16.7
   702.0,0.047463,0.029393,0.375506,0.000774,  34.234,   35,    16.7
   703.0,0.047529,0.029405,0.375581,0.000746,  34.226,   37,    16.7
   704.0,0.047553,0.029443,0.375319,0.000708,  34.220,   37,    16.7
   705.0,0.047612,0.029476,0.375534,0.000760,  34.220,   35,    16.8
   706.0,0.047678,0.029498,0.375329,0.000732,  34.221,   39,    16.8
   707.0,0.047707,0.029538,0.375478,0.000708,  34.218,   36,    16.8
   708.0,0.047719,0.029563,0.375395,0.000732,  34.218,   36,    16.8
   709.0,0.047760,0.029582,0.375431,0.000708,  34.222,   36,    16.8
   710.0,0.047785,0.029603,0.375506,0.000746,  34.216,   35,    16.8
   711.0,0.047818,0.029629,0.375422,0.000732,  34.218,   36,    16.9
   712.0,0.047851,0.029641,0.375336,0.000708,  34.216,   40,    16.9
   713.0,0.047876,0.029663,0.375205,0.000746,  34.216,   37,    16.9
   714.0,0.047884,0.029687,0.375176,0.000732,  34.218,   37,    16.9
   715.0,0.047888,0.029696,0.375129,0.000708,  34.220,   36,    16.9
   716.0,0.047921,0.029706,0.374970,0.000746,  34.223,   35,    16.9
   717.0,0.047930,0.029734,0.374783,0.000732,  34.221,   37,    17.0
   718.0,0.047934,0.029753,0.374605,0.000694,  34.226,   37,    17.0
   719.0,0.047951,0.029753,0.374288,0.000732,  34.225,   36,    17.0
   720.0,0.047946,0.029758,0.374296,0.000708,  34.225,   36,    17.0
   721.0,0.047930,0.029758,0.374211,0.000746,  34.228,   36,    17.0
   722.0,0.047926,0.029752,0.373631,0.000732,  34.223,   37,    17.0
   723.0,0.047905,0.029734,0.373333,0.000708,  34.225,   37,    17.1
   724.0,0.047909,0.029733,0.373191,0.000746,  34.220,   37,    17.1
   725.0,0.047888,0.029724,0.373022,0.000718,  34.221,   37,    17.1
   726.0,0.047851,0.029737,0.372565,0.000679,  34.218,   34,    17.1
   727.0,0.047826,0.029703,0.372182,0.000718,  34.213,   35,    17.1
   728.0,0.047818,0.029693,0.371736,0.000718,  34.210,   37,    17.1
   729.0,0.047789,0.029700,0.371437,0.000690,  34.200,   36,    17.2
   730.0,0.047743,0.029690,0.371121,0.000704,  34.203,   36,    17.2
   731.0,0.047719,0.029672,0.370656,0.000679,  34.201,   37,    17.2
   732.0,0.047670,0.029647,0.370118,0.000704,  34.199,   36,    17.2
   733.0,0.047628,0.029613,0.369552,0.000718,  34.196,   36,    17.2
   734.0,0.047582,0.029567,0.368987,0.000679,  34.202,   38,    17.2
   735.0,0.047550,0.029548,0.368506,0.000718,  34.199,   37,    17.3
   736.0,0.047500,0.029536,0.367980,0.000732,  34.194,   35,    17.3
   737.0,0.047446,0.029514,0.367555,0.000694,  34.191,   36,    17.3
   738.0,0.047380,0.029480,0.366791,0.000732,  34.181,   36,    17.3
   739.0,0.047293,0.029430,0.366302,0.000708,  34.186,   37,    17.3
   740.0,0.047240,0.029403,0.365714,0.000732,  34.185,   36,    17.3
   741.0,0.047170,0.029341,0.364654,0.000718,  34.177,   37,    17.4
   742.0,0.047125,0.029313,0.364220,0.000679,  34.176,   37,    17.4
   743.0,0.047075,0.029263,0.363498,0.000704,  34.158,   38,    17.4
   744.0,0.047005,0.029238,0.362931,0.000704,  34.162,   38,    17.4
   745.0,0.046918,0.029204,0.362166,0.000679,  34.159,   36,    17.4
   746.0,0.046828,0.029152,0.361437,0.000743,  34.150,   35,    17.4
   747.0,0.046766,0.029093,0.360648,0.000743,  34.154,   36,    17.5
   748.0,0.046679,0.029059,0.360030,0.000704,  34.147,   36,    17.5
   749.0,0.046626,0.029028,0.359315,0.000718,  34.144,   36,    17.5
   750.0,0.046535,0.028978,0.358737,0.000694,  34.136,   37,    17.5
   751.0,0.046440,0.028938,0.357898,0.000746,  34.124,   36,    17.5
   752.0,0.046358,0.028892,0.357203,0.000732,  34.123,   38,    17.5
   753.0,0.046267,0.028823,0.356338,0.000694,  34.113,   36,    17.6
   754.0,0.046168,0.028777,0.355565,0.000732,  34.112,   34,    17.6
   755.0,0.046082,0.028716,0.354509,0.000732,  34.112,   37,    17.6
   756.0,0.045983,0.028654,0.354087,0.000694,  34.111,   37,    17.6
   757.0,0.045892,0.028611,0.353264,0.000732,  34.112,   35,    17.6
   758.0,0.045777,0.028564,0.352426,0.000708,  34.115,   35,    17.6
   759.0,0.045649,0.028512,0.351571,0.000746,  34.125,   36,    17.7
   760.0,0.045547,0.028434,0.350402,0.000732,  34.135,   35,    17.7
   761.0,0.045452,0.028360,0.349427,0.000708,  34.139,   37,    17.7
   762.0,0.045362,0.028289,0.348342,0.000746,  34.143,   39,    17.7
   763.0,0.045239,0.028237,0.347608,0.000732,  34.152,   36,    17.7
   764.0,0.045115,0.028165,0.346649,0.000708,  34.158,   39,    17.7
   765.0,0.045005,0.028082,0.345430,0.000746,  34.157,   37,    17.8
   766.0,0.044881,0.028008,0.344676,0.000732,  34.163,   36,    17.8
   767.0,0.044766,0.027940,0.343646,0.000732,  34.163,   36,    17.8
   768.0,0.044652,0.027869,0.342867,0.000718,  34.164,   35,    17.8
   769.0,0.044525,0.027816,0.341465,0.000679,  34.170,   36,    17.8
   770.0,0.044373,0.027727,0.340636,0.000732,  34.173,   36,    17.8
   771.0,0.044246,0.027641,0.339611,0.000718,  34.176,   37,    17.9
   772.0,0.044139,0.027548,0.338421,0.000679,  34.171,   37,    17.9
   773.0,0.044004,0.027484,0.337358,0.000732,  34.170,   36,    17.9
   774.0,0.043861,0.027385,0.336155,0.000718,  34.172,   39,    17.9
   775.0,0.043697,0.027296,0.335008,0.000665,  34.171,   37,    17.9
   776.0,0.043558,0.027200,0.334101,0.000690,  34.174,   35,    17.9
   777.0,0.043385,0.027107,0.332647,0.000651,  34.172,   35,    18.0
   778.0,0.043255,0.027022,0.331358,0.000690,  34.174,   36,    18.0
   779.0,0.043132,0.026948,0.330064,0.000690,  34.174,   37,    18.0
   780.0,0.042993,0.026870,0.328956,0.000665,  34.176,   35,    18.0
   781.0,0.042870,0.026782,0.327884,0.000704,  34.172,   38,    18.0
   782.0,0.042690,0.026692,0.326419,0.000690,  34.169,   37,    18.0
   783.0,0.042523,0.026594,0.325556,0.000651,  34.174,   36,    18.1
   784.0,0.042389,0.026489,0.323996,0.000690,  34.176,   37,    18.1
   785.0,0.042258,0.026378,0.322875,0.000690,  34.173,   37,    18.1
   786.0,0.042115,0.026302,0.321781,0.000651,  34.178,   36,    18.1
   787.0,0.041969,0.026222,0.320675,0.000690,  34.175,   36,    18.1
   788.0,0.041793,0.026151,0.319368,0.000651,  34.176,   35,    18.1
   789.0,0.041618,0.026065,0.318312,0.000690,  34.176,   36,    18.2
   790.0,0.041459,0.025951,0.316914,0.000690,  34.172,   35,    18.2
   791.0,0.041328,0.025837,0.315364,0.000651,  34.174,   36,    18.2
   792.0,0.041174,0.025755,0.314180,0.000690,  34.164,   37,    18.2
   793.0,0.041010,0.025656,0.312991,0.000690,  34.167,   38,    18.2
   794.0,0.040848,0.025545,0.311620,0.000651,  34.160,   35,    18.2
   795.0,0.040678,0.025463,0.310465,0.000676,  34.162,   36,    18.3
   796.0,0.040511,0.025349,0.309121,0.000676,  34.158,   37,    18.3
   797.0,0.040327,0.025251,0.307885,0.000676,  34.163,   37,    18.3
   798.0,0.040161,0.025166,0.306511,0.000676,  34.157,   36,    18.3
   799.0,0.039986,0.025042,0.305190,0.000651,  34.164,   35,    18.3
   800.0,0.039840,0.024950,0.303914,0.000676,  34.171,   38,    18.3
   801.0,0.039694,0.024853,0.302612,0.000676,  34.170,   37,    18.4
   802.0,0.039503,0.024739,0.300996,0.000651,  34.176,   37,    18.4
   803.0,0.039342,0.024631,0.299653,0.000690,  34.184,   36,    18.4
   804.0,0.039143,0.024521,0.298334,0.000690,  34.188,   33,    18.4
   805.0,0.038964,0.024430,0.297019,0.000665,  34.206,   36,    18.4
   806.0,0.038791,0.024304,0.295814,0.000690,  34.208,   37,    18.4
   807.0,0.038593,0.024185,0.294292,0.000651,  34.211,   35,    18.5
   808.0,0.038410,0.024090,0.292853,0.000690,  34.214,   36,    18.5
   809.0,0.038241,0.023979,0.291312,0.000662,  34.215,   37,    18.5
   810.0,0.038067,0.023866,0.289815,0.000637,  34.220,   38,    18.5
   811.0,0.037922,0.023753,0.288247,0.000676,  34.221,   36,    18.5
   812.0,0.037732,0.023656,0.287048,0.000676,  34.223,   37,    18.5
   813.0,0.037525,0.023536,0.285527,0.000651,  34.220,   36,    18.6
   814.0,0.037328,0.023417,0.283880,0.000676,  34.225,   36,    18.6
   815.0,0.037147,0.023286,0.282806,0.000676,  34.219,   36,    18.6
   816.0,0.036957,0.023176,0.281122,0.000676,  34.218,   36,    18.6
   817.0,0.036776,0.023057,0.279837,0.000704,  34.213,   36,    18.6
   818.0,0.036570,0.022965,0.278081,0.000679,  34.208,   36,    18.6
   819.0,0.036356,0.022841,0.276657,0.000704,  34.211,   36,    18.7
   820.0,0.036183,0.022712,0.275033,0.000690,  34.210,   35,    18.7
   821.0,0.036002,0.022587,0.273323,0.000651,  34.211,   35,    18.7
   822.0,0.035818,0.022459,0.271912,0.000690,  34.210,   38,    18.7
   823.0,0.035629,0.022339,0.270435,0.000690,  34.205,   37,    18.7
   824.0,0.035419,0.022227,0.268744,0.000729,  34.216,   36,    18.7
   825.0,0.035219,0.022099,0.267660,0.000729,  34.217,   36,    18.8
   826.0,0.035010,0.021981,0.265988,0.000690,  34.216,   35,    18.8
   827.0,0.034805,0.021847,0.264456,0.000676,  34.219,   36,    18.8
   828.0,0.034625,0.021738,0.262778,0.000676,  34.222,   36,    18.8
   829.0,0.034437,0.021616,0.261339,0.000623,  34.220,   36,    18.8
   830.0,0.034288,0.021500,0.259769,0.000662,  34.225,   35,    18.8
   831.0,0.034088,0.021391,0.258359,0.000662,  34.228,   36,    18.9
   832.0,0.033871,0.021272,0.256881,0.000623,  34.228,   36,    18.9
   833.0,0.033676,0.021147,0.255029,0.000662,  34.230,   37,    18.9
   834.0,0.033500,0.021023,0.253482,0.000662,  34.233,   37,    18.9
   835.0,0.033299,0.020913,0.252348,0.000623,  34.231,   36,    18.9
   836.0,0.033124,0.020795,0.250519,0.000676,  34.233,   36,    18.9
   837.0,0.032936,0.020695,0.249199,0.000729,  34.236,   38,    19.0
   838.0,0.032704,0.020586,0.247854,0.000715,  34.235,   36,    19.0
   839.0,0.032501,0.020459,0.246392,0.000715,  34.243,   37,    19.0
   840.0,0.032345,0.020322,0.244519,0.000767,  34.240,   39,    19.0
   841.0,0.032146,0.020194,0.243093,0.000753,  34.239,   36,    19.0
   842.0,0.031971,0.020074,0.241494,0.000715,  34.242,   36,    19.0
   843.0,0.031763,0.019961,0.240081,0.000701,  34.242,   37,    19.1
   844.0,0.031576,0.019843,0.238531,0.000701,  34.239,   35,    19.1
   845.0,0.031369,0.019724,0.237363,0.000715,  34.241,   35,    19.1
   846.0,0.031146,0.019594,0.235945,0.000701,  34.243,   35,    19.1
   847.0,0.030960,0.019485,0.234221,0.000701,  34.244,   35,    19.1
   848.0,0.030749,0.019361,0.232571,0.000687,  34.245,   37,    19.1
   849.0,0.030571,0.019237,0.230928,0.000687,  34.248,   36,    19.2
   850.0,0.030400,0.019126,0.229473,0.000687,  34.249,   37,    19.2
   851.0,0.030190,0.018993,0.228032,0.000687,  34.239,   37,    19.2
   852.0,0.029979,0.018869,0.226387,0.000687,  34.233,   35,    19.2
   853.0,0.029776,0.018726,0.224733,0.000687,  34.235,   37,    19.2
   854.0,0.029587,0.018602,0.223318,0.000687,  34.221,   36,    19.2
   855.0,0.029397,0.018489,0.221832,0.000687,  34.221,   36,    19.3
   856.0,0.029202,0.018367,0.220420,0.000687,  34.215,   37,    19.3
   857.0,0.029009,0.018280,0.218776,0.000687,  34.210,   35,    19.3
   858.0,0.028815,0.018161,0.217351,0.000687,  34.202,   38,    19.3
   859.0,0.028640,0.018029,0.215787,0.000687,  34.192,   38,    19.3
   860.0,0.028482,0.017933,0.214326,0.000687,  34.186,   37,    19.3
   861.0,0.028288,0.017818,0.212751,0.000687,  34.183,   35,    19.4
   862.0,0.028087,0.017694,0.211319,0.000648,  34.184,   36,    19.4
   863.0,0.027874,0.017568,0.209582,0.000687,  34.178,   36,    19.4
   864.0,0.027664,0.017432,0.208314,0.000687,  34.180,   36,    19.4
   865.0,0.027483,0.017303,0.206665,0.000687,  34.179,   36,    19.4
   866.0,0.027294,0.017186,0.205250,0.000673,  34.175,   37,    19.4
   867.0,0.027108,0.017092,0.203833,0.000659,  34.170,   36,    19.5
   868.0,0.026928,0.016981,0.202318,0.000673,  34.175,   39,    19.5
   869.0,0.026762,0.016860,0.200701,0.000659,  34.169,   37,    19.5
   870.0,0.026574,0.016742,0.199299,0.000687,  34.177,   37,    19.5
   871.0,0.026385,0.016629,0.197725,0.000687,  34.176,   37,    19.5
   872.0,0.026199,0.016506,0.196125,0.000673,  34.178,   37,    19.5
   873.0,0.026034,0.016402,0.194700,0.000687,  34.181,   37,    19.6
   874.0,0.025842,0.016290,0.193691,0.000673,  34.181,   36,    19.6
   875.0,0.025641,0.016165,0.191948,0.000687,  34.193,   36,    19.6
   876.0,0.025453,0.016042,0.190579,0.000687,  34.199,   36,    19.6
   877.0,0.025257,0.015946,0.188996,0.000673,  34.201,   36,    19.6
   878.0,0.025083,0.015823,0.187687,0.000673,  34.208,   34,    19.6
   879.0,0.024963,0.015716,0.186399,0.000673,  34.210,   36,    19.7
   880.0,0.024785,0.015611,0.184963,0.000659,  34.218,   38,    19.7
   881.0,0.024614,0.015521,0.183753,0.000659,  34.219,   36,    19.7
   882.0,0.024418,0.015416,0.182325,0.000673,  34.220,   36,    19.7
   883.0,0.024225,0.015295,0.180982,0.000697,  34.226,   36,    19.7
   884.0,0.024044,0.015184,0.179833,0.000673,  34.231,   37,    19.7
   885.0,0.023870,0.015064,0.178350,0.000659,  34.230,   37,    19.8
   886.0,0.023685,0.014959,0.176899,0.000687,  34.229,   36,    19.8
   887.0,0.023509,0.014860,0.175742,0.000687,  34.227,   38,    19.8
   888.0,0.023333,0.014750,0.174182,0.000673,  34.230,   35,    19.8
   889.0,0.023189,0.014645,0.172815,0.000687,  34.229,   37,    19.8
   890.0,0.023010,0.014541,0.171453,0.000687,  34.230,   39,    19.8
   891.0,0.022834,0.014427,0.170026,0.000673,  34.224,   37,    19.9
   892.0,0.022674,0.014310,0.168556,0.000687,  34.222,   37,    19.9
   893.0,0.022507,0.014218,0.167488,0.000673,  34.227,   36,    19.9
   894.0,0.022323,0.014112,0.166190,0.000673,  34.221,   36,    19.9
   895.0,0.022164,0.014014,0.165012,0.000687,  34.224,   36,    19.9
   896.0,0.021981,0.013921,0.163424,0.000687,  34.222,   36,    19.9
   897.0,0.021801,0.013811,0.162109,0.000687,  34.220,   37,    20.0
   898.0,0.021638,0.013706,0.160885,0.000687,  34.216,   35,    20.0
   899.0,0.021503,0.013592,0.159217,0.000673,  34.220,   36,    20.0
   900.0,0.021332,0.013479,0.157963,0.000673,  34.213,   37,    20.0
   901.0,0.021152,0.013382,0.156505,0.000659,  34.217,   36,    20.0
   902.0,0.020980,0.013274,0.155333,0.000645,  34.215,   36,    20.0
   903.0,0.020833,0.013166,0.154306,0.000659,  34.210,   37,    20.1
   904.0,0.020675,0.013074,0.153057,0.000659,  34.210,   37,    20.1
   905.0,0.020495,0.012967,0.151838,0.000659,  34.215,   35,    20.1
   906.0,0.020337,0.012893,0.150559,0.000673,  34.215,   37,    20.1
   907.0,0.020166,0.012782,0.149162,0.000659,  34.216,   36,    20.1
   908.0,0.020002,0.012680,0.147908,0.000659,  34.220,   35,    20.1
   909.0,0.019875,0.012583,0.146593,0.000673,  34.224,   37,    20.2
   910.0,0.019721,0.012475,0.145356,0.000645,  34.225,   36,    20.2
   911.0,0.019578,0.012377,0.144042,0.000631,  34.224,   37,    20.2
   912.0,0.019411,0.012282,0.142848,0.000659,  34.221,   36,    20.2
   913.0,0.019233,0.012186,0.141860,0.000659,  34.227,   36,    20.2
   914.0,0.019078,0.012070,0.140420,0.000659,  34.225,   36,    20.2
   915.0,0.018923,0.011981,0.139281,0.000631,  34.229,   36,    20.3
   916.0,0.018763,0.011888,0.137904,0.000631,  34.229,   38,    20.3
   917.0,0.018622,0.011806,0.136761,0.000645,  34.224,   37,    20.3
   918.0,0.018474,0.011713,0.135678,0.000645,  34.231,   39,    20.3
   919.0,0.018336,0.011612,0.134463,0.000659,  34.228,   35,    20.3
   920.0,0.018174,0.011514,0.133357,0.000659,  34.230,   37,    20.3
   921.0,0.018011,0.011425,0.132085,0.000645,  34.224,   38,    20.4
   922.0,0.017864,0.011323,0.130835,0.000645,  34.225,   35,    20.4
   923.0,0.017725,0.011231,0.129927,0.000631,  34.227,   37,    20.4
   924.0,0.017583,0.011136,0.128667,0.000631,  34.228,   37,    20.4
   925.0,0.017445,0.011062,0.127578,0.000645,  34.227,   36,    20.4
   926.0,0.017287,0.010989,0.126265,0.000645,  34.225,   38,    20.4
   927.0,0.017148,0.010890,0.125085,0.000631,  34.225,   37,    20.5
   928.0,0.017037,0.010801,0.123890,0.000645,  34.226,   37,    20.5
   929.0,0.016890,0.010702,0.122769,0.000617,  34.225,   36,    20.5
   930.0,0.016756,0.010608,0.121566,0.000631,  34.226,   36,    20.5
   931.0,0.016637,0.010544,0.120587,0.000617,  34.231,   37,    20.5
   932.0,0.016486,0.010458,0.119655,0.000592,  34.230,   35,    20.5
   933.0,0.016364,0.010390,0.118795,0.000567,  34.237,   35,    20.6
   934.0,0.016213,0.010301,0.117669,0.000631,  34.231,   36,    20.6
   935.0,0.016075,0.010224,0.116668,0.000631,  34.231,   36,    20.6
   936.0,0.015937,0.010146,0.115598,0.000645,  34.233,   36,    20.6
   937.0,0.015794,0.010057,0.114628,0.000645,  34.237,   37,    20.6
   938.0,0.015688,0.009968,0.113329,0.000631,  34.235,   37,    20.6
   939.0,0.015533,0.009876,0.112357,0.000645,  34.238,   36,    20.7
   940.0,0.015399,0.009791,0.111222,0.000631,  34.236,   37,    20.7
   941.0,0.015274,0.009704,0.110143,0.000631,  34.231,   37,    20.7
   942.0,0.015147,0.009626,0.109233,0.000631,  34.231,   38,    20.7
   943.0,0.015016,0.009546,0.108337,0.000631,  34.231,   36,    20.7
   944.0,0.014878,0.009472,0.107155,0.000645,  34.225,   36,    20.7
   945.0,0.014748,0.009394,0.106134,0.000617,  34.221,   37,    20.8
   946.0,0.014629,0.009308,0.104952,0.000631,  34.217,   36,    20.8
   947.0,0.014519,0.009230,0.104083,0.000617,  34.220,   38,    20.8
   948.0,0.014423,0.009161,0.103119,0.000617,  34.214,   37,    20.8
   949.0,0.014289,0.009094,0.102185,0.000631,  34.215,   36,    20.8
   950.0,0.014159,0.009010,0.101191,0.000645,  34.212,   36,    20.8
   951.0,0.014020,0.008934,0.100228,0.000631,  34.208,   35,    20.9
   952.0,0.013907,0.008851,0.099261,0.000631,  34.208,   36,    20.9
   953.0,0.013780,0.008783,0.098437,0.000631,  34.204,   37,    20.9
   954.0,0.013665,0.008700,0.097609,0.000631,  34.196,   36,    20.9
   955.0,0.013539,0.008640,0.096530,0.000645,  34.197,   36,    20.9
   956.0,0.013421,0.008567,0.095538,0.000631,  34.192,   36,    20.9
   957.0,0.013306,0.008498,0.094617,0.000631,  34.192,   36,    21.0
   958.0,0.013199,0.008410,0.093658,0.000631,  34.200,   36,    21.0
   959.0,0.013096,0.008337,0.092811,0.000617,  34.200,   37,    21.0
   960.0,0.012998,0.008263,0.091821,0.000631,  34.199,   38,    21.0
   961.0,0.012880,0.008211,0.090972,0.000617,  34.201,   36,    21.0
   962.0,0.012757,0.008140,0.090265,0.000617,  34.211,   36,    21.0
   963.0,0.012627,0.008054,0.089253,0.000617,  34.214,   35,    21.1
   964.0,0.012513,0.007984,0.088394,0.000631,  34.221,   36,    21.1
   965.0,0.012402,0.007924,0.087458,0.000631,  34.220,   36,    21.1
   966.0,0.012303,0.007848,0.086579,0.000617,  34.225,   36,    21.1
   967.0,0.012218,0.007794,0.085734,0.000603,  34.227,   37,    21.1
   968.0,0.012124,0.007730,0.084973,0.000603,  34.230,   38,    21.1
   969.0,0.012002,0.007671,0.084084,0.000603,  34.234,   36,    21.2
   970.0,0.011892,0.007594,0.083283,0.000617,  34.237,   37,    21.2
   971.0,0.011793,0.007534,0.082540,0.000631,  34.238,   36,    21.2
   972.0,0.011694,0.007475,0.081828,0.000617,  34.247,   36,    21.2
   973.0,0.011591,0.007419,0.081002,0.000631,  34.243,   37,    21.2
   974.0,0.011500,0.007353,0.080230,0.000617,  34.244,   38,    21.2
   975.0,0.011390,0.007308,0.079308,0.000617,  34.241,   36,    21.3
   976.0,0.011280,0.007241,0.078634,0.000631,  34.244,   36,    21.3
   977.0,0.011192,0.007170,0.077654,0.000617,  34.244,   35,    21.3
   978.0,0.011105,0.007093,0.076930,0.000603,  34.244,   38,    21.3
   979.0,0.011002,0.007032,0.076038,0.000603,  34.241,   37,    21.3
   980.0,0.010915,0.006985,0.075421,0.000603,  34.234,   36,    21.3
   981.0,0.010809,0.006932,0.074753,0.000617,  34.239,   38,    21.4
   982.0,0.010719,0.006855,0.073993,0.000617,  34.235,   35,    21.4
   983.0,0.010604,0.006810,0.073317,0.000617,  34.237,   36,    21.4
   984.0,0.010509,0.006745,0.072535,0.000631,  34.233,   37,    21.4
   985.0,0.010427,0.006694,0.071838,0.000617,  34.228,   37,    21.4
   986.0,0.010323,0.006638,0.071110,0.000617,  34.228,   35,    21.4
   987.0,0.010244,0.006570,0.070384,0.000631,  34.231,   37,    21.5
   988.0,0.010145,0.006507,0.069529,0.000617,  34.229,   37,    21.5
   989.0,0.010050,0.006438,0.068781,0.000564,  34.232,   36,    21.5
   990.0,0.009975,0.006381,0.067990,0.000525,  34.232,   37,    21.5
   991.0,0.009888,0.006335,0.067370,0.000564,  34.236,   37,    21.5
   992.0,0.009808,0.006278,0.066710,0.000592,  34.239,   35,    21.5
   993.0,0.009725,0.006229,0.066150,0.000617,  34.241,   37,    21.6
   994.0,0.009630,0.006179,0.065410,0.000603,  34.245,   36,    21.6
   995.0,0.009543,0.006130,0.064780,0.000603,  34.252,   37,    21.6
   996.0,0.009467,0.006080,0.064045,0.000603,  34.260,   36,    21.6
   997.0,0.009396,0.006030,0.063272,0.000603,  34.271,   36,    21.6
   998.0,0.009317,0.005978,0.062691,0.000603,  34.270,   37,    21.6
   999.0,0.009234,0.005931,0.061966,0.000603,  34.276,   38,    21.7
  1000.0,0.009146,0.005880,0.061344,0.000603,  34.282,   36,    21.7
  1001.0,0.009071,0.005821,0.060869,0.000603,  34.286,   36,    21.7
  1002.0,0.008979,0.005781,0.060235,0.000603,  34.291,   37,    21.7
  1003.0,0.008908,0.005725,0.059473,0.000617,  34.294,   37,    21.7
  1004.0,0.008833,0.005694,0.058854,0.000617,  34.292,   36,    21.7
  1005.0,0.008738,0.005647,0.058288,0.000617,  34.297,   37,    21.8
  1006.0,0.008655,0.005587,0.057561,0.000617,  34.296,   36,    21.8
  1007.0,0.008588,0.005535,0.056826,0.000603,  34.298,   36,    21.8
  1008.0,0.008503,0.005479,0.056314,0.000603,  34.291,   35,    21.8
  1009.0,0.008437,0.005422,0.055604,0.000603,  34.294,   37,    21.8
  1010.0,0.008372,0.005383,0.054997,0.000589,  34.291,   36,    21.8
  1011.0,0.008303,0.005335,0.054561,0.000603,  34.291,   37,    21.9
  1012.0,0.008248,0.005305,0.053905,0.000589,  34.288,   38,    21.9
  1013.0,0.008172,0.005255,0.053335,0.000589,  34.289,   34,    21.9
  1014.0,0.008092,0.005214,0.052738,0.000603,  34.289,   36,    21.9
  1015.0,0.008025,0.005182,0.052333,0.000589,  34.290,   37,    21.9
  1016.0,0.007976,0.005135,0.051718,0.000589,  34.289,   37,    21.9
  1017.0,0.007915,0.005091,0.051250,0.000603,  34.286,   37,    22.0
  1018.0,0.007855,0.005065,0.050875,0.000603,  34.285,   37,    22.0
  1019.0,0.007783,0.005024,0.050167,0.000617,  34.278,   37,    22.0
  1020.0,0.007704,0.004990,0.049853,0.000631,  34.276,   36,    22.0
  1021.0,0.007634,0.004947,0.049479,0.000617,  34.274,   35,    22.0
  1022.0,0.007558,0.004897,0.048821,0.000631,  34.269,   38,    22.0
  1023.0,0.007490,0.004839,0.048268,0.000617,  34.265,   36,    22.1
  1024.0,0.007434,0.004810,0.047715,0.000617,  34.256,   36,    22.1
  1025.0,0.007361,0.004767,0.047195,0.000617,  34.257,   37,    22.1
  1026.0,0.007313,0.004732,0.046666,0.000603,  34.251,   37,    22.1
  1027.0,0.007241,0.004694,0.046113,0.000603,  34.253,   37,    22.1
  1028.0,0.007181,0.004638,0.045575,0.000603,  34.246,   36,    22.1
  1029.0,0.007113,0.004607,0.044955,0.000603,  34.233,   37,    22.2
  1030.0,0.007045,0.004562,0.044603,0.000603,  34.230,   36,    22.2
  1031.0,0.006989,0.004521,0.044289,0.000603,  34.224,   38,    22.2
  1032.0,0.006913,0.004480,0.043705,0.000589,  34.224,   36,    22.2
  1033.0,0.006849,0.004438,0.041946,0.000603,  34.223,   36,    22.2
  1034.0,0.006790,0.004411,0.042228,0.000589,  34.223,   35,    22.2
  1035.0,0.006721,0.004356,0.041953,0.000575,  34.216,   37,    22.3
  1036.0,0.006689,0.004316,0.041522,0.000575,  34.213,   37,    22.3
  1037.0,0.006612,0.004285,0.040831,0.000575,  34.222,   37,    22.3
  1038.0,0.006541,0.004248,0.040510,0.000575,  34.219,   35,    22.3
  1039.0,0.006497,0.004210,0.039931,0.000603,  34.226,   36,    22.3
  1040.0,0.006437,0.004164,0.039589,0.000575,  34.230,   37,    22.3
  1041.0,0.006376,0.004132,0.039156,0.000575,  34.230,   37,    22.4
  1042.0,0.006332,0.004090,0.038470,0.000575,  34.232,   37,    22.4
  1043.0,0.006275,0.004064,0.038161,0.000575,  34.237,   38,    22.4
  1044.0,0.006219,0.004032,0.037695,0.000613,  34.237,   34,    22.4
  1045.0,0.006174,0.004004,0.037221,0.000613,  34.252,   36,    22.4
  1046.0,0.006116,0.003964,0.036780,0.000599,  34.257,   39,    22.4
  1047.0,0.006069,0.003932,0.036249,0.000599,  34.258,   37,    22.5
  1048.0,0.006021,0.003899,0.035820,0.000561,  34.259,   36,    22.5
  1049.0,0.005968,0.003868,0.035388,0.000561,  34.264,   36,    22.5
  1050.0,0.005905,0.003837,0.035068,0.000561,  34.263,   35,    22.5
  1051.0,0.005852,0.003794,0.034675,0.000561,  34.262,   37,    22.5
  1052.0,0.005791,0.003765,0.034246,0.000561,  34.265,   36,    22.5
  1053.0,0.005750,0.003739,0.033854,0.000599,  34.260,   36,    22.6
  1054.0,0.005716,0.003710,0.033479,0.000599,  34.261,   35,    22.6
  1055.0,0.005686,0.003693,0.033094,0.000613,  34.263,   36,    22.6
  1056.0,0.005648,0.003664,0.032688,0.000599,  34.261,   37,    22.6
  1057.0,0.005599,0.003645,0.032430,0.000599,  34.267,   37,    22.6
  1058.0,0.005570,0.003615,0.032068,0.000599,  34.263,   37,    22.6
  1059.0,0.005525,0.003589,0.031859,0.000613,  34.267,   36,    22.7
  1060.0,0.005479,0.003568,0.031503,0.000613,  34.272,   36,    22.7
  1061.0,0.005446,0.003547,0.031229,0.000613,  34.272,   37,    22.7
  1062.0,0.005390,0.003522,0.030680,0.000613,  34.269,   38,    22.7
  1063.0,0.005329,0.003493,0.030375,0.000613,  34.275,   36,    22.7
  1064.0,0.005296,0.003467,0.030200,0.000599,  34.282,   35,    22.7
  1065.0,0.005258,0.003433,0.029729,0.000575,  34.284,   36,    22.8
  1066.0,0.005221,0.003395,0.029487,0.000575,  34.288,   37,    22.8
  1067.0,0.005185,0.003378,0.029094,0.000575,  34.288,   36,    22.8
  1068.0,0.005137,0.003350,0.028854,0.000575,  34.290,   40,    22.8
  1069.0,0.005089,0.003334,0.028635,0.000603,  34.291,   36,    22.8
  1070.0,0.005040,0.003317,0.028358,0.000589,  34.292,   36,    22.8
  1071.0,0.005003,0.003285,0.028097,0.000603,  34.291,   36,    22.9
  1072.0,0.004958,0.003256,0.027610,0.000603,  34.290,   36,    22.9
  1073.0,0.004913,0.003232,0.027284,0.000589,  34.288,   37,    22.9
  1074.0,0.004872,0.003195,0.026861,0.000603,  34.291,   40,    22.9
  1075.0,0.004830,0.003175,0.026362,0.000575,  34.285,   37,    22.9
  1076.0,0.004793,0.003140,0.026167,0.000575,  34.282,   37,    22.9
  1077.0,0.004752,0.003104,0.025669,0.000575,  34.282,   38,    23.0
  1078.0,0.004714,0.003090,0.025495,0.000575,  34.277,   37,    23.0
  1079.0,0.004681,0.003067,0.025201,0.000575,  34.274,   37,    23.0
  1080.0,0.004652,0.003037,0.024832,0.000575,  34.275,   36,    23.0
  1081.0,0.004591,0.003023,0.024573,0.000575,  34.267,   36,    23.0
  1082.0,0.004553,0.002997,0.024259,0.000575,  34.268,   36,    23.0
  1083.0,0.004509,0.002970,0.023935,0.000575,  34.264,   37,    23.1
  1084.0,0.004455,0.002939,0.023610,0.000575,  34.263,   35,    23.1
  1085.0,0.004437,0.002903,0.023225,0.000575,  34.260,   36,    23.1
  1086.0,0.004412,0.002889,0.022774,0.000575,  34.263,   37,    23.1
  1087.0,0.004370,0.002863,0.022556,0.000575,  34.264,   37,    23.1
  1088.0,0.004333,0.002839,0.022319,0.000575,  34.265,   36,    23.1
  1089.0,0.004311,0.002822,0.022059,0.000575,  34.271,   36,    23.2
  1090.0,0.004280,0.002795,0.021734,0.000575,  34.272,   37,    23.2
  1091.0,0.004268,0.002793,0.021517,0.000575,  34.274,   37,    23.2
  1092.0,0.004229,0.002781,0.021044,0.000575,  34.283,   36,    23.2
  1093.0,0.004194,0.002758,0.021007,0.000575,  34.287,   38,    23.2
  1094.0,0.004165,0.002746,0.020737,0.000575,  34.291,   36,    23.2
  1095.0,0.004121,0.002717,0.020265,0.000575,  34.293,   36,    23.3
  1096.0,0.004100,0.002702,0.020155,0.000547,  34.303,   38,    23.3
  1097.0,0.004080,0.002684,0.020086,0.000561,  34.310,   36,    23.3
  1098.0,0.004037,0.002668,0.019847,0.000561,  34.308,   36,    23.3
  1099.0,0.004009,0.002644,0.019598,0.000589,  34.311,   37,    23.3
  1100.0,0.003980,0.002624,0.019172,0.000575,  34.308,   37,    23.3
  1101.0,0.003934,0.002588,0.018649,0.000575,  34.307,   36,    23.4
  1102.0,0.003897,0.002568,0.018571,0.000575,  34.312,   36,    23.4
  1103.0,0.003867,0.002549,0.018431,0.000575,  34.310,   37,    23.4
  1104.0,0.003848,0.002525,0.018141,0.000547,  34.308,   36,    23.4
  1105.0,0.003814,0.002514,0.017926,0.000561,  34.308,   38,    23.4
  1106.0,0.003783,0.002486,0.017669,0.000561,  34.306,   36,    23.4
  1107.0,0.003751,0.002481,0.017368,0.000561,  34.301,   35,    23.5
  1108.0,0.003710,0.002448,0.017153,0.000561,  34.304,   35,    23.5
  1109.0,0.003679,0.002417,0.016822,0.000547,  34.300,   38,    23.5
  1110.0,0.003669,0.002393,0.016377,0.000561,  34.295,   37,    23.5
  1111.0,0.003635,0.002382,0.016234,0.000547,  34.291,   36,    23.5
  1112.0,0.003615,0.002370,0.015706,0.000561,  34.284,   37,    23.5
  1113.0,0.003602,0.002370,0.015814,0.000561,  34.279,   36,    23.6
  1114.0,0.003572,0.002342,0.015421,0.000547,  34.281,   36,    23.6
  1115.0,0.003548,0.002329,0.015383,0.000561,  34.278,   36,    23.6
  1116.0,0.003507,0.002319,0.015136,0.000561,  34.271,   36,    23.6
  1117.0,0.003488,0.002309,0.015025,0.000547,  34.273,   36,    23.6
  1118.0,0.003471,0.002286,0.014863,0.000571,  34.272,   36,    23.6
  1119.0,0.003449,0.002274,0.014565,0.000585,  34.270,   37,    23.7
  1120.0,0.003410,0.002256,0.014454,0.000599,  34.265,   37,    23.7
  1121.0,0.003393,0.002252,0.014260,0.000522,  34.263,   36,    23.7
  1122.0,0.003378,0.002234,0.014034,0.000561,  34.251,   36,    23.7
  1123.0,0.003359,0.002223,0.013829,0.000575,  34.241,   37,    23.7
  1124.0,0.003337,0.002223,0.013552,0.000575,  34.242,   39,    23.7
  1125.0,0.003306,0.002209,0.013482,0.000575,  34.239,   36,    23.8
  1126.0,0.003292,0.002185,0.013101,0.000575,  34.233,   40,    23.8
  1127.0,0.003262,0.002173,0.013012,0.000547,  34.232,   37,    23.8
  1128.0,0.003231,0.002156,0.012962,0.000575,  34.244,   36,    23.8
  1129.0,0.003213,0.002137,0.012665,0.000561,  34.248,   36,    23.8
  1130.0,0.003192,0.002117,0.012493,0.000561,  34.254,   37,    23.8
  1131.0,0.003145,0.002102,0.012177,0.000561,  34.258,   37,    23.9
  1132.0,0.003128,0.002082,0.011994,0.000561,  34.266,   37,    23.9
  1133.0,0.003109,0.002054,0.011760,0.000561,  34.268,   37,    23.9
  1134.0,0.003087,0.002053,0.011496,0.000561,  34.275,   37,    23.9
  1135.0,0.003061,0.002027,0.011427,0.000561,  34.280,   37,    23.9
  1136.0,0.003030,0.002024,0.011121,0.000547,  34.281,   37,    23.9
  1137.0,0.003023,0.002015,0.010918,0.000561,  34.280,   37,    24.0
  1138.0,0.002997,0.002007,0.010746,0.000547,  34.283,   34,    24.0
