Run Name,Group 4 Run 1 (3 proteins)
Run Date,12:18:32 PM   03-28-16
Method Name,50% Isocratic
Export Format Version, 1.00
Method ID, 3178
Points/Second, 1.00
Number of Records,    670
Offset from Run Start Time,00:00:00
Run End Time,00:11:11
Time,Second
QuadTec 1, (280.0 nm), AU
QuadTec 2, (260.0 nm), AU
Gradient Pump,<Not Selected>
QuadTec 3, (214.0 nm), AU
QuadTec 4, (405.0 nm), AU
Conductivity,mS/cm
Trace 6,<Not Available>
GP Pressure,PSI
Volume,ml
Fraction,<Not Available>
Time,QuadTec 1,QuadTec 2,QuadTec 3,QuadTec 4,Conductivity,GP Pressure,Volume
     0.0,0.001289,0.001292,0.041945,0.001252,  87.209,   77,     0.0
     1.0,0.001284,0.001300,0.041893,0.001252,  87.126,   73,     0.0
     2.0,0.001280,0.001304,0.041955,0.001174,  87.067,   74,     0.1
     3.0,-0.000310,0.000000,0.041945,0.001213,  86.990,   74,     0.1
     4.0,0.000000,0.000000,0.041421,0.001238,  86.840,   73,     0.1
     5.0,0.000000,0.000000,0.000000,0.000000,  86.764,   72,     0.2
     6.0,0.000000,0.000000,0.000000,0.000000,  86.708,   72,     0.2
     7.0,0.000000,0.000000,0.000000,0.000000,  86.655,   73,     0.2
     8.0,-0.000019,0.000013,0.000000,0.000000,  86.618,   73,     0.3
     9.0,-0.000004,0.000026,-0.000049,0.000000,  86.610,   75,     0.3
    10.0,0.000014,0.000027,-0.000237,-0.000049,  86.633,   74,     0.3
    11.0,0.000033,0.000056,-0.000276,-0.000049,  86.664,   72,     0.4
    12.0,0.000033,0.000061,-0.000424,-0.000035,  86.708,   73,     0.4
    13.0,0.000036,0.000076,-0.000523,-0.000060,  86.779,   73,     0.4
    14.0,0.000059,0.000081,-0.000572,-0.000060,  86.845,   72,     0.5
    15.0,0.000083,0.000096,-0.000473,-0.000046,  86.914,   72,     0.5
    16.0,0.000086,0.000119,-0.000552,-0.000046,  86.986,   73,     0.5
    17.0,0.000128,0.000149,-0.000532,-0.000046,  87.082,   72,     0.6
    18.0,0.000169,0.000198,-0.000760,-0.000071,  87.136,   73,     0.6
    19.0,0.000188,0.000222,-0.000641,-0.000032,  87.181,   72,     0.6
    20.0,0.000188,0.000228,-0.000434,-0.000018,  87.218,   70,     0.7
    21.0,0.000195,0.000229,-0.000564,-0.000004,  87.240,   73,     0.7
    22.0,0.000191,0.000245,-0.000356,-0.000004,  87.253,   68,     0.7
    23.0,0.000169,0.000219,-0.000345,0.000010,  87.260,   73,     0.8
    24.0,0.000151,0.000200,-0.000325,0.000010,  87.255,   73,     0.8
    25.0,0.000136,0.000183,-0.000355,-0.000018,  87.251,   74,     0.8
    26.0,0.000136,0.000162,-0.000454,-0.000018,  87.239,   71,     0.9
    27.0,0.000132,0.000163,-0.000483,-0.000032,  87.224,   70,     0.9
    28.0,0.000125,0.000167,-0.000503,-0.000046,  87.204,   72,     0.9
    29.0,0.000128,0.000165,-0.000543,-0.000018,  87.188,   71,     1.0
    30.0,0.000128,0.000163,-0.000463,-0.000018,  87.165,   71,     1.0
    31.0,0.000117,0.000161,-0.000433,-0.000018,  87.147,   71,     1.0
    32.0,0.000128,0.000163,-0.000453,0.000045,  87.152,   71,     1.1
    33.0,0.000132,0.000175,-0.000631,0.000007,  87.148,   72,     1.1
    34.0,0.000136,0.000175,-0.000493,0.000021,  87.150,   71,     1.1
    35.0,0.000139,0.000179,-0.000472,0.000007,  87.157,   72,     1.2
    36.0,0.000148,0.000196,-0.000602,0.000007,  87.164,   71,     1.2
    37.0,0.000147,0.000193,-0.000562,0.000007,  87.159,   71,     1.2
    38.0,0.000154,0.000202,-0.000631,0.000007,  87.155,   72,     1.3
    39.0,0.000163,0.000206,-0.000581,0.000021,  87.150,   71,     1.3
    40.0,0.000151,0.000218,-0.000592,0.000007,  87.141,   70,     1.3
    41.0,0.000154,0.000208,-0.000691,0.000007,  87.138,   72,     1.4
    42.0,0.000147,0.000213,-0.000781,0.000021,  87.140,   72,     1.4
    43.0,0.000159,0.000205,-0.000592,0.000007,  87.125,   72,     1.4
    44.0,0.000171,0.000223,-0.000543,0.000007,  87.123,   72,     1.5
    45.0,0.000171,0.000209,-0.000592,0.000021,  87.120,   71,     1.5
    46.0,0.000174,0.000224,-0.000522,0.000035,  87.111,   70,     1.5
    47.0,0.000179,0.000224,-0.000522,-0.000018,  87.111,   73,     1.6
    48.0,0.000179,0.000215,-0.000651,0.000035,  87.106,   72,     1.6
    49.0,0.000167,0.000227,-0.000651,0.000007,  87.045,   71,     1.6
    50.0,0.000180,0.000221,-0.000630,0.000021,  87.037,   70,     1.7
    51.0,0.000168,0.000225,-0.000720,0.000007,  87.021,   73,     1.7
    52.0,0.000180,0.000220,-0.000640,0.000007,  87.000,   71,     1.7
    53.0,0.000164,0.000231,-0.000749,0.000021,  86.987,   70,     1.8
    54.0,0.000179,0.000234,-0.000700,0.000035,  86.971,   70,     1.8
    55.0,0.000191,0.000230,-0.000739,0.000021,  86.958,   72,     1.8
    56.0,0.000194,0.000239,-0.000778,0.000021,  86.941,   71,     1.9
    57.0,0.000201,0.000250,-0.000858,0.000059,  86.934,   72,     1.9
    58.0,0.000213,0.000259,-0.000759,0.000021,  86.911,   71,     1.9
    59.0,0.000212,0.000268,-0.000601,0.000035,  86.885,   70,     2.0
    60.0,0.000239,0.000274,-0.000711,0.000059,  86.847,   72,     2.0
    61.0,0.000247,0.000296,-0.000819,0.000021,  86.799,   72,     2.0
    62.0,0.000262,0.000319,-0.000484,0.000035,  86.694,   72,     2.1
    63.0,0.000299,0.000361,-0.000396,0.000073,  86.617,   70,     2.1
    64.0,0.000343,0.000407,-0.000050,0.000049,  86.519,   71,     2.1
    65.0,0.000373,0.000468,0.000247,0.000077,  86.402,   71,     2.2
    66.0,0.000433,0.000547,0.000384,0.000115,  86.201,   70,     2.2
    67.0,0.000522,0.000614,0.000829,0.000129,  86.015,   72,     2.2
    68.0,0.000599,0.000700,0.001234,0.000157,  85.739,   69,     2.3
    69.0,0.000700,0.000806,0.001668,0.000161,  85.412,   71,     2.3
    70.0,0.000808,0.000919,0.002172,0.000217,  85.054,   71,     2.3
    71.0,0.000943,0.001050,0.002607,0.000311,  84.630,   72,     2.4
    72.0,0.001036,0.001197,0.003443,0.000315,  84.154,   72,     2.4
    73.0,0.001155,0.001317,0.004149,0.000343,  83.588,   71,     2.4
    74.0,0.001266,0.001439,0.004898,0.000480,  82.969,   67,     2.5
    75.0,0.001384,0.001583,0.005445,0.000511,  82.286,   69,     2.5
    76.0,0.001489,0.001668,0.005865,0.000564,  81.566,   69,     2.5
    77.0,0.001572,0.001780,0.006305,0.000606,  80.788,   73,     2.6
    78.0,0.001629,0.001855,0.006383,0.000665,  79.937,   70,     2.6
    79.0,0.001708,0.001911,0.006644,0.000774,  79.092,   71,     2.6
    80.0,0.001757,0.001939,0.006875,0.000764,  78.199,   70,     2.7
    81.0,0.001788,0.002001,0.006925,0.000778,  77.297,   72,     2.7
    82.0,0.001780,0.002016,0.006844,0.000872,  76.365,   70,     2.7
    83.0,0.001757,0.001978,0.006614,0.000890,  75.422,   71,     2.8
    84.0,0.001762,0.001963,0.006284,0.000876,  74.501,   69,     2.8
    85.0,0.001747,0.001943,0.005794,0.000900,  73.579,   71,     2.8
    86.0,0.001717,0.001918,0.005574,0.000914,  72.646,   72,     2.9
    87.0,0.001665,0.001856,0.005266,0.000900,  71.756,   72,     2.9
    88.0,0.001628,0.001828,0.004627,0.000834,  70.856,   70,     2.9
    89.0,0.001583,0.001781,0.004049,0.000834,  70.024,   70,     3.0
    90.0,0.001576,0.001744,0.003502,0.000858,  69.209,   71,     3.0
    91.0,0.001516,0.001688,0.003045,0.000806,  68.398,   71,     3.0
    92.0,0.001472,0.001614,0.002319,0.000792,  67.650,   69,     3.1
    93.0,0.001427,0.001567,0.002014,0.000802,  66.919,   71,     3.1
    94.0,0.001412,0.001528,0.001251,0.000750,  66.228,   70,     3.1
    95.0,0.001383,0.001477,0.000916,0.000707,  65.520,   71,     3.2
    96.0,0.001336,0.001412,0.000551,0.000718,  64.885,   73,     3.2
    97.0,0.001278,0.001341,-0.000179,0.000679,  64.262,   70,     3.2
    98.0,0.001265,0.001338,-0.000523,0.000690,  63.690,   70,     3.3
    99.0,0.001246,0.001306,-0.000995,0.000651,  63.131,   71,     3.3
   100.0,0.001193,0.001256,-0.001457,0.000623,  62.578,   67,     3.3
   101.0,0.001156,0.001232,-0.002076,0.000662,  62.048,   71,     3.4
   102.0,0.001152,0.001191,-0.002448,0.000595,  61.569,   69,     3.4
   103.0,0.001142,0.001176,-0.002850,0.000581,  61.071,   73,     3.4
   104.0,0.001112,0.001134,-0.003153,0.000592,  60.595,   70,     3.5
   105.0,0.001067,0.001098,-0.003604,0.000553,  60.165,   71,     3.5
   106.0,0.001053,0.001081,-0.003936,0.000592,  59.751,   70,     3.5
   107.0,0.001034,0.001068,-0.004356,0.000553,  59.335,   70,     3.6
   108.0,0.001015,0.001019,-0.004863,0.000539,  58.948,   71,     3.6
   109.0,0.001006,0.000983,-0.005165,0.000550,  58.585,   70,     3.6
   110.0,0.000995,0.000982,-0.005555,0.000525,  58.231,   70,     3.7
   111.0,0.000990,0.000973,-0.005671,0.000497,  57.896,   71,     3.7
   112.0,0.000992,0.000951,-0.006148,0.000546,  57.582,   71,     3.7
   113.0,0.000970,0.000913,-0.006312,0.000546,  57.276,   71,     3.8
   114.0,0.000955,0.000919,-0.006798,0.000508,  56.967,   70,     3.8
   115.0,0.000951,0.000915,-0.006846,0.000546,  56.729,   70,     3.8
   116.0,0.000939,0.000900,-0.007060,0.000560,  56.459,   70,     3.9
   117.0,0.000907,0.000876,-0.007205,0.000546,  56.195,   71,     3.9
   118.0,0.000903,0.000860,-0.007312,0.000546,  55.961,   70,     3.9
   119.0,0.000903,0.000858,-0.007612,0.000508,  55.709,   71,     4.0
   120.0,0.000895,0.000844,-0.007922,0.000546,  55.488,   72,     4.0
   121.0,0.000868,0.000824,-0.008125,0.000518,  55.254,   70,     4.0
   122.0,0.000858,0.000810,-0.008261,0.000494,  55.051,   71,     4.1
   123.0,0.000863,0.000812,-0.008396,0.000518,  54.854,   70,     4.1
   124.0,0.000851,0.000787,-0.008686,0.000518,  54.642,   70,     4.1
   125.0,0.000836,0.000790,-0.008937,0.000504,  54.465,   72,     4.2
   126.0,0.000838,0.000771,-0.009101,0.000504,  54.288,   66,     4.2
   127.0,0.000846,0.000750,-0.009120,0.000480,  54.117,   71,     4.2
   128.0,0.000830,0.000740,-0.009381,0.000543,  53.947,   69,     4.3
   129.0,0.000824,0.000738,-0.009593,0.000504,  53.805,   74,     4.3
   130.0,0.000812,0.000735,-0.009709,0.000466,  53.657,   70,     4.3
   131.0,0.000816,0.000719,-0.009709,0.000490,  53.540,   72,     4.4
   132.0,0.000792,0.000696,-0.009805,0.000476,  53.413,   70,     4.4
   133.0,0.000784,0.000699,-0.009911,0.000424,  53.291,   70,     4.4
   134.0,0.000793,0.000712,-0.010094,0.000462,  53.174,   71,     4.5
   135.0,0.000784,0.000700,-0.010239,0.000424,  53.066,   72,     4.5
   136.0,0.000773,0.000685,-0.010354,0.000462,  52.957,   70,     4.5
   137.0,0.000778,0.000679,-0.010393,0.000476,  52.869,   71,     4.6
   138.0,0.000777,0.000695,-0.010566,0.000438,  52.764,   71,     4.6
   139.0,0.000773,0.000698,-0.010575,0.000462,  52.657,   71,     4.6
   140.0,0.000774,0.000701,-0.010643,0.000476,  52.554,   70,     4.7
   141.0,0.000774,0.000692,-0.010768,0.000424,  52.472,   70,     4.7
   142.0,0.000783,0.000695,-0.010633,0.000462,  52.384,   71,     4.7
   143.0,0.000775,0.000681,-0.010585,0.000476,  52.314,   71,     4.8
   144.0,0.000772,0.000667,-0.010758,0.000424,  52.240,   71,     4.8
   145.0,0.000753,0.000666,-0.010787,0.000462,  52.182,   71,     4.8
   146.0,0.000757,0.000654,-0.010864,0.000410,  52.120,   70,     4.9
   147.0,0.000746,0.000643,-0.010960,0.000448,  52.073,   71,     4.9
   148.0,0.000743,0.000645,-0.011114,0.000448,  52.015,   71,     4.9
   149.0,0.000734,0.000642,-0.011239,0.000410,  51.974,   71,     5.0
   150.0,0.000747,0.000642,-0.011354,0.000434,  51.934,   70,     5.0
   151.0,0.000749,0.000641,-0.011344,0.000448,  51.896,   71,     5.0
   152.0,0.000742,0.000644,-0.011296,0.000396,  51.830,   67,     5.1
   153.0,0.000739,0.000641,-0.011459,0.000420,  51.785,   71,     5.1
   154.0,0.000731,0.000621,-0.011383,0.000448,  51.721,   70,     5.1
   155.0,0.000727,0.000628,-0.011517,0.000448,  51.674,   72,     5.2
   156.0,0.000724,0.000619,-0.011632,0.000448,  51.610,   68,     5.2
   157.0,0.000733,0.000626,-0.011671,0.000410,  51.569,   71,     5.2
   158.0,0.000717,0.000622,-0.011680,0.000448,  51.525,   70,     5.3
   159.0,0.000733,0.000623,-0.011718,0.000406,  51.492,   71,     5.3
   160.0,0.000728,0.000618,-0.011680,0.000420,  51.441,   69,     5.3
   161.0,0.000729,0.000616,-0.011872,0.000445,  51.407,   70,     5.4
   162.0,0.000729,0.000609,-0.011747,0.000406,  51.375,   69,     5.4
   163.0,0.000721,0.000623,-0.011834,0.000406,  51.335,   71,     5.4
   164.0,0.000729,0.000626,-0.011805,0.000459,  51.308,   72,     5.5
   165.0,0.000729,0.000612,-0.012006,0.000420,  51.284,   71,     5.5
   166.0,0.000717,0.000602,-0.012044,0.000459,  51.263,   72,     5.5
   167.0,0.000726,0.000596,-0.011987,0.000392,  51.243,   69,     5.6
   168.0,0.000722,0.000608,-0.011949,0.000406,  51.206,   72,     5.6
   169.0,0.000722,0.000602,-0.011882,0.000445,  51.183,   71,     5.6
   170.0,0.000729,0.000612,-0.011920,0.000406,  51.162,   70,     5.7
   171.0,0.000717,0.000612,-0.011910,0.000434,  51.135,   70,     5.7
   172.0,0.000722,0.000614,-0.011977,0.000459,  51.118,   69,     5.7
   173.0,0.000722,0.000610,-0.012207,0.000420,  51.098,   71,     5.8
   174.0,0.000721,0.000618,-0.012083,0.000459,  51.067,   70,     5.8
   175.0,0.000710,0.000611,-0.012006,0.000448,  51.048,   71,     5.8
   176.0,0.000712,0.000608,-0.012102,0.000434,  51.047,   69,     5.9
   177.0,0.000708,0.000602,-0.011978,0.000459,  51.039,   71,     5.9
   178.0,0.000713,0.000617,-0.011978,0.000420,  51.039,   69,     5.9
   179.0,0.000713,0.000620,-0.012045,0.000420,  51.034,   72,     6.0
   180.0,0.000726,0.000623,-0.011977,0.000459,  51.028,   70,     6.0
   181.0,0.000729,0.000625,-0.011901,0.000434,  51.025,   72,     6.0
   182.0,0.000717,0.000630,-0.011824,0.000434,  51.018,   70,     6.1
   183.0,0.000726,0.000617,-0.012131,0.000473,  51.005,   72,     6.1
   184.0,0.000718,0.000618,-0.011958,0.000473,  50.986,   69,     6.1
   185.0,0.000706,0.000608,-0.011882,0.000459,  50.973,   70,     6.2
   186.0,0.000700,0.000607,-0.011949,0.000420,  50.935,   70,     6.2
   187.0,0.000692,0.000597,-0.011920,0.000406,  50.919,   70,     6.2
   188.0,0.000712,0.000603,-0.012227,0.000445,  50.902,   70,     6.3
   189.0,0.000699,0.000603,-0.012121,0.000406,  50.883,   70,     6.3
   190.0,0.000699,0.000600,-0.012131,0.000406,  50.872,   73,     6.3
   191.0,0.000700,0.000601,-0.012150,0.000445,  50.869,   71,     6.4
   192.0,0.000692,0.000591,-0.012313,0.000406,  50.855,   71,     6.4
   193.0,0.000684,0.000571,-0.012255,0.000431,  50.845,   70,     6.4
   194.0,0.000690,0.000580,-0.012265,0.000431,  50.834,   70,     6.5
   195.0,0.000674,0.000581,-0.012294,0.000406,  50.809,   71,     6.5
   196.0,0.000682,0.000572,-0.012409,0.000431,  50.791,   69,     6.5
   197.0,0.000682,0.000584,-0.012409,0.000406,  50.764,   71,     6.6
   198.0,0.000690,0.000582,-0.012437,0.000406,  50.742,   70,     6.6
   199.0,0.000698,0.000593,-0.012686,0.000431,  50.714,   71,     6.6
   200.0,0.000685,0.000580,-0.012437,0.000406,  50.692,   71,     6.7
   201.0,0.000690,0.000577,-0.012409,0.000406,  50.659,   71,     6.7
   202.0,0.000695,0.000575,-0.012399,0.000431,  50.643,   69,     6.7
   203.0,0.000695,0.000576,-0.012409,0.000431,  50.629,   71,     6.8
   204.0,0.000691,0.000576,-0.012753,0.000431,  50.622,   69,     6.8
   205.0,0.000695,0.000575,-0.012782,0.000406,  50.620,   71,     6.8
   206.0,0.000695,0.000579,-0.012973,0.000406,  50.615,   69,     6.9
   207.0,0.000695,0.000580,-0.012744,0.000431,  50.619,   72,     6.9
   208.0,0.000691,0.000580,-0.012715,0.000406,  50.620,   69,     6.9
   209.0,0.000695,0.000583,-0.012725,0.000406,  50.627,   70,     7.0
   210.0,0.000683,0.000572,-0.012686,0.000417,  50.624,   70,     7.0
   211.0,0.000691,0.000572,-0.012734,0.000378,  50.629,   70,     7.0
   212.0,0.000695,0.000568,-0.012706,0.000417,  50.632,   70,     7.1
   213.0,0.000698,0.000580,-0.012639,0.000431,  50.625,   70,     7.1
   214.0,0.000695,0.000573,-0.012648,0.000406,  50.628,   71,     7.1
   215.0,0.000695,0.000583,-0.012572,0.000431,  50.629,   70,     7.2
   216.0,0.000699,0.000583,-0.012533,0.000406,  50.631,   73,     7.2
   217.0,0.000691,0.000579,-0.012639,0.000406,  50.631,   72,     7.2
   218.0,0.000692,0.000570,-0.012648,0.000431,  50.635,   72,     7.3
   219.0,0.000687,0.000578,-0.012658,0.000378,  50.641,   70,     7.3
   220.0,0.000691,0.000587,-0.012572,0.000392,  50.639,   71,     7.3
   221.0,0.000703,0.000579,-0.012839,0.000456,  50.637,   72,     7.4
   222.0,0.000698,0.000584,-0.012830,0.000389,  50.633,   70,     7.4
   223.0,0.000718,0.000593,-0.012591,0.000442,  50.630,   70,     7.4
   224.0,0.000714,0.000596,-0.012457,0.000456,  50.633,   69,     7.5
   225.0,0.000709,0.000593,-0.012485,0.000431,  50.637,   70,     7.5
   226.0,0.000729,0.000601,-0.012418,0.000456,  50.641,   71,     7.5
   227.0,0.000729,0.000610,-0.012284,0.000484,  50.645,   73,     7.6
   228.0,0.000740,0.000615,-0.012208,0.000445,  50.648,   71,     7.6
   229.0,0.000744,0.000628,-0.012409,0.000456,  50.651,   71,     7.6
   230.0,0.000739,0.000625,-0.012102,0.000470,  50.655,   67,     7.7
   231.0,0.000737,0.000633,-0.011997,0.000470,  50.666,   71,     7.7
   232.0,0.000737,0.000623,-0.011958,0.000470,  50.671,   70,     7.7
   233.0,0.000724,0.000622,-0.012169,0.000445,  50.681,   71,     7.8
   234.0,0.000718,0.000610,-0.012006,0.000484,  50.694,   71,     7.8
   235.0,0.000722,0.000610,-0.011920,0.000484,  50.701,   70,     7.8
   236.0,0.000709,0.000599,-0.012006,0.000445,  50.712,   71,     7.9
   237.0,0.000711,0.000608,-0.011978,0.000470,  50.734,   70,     7.9
   238.0,0.000702,0.000606,-0.012121,0.000484,  50.745,   70,     7.9
   239.0,0.000718,0.000602,-0.012198,0.000445,  50.752,   70,     8.0
   240.0,0.000711,0.000606,-0.012093,0.000456,  50.755,   70,     8.0
   241.0,0.000719,0.000588,-0.012140,0.000417,  50.758,   71,     8.0
   242.0,0.000715,0.000592,-0.012112,0.000456,  50.755,   72,     8.1
   243.0,0.000712,0.000592,-0.012188,0.000456,  50.757,   71,     8.1
   244.0,0.000703,0.000591,-0.012188,0.000431,  50.756,   69,     8.1
   245.0,0.000707,0.000589,-0.012370,0.000442,  50.753,   70,     8.2
   246.0,0.000704,0.000584,-0.012342,0.000456,  50.749,   70,     8.2
   247.0,0.000717,0.000586,-0.012390,0.000417,  50.746,   70,     8.2
   248.0,0.000724,0.000593,-0.012351,0.000442,  50.743,   70,     8.3
   249.0,0.000724,0.000593,-0.012322,0.000456,  50.739,   70,     8.3
   250.0,0.000728,0.000598,-0.012188,0.000431,  50.739,   71,     8.3
   251.0,0.000731,0.000611,-0.012236,0.000470,  50.731,   71,     8.4
   252.0,0.000735,0.000620,-0.012179,0.000431,  50.732,   71,     8.4
   253.0,0.000739,0.000618,-0.012140,0.000456,  50.724,   72,     8.4
   254.0,0.000735,0.000609,-0.012112,0.000456,  50.721,   68,     8.5
   255.0,0.000739,0.000613,-0.012284,0.000431,  50.717,   71,     8.5
   256.0,0.000746,0.000619,-0.012217,0.000456,  50.720,   70,     8.5
   257.0,0.000743,0.000622,-0.012112,0.000456,  50.710,   70,     8.6
   258.0,0.000739,0.000629,-0.012150,0.000417,  50.709,   70,     8.6
   259.0,0.000751,0.000632,-0.012207,0.000456,  50.709,   70,     8.6
   260.0,0.000735,0.000630,-0.011968,0.000456,  50.708,   70,     8.7
   261.0,0.000739,0.000620,-0.011930,0.000456,  50.705,   70,     8.7
   262.0,0.000736,0.000621,-0.011920,0.000456,  50.707,   72,     8.7
   263.0,0.000731,0.000622,-0.012035,0.000445,  50.706,   69,     8.8
   264.0,0.000744,0.000627,-0.012044,0.000470,  50.703,   70,     8.8
   265.0,0.000737,0.000611,-0.012054,0.000456,  50.706,   71,     8.8
   266.0,0.000730,0.000618,-0.012092,0.000431,  50.706,   75,     8.9
   267.0,0.000737,0.000617,-0.011968,0.000442,  50.697,   70,     8.9
   268.0,0.000741,0.000609,-0.012025,0.000456,  50.685,   73,     8.9
   269.0,0.000729,0.000601,-0.012006,0.000417,  50.653,   72,     9.0
   270.0,0.000729,0.000597,-0.012159,0.000442,  50.633,   69,     9.0
   271.0,0.000713,0.000598,-0.012303,0.000442,  50.604,   69,     9.0
   272.0,0.000709,0.000609,-0.012179,0.000442,  50.592,   70,     9.1
   273.0,0.000718,0.000606,-0.012408,0.000456,  50.586,   71,     9.1
   274.0,0.000709,0.000613,-0.012188,0.000417,  50.582,   70,     9.1
   275.0,0.000709,0.000615,-0.012265,0.000442,  50.588,   72,     9.2
   276.0,0.000718,0.000611,-0.012265,0.000456,  50.595,   70,     9.2
   277.0,0.000705,0.000601,-0.012284,0.000417,  50.599,   71,     9.2
   278.0,0.000710,0.000603,-0.012370,0.000442,  50.612,   71,     9.3
   279.0,0.000705,0.000601,-0.012313,0.000456,  50.616,   72,     9.3
   280.0,0.000723,0.000608,-0.012236,0.000442,  50.617,   71,     9.3
   281.0,0.000719,0.000608,-0.012322,0.000442,  50.620,   70,     9.4
   282.0,0.000723,0.000605,-0.012466,0.000403,  50.610,   71,     9.4
   283.0,0.000714,0.000603,-0.012332,0.000442,  50.607,   70,     9.4
   284.0,0.000723,0.000606,-0.012227,0.000456,  50.603,   71,     9.5
   285.0,0.000734,0.000621,-0.012255,0.000456,  50.600,   71,     9.5
   286.0,0.000741,0.000625,-0.012246,0.000442,  50.599,   69,     9.5
   287.0,0.000752,0.000643,-0.012102,0.000456,  50.598,   71,     9.6
   288.0,0.000747,0.000646,-0.012083,0.000431,  50.604,   70,     9.6
   289.0,0.000761,0.000644,-0.012006,0.000456,  50.608,   70,     9.6
   290.0,0.000749,0.000639,-0.011901,0.000456,  50.626,   73,     9.7
   291.0,0.000744,0.000653,-0.011891,0.000456,  50.630,   70,     9.7
   292.0,0.000753,0.000644,-0.011968,0.000456,  50.644,   71,     9.7
   293.0,0.000749,0.000648,-0.011843,0.000431,  50.657,   70,     9.8
   294.0,0.000752,0.000651,-0.012092,0.000456,  50.668,   73,     9.8
   295.0,0.000757,0.000645,-0.012044,0.000456,  50.698,   70,     9.8
   296.0,0.000765,0.000659,-0.012102,0.000431,  50.707,   69,     9.9
   297.0,0.000773,0.000655,-0.011853,0.000456,  50.710,   71,     9.9
   298.0,0.000773,0.000661,-0.011786,0.000456,  50.721,   71,     9.9
   299.0,0.000756,0.000652,-0.011738,0.000431,  50.739,   34,    10.0
   300.0,0.000765,0.000656,-0.011680,0.000442,  50.745,   34,    10.0
   301.0,0.000756,0.000664,-0.011795,0.000417,  50.752,   36,    10.0
   302.0,0.000761,0.000652,-0.011786,0.000442,  50.746,   36,    10.0
   303.0,0.000758,0.000646,-0.011747,0.000456,  50.749,   36,    10.1
   304.0,0.000743,0.000655,-0.011996,0.000417,  50.749,   35,    10.1
   305.0,0.000706,0.000621,-0.011575,0.000442,  50.745,   35,    10.1
   306.0,0.000692,0.000588,-0.011411,0.000442,  50.748,   35,    10.1
   307.0,0.000652,0.000565,-0.011498,0.000375,  50.747,   35,    10.1
   308.0,0.000650,0.000569,-0.011507,0.000372,  50.749,   38,    10.1
   309.0,0.000650,0.000572,-0.011507,0.000343,  50.743,   35,    10.2
   310.0,0.000654,0.000566,-0.011603,0.000343,  50.744,   37,    10.2
   311.0,0.000656,0.000561,-0.011747,0.000358,  50.736,   35,    10.2
   312.0,0.000651,0.000553,-0.011709,0.000319,  50.731,   35,    10.2
   313.0,0.000659,0.000556,-0.011738,0.000343,  50.729,   35,    10.2
   314.0,0.000648,0.000545,-0.011699,0.000358,  50.719,   36,    10.2
   315.0,0.000640,0.000545,-0.011843,0.000319,  50.710,   36,    10.3
   316.0,0.000641,0.000543,-0.011843,0.000343,  50.696,   36,    10.3
   317.0,0.000644,0.000546,-0.011805,0.000358,  50.691,   37,    10.3
   318.0,0.000657,0.000546,-0.011862,0.000319,  50.680,   34,    10.3
   319.0,0.000644,0.000552,-0.011843,0.000329,  50.672,   36,    10.3
   320.0,0.000636,0.000554,-0.011766,0.000343,  50.665,   36,    10.3
   321.0,0.000641,0.000547,-0.011910,0.000329,  50.661,   36,    10.4
   322.0,0.000637,0.000550,-0.011939,0.000329,  50.629,   35,    10.4
   323.0,0.000629,0.000547,-0.011929,0.000305,  50.621,   34,    10.4
   324.0,0.000633,0.000547,-0.012044,0.000329,  50.621,   37,    10.4
   325.0,0.000629,0.000551,-0.011997,0.000329,  50.614,   35,    10.4
   326.0,0.000641,0.000544,-0.011920,0.000305,  50.612,   35,    10.4
   327.0,0.000637,0.000546,-0.011814,0.000329,  50.601,   35,    10.5
   328.0,0.000625,0.000548,-0.011862,0.000329,  50.590,   35,    10.5
   329.0,0.000642,0.000546,-0.011920,0.000343,  50.587,   37,    10.5
   330.0,0.000633,0.000545,-0.011910,0.000329,  50.584,   37,    10.5
   331.0,0.000637,0.000543,-0.011853,0.000343,  50.575,   35,    10.5
   332.0,0.000653,0.000554,-0.011814,0.000368,  50.573,   34,    10.5
   333.0,0.000649,0.000549,-0.011766,0.000329,  50.575,   36,    10.6
   334.0,0.000653,0.000559,-0.011661,0.000382,  50.562,   36,    10.6
   335.0,0.000657,0.000570,-0.011872,0.000382,  50.561,   36,    10.6
   336.0,0.000672,0.000573,-0.011671,0.000358,  50.571,   37,    10.6
   337.0,0.000660,0.000581,-0.011613,0.000396,  50.567,   35,    10.6
   338.0,0.000664,0.000586,-0.011901,0.000382,  50.563,   35,    10.6
   339.0,0.000668,0.000585,-0.011747,0.000382,  50.567,   37,    10.7
   340.0,0.000673,0.000585,-0.011776,0.000368,  50.559,   37,    10.7
   341.0,0.000673,0.000577,-0.011699,0.000329,  50.568,   35,    10.7
   342.0,0.000664,0.000574,-0.011603,0.000382,  50.563,   36,    10.7
   343.0,0.000673,0.000583,-0.011575,0.000382,  50.563,   36,    10.7
   344.0,0.000672,0.000579,-0.011488,0.000358,  50.562,   36,    10.7
   345.0,0.000676,0.000589,-0.011469,0.000396,  50.567,   36,    10.8
   346.0,0.000676,0.000586,-0.011488,0.000382,  50.566,   35,    10.8
   347.0,0.000679,0.000582,-0.011459,0.000358,  50.569,   36,    10.8
   348.0,0.000679,0.000592,-0.011498,0.000396,  50.580,   36,    10.8
   349.0,0.000684,0.000602,-0.011469,0.000396,  50.586,   36,    10.8
   350.0,0.000679,0.000585,-0.011575,0.000396,  50.589,   37,    10.8
   351.0,0.000680,0.000589,-0.011431,0.000382,  50.594,   35,    10.9
   352.0,0.000680,0.000597,-0.011680,0.000358,  50.600,   35,    10.9
   353.0,0.000672,0.000597,-0.011517,0.000396,  50.601,   37,    10.9
   354.0,0.000668,0.000589,-0.011555,0.000396,  50.607,   37,    10.9
   355.0,0.000668,0.000584,-0.011555,0.000358,  50.613,   37,    10.9
   356.0,0.000660,0.000577,-0.011440,0.000396,  50.619,   39,    10.9
   357.0,0.000669,0.000575,-0.011488,0.000382,  50.623,   36,    11.0
   358.0,0.000649,0.000565,-0.011786,0.000358,  50.631,   36,    11.0
   359.0,0.000654,0.000573,-0.011536,0.000382,  50.640,   38,    11.0
   360.0,0.000652,0.000557,-0.011575,0.000358,  50.637,   36,    11.0
   361.0,0.000648,0.000557,-0.011584,0.000396,  50.633,   35,    11.0
   362.0,0.000663,0.000589,-0.011623,0.000354,  50.636,   37,    11.0
   363.0,0.000000,0.000000,-0.011680,0.000329,  50.625,   36,    11.1
   364.0,0.000000,0.000000,0.000000,0.000354,  50.619,   37,    11.1
   365.0,0.000000,0.000000,0.000000,0.000000,  50.610,   38,    11.1
   366.0,0.000000,0.000000,0.000000,0.000000,  50.602,   36,    11.1
   367.0,0.000003,-0.000014,0.000000,0.000000,  50.598,   36,    11.1
   368.0,0.000017,0.000008,-0.000038,0.000000,  50.596,   37,    11.1
   369.0,0.000017,0.000019,-0.000058,-0.000039,  50.588,   38,    11.2
   370.0,0.000029,0.000015,-0.000134,-0.000039,  50.579,   36,    11.2
   371.0,0.000032,0.000020,-0.000067,-0.000077,  50.577,   36,    11.2
   372.0,0.000036,0.000013,-0.000058,-0.000063,  50.582,   36,    11.2
   373.0,0.000036,0.000025,-0.000096,-0.000077,  50.578,   37,    11.2
   374.0,0.000021,0.000015,-0.000240,-0.000116,  50.577,   37,    11.2
   375.0,0.000021,0.000007,0.000038,-0.000049,  50.572,   36,    11.3
   376.0,0.000017,0.000008,0.000115,-0.000063,  50.580,   37,    11.3
   377.0,0.000006,0.000007,0.000173,-0.000088,  50.570,   37,    11.3
   378.0,0.000003,-0.000009,0.000192,-0.000049,  50.576,   37,    11.3
   379.0,-0.000012,-0.000016,0.000144,-0.000039,  50.580,   36,    11.3
   380.0,-0.000020,-0.000023,0.000010,-0.000039,  50.585,   36,    11.3
   381.0,-0.000027,-0.000036,-0.000010,-0.000053,  50.597,   37,    11.4
   382.0,-0.000027,-0.000026,-0.000086,-0.000039,  50.596,   37,    11.4
   383.0,-0.000027,-0.000026,-0.000067,-0.000039,  50.603,   37,    11.4
   384.0,-0.000031,-0.000016,-0.000096,-0.000053,  50.610,   36,    11.4
   385.0,-0.000035,-0.000029,-0.000278,-0.000039,  50.610,   38,    11.4
   386.0,-0.000039,-0.000041,-0.000240,-0.000039,  50.616,   36,    11.4
   387.0,-0.000035,-0.000054,-0.000230,-0.000067,  50.622,   37,    11.5
   388.0,-0.000031,-0.000051,-0.000182,-0.000067,  50.621,   37,    11.5
   389.0,-0.000031,-0.000044,-0.000316,-0.000053,  50.623,   36,    11.5
   390.0,-0.000026,-0.000050,-0.000230,-0.000067,  50.622,   37,    11.5
   391.0,-0.000031,-0.000047,-0.000259,-0.000091,  50.621,   37,    11.5
   392.0,-0.000027,-0.000048,-0.000441,-0.000067,  50.614,   36,    11.5
   393.0,-0.000015,-0.000044,-0.000268,-0.000067,  50.614,   36,    11.6
   394.0,-0.000027,-0.000046,-0.000537,-0.000053,  50.612,   37,    11.6
   395.0,-0.000019,-0.000054,-0.000297,-0.000067,  50.605,   36,    11.6
   396.0,-0.000022,-0.000057,-0.000307,-0.000067,  50.605,   36,    11.6
   397.0,-0.000031,-0.000049,-0.000355,-0.000053,  50.599,   37,    11.6
   398.0,-0.000017,-0.000040,-0.000288,-0.000081,  50.591,   35,    11.6
   399.0,-0.000014,-0.000046,-0.000307,-0.000067,  50.588,   36,    11.7
   400.0,-0.000006,-0.000043,-0.000316,-0.000081,  50.585,   38,    11.7
   401.0,0.000002,-0.000032,-0.000278,-0.000105,  50.570,   37,    11.7
   402.0,0.000031,-0.000008,-0.000211,-0.000081,  50.569,   35,    11.7
   403.0,0.000068,0.000015,-0.000096,-0.000067,  50.563,   36,    11.7
   404.0,0.000121,0.000043,0.000029,-0.000067,  50.562,   35,    11.7
   405.0,0.000195,0.000092,0.000749,-0.000039,  50.558,   37,    11.8
   406.0,0.000258,0.000158,0.001557,-0.000053,  50.553,   37,    11.8
   407.0,0.000366,0.000214,0.002714,-0.000039,  50.554,   37,    11.8
   408.0,0.000507,0.000292,0.004348,-0.000025,  50.554,   36,    11.8
   409.0,0.000712,0.000386,0.006593,-0.000039,  50.552,   36,    11.8
   410.0,0.000955,0.000518,0.008937,-0.000011,  50.555,   36,    11.8
   411.0,0.001301,0.000705,0.012594,-0.000011,  50.546,   39,    11.9
   412.0,0.001760,0.000900,0.017600,-0.000011,  50.545,   36,    11.9
   413.0,0.002322,0.001178,0.023835,-0.000011,  50.544,   36,    11.9
   414.0,0.003046,0.001541,0.031589,-0.000039,  50.535,   37,    11.9
   415.0,0.003794,0.002000,0.041333,-0.000039,  50.535,   36,    11.9
   416.0,0.004737,0.002526,0.052914,-0.000025,  50.532,   38,    11.9
   417.0,0.005955,0.003205,0.066650,-0.000067,  50.515,   39,    12.0
   418.0,0.007377,0.003983,0.083009,-0.000067,  50.504,   36,    12.0
   419.0,0.009015,0.004879,0.101825,-0.000053,  50.509,   36,    12.0
   420.0,0.010894,0.005894,0.118414,-0.000105,  50.509,   40,    12.0
   421.0,0.013067,0.006997,0.142869,-0.000067,  50.507,   36,    12.0
   422.0,0.015404,0.008101,0.170638,-0.000067,  50.501,   36,    12.0
   423.0,0.018081,0.009547,0.200741,-0.000053,  50.502,   36,    12.1
   424.0,0.020924,0.011106,0.235327,-0.000053,  50.498,   36,    12.1
   425.0,0.023524,0.012856,0.272426,-0.000053,  50.493,   37,    12.1
   426.0,0.026793,0.014676,0.313535,-0.000067,  50.496,   39,    12.1
   427.0,0.030390,0.016660,0.356656,-0.000053,  50.492,   36,    12.1
   428.0,0.034137,0.018745,0.404153,-0.000053,  50.493,   37,    12.1
   429.0,0.038139,0.020962,0.452579,-0.000039,  50.491,   37,    12.2
   430.0,0.042343,0.023333,0.495592,-0.000053,  50.483,   35,    12.2
   431.0,0.046756,0.025474,0.552006,-0.000039,  50.487,   37,    12.2
   432.0,0.051231,0.027832,0.610575,-0.000011,  50.492,   36,    12.2
   433.0,0.055880,0.030424,0.669775,-0.000011,  50.499,   37,    12.2
   434.0,0.060698,0.033132,0.730837,0.000031,  50.498,   36,    12.2
   435.0,0.064407,0.035802,0.795492,0.000017,  50.505,   38,    12.3
   436.0,0.069282,0.038553,0.858849,0.000045,  50.505,   36,    12.3
   437.0,0.074138,0.041312,0.924070,0.000059,  50.517,   36,    12.3
   438.0,0.079044,0.044127,0.988779,0.000087,  50.514,   37,    12.3
   439.0,0.083840,0.046909,1.049917,0.000129,  50.511,   37,    12.3
   440.0,0.088766,0.049754,1.106091,0.000105,  50.511,   38,    12.3
   441.0,0.093409,0.051915,1.170696,0.000158,  50.509,   36,    12.4
   442.0,0.098074,0.054586,1.233250,0.000186,  50.505,   37,    12.4
   443.0,0.102569,0.057267,1.293357,0.000214,  50.509,   36,    12.4
   444.0,0.106946,0.059819,1.353922,0.000238,  50.501,   37,    12.4
   445.0,0.110623,0.062332,1.409853,0.000242,  50.492,   36,    12.4
   446.0,0.114429,0.064754,1.463859,0.000308,  50.483,   39,    12.4
   447.0,0.118438,0.067147,1.514713,0.000322,  50.466,   36,    12.5
   448.0,0.122210,0.069363,1.563157,0.000312,  50.446,   37,    12.5
   449.0,0.125832,0.071552,1.601255,0.000364,  50.426,   37,    12.5
   450.0,0.129193,0.073573,1.642169,0.000378,  50.395,   37,    12.5
   451.0,0.132402,0.075093,1.680906,0.000421,  50.341,   36,    12.5
   452.0,0.135389,0.076993,1.717349,0.000421,  50.288,   37,    12.5
   453.0,0.138229,0.078748,1.751704,0.000424,  50.214,   36,    12.6
   454.0,0.140678,0.080388,1.781947,0.000477,  50.146,   37,    12.6
   455.0,0.142832,0.081912,1.809541,0.000505,  50.064,   37,    12.6
   456.0,0.145133,0.083341,1.833710,0.000480,  49.969,   36,    12.6
   457.0,0.147288,0.084656,1.856528,0.000561,  49.884,   37,    12.6
   458.0,0.149255,0.085915,1.877679,0.000561,  49.771,   37,    12.6
   459.0,0.151053,0.087023,1.893912,0.000550,  49.655,   37,    12.7
   460.0,0.152824,0.088108,1.912330,0.000603,  49.518,   36,    12.7
   461.0,0.154393,0.088887,1.926675,0.000564,  49.381,   38,    12.7
   462.0,0.155911,0.089859,1.939855,0.000617,  49.204,   37,    12.7
   463.0,0.157377,0.090738,1.953428,0.000617,  49.038,   36,    12.7
   464.0,0.158668,0.091632,1.967420,0.000564,  48.844,   37,    12.7
   465.0,0.159949,0.092497,1.978252,0.000617,  48.643,   37,    12.8
   466.0,0.161478,0.093423,1.991207,0.000564,  48.418,   37,    12.8
   467.0,0.163062,0.094365,2.004561,0.000578,  48.155,   37,    12.8
   468.0,0.164733,0.095335,2.012396,0.000578,  47.849,   37,    12.8
   469.0,0.166623,0.096452,2.022361,0.000540,  47.535,   36,    12.8
   470.0,0.168724,0.097551,2.034721,0.000550,  47.231,   36,    12.8
   471.0,0.171090,0.098717,2.051623,0.000522,  46.915,   37,    12.9
   472.0,0.173732,0.100224,2.060333,0.000522,  46.594,   39,    12.9
   473.0,0.176836,0.101987,2.076085,0.000508,  46.269,   36,    12.9
   474.0,0.179418,0.103892,2.092406,0.000603,  45.964,   36,    12.9
   475.0,0.183097,0.106054,2.106855,0.000620,  45.656,   37,    12.9
   476.0,0.186898,0.108344,2.121881,0.000729,  45.361,   38,    12.9
   477.0,0.191032,0.110780,2.137364,0.000799,  45.108,   37,    13.0
   478.0,0.195134,0.113335,2.150728,0.000845,  44.867,   39,    13.0
   479.0,0.199301,0.115874,2.161704,0.000968,  44.673,   36,    13.0
   480.0,0.203398,0.118070,2.173014,0.001041,  44.533,   36,    13.0
   481.0,0.207236,0.120362,2.181662,0.001207,  44.448,   39,    13.0
   482.0,0.210805,0.122665,2.193518,0.001319,  44.403,   36,    13.0
   483.0,0.213935,0.124722,2.199541,0.001431,  44.438,   37,    13.1
   484.0,0.216040,0.126561,2.202579,0.001530,  44.526,   36,    13.1
   485.0,0.218272,0.128033,2.205648,0.001614,  44.664,   38,    13.1
   486.0,0.219973,0.129213,2.205629,0.001727,  44.872,   36,    13.1
   487.0,0.221082,0.130071,2.205667,0.001850,  45.125,   38,    13.1
   488.0,0.221613,0.130591,2.205667,0.001853,  45.403,   35,    13.1
   489.0,0.221700,0.130811,2.202617,0.001843,  45.722,   36,    13.2
   490.0,0.221206,0.130737,2.196505,0.001910,  46.063,   38,    13.2
   491.0,0.220327,0.130398,2.193451,0.001885,  46.409,   36,    13.2
   492.0,0.218981,0.129827,2.178814,0.001952,  46.759,   38,    13.2
   493.0,0.217302,0.129029,2.167337,0.001938,  47.109,   36,    13.2
   494.0,0.215678,0.127997,2.156200,0.001885,  47.451,   38,    13.2
   495.0,0.213408,0.126784,2.139994,0.001924,  47.788,   37,    13.3
   496.0,0.210944,0.125457,2.124361,0.001867,  48.113,   38,    13.3
   497.0,0.208268,0.123971,2.106836,0.001815,  48.415,   37,    13.3
   498.0,0.205431,0.122403,2.089982,0.001797,  48.689,   35,    13.3
   499.0,0.202371,0.120714,2.071518,0.001769,  48.929,   37,    13.3
   500.0,0.199321,0.119363,2.045170,0.001755,  49.162,   37,    13.3
   501.0,0.196065,0.117546,2.020327,0.001713,  49.366,   38,    13.4
   502.0,0.192780,0.115681,1.993082,0.001632,  49.532,   37,    13.4
   503.0,0.189641,0.113779,1.963855,0.001642,  49.689,   36,    13.4
   504.0,0.186696,0.111831,1.934892,0.001600,  49.818,   37,    13.4
   505.0,0.183289,0.109895,1.904531,0.001533,  49.948,   36,    13.4
   506.0,0.179859,0.107929,1.871936,0.001544,  50.047,   37,    13.4
   507.0,0.176382,0.105943,1.838926,0.001530,  50.139,   38,    13.5
   508.0,0.172873,0.103926,1.811945,0.001449,  50.211,   36,    13.5
   509.0,0.169398,0.102005,1.777279,0.001460,  50.270,   36,    13.5
   510.0,0.165887,0.100337,1.744140,0.001421,  50.329,   37,    13.5
   511.0,0.162410,0.098290,1.707436,0.001403,  50.362,   39,    13.5
   512.0,0.158872,0.096248,1.671753,0.001389,  50.392,   36,    13.5
   513.0,0.155883,0.094237,1.635459,0.001322,  50.439,   37,    13.6
   514.0,0.152657,0.092206,1.598144,0.001333,  50.465,   36,    13.6
   515.0,0.149282,0.090226,1.561679,0.001277,  50.489,   37,    13.6
   516.0,0.145865,0.088217,1.525458,0.001224,  50.496,   38,    13.6
   517.0,0.142497,0.086255,1.488522,0.001235,  50.507,   36,    13.6
   518.0,0.139152,0.084317,1.454442,0.001207,  50.516,   38,    13.6
   519.0,0.135813,0.082336,1.422824,0.001164,  50.525,   37,    13.7
   520.0,0.132532,0.080801,1.386298,0.001150,  50.530,   38,    13.7
   521.0,0.129242,0.078841,1.350498,0.001098,  50.532,   36,    13.7
   522.0,0.126018,0.076953,1.313812,0.001108,  50.535,   40,    13.7
   523.0,0.122932,0.075057,1.279330,0.001080,  50.535,   37,    13.7
   524.0,0.120399,0.073201,1.243931,0.001027,  50.540,   37,    13.7
   525.0,0.117203,0.071341,1.209972,0.001024,  50.534,   37,    13.8
   526.0,0.114196,0.069524,1.176427,0.000996,  50.531,   37,    13.8
   527.0,0.111148,0.067694,1.143689,0.000929,  50.539,   37,    13.8
   528.0,0.108156,0.065929,1.114308,0.000940,  50.537,   37,    13.8
   529.0,0.105221,0.064170,1.084392,0.000873,  50.542,   37,    13.8
   530.0,0.102367,0.062832,1.052507,0.000912,  50.542,   37,    13.8
   531.0,0.099522,0.061123,1.021746,0.000870,  50.557,   38,    13.9
   532.0,0.096774,0.059445,0.991414,0.000817,  50.562,   37,    13.9
   533.0,0.094634,0.057799,0.961761,0.000827,  50.559,   38,    13.9
   534.0,0.091903,0.056195,0.933157,0.000799,  50.565,   37,    13.9
   535.0,0.089299,0.054628,0.904589,0.000733,  50.567,   37,    13.9
   536.0,0.086662,0.053043,0.877389,0.000771,  50.576,   36,    13.9
   537.0,0.084152,0.051539,0.852080,0.000729,  50.576,   38,    14.0
   538.0,0.081643,0.050030,0.828968,0.000690,  50.577,   36,    14.0
   539.0,0.079229,0.048877,0.802901,0.000715,  50.585,   38,    14.0
   540.0,0.076845,0.047432,0.777883,0.000662,  50.585,   34,    14.0
   541.0,0.074541,0.046018,0.753094,0.000659,  50.585,   36,    14.0
   542.0,0.072341,0.044654,0.729459,0.000659,  50.591,   37,    14.0
   543.0,0.070536,0.043310,0.706342,0.000684,  50.594,   36,    14.1
   544.0,0.068317,0.041992,0.683812,0.000670,  50.593,   38,    14.1
   545.0,0.066174,0.040698,0.662129,0.000642,  50.588,   36,    14.1
   546.0,0.064093,0.039439,0.640089,0.000642,  50.599,   39,    14.1
   547.0,0.062044,0.038203,0.622387,0.000627,  50.598,   36,    14.1
   548.0,0.060093,0.037001,0.602924,0.000575,  50.599,   37,    14.1
   549.0,0.058147,0.036055,0.583286,0.000599,  50.606,   37,    14.2
   550.0,0.056269,0.034882,0.563850,0.000585,  50.606,   35,    14.2
   551.0,0.054424,0.033759,0.545327,0.000557,  50.605,   38,    14.2
   552.0,0.052780,0.032654,0.527107,0.000571,  50.600,   37,    14.2
   553.0,0.051250,0.031612,0.509511,0.000491,  50.595,   38,    14.2
   554.0,0.049559,0.030559,0.492678,0.000452,  50.587,   36,    14.2
   555.0,0.047904,0.029552,0.476144,0.000463,  50.575,   37,    14.3
   556.0,0.046292,0.028570,0.460132,0.000463,  50.563,   36,    14.3
   557.0,0.044719,0.027608,0.447423,0.000410,  50.552,   38,    14.3
   558.0,0.043205,0.026858,0.432367,0.000435,  50.537,   37,    14.3
   559.0,0.041725,0.025962,0.417554,0.000368,  50.508,   36,    14.3
   560.0,0.040278,0.025061,0.403414,0.000392,  50.488,   37,    14.3
   561.0,0.038942,0.024211,0.389400,0.000378,  50.453,   37,    14.4
   562.0,0.037828,0.023372,0.376290,0.000340,  50.434,   38,    14.4
   563.0,0.036511,0.022574,0.363165,0.000350,  50.426,   37,    14.4
   564.0,0.035215,0.021784,0.350584,0.000322,  50.414,   36,    14.4
   565.0,0.033973,0.021020,0.338232,0.000284,  50.393,   37,    14.4
   566.0,0.032785,0.020300,0.327935,0.000308,  50.384,   38,    14.4
   567.0,0.031623,0.019572,0.317460,0.000308,  50.388,   37,    14.5
   568.0,0.030496,0.019029,0.306260,0.000294,  50.383,   36,    14.5
   569.0,0.029407,0.018342,0.295881,0.000280,  50.386,   36,    14.5
   570.0,0.028369,0.017692,0.285531,0.000242,  50.395,   34,    14.5
   571.0,0.027397,0.017046,0.275693,0.000280,  50.394,   37,    14.5
   572.0,0.026548,0.016429,0.266106,0.000238,  50.399,   40,    14.5
   573.0,0.025572,0.015840,0.256893,0.000200,  50.398,   36,    14.6
   574.0,0.024653,0.015263,0.247929,0.000210,  50.404,   37,    14.6
   575.0,0.023763,0.014705,0.239308,0.000210,  50.407,   37,    14.6
   576.0,0.022890,0.014171,0.232673,0.000172,  50.409,   36,    14.6
   577.0,0.022055,0.013687,0.224389,0.000196,  50.417,   37,    14.6
   578.0,0.021256,0.013284,0.216406,0.000143,  50.421,   36,    14.6
   579.0,0.020462,0.012791,0.209125,0.000168,  50.438,   37,    14.7
   580.0,0.019721,0.012326,0.201891,0.000168,  50.443,   37,    14.7
   581.0,0.019073,0.011883,0.194902,0.000129,  50.456,   38,    14.7
   582.0,0.018431,0.011444,0.188132,0.000154,  50.462,   37,    14.7
   583.0,0.017755,0.011019,0.181740,0.000154,  50.465,   38,    14.7
   584.0,0.017103,0.010599,0.175334,0.000115,  50.478,   37,    14.7
   585.0,0.016471,0.010204,0.169192,0.000154,  50.486,   37,    14.8
   586.0,0.015855,0.009840,0.164739,0.000140,  50.491,   38,    14.8
   587.0,0.015278,0.009497,0.158681,0.000154,  50.499,   37,    14.8
   588.0,0.014707,0.009202,0.153576,0.000126,  50.512,   37,    14.8
   589.0,0.014170,0.008862,0.148406,0.000087,  50.516,   37,    14.8
   590.0,0.013649,0.008545,0.143174,0.000140,  50.521,   36,    14.8
   591.0,0.013248,0.008235,0.138432,0.000112,  50.525,   37,    14.9
   592.0,0.012751,0.007918,0.133754,0.000087,  50.532,   39,    14.9
   593.0,0.012290,0.007646,0.129280,0.000126,  50.530,   37,    14.9
   594.0,0.011829,0.007357,0.124833,0.000112,  50.533,   37,    14.9
   595.0,0.011391,0.007089,0.121036,0.000165,  50.531,   37,    14.9
   596.0,0.010965,0.006830,0.117743,0.000151,  50.535,   35,    14.9
   597.0,0.010558,0.006604,0.113826,0.000151,  50.535,   36,    15.0
   598.0,0.010163,0.006378,0.110043,0.000151,  50.537,   37,    15.0
   599.0,0.009775,0.006140,0.106488,0.000137,  50.536,   37,    15.0
   600.0,0.009412,0.005902,0.102996,0.000137,  50.542,   37,    15.0
   601.0,0.009126,0.005688,0.099522,0.000151,  50.538,   36,    15.0
   602.0,0.008787,0.005488,0.096431,0.000137,  50.538,   36,    15.0
   603.0,0.008474,0.005291,0.093289,0.000137,  50.543,   37,    15.1
   604.0,0.008151,0.005101,0.090087,0.000123,  50.545,   36,    15.1
   605.0,0.007857,0.004917,0.087628,0.000123,  50.553,   38,    15.1
   606.0,0.007570,0.004732,0.085203,0.000123,  50.557,   36,    15.1
   607.0,0.007303,0.004591,0.082517,0.000123,  50.565,   38,    15.1
   608.0,0.007032,0.004421,0.079992,0.000137,  50.567,   37,    15.1
   609.0,0.006772,0.004257,0.077393,0.000123,  50.592,   36,    15.2
   610.0,0.006535,0.004102,0.075042,0.000123,  50.598,   37,    15.2
   611.0,0.006335,0.003954,0.072754,0.000123,  50.609,   36,    15.2
   612.0,0.006091,0.003810,0.070314,0.000109,  50.615,   36,    15.2
   613.0,0.005877,0.003676,0.068013,0.000109,  50.629,   37,    15.2
   614.0,0.005670,0.003546,0.066152,0.000109,  50.638,   38,    15.2
   615.0,0.005467,0.003414,0.064406,0.000095,  50.646,   37,    15.3
   616.0,0.005265,0.003290,0.062664,0.000056,  50.654,   37,    15.3
   617.0,0.005077,0.003201,0.060656,0.000095,  50.666,   37,    15.3
   618.0,0.004889,0.003106,0.058973,0.000081,  50.672,   38,    15.3
   619.0,0.004726,0.002996,0.057275,0.000081,  50.682,   37,    15.3
   620.0,0.004568,0.002893,0.055626,0.000081,  50.694,   38,    15.3
   621.0,0.004437,0.002800,0.054047,0.000095,  50.713,   36,    15.4
   622.0,0.004275,0.002705,0.052553,0.000133,  50.726,   35,    15.4
   623.0,0.004133,0.002614,0.051157,0.000081,  50.731,   38,    15.4
   624.0,0.003984,0.002529,0.049604,0.000081,  50.738,   37,    15.4
   625.0,0.003837,0.002436,0.048233,0.000053,  50.744,   37,    15.4
   626.0,0.003710,0.002352,0.047128,0.000067,  50.750,   36,    15.4
   627.0,0.003585,0.002285,0.045913,0.000067,  50.749,   37,    15.5
   628.0,0.003464,0.002199,0.044544,0.000067,  50.747,   37,    15.5
   629.0,0.003351,0.002140,0.043468,0.000067,  50.744,   37,    15.5
   630.0,0.003255,0.002067,0.042315,0.000067,  50.737,   36,    15.5
   631.0,0.003142,0.002000,0.041021,0.000067,  50.733,   36,    15.5
   632.0,0.003046,0.001931,0.040065,0.000053,  50.727,   37,    15.5
   633.0,0.002933,0.001863,0.039133,0.000067,  50.728,   39,    15.6
   634.0,0.002841,0.001802,0.038105,0.000053,  50.717,   37,    15.6
   635.0,0.002760,0.001738,0.037405,0.000028,  50.713,   36,    15.6
   636.0,0.002674,0.001686,0.036412,0.000067,  50.709,   37,    15.6
   637.0,0.002579,0.001645,0.035369,0.000053,  50.708,   38,    15.6
   638.0,0.002501,0.001595,0.034535,0.000039,  50.703,   37,    15.6
   639.0,0.002430,0.001548,0.033802,0.000053,  50.710,   36,    15.7
   640.0,0.002367,0.001504,0.032899,0.000053,  50.705,   36,    15.7
   641.0,0.002295,0.001477,0.032259,0.000039,  50.710,   36,    15.7
   642.0,0.002220,0.001440,0.031578,0.000053,  50.714,   37,    15.7
   643.0,0.002170,0.001403,0.030837,0.000039,  50.711,   38,    15.7
   644.0,0.002111,0.001348,0.030373,0.000067,  50.719,   37,    15.7
   645.0,0.002039,0.001315,0.029673,0.000039,  50.721,   37,    15.8
   646.0,0.001980,0.001285,0.029058,0.000039,  50.727,   37,    15.8
   647.0,0.001932,0.001243,0.028433,0.000053,  50.728,   37,    15.8
   648.0,0.001875,0.001225,0.027643,0.000039,  50.733,   36,    15.8
   649.0,0.001846,0.001194,0.027224,0.000067,  50.734,   38,    15.8
   650.0,0.001797,0.001161,0.026725,0.000053,  50.735,   37,    15.8
   651.0,0.001761,0.001141,0.026318,0.000039,  50.736,   37,    15.9
   652.0,0.001703,0.001116,0.025612,0.000039,  50.738,   37,    15.9
   653.0,0.001651,0.001082,0.025329,0.000053,  50.733,   38,    15.9
   654.0,0.001617,0.001059,0.025067,0.000000,  50.731,   36,    15.9
   655.0,0.001571,0.001040,0.024517,0.000067,  50.732,   36,    15.9
   656.0,0.001530,0.001001,0.024001,0.000053,  50.730,   37,    15.9
   657.0,0.001494,0.000966,0.023513,0.000053,  50.728,   36,    16.0
   658.0,0.001437,0.000940,0.023079,0.000053,  50.725,   37,    16.0
   659.0,0.001407,0.000914,0.022675,0.000025,  50.725,   36,    16.0
   660.0,0.001377,0.000872,0.022272,0.000039,  50.723,   37,    16.0
   661.0,0.001337,0.000861,0.021859,0.000039,  50.721,   36,    16.0
   662.0,0.001320,0.000841,0.021394,0.000011,  50.721,   38,    16.0
   663.0,0.001281,0.000827,0.021021,0.000011,  50.718,   38,    16.1
   664.0,0.001266,0.000817,0.020820,0.000011,  50.723,   35,    16.1
   665.0,0.001245,0.000814,0.020326,0.000011,  50.721,   36,    16.1
   666.0,0.001229,0.000799,0.020146,-0.000003,  50.716,   37,    16.1
   667.0,0.001206,0.000788,0.019845,0.000011,  50.718,   37,    16.1
   668.0,0.001189,0.000779,0.019674,0.000039,  50.720,   36,    16.1
   669.0,0.001170,0.000772,0.019382,0.000039,  50.719,   37,    16.2
