Run Name,group 1
Run Date,01:27:45 PM   03-05-15
Method Name,12% C
Export Format Version, 1.00
Method ID, 2240
Points/Second, 5.00
Number of Records,   1563
Offset from Run Start Time,00:00:00
Run End Time,00:05:18
Time,Second
QuadTec 1, (280.0 nm), AU
QuadTec 2, (260.0 nm), AU
Gradient Pump,<Not Selected>
QuadTec 3, (214.0 nm), AU
QuadTec 4, (405.0 nm), AU
Conductivity,mS/cm
Trace 6,<Not Available>
GP Pressure,<Not Selected>
Volume,<Not Selected>
Fraction,<Not Available>
Time,QuadTec 1,QuadTec 2,QuadTec 3,QuadTec 4,Conductivity
     0.0,0.001090,0.001145,0.007906,0.000734,  39.271
     0.2,0.001086,0.001140,0.007919,0.000698,  39.264
     0.4,0.001093,0.001144,0.007908,0.000734,  39.267
     0.6,0.001093,0.001136,0.007871,0.000734,  39.265
     0.8,0.001086,0.001138,0.007866,0.000698,  39.259
     1.0,0.001093,0.001133,0.007854,0.000734,  39.258
     1.2,0.001093,0.001136,0.007830,0.000734,  39.254
     1.4,0.001089,0.001139,0.007867,0.000698,  39.257
     1.6,0.001095,0.001139,0.007941,0.000734,  39.254
     1.8,0.001095,0.001139,0.008052,0.000734,  39.261
     2.0,0.001091,0.001147,0.008058,0.000698,  39.249
     2.2,0.001104,0.001145,0.008027,0.000734,  39.251
     2.4,0.001183,0.001148,0.007979,0.000734,  39.249
     2.6,0.001384,0.000000,0.007986,0.000734,  39.247
     2.8,0.000268,0.000000,0.007986,0.000721,  39.243
     3.0,-0.000981,0.000000,0.007993,0.000743,  39.243
     3.2,0.000000,0.000000,0.008000,0.000743,  39.232
     3.4,0.000000,0.000000,0.008007,0.000743,  39.235
     3.6,0.000000,0.000000,0.007564,0.000000,  39.237
     3.8,0.000000,0.000000,0.007564,0.000000,  39.227
     4.0,0.000000,0.000000,0.007564,0.000000,  39.208
     4.2,0.000000,0.000000,0.007564,0.000000,  39.201
     4.4,0.000000,0.000000,0.000000,0.000000,  39.197
     4.6,0.000000,0.000000,0.000000,0.000000,  39.202
     4.8,0.000000,0.000000,0.000000,0.000000,  39.195
     5.0,0.000000,0.000000,0.000000,0.000000,  39.192
     5.2,0.000000,0.000000,0.000000,0.000000,  39.191
     5.4,0.000000,0.000000,0.000000,0.000000,  39.190
     5.6,0.000000,0.000000,0.000000,0.000000,  39.191
     5.8,0.000000,0.000000,0.000000,0.000000,  39.189
     6.0,0.000000,0.000000,0.000000,0.000000,  39.190
     6.2,0.000000,0.000000,0.000000,0.000000,  39.190
     6.4,0.000000,0.000000,0.000000,0.000000,  39.188
     6.6,0.000082,0.000000,0.000000,0.000000,  39.194
     6.8,0.000091,0.000022,0.000000,0.000000,  39.190
     7.0,0.000103,0.000044,0.000000,0.000000,  39.187
     7.2,0.000120,0.000072,0.000000,0.000000,  39.185
     7.4,0.000143,0.000091,0.000000,0.000000,  39.179
     7.6,0.000165,0.000105,0.000000,0.000000,  39.183
     7.8,0.000190,0.000117,0.000032,0.000000,  39.190
     8.0,0.000215,0.000150,0.000051,0.000111,  39.183
     8.2,0.000250,0.000180,0.000058,0.000053,  39.178
     8.4,0.000281,0.000221,0.000063,0.000053,  39.179
     8.6,0.000310,0.000245,0.000082,0.000066,  39.181
     8.8,0.000343,0.000271,0.000095,0.000092,  39.182
     9.0,0.000370,0.000292,0.000143,0.000083,  39.177
     9.2,0.000388,0.000313,0.000210,0.000132,  39.178
     9.4,0.000402,0.000329,0.000294,0.000158,  39.172
     9.6,0.000411,0.000343,0.000331,0.000149,  39.179
     9.8,0.000425,0.000354,0.000344,0.000198,  39.175
    10.0,0.000437,0.000372,0.000345,0.000224,  39.165
    10.2,0.000458,0.000390,0.000358,0.000202,  39.161
    10.4,0.000479,0.000407,0.000345,0.000237,  39.160
    10.6,0.000492,0.000425,0.000321,0.000251,  39.165
    10.8,0.000522,0.000436,0.000271,0.000228,  39.166
    11.0,0.000537,0.000455,0.000229,0.000277,  39.165
    11.2,0.000538,0.000470,0.000163,0.000303,  39.160
    11.4,0.000547,0.000484,0.000066,0.000281,  39.162
    11.6,0.000556,0.000497,-0.000049,0.000317,  39.167
    11.8,0.000559,0.000496,-0.000179,0.000330,  39.160
    12.0,0.000562,0.000500,-0.000746,0.000307,  39.155
    12.2,0.000569,0.000500,-0.001539,0.000330,  39.157
    12.4,0.000565,0.000495,-0.002552,0.000330,  39.153
    12.6,0.000566,0.000493,-0.002583,0.000307,  39.152
    12.8,0.000560,0.000491,-0.002224,0.000343,  39.153
    13.0,0.000550,0.000489,-0.001488,0.000356,  39.148
    13.2,0.000554,0.000485,-0.001249,0.000321,  39.150
    13.4,0.000551,0.000478,-0.001081,0.000356,  39.151
    13.6,0.000548,0.000479,-0.000979,0.000369,  39.152
    13.8,0.000538,0.000474,-0.000872,0.000321,  39.153
    14.0,0.000540,0.000470,-0.000806,0.000356,  39.149
    14.2,0.000540,0.000463,-0.000782,0.000369,  39.146
    14.4,0.000533,0.000460,-0.000717,0.000334,  39.151
    14.6,0.000537,0.000457,-0.000670,0.000369,  39.151
    14.8,0.000534,0.000450,-0.000610,0.000383,  39.149
    15.0,0.000524,0.000448,-0.000575,0.000334,  39.150
    15.2,0.000528,0.000454,-0.000564,0.000356,  39.149
    15.4,0.000525,0.000449,-0.000564,0.000369,  39.152
    15.6,0.000512,0.000447,-0.000529,0.000321,  39.156
    15.8,0.000516,0.000443,-0.000506,0.000356,  39.153
    16.0,0.000516,0.000443,-0.000476,0.000356,  39.153
    16.2,0.000509,0.000440,-0.000453,0.000334,  39.153
    16.4,0.000507,0.000432,-0.000430,0.000356,  39.161
    16.6,0.000507,0.000430,-0.000405,0.000356,  39.161
    16.8,0.000513,0.000433,-0.000580,0.000356,  39.161
    17.0,0.000515,0.000434,-0.000857,0.000343,  39.162
    17.2,0.000517,0.000434,-0.001228,0.000343,  39.158
    17.4,0.000516,0.000434,-0.001714,0.000321,  39.156
    17.6,0.000519,0.000436,-0.001858,0.000321,  39.165
    17.8,0.000522,0.000441,-0.001918,0.000321,  39.162
    18.0,0.000518,0.000440,-0.001918,0.000298,  39.163
    18.2,0.000525,0.000443,-0.001816,0.000321,  39.168
    18.4,0.000528,0.000445,-0.001649,0.000321,  39.163
    18.6,0.000521,0.000445,-0.001397,0.000298,  39.179
    18.8,0.000518,0.000448,-0.001320,0.000321,  39.173
    19.0,0.000524,0.000453,-0.001283,0.000321,  39.176
    19.2,0.000524,0.000448,-0.001318,0.000298,  39.178
    19.4,0.000531,0.000455,-0.001235,0.000334,  39.180
    19.6,0.000531,0.000455,-0.001103,0.000334,  39.183
    19.8,0.000524,0.000453,-0.000973,0.000311,  39.188
    20.0,0.000525,0.000455,-0.000907,0.000347,  39.189
    20.2,0.000528,0.000459,-0.000872,0.000334,  39.194
    20.4,0.000524,0.000459,-0.000860,0.000311,  39.196
    20.6,0.000537,0.000459,-0.000974,0.000347,  39.204
    20.8,0.000540,0.000466,-0.001184,0.000334,  39.204
    21.0,0.000536,0.000461,-0.001466,0.000311,  39.206
    21.2,0.000540,0.000459,-0.001580,0.000347,  39.211
    21.4,0.000540,0.000459,-0.001645,0.000334,  39.215
    21.6,0.000536,0.000454,-0.001680,0.000311,  39.210
    21.8,0.000536,0.000452,-0.001650,0.000347,  39.211
    22.0,0.000542,0.000459,-0.001566,0.000334,  39.212
    22.2,0.000538,0.000456,-0.001432,0.000311,  39.212
    22.4,0.000545,0.000456,-0.001738,0.000347,  39.211
    22.6,0.000545,0.000459,-0.002230,0.000334,  39.219
    22.8,0.000548,0.000454,-0.002910,0.000311,  39.218
    23.0,0.000541,0.000451,-0.002868,0.000347,  39.221
    23.2,0.000545,0.000449,-0.002570,0.000334,  39.224
    23.4,0.000551,0.000453,-0.001990,0.000311,  39.223
    23.6,0.000547,0.000455,-0.001714,0.000347,  39.229
    23.8,0.000557,0.000466,-0.001462,0.000334,  39.238
    24.0,0.000560,0.000470,-0.001248,0.000311,  39.237
    24.2,0.000556,0.000472,-0.001098,0.000347,  39.236
    24.4,0.000563,0.000468,-0.000983,0.000334,  39.239
    24.6,0.000563,0.000470,-0.000911,0.000334,  39.244
    24.8,0.000556,0.000475,-0.000864,0.000311,  39.247
    25.0,0.000563,0.000477,-0.000851,0.000311,  39.251
    25.2,0.000560,0.000482,-0.000850,0.000334,  39.248
    25.4,0.000550,0.000482,-0.000807,0.000311,  39.250
    25.6,0.000551,0.000481,-0.000735,0.000347,  39.255
    25.8,0.000548,0.000486,-0.000670,0.000347,  39.261
    26.0,0.000538,0.000486,-0.000580,0.000325,  39.261
    26.2,0.000540,0.000481,-0.000633,0.000347,  39.265
    26.4,0.000537,0.000474,-0.000739,0.000334,  39.266
    26.6,0.000527,0.000469,-0.000900,0.000311,  39.267
    26.8,0.000528,0.000469,-0.000887,0.000347,  39.268
    27.0,0.000529,0.000461,-0.000815,0.000334,  39.266
    27.2,0.000526,0.000458,-0.000690,0.000298,  39.270
    27.4,0.000534,0.000456,-0.000617,0.000334,  39.270
    27.6,0.000530,0.000461,-0.000545,0.000307,  39.270
    27.8,0.000530,0.000461,-0.000485,0.000272,  39.275
    28.0,0.000523,0.000459,-0.000478,0.000307,  39.278
    28.2,0.000519,0.000457,-0.000494,0.000294,  39.281
    28.4,0.000519,0.000462,-0.000572,0.000259,  39.282
    28.6,0.000529,0.000463,-0.000554,0.000294,  39.285
    28.8,0.000532,0.000466,-0.000487,0.000281,  39.284
    29.0,0.000525,0.000463,-0.000385,0.000245,  39.282
    29.2,0.000528,0.000463,-0.000500,0.000294,  39.283
    29.4,0.000531,0.000464,-0.000697,0.000281,  39.284
    29.6,0.000524,0.000461,-0.000997,0.000245,  39.289
    29.8,0.000531,0.000456,-0.000997,0.000294,  39.289
    30.0,0.000534,0.000466,-0.000876,0.000281,  39.292
    30.2,0.000530,0.000471,-0.000689,0.000245,  39.298
    30.4,0.000533,0.000473,-0.000622,0.000294,  39.300
    30.6,0.000540,0.000478,-0.000592,0.000281,  39.300
    30.8,0.000533,0.000482,-0.000573,0.000245,  39.304
    31.0,0.000540,0.000485,-0.000523,0.000294,  39.308
    31.2,0.000537,0.000485,-0.000513,0.000281,  39.311
    31.4,0.000540,0.000490,-0.000476,0.000245,  39.310
    31.6,0.000536,0.000493,-0.000421,0.000294,  39.319
    31.8,0.000545,0.000495,-0.000386,0.000281,  39.322
    32.0,0.000551,0.000495,-0.000338,0.000245,  39.332
    32.2,0.000547,0.000501,-0.000290,0.000294,  39.336
    32.4,0.000550,0.000498,-0.000223,0.000281,  39.333
    32.6,0.000553,0.000496,-0.000176,0.000245,  39.336
    32.8,0.000553,0.000504,-0.000140,0.000294,  39.338
    33.0,0.000550,0.000508,-0.000121,0.000294,  39.341
    33.2,0.000556,0.000514,-0.000102,0.000259,  39.345
    33.4,0.000565,0.000523,-0.000306,0.000294,  39.345
    33.6,0.000576,0.000525,-0.000636,0.000294,  39.344
    33.8,0.000586,0.000534,-0.001093,0.000294,  39.349
    34.0,0.000596,0.000541,-0.001081,0.000259,  39.347
    34.2,0.000603,0.000543,-0.000906,0.000259,  39.348
    34.4,0.000618,0.000547,-0.000570,0.000294,  39.353
    34.6,0.000630,0.000559,-0.000467,0.000259,  39.357
    34.8,0.000638,0.000566,-0.000400,0.000294,  39.354
    35.0,0.000651,0.000576,-0.000365,0.000307,  39.353
    35.2,0.000667,0.000593,-0.000358,0.000285,  39.358
    35.4,0.000691,0.000614,-0.000305,0.000321,  39.356
    35.6,0.000707,0.000632,-0.000259,0.000321,  39.357
    35.8,0.000726,0.000649,-0.000207,0.000298,  39.358
    36.0,0.000756,0.000672,-0.000147,0.000347,  39.361
    36.2,0.000777,0.000688,-0.000092,0.000360,  39.361
    36.4,0.000797,0.000708,-0.000036,0.000351,  39.365
    36.6,0.000817,0.000736,-0.000006,0.000400,  39.362
    36.8,0.000843,0.000775,0.000013,0.000400,  39.361
    37.0,0.000867,0.000799,0.000027,0.000391,  39.370
    37.2,0.000890,0.000816,0.000087,0.000439,  39.369
    37.4,0.000913,0.000837,0.000160,0.000439,  39.366
    37.6,0.000939,0.000864,0.000257,0.000417,  39.374
    37.8,0.000965,0.000886,0.000143,0.000453,  39.372
    38.0,0.000983,0.000912,-0.000065,0.000466,  39.378
    38.2,0.000990,0.000938,-0.000382,0.000457,  39.374
    38.4,0.001005,0.000965,-0.000380,0.000492,  39.373
    38.6,0.001022,0.000986,-0.000296,0.000505,  39.379
    38.8,0.001027,0.001004,-0.000084,0.000483,  39.379
    39.0,0.001046,0.001021,-0.000379,0.000545,  39.380
    39.2,0.001051,0.001038,-0.000871,0.000545,  39.379
    39.4,0.001057,0.001051,-0.001566,0.000523,  39.377
    39.6,0.001060,0.001054,-0.001501,0.000571,  39.378
    39.8,0.001060,0.001054,-0.001147,0.000571,  39.377
    40.0,0.001060,0.001054,-0.000522,0.000549,  39.383
    40.2,0.001047,0.001050,-0.000299,0.000585,  39.381
    40.4,0.001046,0.001045,-0.000149,0.000585,  39.382
    40.6,0.001043,0.001033,-0.000052,0.000562,  39.380
    40.8,0.001030,0.001023,0.000038,0.000585,  39.385
    41.0,0.001028,0.001016,0.000092,0.000585,  39.384
    41.2,0.001022,0.001001,0.000110,0.000562,  39.386
    41.4,0.001010,0.000994,0.000176,0.000585,  39.384
    41.6,0.001011,0.000991,0.000217,0.000585,  39.385
    41.8,0.001005,0.000983,0.000257,0.000562,  39.386
    42.0,0.000989,0.000977,0.000293,0.000585,  39.388
    42.2,0.000987,0.000970,0.000311,0.000585,  39.384
    42.4,0.000976,0.000954,0.000304,0.000585,  39.386
    42.6,0.000957,0.000946,0.000321,0.000549,  39.385
    42.8,0.000944,0.000931,0.000334,0.000536,  39.384
    43.0,0.000929,0.000920,0.000339,0.000558,  39.389
    43.2,0.000911,0.000916,0.000332,0.000523,  39.387
    43.4,0.000906,0.000912,0.000320,0.000558,  39.385
    43.6,0.000895,0.000901,0.000295,0.000545,  39.386
    43.8,0.000879,0.000885,0.000265,0.000509,  39.387
    44.0,0.000880,0.000867,0.000228,0.000545,  39.389
    44.2,0.000865,0.000851,0.000198,0.000519,  39.386
    44.4,0.000841,0.000832,0.000163,0.000483,  39.393
    44.6,0.000828,0.000819,0.000113,0.000519,  39.391
    44.8,0.000816,0.000806,0.000059,0.000505,  39.389
    45.0,0.000800,0.000795,0.000030,0.000457,  39.390
    45.2,0.000802,0.000788,0.000048,0.000479,  39.392
    45.4,0.000799,0.000788,0.000071,0.000453,  39.389
    45.6,0.000786,0.000776,0.000119,0.000404,  39.397
    45.8,0.000790,0.000768,0.000106,0.000439,  39.389
    46.0,0.000787,0.000760,0.000059,0.000426,  39.390
    46.2,0.000774,0.000751,-0.000026,0.000391,  39.386
    46.4,0.000775,0.000747,-0.000015,0.000439,  39.393
    46.6,0.000770,0.000742,0.000013,0.000426,  39.389
    46.8,0.000760,0.000740,0.000079,0.000426,  39.391
    47.0,0.000761,0.000733,0.000072,0.000439,  39.391
    47.2,0.000761,0.000725,0.000028,0.000462,  39.386
    47.4,0.000754,0.000719,-0.000015,0.000462,  39.388
    47.6,0.000755,0.000712,-0.000045,0.000426,  39.396
    47.8,0.000749,0.000703,-0.000099,0.000449,  39.392
    48.0,0.000746,0.000697,-0.000159,0.000426,  39.395
    48.2,0.000738,0.000692,-0.000154,0.000426,  39.389
    48.4,0.000732,0.000688,-0.000119,0.000439,  39.393
    48.6,0.000726,0.000685,-0.000083,0.000404,  39.387
    48.8,0.000716,0.000685,-0.000133,0.000439,  39.389
    49.0,0.000720,0.000683,-0.000193,0.000426,  39.388
    49.2,0.000721,0.000679,-0.000281,0.000391,  39.398
    49.4,0.000714,0.000674,-0.000318,0.000426,  39.392
    49.6,0.000713,0.000668,-0.000343,0.000413,  39.396
    49.8,0.000713,0.000663,-0.000330,0.000377,  39.394
    50.0,0.000703,0.000656,-0.000343,0.000413,  39.399
    50.2,0.000699,0.000647,-0.000380,0.000413,  39.400
    50.4,0.000692,0.000638,-0.000415,0.000377,  39.399
    50.6,0.000680,0.000629,-0.000422,0.000413,  39.403
    50.8,0.000688,0.000628,-0.000417,0.000413,  39.397
    51.0,0.000685,0.000624,-0.000399,0.000413,  39.404
    51.2,0.000675,0.000619,-0.000388,0.000377,  39.410
    51.4,0.000669,0.000621,-0.000370,0.000391,  39.401
    51.6,0.000666,0.000619,-0.000353,0.000413,  39.406
    51.8,0.000663,0.000608,-0.000353,0.000391,  39.411
    52.0,0.000657,0.000594,-0.000383,0.000413,  39.414
    52.2,0.000651,0.000589,-0.000436,0.000400,  39.413
    52.4,0.000651,0.000584,-0.000478,0.000364,  39.418
    52.6,0.000641,0.000581,-0.000501,0.000400,  39.416
    52.8,0.000631,0.000576,-0.000544,0.000387,  39.423
    53.0,0.000635,0.000572,-0.000579,0.000351,  39.419
    53.2,0.000629,0.000570,-0.000597,0.000387,  39.429
    53.4,0.000626,0.000568,-0.000609,0.000387,  39.438
    53.6,0.000626,0.000566,-0.000609,0.000351,  39.446
    53.8,0.000630,0.000564,-0.000627,0.000387,  39.451
    54.0,0.000630,0.000567,-0.000657,0.000387,  39.455
    54.2,0.000630,0.000562,-0.000723,0.000351,  39.455
    54.4,0.000631,0.000558,-0.000713,0.000387,  39.453
    54.6,0.000631,0.000556,-0.000677,0.000387,  39.460
    54.8,0.000631,0.000557,-0.000610,0.000351,  39.461
    55.0,0.000628,0.000555,-0.000610,0.000387,  39.462
    55.2,0.000626,0.000556,-0.000647,0.000387,  39.459
    55.4,0.000619,0.000559,-0.000683,0.000351,  39.463
    55.6,0.000619,0.000556,-0.000683,0.000387,  39.464
    55.8,0.000616,0.000548,-0.000677,0.000387,  39.462
    56.0,0.000610,0.000540,-0.000672,0.000351,  39.466
    56.2,0.000614,0.000544,-0.000697,0.000387,  39.467
    56.4,0.000617,0.000542,-0.000732,0.000387,  39.465
    56.6,0.000614,0.000542,-0.000790,0.000338,  39.463
    56.8,0.000614,0.000542,-0.000928,0.000373,  39.467
    57.0,0.000621,0.000543,-0.001144,0.000373,  39.465
    57.2,0.000611,0.000538,-0.001396,0.000325,  39.464
    57.4,0.000618,0.000537,-0.001349,0.000360,  39.469
    57.6,0.000612,0.000536,-0.001176,0.000373,  39.461
    57.8,0.000608,0.000536,-0.000882,0.000338,  39.466
    58.0,0.000615,0.000535,-0.000822,0.000373,  39.466
    58.2,0.000615,0.000542,-0.000829,0.000360,  39.468
    58.4,0.000612,0.000547,-0.000870,0.000338,  39.469
    58.6,0.000602,0.000542,-0.000804,0.000373,  39.468
    58.8,0.000606,0.000541,-0.000690,0.000360,  39.465
    59.0,0.000601,0.000541,-0.000557,0.000338,  39.470
    59.2,0.000588,0.000537,-0.000467,0.000373,  39.468
    59.4,0.000586,0.000525,-0.000395,0.000373,  39.469
    59.6,0.000577,0.000514,-0.000353,0.000338,  39.468
    59.8,0.000559,0.000507,-0.000593,0.000373,  39.470
    60.0,0.000548,0.000500,-0.001014,0.000360,  39.474
    60.2,0.000534,0.000487,-0.001583,0.000347,  39.473
    60.4,0.000509,0.000471,-0.001583,0.000325,  39.476
    60.6,0.000502,0.000459,-0.001359,0.000311,  39.478
    60.8,0.000487,0.000448,-0.000944,0.000334,  39.479
    61.0,0.000466,0.000436,-0.000805,0.000298,  39.481
    61.2,0.000455,0.000429,-0.000708,0.000307,  39.483
    61.4,0.000441,0.000417,-0.000641,0.000281,  39.482
    61.6,0.000419,0.000401,-0.000634,0.000232,  39.483
    61.8,0.000396,0.000395,-0.000550,0.000268,  39.482
    62.0,0.000390,0.000391,-0.000465,0.000241,  39.487
    62.2,0.000393,0.000386,-0.000380,0.000206,  39.490
    62.4,0.000396,0.000385,-0.000361,0.000228,  39.483
    62.6,0.000399,0.000385,-0.000390,0.000215,  39.484
    62.8,0.000405,0.000388,-0.000485,0.000179,  39.486
    63.0,0.000411,0.000390,-0.000647,0.000202,  39.486
    63.2,0.000419,0.000397,-0.000857,0.000175,  39.488
    63.4,0.000421,0.000396,-0.001158,0.000140,  39.487
    63.6,0.000433,0.000400,-0.001170,0.000175,  39.484
    63.8,0.000444,0.000403,-0.001091,0.000175,  39.490
    64.0,0.000453,0.000406,-0.000898,0.000140,  39.489
    64.2,0.000469,0.000415,-0.000796,0.000175,  39.488
    64.4,0.000480,0.000427,-0.000706,0.000162,  39.485
    64.6,0.000492,0.000436,-0.000603,0.000140,  39.489
    64.8,0.000511,0.000445,-0.000483,0.000189,  39.490
    65.0,0.000522,0.000454,-0.000395,0.000202,  39.488
    65.2,0.000527,0.000463,-0.000282,0.000179,  39.488
    65.4,0.000536,0.000473,-0.000259,0.000228,  39.486
    65.6,0.000544,0.000483,-0.000296,0.000255,  39.493
    65.8,0.000553,0.000494,-0.000380,0.000232,  39.489
    66.0,0.000559,0.000504,-0.000483,0.000281,  39.493
    66.2,0.000565,0.000513,-0.000626,0.000294,  39.492
    66.4,0.000573,0.000516,-0.000816,0.000285,  39.491
    66.6,0.000579,0.000526,-0.000781,0.000334,  39.491
    66.8,0.000579,0.000531,-0.000668,0.000334,  39.489
    67.0,0.000582,0.000527,-0.000477,0.000347,  39.488
    67.2,0.000588,0.000529,-0.000383,0.000347,  39.486
    67.4,0.000585,0.000526,-0.000300,0.000369,  39.486
    67.6,0.000588,0.000523,-0.000235,0.000383,  39.483
    67.8,0.000591,0.000523,-0.000194,0.000347,  39.486
    68.0,0.000591,0.000526,-0.000164,0.000383,  39.483
    68.2,0.000594,0.000526,-0.000176,0.000396,  39.487
    68.4,0.000597,0.000525,-0.000171,0.000360,  39.486
    68.6,0.000597,0.000527,-0.000171,0.000396,  39.487
    68.8,0.000602,0.000529,-0.000196,0.000383,  39.484
    69.0,0.000602,0.000527,-0.000395,0.000396,  39.481
    69.2,0.000602,0.000532,-0.000683,0.000396,  39.475
    69.4,0.000605,0.000534,-0.001072,0.000396,  39.473
    69.6,0.000608,0.000534,-0.001150,0.000409,  39.471
    69.8,0.000608,0.000542,-0.001139,0.000373,  39.475
    70.0,0.000608,0.000544,-0.000995,0.000396,  39.473
    70.2,0.000608,0.000536,-0.000760,0.000409,  39.472
    70.4,0.000608,0.000536,-0.000730,0.000373,  39.475
    70.6,0.000608,0.000538,-0.000730,0.000396,  39.472
    70.8,0.000611,0.000531,-0.000748,0.000409,  39.469
    71.0,0.000611,0.000534,-0.001109,0.000373,  39.469
    71.2,0.000608,0.000532,-0.001656,0.000409,  39.471
    71.4,0.000605,0.000532,-0.002374,0.000409,  39.470
    71.6,0.000603,0.000528,-0.002387,0.000373,  39.469
    71.8,0.000601,0.000529,-0.002153,0.000409,  39.469
    72.0,0.000598,0.000524,-0.001637,0.000409,  39.470
    72.2,0.000599,0.000522,-0.001470,0.000373,  39.466
    72.4,0.000599,0.000520,-0.001343,0.000409,  39.468
    72.6,0.000599,0.000522,-0.001254,0.000409,  39.469
    72.8,0.000593,0.000518,-0.001121,0.000373,  39.470
    73.0,0.000587,0.000519,-0.001026,0.000409,  39.470
    73.2,0.000574,0.000519,-0.000905,0.000409,  39.467
    73.4,0.000563,0.000513,-0.000785,0.000373,  39.466
    73.6,0.000557,0.000506,-0.000684,0.000396,  39.465
    73.8,0.000547,0.000494,-0.000577,0.000409,  39.462
    74.0,0.000551,0.000491,-0.000667,0.000360,  39.469
    74.2,0.000551,0.000489,-0.000864,0.000383,  39.468
    74.4,0.000544,0.000484,-0.001162,0.000360,  39.463
    74.6,0.000544,0.000480,-0.001180,0.000347,  39.468
    74.8,0.000551,0.000485,-0.001127,0.000334,  39.466
    75.0,0.000547,0.000490,-0.000970,0.000311,  39.471
    75.2,0.000557,0.000488,-0.000905,0.000334,  39.467
    75.4,0.000560,0.000483,-0.000838,0.000321,  39.464
    75.6,0.000563,0.000488,-0.000766,0.000298,  39.471
    75.8,0.000562,0.000491,-0.001127,0.000334,  39.469
    76.0,0.000566,0.000495,-0.001684,0.000334,  39.467
    76.2,0.000566,0.000495,-0.002469,0.000311,  39.469
    76.4,0.000559,0.000493,-0.002469,0.000347,  39.461
    76.6,0.000563,0.000504,-0.002194,0.000334,  39.468
    76.8,0.000566,0.000501,-0.001667,0.000311,  39.463
    77.0,0.000559,0.000498,-0.001494,0.000347,  39.470
    77.2,0.000562,0.000500,-0.001338,0.000347,  39.467
    77.4,0.000565,0.000502,-0.001241,0.000360,  39.470
    77.6,0.000562,0.000497,-0.001151,0.000325,  39.472
    77.8,0.000569,0.000506,-0.001092,0.000325,  39.474
    78.0,0.000571,0.000503,-0.001042,0.000347,  39.473
    78.2,0.000567,0.000505,-0.000970,0.000325,  39.469
    78.4,0.000573,0.000505,-0.000905,0.000347,  39.470
    78.6,0.000576,0.000502,-0.000827,0.000347,  39.472
    78.8,0.000576,0.000500,-0.000774,0.000325,  39.474
    79.0,0.000583,0.000505,-0.000744,0.000360,  39.474
    79.2,0.000586,0.000512,-0.000744,0.000360,  39.479
    79.4,0.000579,0.000510,-0.000762,0.000338,  39.476
    79.6,0.000583,0.000510,-0.000751,0.000373,  39.476
    79.8,0.000583,0.000512,-0.000709,0.000360,  39.483
    80.0,0.000576,0.000514,-0.000672,0.000338,  39.485
    80.2,0.000583,0.000511,-0.000684,0.000373,  39.485
    80.4,0.000580,0.000511,-0.000697,0.000360,  39.485
    80.6,0.000573,0.000514,-0.000737,0.000338,  39.488
    80.8,0.000580,0.000516,-0.000750,0.000373,  39.486
    81.0,0.000577,0.000516,-0.000730,0.000360,  39.487
    81.2,0.000567,0.000521,-0.000730,0.000338,  39.490
    81.4,0.000571,0.000521,-0.000725,0.000373,  39.489
    81.6,0.000574,0.000516,-0.000700,0.000360,  39.492
    81.8,0.000567,0.000513,-0.000676,0.000338,  39.491
    82.0,0.000571,0.000512,-0.000670,0.000373,  39.493
    82.2,0.000574,0.000512,-0.000658,0.000360,  39.492
    82.4,0.000567,0.000510,-0.000658,0.000338,  39.498
    82.6,0.000574,0.000508,-0.000623,0.000373,  39.498
    82.8,0.000574,0.000506,-0.000556,0.000360,  39.498
    83.0,0.000570,0.000509,-0.000508,0.000338,  39.501
    83.2,0.000570,0.000510,-0.000575,0.000360,  39.500
    83.4,0.000577,0.000513,-0.000688,0.000347,  39.502
    83.6,0.000573,0.000515,-0.000861,0.000325,  39.508
    83.8,0.000573,0.000520,-0.000819,0.000360,  39.507
    84.0,0.000573,0.000519,-0.000736,0.000360,  39.511
    84.2,0.000577,0.000514,-0.000580,0.000338,  39.512
    84.4,0.000578,0.000515,-0.000550,0.000373,  39.511
    84.6,0.000583,0.000515,-0.000550,0.000360,  39.511
    84.8,0.000583,0.000510,-0.000598,0.000338,  39.520
    85.0,0.000583,0.000515,-0.000580,0.000360,  39.512
    85.2,0.000583,0.000515,-0.000570,0.000347,  39.517
    85.4,0.000577,0.000513,-0.000527,0.000325,  39.524
    85.6,0.000580,0.000513,-0.000497,0.000347,  39.522
    85.8,0.000580,0.000515,-0.000492,0.000347,  39.525
    86.0,0.000570,0.000510,-0.000492,0.000347,  39.527
    86.2,0.000567,0.000508,-0.000499,0.000311,  39.527
    86.4,0.000561,0.000510,-0.000485,0.000311,  39.526
    86.6,0.000551,0.000505,-0.000496,0.000347,  39.531
    86.8,0.000544,0.000503,-0.000623,0.000325,  39.527
    87.0,0.000554,0.000506,-0.000797,0.000347,  39.525
    87.2,0.000557,0.000501,-0.001019,0.000347,  39.531
    87.4,0.000550,0.000501,-0.001194,0.000325,  39.530
    87.6,0.000557,0.000501,-0.001350,0.000347,  39.532
    87.8,0.000560,0.000499,-0.001524,0.000347,  39.531
    88.0,0.000553,0.000496,-0.001681,0.000325,  39.531
    88.2,0.000557,0.000497,-0.001830,0.000347,  39.534
    88.4,0.000557,0.000495,-0.001997,0.000347,  39.546
    88.6,0.000550,0.000493,-0.002152,0.000325,  39.542
    88.8,0.000557,0.000490,-0.002067,0.000347,  39.541
    89.0,0.000554,0.000491,-0.001888,0.000347,  39.550
    89.2,0.000547,0.000493,-0.001583,0.000325,  39.547
    89.4,0.000554,0.000490,-0.001380,0.000347,  39.546
    89.6,0.000551,0.000493,-0.001171,0.000347,  39.557
    89.8,0.000544,0.000488,-0.000961,0.000325,  39.551
    90.0,0.000554,0.000494,-0.000853,0.000347,  39.553
    90.2,0.000554,0.000498,-0.000781,0.000347,  39.561
    90.4,0.000541,0.000493,-0.000750,0.000325,  39.557
    90.6,0.000536,0.000495,-0.000684,0.000347,  39.558
    90.8,0.000533,0.000494,-0.000600,0.000347,  39.555
    91.0,0.000527,0.000489,-0.000515,0.000325,  39.559
    91.2,0.000525,0.000487,-0.000497,0.000347,  39.561
    91.4,0.000529,0.000483,-0.000510,0.000334,  39.566
    91.6,0.000512,0.000475,-0.000550,0.000311,  39.566
    91.8,0.000516,0.000473,-0.000538,0.000334,  39.567
    92.0,0.000513,0.000469,-0.000520,0.000321,  39.566
    92.2,0.000507,0.000459,-0.000501,0.000285,  39.572
    92.4,0.000508,0.000460,-0.000489,0.000321,  39.575
    92.6,0.000512,0.000453,-0.000514,0.000307,  39.578
    92.8,0.000509,0.000444,-0.000524,0.000272,  39.574
    93.0,0.000506,0.000449,-0.000530,0.000307,  39.577
    93.2,0.000500,0.000443,-0.000567,0.000281,  39.578
    93.4,0.000497,0.000436,-0.000590,0.000245,  39.580
    93.6,0.000494,0.000441,-0.000747,0.000281,  39.583
    93.8,0.000488,0.000441,-0.000974,0.000268,  39.580
    94.0,0.000488,0.000438,-0.001280,0.000232,  39.582
    94.2,0.000482,0.000441,-0.001252,0.000268,  39.581
    94.4,0.000479,0.000445,-0.001065,0.000268,  39.584
    94.6,0.000476,0.000440,-0.000766,0.000268,  39.586
    94.8,0.000476,0.000438,-0.000628,0.000232,  39.584
    95.0,0.000483,0.000436,-0.000496,0.000232,  39.589
    95.2,0.000480,0.000428,-0.000388,0.000268,  39.591
    95.4,0.000477,0.000436,-0.000298,0.000232,  39.592
    95.6,0.000477,0.000437,-0.000226,0.000268,  39.585
    95.8,0.000480,0.000430,-0.000196,0.000268,  39.592
    96.0,0.000480,0.000425,-0.000201,0.000219,  39.587
    96.2,0.000483,0.000413,-0.000243,0.000255,  39.595
    96.4,0.000486,0.000408,-0.000307,0.000255,  39.596
    96.6,0.000486,0.000409,-0.000420,0.000206,  39.592
    96.8,0.000486,0.000411,-0.000667,0.000241,  39.597
    97.0,0.000488,0.000413,-0.000979,0.000255,  39.599
    97.2,0.000491,0.000408,-0.001382,0.000219,  39.599
    97.4,0.000488,0.000413,-0.001395,0.000255,  39.600
    97.6,0.000491,0.000419,-0.001250,0.000255,  39.602
    97.8,0.000487,0.000421,-0.000949,0.000219,  39.596
    98.0,0.000490,0.000425,-0.000830,0.000255,  39.602
    98.2,0.000490,0.000430,-0.000708,0.000255,  39.602
    98.4,0.000487,0.000432,-0.000606,0.000219,  39.603
    98.6,0.000488,0.000440,-0.000521,0.000255,  39.601
    98.8,0.000488,0.000443,-0.000467,0.000255,  39.602
    99.0,0.000487,0.000443,-0.000449,0.000219,  39.603
    99.2,0.000487,0.000446,-0.000377,0.000255,  39.599
    99.4,0.000490,0.000449,-0.000299,0.000255,  39.600
    99.6,0.000489,0.000448,-0.000228,0.000219,  39.598
    99.8,0.000502,0.000459,-0.000210,0.000255,  39.596
   100.0,0.000508,0.000468,-0.000216,0.000255,  39.598
   100.2,0.000509,0.000469,-0.000263,0.000219,  39.594
   100.4,0.000518,0.000476,-0.000258,0.000255,  39.587
   100.6,0.000524,0.000475,-0.000221,0.000255,  39.590
   100.8,0.000530,0.000475,-0.000203,0.000232,  39.588
   101.0,0.000533,0.000479,-0.000216,0.000268,  39.590
   101.2,0.000542,0.000484,-0.000263,0.000268,  39.592
   101.4,0.000541,0.000483,-0.000323,0.000245,  39.585
   101.6,0.000554,0.000490,-0.000295,0.000294,  39.585
   101.8,0.000560,0.000505,-0.000235,0.000281,  39.586
   102.0,0.000566,0.000507,-0.000152,0.000245,  39.588
   102.2,0.000574,0.000509,-0.000152,0.000307,  39.585
   102.4,0.000584,0.000516,-0.000187,0.000307,  39.589
   102.6,0.000590,0.000515,-0.000270,0.000285,  39.586
   102.8,0.000590,0.000520,-0.000265,0.000321,  39.590
   103.0,0.000590,0.000527,-0.000216,0.000321,  39.587
   103.2,0.000596,0.000524,-0.000173,0.000298,  39.587
   103.4,0.000602,0.000529,-0.000209,0.000334,  39.590
   103.6,0.000605,0.000534,-0.000286,0.000334,  39.588
   103.8,0.000610,0.000534,-0.000393,0.000334,  39.589
   104.0,0.000619,0.000543,-0.000410,0.000311,  39.587
   104.2,0.000625,0.000548,-0.000398,0.000311,  39.589
   104.4,0.000631,0.000547,-0.000356,0.000334,  39.584
   104.6,0.000627,0.000549,-0.000308,0.000298,  39.579
   104.8,0.000627,0.000544,-0.000248,0.000334,  39.585
   105.0,0.000630,0.000544,-0.000170,0.000334,  39.586
   105.2,0.000623,0.000551,-0.000086,0.000311,  39.582
   105.4,0.000632,0.000555,-0.000055,0.000347,  39.581
   105.6,0.000638,0.000557,-0.000036,0.000334,  39.582
   105.8,0.000637,0.000566,-0.000029,0.000311,  39.581
   106.0,0.000653,0.000571,0.000019,0.000347,  39.586
   106.2,0.000663,0.000573,0.000098,0.000334,  39.584
   106.4,0.000671,0.000575,0.000170,0.000311,  39.582
   106.6,0.000683,0.000572,0.000220,0.000347,  39.584
   106.8,0.000691,0.000575,0.000251,0.000347,  39.587
   107.0,0.000703,0.000577,0.000265,0.000325,  39.585
   107.2,0.000704,0.000581,0.000286,0.000347,  39.593
   107.4,0.000701,0.000586,0.000294,0.000334,  39.588
   107.6,0.000707,0.000585,0.000278,0.000347,  39.590
   107.8,0.000706,0.000590,0.000340,0.000347,  39.596
   108.0,0.000711,0.000594,0.000432,0.000369,  39.596
   108.2,0.000720,0.000598,0.000560,0.000383,  39.598
   108.4,0.000735,0.000601,0.000695,0.000347,  39.603
   108.6,0.000747,0.000605,0.000834,0.000369,  39.597
   108.8,0.000751,0.000612,0.001006,0.000347,  39.600
   109.0,0.000763,0.000616,0.001177,0.000347,  39.604
   109.2,0.000772,0.000621,0.001349,0.000334,  39.603
   109.4,0.000771,0.000622,0.001538,0.000311,  39.596
   109.6,0.000779,0.000631,0.001620,0.000334,  39.608
   109.8,0.000792,0.000638,0.001672,0.000321,  39.606
   110.0,0.000803,0.000644,0.001671,0.000285,  39.604
   110.2,0.000824,0.000653,0.001807,0.000321,  39.605
   110.4,0.000847,0.000663,0.001974,0.000307,  39.600
   110.6,0.000868,0.000679,0.002170,0.000272,  39.602
   110.8,0.000887,0.000695,0.002307,0.000321,  39.605
   111.0,0.000917,0.000705,0.002457,0.000307,  39.607
   111.2,0.000943,0.000714,0.002570,0.000285,  39.606
   111.4,0.000966,0.000728,0.002731,0.000321,  39.604
   111.6,0.001000,0.000737,0.002930,0.000321,  39.606
   111.8,0.001031,0.000748,0.003128,0.000334,  39.603
   112.0,0.001058,0.000775,0.003345,0.000321,  39.609
   112.2,0.001087,0.000802,0.003581,0.000356,  39.605
   112.4,0.001119,0.000820,0.003810,0.000369,  39.605
   112.6,0.001148,0.000834,0.003870,0.000334,  39.606
   112.8,0.001177,0.000849,0.003845,0.000369,  39.604
   113.0,0.001209,0.000867,0.003723,0.000369,  39.602
   113.2,0.001241,0.000884,0.003898,0.000347,  39.607
   113.4,0.001273,0.000904,0.004151,0.000369,  39.603
   113.6,0.001308,0.000924,0.004516,0.000356,  39.606
   113.8,0.001348,0.000940,0.004971,0.000356,  39.605
   114.0,0.001383,0.000960,0.005294,0.000356,  39.603
   114.2,0.001427,0.000983,0.005613,0.000356,  39.604
   114.4,0.001470,0.001009,0.005920,0.000369,  39.604
   114.6,0.001517,0.001033,0.006264,0.000334,  39.603
   114.8,0.001566,0.001053,0.006614,0.000369,  39.604
   115.0,0.001609,0.001071,0.006977,0.000383,  39.601
   115.2,0.001658,0.001091,0.007422,0.000347,  39.604
   115.4,0.001711,0.001110,0.007910,0.000369,  39.599
   115.6,0.001756,0.001137,0.008441,0.000383,  39.603
   115.8,0.001813,0.001163,0.008905,0.000347,  39.601
   116.0,0.001868,0.001199,0.009378,0.000369,  39.604
   116.2,0.001922,0.001227,0.009820,0.000383,  39.601
   116.4,0.001993,0.001263,0.010367,0.000347,  39.609
   116.6,0.002057,0.001302,0.010965,0.000369,  39.608
   116.8,0.002115,0.001332,0.011608,0.000383,  39.607
   117.0,0.002191,0.001368,0.012208,0.000347,  39.607
   117.2,0.002264,0.001398,0.012810,0.000369,  39.606
   117.4,0.002327,0.001434,0.013433,0.000383,  39.607
   117.6,0.002404,0.001474,0.013906,0.000347,  39.608
   117.8,0.002468,0.001520,0.014291,0.000369,  39.603
   118.0,0.002526,0.001557,0.014616,0.000383,  39.605
   118.2,0.002584,0.001598,0.015253,0.000334,  39.606
   118.4,0.002646,0.001644,0.016039,0.000356,  39.605
   118.6,0.002721,0.001689,0.016913,0.000334,  39.606
   118.8,0.002812,0.001736,0.017245,0.000321,  39.607
   119.0,0.002913,0.001792,0.017370,0.000321,  39.604
   119.2,0.003003,0.001845,0.017268,0.000298,  39.608
   119.4,0.003088,0.001893,0.018019,0.000321,  39.607
   119.6,0.003175,0.001946,0.019095,0.000321,  39.608
   119.8,0.003272,0.001994,0.020486,0.000298,  39.605
   120.0,0.003365,0.002048,0.021562,0.000321,  39.609
   120.2,0.003462,0.002102,0.022660,0.000321,  39.605
   120.4,0.003567,0.002150,0.023775,0.000298,  39.604
   120.6,0.003662,0.002202,0.024789,0.000321,  39.604
   120.8,0.003768,0.002258,0.025780,0.000321,  39.604
   121.0,0.003876,0.002313,0.026748,0.000321,  39.601
   121.2,0.003977,0.002375,0.027758,0.000298,  39.605
   121.4,0.004095,0.002445,0.028758,0.000285,  39.603
   121.6,0.004209,0.002502,0.029767,0.000321,  39.607
   121.8,0.004320,0.002565,0.030659,0.000285,  39.604
   122.0,0.004447,0.002632,0.031526,0.000321,  39.602
   122.2,0.004573,0.002696,0.032308,0.000321,  39.603
   122.4,0.004689,0.002768,0.033052,0.000298,  39.603
   122.6,0.004822,0.002841,0.034051,0.000321,  39.601
   122.8,0.004951,0.002913,0.035132,0.000321,  39.600
   123.0,0.005073,0.002984,0.036277,0.000285,  39.594
   123.2,0.005212,0.003061,0.037417,0.000321,  39.599
   123.4,0.005351,0.003121,0.038601,0.000307,  39.598
   123.6,0.005490,0.003180,0.039829,0.000272,  39.597
   123.8,0.005636,0.003234,0.040791,0.000307,  39.593
   124.0,0.005771,0.003284,0.041640,0.000294,  39.592
   124.2,0.005909,0.003353,0.042388,0.000259,  39.596
   124.4,0.006040,0.003431,0.043606,0.000294,  39.593
   124.6,0.006174,0.003512,0.045011,0.000294,  39.583
   124.8,0.006315,0.003588,0.046598,0.000259,  39.584
   125.0,0.006457,0.003669,0.048020,0.000294,  39.583
   125.2,0.006597,0.003742,0.049454,0.000281,  39.580
   125.4,0.006738,0.003816,0.050906,0.000245,  39.578
   125.6,0.006880,0.003892,0.052280,0.000294,  39.580
   125.8,0.007020,0.003968,0.053610,0.000281,  39.578
   126.0,0.007164,0.004043,0.054944,0.000232,  39.576
   126.2,0.007316,0.004124,0.056359,0.000268,  39.569
   126.4,0.007439,0.004207,0.057779,0.000255,  39.565
   126.6,0.007555,0.004285,0.059246,0.000206,  39.562
   126.8,0.007655,0.004364,0.060697,0.000241,  39.557
   127.0,0.007750,0.004442,0.062124,0.000241,  39.555
   127.2,0.007877,0.004515,0.063556,0.000219,  39.551
   127.4,0.008016,0.004591,0.065007,0.000241,  39.536
   127.6,0.008164,0.004670,0.066470,0.000215,  39.532
   127.8,0.008304,0.004747,0.067924,0.000193,  39.532
   128.0,0.008455,0.004830,0.069113,0.000215,  39.528
   128.2,0.008606,0.004912,0.070166,0.000202,  39.524
   128.4,0.008750,0.004994,0.071082,0.000166,  39.516
   128.6,0.008904,0.005080,0.072506,0.000202,  39.515
   128.8,0.009062,0.005165,0.074120,0.000189,  39.510
   129.0,0.009207,0.005243,0.075933,0.000153,  39.506
   129.2,0.009355,0.005321,0.077515,0.000189,  39.501
   129.4,0.009494,0.005398,0.079051,0.000175,  39.492
   129.6,0.009639,0.005479,0.080533,0.000162,  39.482
   129.8,0.009777,0.005557,0.082028,0.000140,  39.476
   130.0,0.009920,0.005635,0.083483,0.000127,  39.471
   130.2,0.010071,0.005721,0.084919,0.000149,  39.465
   130.4,0.010219,0.005804,0.086128,0.000114,  39.448
   130.6,0.010380,0.005888,0.087235,0.000149,  39.434
   130.8,0.010534,0.005972,0.088207,0.000149,  39.432
   131.0,0.010680,0.006058,0.089054,0.000100,  39.426
   131.2,0.010832,0.006137,0.090343,0.000136,  39.423
   131.4,0.010984,0.006210,0.091713,0.000123,  39.415
   131.6,0.011133,0.006296,0.093209,0.000087,  39.408
   131.8,0.011281,0.006384,0.094641,0.000123,  39.393
   132.0,0.011433,0.006457,0.096084,0.000123,  39.386
   132.2,0.011585,0.006523,0.097548,0.000136,  39.378
   132.4,0.011734,0.006580,0.098947,0.000123,  39.358
   132.6,0.011889,0.006632,0.100343,0.000145,  39.346
   132.8,0.012040,0.006715,0.101688,0.000158,  39.335
   133.0,0.012195,0.006803,0.103037,0.000110,  39.329
   133.2,0.012350,0.006895,0.104350,0.000145,  39.321
   133.4,0.012498,0.006982,0.105635,0.000158,  39.312
   133.6,0.012657,0.007071,0.107068,0.000110,  39.305
   133.8,0.012812,0.007156,0.108561,0.000145,  39.281
   134.0,0.012955,0.007234,0.110076,0.000158,  39.271
   134.2,0.013108,0.007319,0.111580,0.000110,  39.258
   134.4,0.013264,0.007395,0.113074,0.000145,  39.250
   134.6,0.013408,0.007479,0.114550,0.000158,  39.238
   134.8,0.013559,0.007563,0.115988,0.000110,  39.221
   135.0,0.013694,0.007650,0.117366,0.000132,  39.214
   135.2,0.013829,0.007747,0.118697,0.000145,  39.189
   135.4,0.013950,0.007848,0.120060,0.000096,  39.176
   135.6,0.014073,0.007944,0.121427,0.000119,  39.165
   135.8,0.014238,0.008043,0.122789,0.000132,  39.147
   136.0,0.014412,0.008138,0.123822,0.000083,  39.134
   136.2,0.014597,0.008236,0.124685,0.000119,  39.115
   136.4,0.014771,0.008326,0.125368,0.000132,  39.102
   136.6,0.014939,0.008416,0.126864,0.000096,  39.086
   136.8,0.015101,0.008509,0.128659,0.000132,  39.068
   137.0,0.015267,0.008597,0.130804,0.000145,  39.057
   137.2,0.015432,0.008687,0.132581,0.000096,  39.027
   137.4,0.015591,0.008776,0.134316,0.000119,  39.012
   137.6,0.015750,0.008866,0.136054,0.000119,  38.994
   137.8,0.015913,0.008957,0.137783,0.000083,  38.974
   138.0,0.016069,0.009055,0.139478,0.000106,  38.949
   138.2,0.016225,0.009137,0.141150,0.000092,  38.934
   138.4,0.016376,0.009224,0.142814,0.000057,  38.915
   138.6,0.016526,0.009314,0.144492,0.000092,  38.895
   138.8,0.016683,0.009398,0.146125,0.000092,  38.863
   139.0,0.016834,0.009476,0.147338,0.000079,  38.851
   139.2,0.016987,0.009560,0.148291,0.000066,  38.828
   139.4,0.017147,0.009645,0.149030,0.000053,  38.811
   139.6,0.017301,0.009731,0.149496,0.000040,  38.774
   139.8,0.017458,0.009819,0.150889,0.000004,  38.747
   140.0,0.017605,0.009902,0.152469,0.000040,  38.718
   140.2,0.017756,0.009985,0.154279,0.000053,  38.694
   140.4,0.017904,0.010067,0.155897,-0.000009,  38.666
   140.6,0.018045,0.010139,0.157534,0.000000,  38.634
   140.8,0.018187,0.010205,0.159177,0.000000,  38.600
   141.0,0.018336,0.010262,0.160785,-0.000049,  38.579
   141.2,0.018478,0.010317,0.162398,-0.000040,  38.540
   141.4,0.018615,0.010390,0.163981,-0.000053,  38.517
   141.6,0.018745,0.010467,0.165440,-0.000088,  38.477
   141.8,0.018875,0.010546,0.166852,-0.000066,  38.445
   142.0,0.019002,0.010616,0.168178,-0.000079,  38.417
   142.2,0.019120,0.010692,0.169619,-0.000115,  38.374
   142.4,0.019241,0.010758,0.171033,-0.000079,  38.344
   142.6,0.019359,0.010825,0.172499,-0.000066,  38.310
   142.8,0.019469,0.010900,0.173863,-0.000115,  38.268
   143.0,0.019581,0.010966,0.175152,-0.000092,  38.234
   143.2,0.019690,0.011032,0.176390,-0.000079,  38.202
   143.4,0.019793,0.011096,0.177613,-0.000141,  38.161
   143.6,0.019881,0.011160,0.178798,-0.000119,  38.128
   143.8,0.019950,0.011219,0.179929,-0.000119,  38.078
   144.0,0.020024,0.011281,0.181092,-0.000167,  38.054
   144.2,0.020075,0.011342,0.182289,-0.000158,  38.015
   144.4,0.020157,0.011394,0.183463,-0.000171,  37.972
   144.6,0.020255,0.011452,0.184530,-0.000207,  37.925
   144.8,0.020355,0.011502,0.185523,-0.000185,  37.891
   145.0,0.020465,0.011556,0.186457,-0.000198,  37.854
   145.2,0.020574,0.011620,0.187405,-0.000233,  37.813
   145.4,0.020684,0.011686,0.188329,-0.000198,  37.769
   145.6,0.020791,0.011749,0.189231,-0.000185,  37.730
   145.8,0.020889,0.011823,0.190078,-0.000233,  37.676
   146.0,0.020970,0.011901,0.190887,-0.000224,  37.638
   146.2,0.021055,0.011962,0.191667,-0.000211,  37.597
   146.4,0.021134,0.012018,0.192253,-0.000246,  37.545
   146.6,0.021204,0.012069,0.192720,-0.000211,  37.504
   146.8,0.021280,0.012124,0.193067,-0.000211,  37.445
   147.0,0.021356,0.012172,0.193887,-0.000246,  37.403
   147.2,0.021423,0.012218,0.194887,-0.000198,  37.359
   147.4,0.021493,0.012261,0.196067,-0.000211,  37.309
   147.6,0.021557,0.012300,0.196886,-0.000211,  37.260
   147.8,0.021618,0.012334,0.197617,-0.000224,  37.207
   148.0,0.021673,0.012375,0.198272,-0.000237,  37.163
   148.2,0.021722,0.012419,0.198888,-0.000224,  37.121
   148.4,0.021768,0.012458,0.199440,-0.000273,  37.068
   148.6,0.021807,0.012485,0.199940,-0.000237,  37.015
   148.8,0.021844,0.012517,0.200363,-0.000237,  36.952
   149.0,0.021874,0.012543,0.200917,-0.000273,  36.913
   149.2,0.021914,0.012566,0.201478,-0.000250,  36.865
   149.4,0.021961,0.012591,0.202040,-0.000250,  36.811
   149.6,0.022009,0.012619,0.202517,-0.000286,  36.762
   149.8,0.022047,0.012642,0.202916,-0.000277,  36.697
   150.0,0.022093,0.012666,0.203270,-0.000290,  36.653
   150.2,0.022135,0.012703,0.203664,-0.000326,  36.598
   150.4,0.022165,0.012741,0.204026,-0.000303,  36.545
   150.6,0.022189,0.012766,0.204382,-0.000316,  36.491
   150.8,0.022205,0.012791,0.204784,-0.000343,  36.424
   151.0,0.022228,0.012817,0.205179,-0.000320,  36.377
   151.2,0.022256,0.012839,0.205581,-0.000320,  36.320
   151.4,0.022287,0.012864,0.205938,-0.000356,  36.260
   151.6,0.022307,0.012892,0.206275,-0.000369,  36.213
   151.8,0.022329,0.012905,0.206545,-0.000369,  36.131
   152.0,0.022347,0.012926,0.206816,-0.000405,  36.089
   152.2,0.022365,0.012943,0.207027,-0.000382,  36.030
   152.4,0.022381,0.012954,0.207233,-0.000382,  35.970
   152.6,0.022390,0.012975,0.207419,-0.000431,  35.911
   152.8,0.022399,0.012991,0.207505,-0.000409,  35.831
   153.0,0.022398,0.013009,0.207586,-0.000409,  35.786
   153.2,0.022404,0.013029,0.207725,-0.000444,  35.734
   153.4,0.022404,0.013046,0.207857,-0.000409,  35.671
   153.6,0.022397,0.013062,0.207982,-0.000422,  35.610
   153.8,0.022404,0.013069,0.208088,-0.000457,  35.533
   154.0,0.022395,0.013071,0.208161,-0.000422,  35.485
   154.2,0.022386,0.013080,0.208187,-0.000435,  35.419
   154.4,0.022367,0.013089,0.208193,-0.000470,  35.361
   154.6,0.022349,0.013098,0.208166,-0.000435,  35.300
   154.8,0.022339,0.013105,0.208079,-0.000422,  35.225
   155.0,0.022326,0.013118,0.208000,-0.000470,  35.176
   155.2,0.022327,0.013126,0.207854,-0.000448,  35.114
   155.4,0.022315,0.013127,0.207709,-0.000435,  35.053
   155.6,0.022284,0.013136,0.207603,-0.000497,  34.993
   155.8,0.022263,0.013143,0.207476,-0.000474,  34.927
   156.0,0.022245,0.013138,0.207363,-0.000488,  34.870
   156.2,0.022217,0.013137,0.207020,-0.000510,  34.813
   156.4,0.022199,0.013134,0.206494,-0.000474,  34.756
   156.6,0.022181,0.013127,0.205876,-0.000474,  34.695
   156.8,0.022149,0.013120,0.205626,-0.000461,  34.625
   157.0,0.022127,0.013114,0.205506,-0.000461,  34.581
   157.2,0.022100,0.013112,0.205491,-0.000474,  34.520
   157.4,0.022069,0.013104,0.205587,-0.000474,  34.463
   157.6,0.022040,0.013100,0.205395,-0.000510,  34.404
   157.8,0.022003,0.013095,0.205151,-0.000488,  34.333
   158.0,0.021960,0.013083,0.204881,-0.000523,  34.287
   158.2,0.021915,0.013077,0.204148,-0.000510,  34.223
   158.4,0.021875,0.013073,0.203163,-0.000523,  34.162
   158.6,0.021835,0.013059,0.201916,-0.000559,  34.101
   158.8,0.021793,0.013054,0.201511,-0.000523,  34.026
   159.0,0.021750,0.013048,0.201352,-0.000536,  33.986
   159.2,0.021701,0.013036,0.201470,-0.000572,  33.922
   159.4,0.021652,0.013027,0.201240,-0.000536,  33.859
   159.6,0.021613,0.013020,0.200945,-0.000550,  33.793
   159.8,0.021570,0.013003,0.200598,-0.000585,  33.716
   160.0,0.021531,0.012987,0.200290,-0.000550,  33.670
   160.2,0.021488,0.012977,0.199982,-0.000563,  33.607
   160.4,0.021442,0.012966,0.199700,-0.000598,  33.549
   160.6,0.021394,0.012950,0.199328,-0.000563,  33.483
   160.8,0.021348,0.012932,0.198905,-0.000563,  33.409
   161.0,0.021302,0.012916,0.198457,-0.000611,  33.356
   161.2,0.021256,0.012893,0.197990,-0.000576,  33.295
   161.4,0.021223,0.012863,0.197511,-0.000576,  33.228
   161.6,0.021193,0.012842,0.196955,-0.000625,  33.159
   161.8,0.021171,0.012826,0.196278,-0.000589,  33.076
   162.0,0.021150,0.012807,0.195514,-0.000576,  33.026
   162.2,0.021116,0.012790,0.194669,-0.000611,  32.955
   162.4,0.021074,0.012777,0.194104,-0.000576,  32.895
   162.6,0.021028,0.012768,0.193618,-0.000576,  32.826
   162.8,0.020989,0.012757,0.193240,-0.000598,  32.742
   163.0,0.020949,0.012739,0.192885,-0.000563,  32.690
   163.2,0.020910,0.012727,0.192594,-0.000563,  32.623
   163.4,0.020876,0.012712,0.192347,-0.000585,  32.562
   163.6,0.020843,0.012704,0.191911,-0.000536,  32.490
   163.8,0.020809,0.012700,0.191413,-0.000550,  32.403
   164.0,0.020782,0.012684,0.190833,-0.000585,  32.348
   164.2,0.020754,0.012671,0.190374,-0.000536,  32.278
   164.4,0.020740,0.012666,0.189909,-0.000536,  32.209
   164.6,0.020704,0.012659,0.189464,-0.000536,  32.127
   164.8,0.020657,0.012647,0.188975,-0.000559,  32.034
   165.0,0.020615,0.012647,0.188449,-0.000559,  31.972
   165.2,0.020582,0.012635,0.187886,-0.000523,  31.895
   165.4,0.020545,0.012614,0.187404,-0.000546,  31.822
   165.6,0.020516,0.012596,0.186942,-0.000510,  31.737
   165.8,0.020476,0.012580,0.186448,-0.000510,  31.636
   166.0,0.020434,0.012565,0.186055,-0.000532,  31.575
   166.2,0.020391,0.012554,0.185701,-0.000497,  31.487
   166.4,0.020355,0.012547,0.185411,-0.000497,  31.408
   166.6,0.020315,0.012538,0.185132,-0.000519,  31.325
   166.8,0.020281,0.012535,0.184616,-0.000484,  31.220
   167.0,0.020245,0.012529,0.184020,-0.000484,  31.157
   167.2,0.020201,0.012520,0.183356,-0.000506,  31.068
   167.4,0.020166,0.012505,0.182880,-0.000470,  30.992
   167.6,0.020126,0.012492,0.182434,-0.000457,  30.904
   167.8,0.020090,0.012479,0.182026,-0.000493,  30.800
   168.0,0.020060,0.012455,0.181528,-0.000457,  30.734
   168.2,0.020030,0.012437,0.180943,-0.000457,  30.653
   168.4,0.019997,0.012416,0.180347,-0.000457,  30.566
   168.6,0.019960,0.012400,0.179873,-0.000457,  30.483
   168.8,0.019936,0.012379,0.179394,-0.000422,  30.384
   169.0,0.019915,0.012359,0.178963,-0.000409,  30.321
   169.2,0.019890,0.012339,0.178465,-0.000444,  30.238
   169.4,0.019860,0.012317,0.177964,-0.000409,  30.155
   169.6,0.019817,0.012300,0.177439,-0.000395,  30.074
   169.8,0.019777,0.012291,0.176939,-0.000418,  29.966
   170.0,0.019747,0.012287,0.176446,-0.000395,  29.900
   170.2,0.019710,0.012272,0.175949,-0.000395,  29.821
   170.4,0.019684,0.012261,0.175240,-0.000418,  29.741
   170.6,0.019654,0.012255,0.174418,-0.000382,  29.659
   170.8,0.019619,0.012234,0.173503,-0.000382,  29.557
   171.0,0.019595,0.012215,0.173074,-0.000418,  29.492
   171.2,0.019568,0.012197,0.172849,-0.000382,  29.415
   171.4,0.019540,0.012179,0.172821,-0.000382,  29.330
   171.6,0.019528,0.012168,0.172474,-0.000418,  29.247
   171.8,0.019517,0.012155,0.172091,-0.000395,  29.150
   172.0,0.019502,0.012138,0.171649,-0.000395,  29.087
   172.2,0.019490,0.012128,0.171263,-0.000418,  29.013
   172.4,0.019481,0.012121,0.170872,-0.000395,  28.935
   172.6,0.019472,0.012109,0.170466,-0.000395,  28.852
   172.8,0.019460,0.012098,0.170112,-0.000418,  28.756
   173.0,0.019441,0.012094,0.169784,-0.000395,  28.701
   173.2,0.019435,0.012090,0.169474,-0.000395,  28.631
   173.4,0.019429,0.012081,0.169121,-0.000405,  28.554
   173.6,0.019423,0.012075,0.168765,-0.000382,  28.489
   173.8,0.019423,0.012068,0.168383,-0.000382,  28.396
   174.0,0.019416,0.012064,0.168085,-0.000382,  28.344
   174.2,0.019419,0.012057,0.167831,-0.000382,  28.273
   174.4,0.019428,0.012056,0.167607,-0.000369,  28.207
   174.6,0.019431,0.012066,0.167407,-0.000356,  28.135
   174.8,0.019450,0.012075,0.167147,-0.000378,  28.047
   175.0,0.019468,0.012079,0.166857,-0.000343,  27.992
   175.2,0.019476,0.012086,0.166574,-0.000330,  27.919
   175.4,0.019497,0.012088,0.166375,-0.000352,  27.843
   175.6,0.019518,0.012089,0.166177,-0.000303,  27.772
   175.8,0.019537,0.012096,0.165996,-0.000290,  27.691
   176.0,0.019558,0.012098,0.165840,-0.000312,  27.635
   176.2,0.019582,0.012109,0.165685,-0.000277,  27.560
   176.4,0.019609,0.012121,0.165543,-0.000250,  27.488
   176.6,0.019640,0.012130,0.165464,-0.000273,  27.414
   176.8,0.019667,0.012147,0.165432,-0.000237,  27.337
   177.0,0.019688,0.012157,0.165436,-0.000224,  27.282
   177.2,0.019710,0.012168,0.165400,-0.000246,  27.209
   177.4,0.019734,0.012179,0.165364,-0.000198,  27.141
   177.6,0.019752,0.012181,0.165328,-0.000171,  27.082
   177.8,0.019770,0.012186,0.165157,-0.000194,  27.003
   178.0,0.019791,0.012191,0.164928,-0.000158,  26.954
   178.2,0.019807,0.012190,0.164642,-0.000132,  26.888
   178.4,0.019825,0.012197,0.164530,-0.000154,  26.825
   178.6,0.019847,0.012203,0.164489,-0.000119,  26.761
   178.8,0.019855,0.012206,0.164507,-0.000106,  26.688
   179.0,0.019878,0.012206,0.164530,-0.000141,  26.640
   179.2,0.019887,0.012206,0.164577,-0.000092,  26.590
   179.4,0.019896,0.012214,0.164653,-0.000079,  26.524
   179.6,0.019915,0.012219,0.164700,-0.000115,  26.466
   179.8,0.019933,0.012219,0.164729,-0.000066,  26.396
   180.0,0.019948,0.012216,0.164754,-0.000053,  26.352
   180.2,0.019963,0.012218,0.164848,-0.000088,  26.304
   180.4,0.019975,0.012220,0.164928,-0.000053,  26.243
   180.6,0.019990,0.012220,0.165070,-0.000040,  26.192
   180.8,0.019996,0.012230,0.165164,-0.000049,  26.131
   181.0,0.020011,0.012237,0.165222,-0.000013,  26.088
   181.2,0.020023,0.012234,0.165270,0.000000,  26.035
   181.4,0.020025,0.012230,0.165299,-0.000022,  25.988
   181.6,0.020035,0.012222,0.165281,0.000013,  25.932
   181.8,0.020044,0.012217,0.165256,0.000026,  25.883
   182.0,0.020053,0.012210,0.165285,-0.000009,  25.844
   182.2,0.020066,0.012213,0.165307,0.000040,  25.800
   182.4,0.020069,0.012202,0.165336,0.000040,  25.755
   182.6,0.020069,0.012186,0.165318,0.000053,  25.710
   182.8,0.020066,0.012170,0.165289,0.000053,  25.657
   183.0,0.020064,0.012157,0.165202,0.000053,  25.621
   183.2,0.020059,0.012145,0.165202,0.000066,  25.579
   183.4,0.020058,0.012135,0.165195,0.000044,  25.535
   183.6,0.020051,0.012126,0.165199,0.000092,  25.498
   183.8,0.020038,0.012110,0.165228,0.000106,  25.450
   184.0,0.020032,0.012097,0.165123,0.000083,  25.419
   184.2,0.020016,0.012086,0.164934,0.000106,  25.380
   184.4,0.020000,0.012069,0.164687,0.000119,  25.343
   184.6,0.019989,0.012059,0.164604,0.000096,  25.308
   184.8,0.019970,0.012047,0.164536,0.000132,  25.268
   185.0,0.019955,0.012034,0.164516,0.000145,  25.240
   185.2,0.019943,0.012013,0.164419,0.000110,  25.206
   185.4,0.019931,0.011995,0.164282,0.000132,  25.172
   185.6,0.019915,0.011972,0.164122,0.000145,  25.140
   185.8,0.019897,0.011950,0.164050,0.000110,  25.099
   186.0,0.019875,0.011935,0.164008,0.000132,  25.075
   186.2,0.019857,0.011912,0.163947,0.000145,  25.037
   186.4,0.019836,0.011888,0.163846,0.000110,  25.008
   186.6,0.019808,0.011872,0.163745,0.000145,  24.977
   186.8,0.019783,0.011851,0.163597,0.000158,  24.941
   187.0,0.019763,0.011826,0.163507,0.000110,  24.914
   187.2,0.019739,0.011798,0.163435,0.000145,  24.887
   187.4,0.019704,0.011771,0.163357,0.000158,  24.854
   187.6,0.019677,0.011740,0.163300,0.000110,  24.827
   187.8,0.019653,0.011710,0.163254,0.000145,  24.789
   188.0,0.019622,0.011680,0.163209,0.000158,  24.771
   188.2,0.019597,0.011653,0.163069,0.000110,  24.740
   188.4,0.019580,0.011631,0.162901,0.000145,  24.712
   188.6,0.019546,0.011603,0.162706,0.000158,  24.688
   188.8,0.019522,0.011576,0.162516,0.000123,  24.655
   189.0,0.019496,0.011546,0.162283,0.000158,  24.635
   189.2,0.019466,0.011515,0.162003,0.000171,  24.607
   189.4,0.019427,0.011489,0.161785,0.000136,  24.577
   189.6,0.019382,0.011461,0.161530,0.000158,  24.555
   189.8,0.019349,0.011425,0.161258,0.000171,  24.531
   190.0,0.019307,0.011396,0.161008,0.000136,  24.510
   190.2,0.019257,0.011357,0.160740,0.000171,  24.482
   190.4,0.019215,0.011320,0.160472,0.000171,  24.461
   190.6,0.019172,0.011288,0.160158,0.000136,  24.439
   190.8,0.019121,0.011255,0.159823,0.000158,  24.406
   191.0,0.019076,0.011221,0.159452,0.000158,  24.389
   191.2,0.019030,0.011189,0.159207,0.000123,  24.363
   191.4,0.018982,0.011152,0.158984,0.000171,  24.345
   191.6,0.018933,0.011113,0.158818,0.000158,  24.323
   191.8,0.018882,0.011078,0.158580,0.000171,  24.297
   192.0,0.018830,0.011037,0.158360,0.000158,  24.284
   192.2,0.018772,0.010993,0.158072,0.000158,  24.260
   192.4,0.018720,0.010958,0.157802,0.000171,  24.237
   192.6,0.018672,0.010920,0.157426,0.000136,  24.222
   192.8,0.018614,0.010878,0.157004,0.000158,  24.192
   193.0,0.018552,0.010833,0.156519,0.000171,  24.175
   193.2,0.018505,0.010796,0.156187,0.000136,  24.159
   193.4,0.018453,0.010765,0.155895,0.000158,  24.135
   193.6,0.018392,0.010728,0.155641,0.000171,  24.112
   193.8,0.018341,0.010706,0.155247,0.000136,  24.089
   194.0,0.018284,0.010684,0.154802,0.000158,  24.074
   194.2,0.018230,0.010648,0.154278,0.000171,  24.049
   194.4,0.018182,0.010607,0.153856,0.000123,  24.030
   194.6,0.018125,0.010566,0.153434,0.000145,  24.009
   194.8,0.018064,0.010520,0.153038,0.000158,  23.984
   195.0,0.018007,0.010478,0.152582,0.000110,  23.965
   195.2,0.017949,0.010442,0.152117,0.000145,  23.945
   195.4,0.017889,0.010399,0.151641,0.000158,  23.924
   195.6,0.017828,0.010353,0.151215,0.000110,  23.900
   195.8,0.017768,0.010317,0.150824,0.000145,  23.877
   196.0,0.017701,0.010278,0.150426,0.000158,  23.861
   196.2,0.017640,0.010237,0.150001,0.000110,  23.838
   196.4,0.017583,0.010197,0.149566,0.000145,  23.817
   196.6,0.017523,0.010158,0.149072,0.000158,  23.800
   196.8,0.017469,0.010118,0.148586,0.000110,  23.769
   197.0,0.017421,0.010081,0.148069,0.000132,  23.749
   197.2,0.017369,0.010040,0.147536,0.000110,  23.726
   197.4,0.017339,0.009998,0.147086,0.000110,  23.707
   197.6,0.017303,0.009958,0.146605,0.000096,  23.683
   197.8,0.017245,0.009917,0.146166,0.000074,  23.655
   198.0,0.017198,0.009882,0.145205,0.000110,  23.641
   198.2,0.017143,0.009854,0.143993,0.000096,  23.615
   198.4,0.017092,0.009820,0.142508,0.000074,  23.596
   198.6,0.017038,0.009793,0.142057,0.000096,  23.573
   198.8,0.016984,0.009763,0.141970,0.000083,  23.541
   199.0,0.016932,0.009731,0.142269,0.000048,  23.528
   199.2,0.016875,0.009692,0.142063,0.000083,  23.506
   199.4,0.016818,0.009652,0.141786,0.000070,  23.485
   199.6,0.016767,0.009617,0.141428,0.000070,  23.458
   199.8,0.016702,0.009583,0.141090,0.000083,  23.429
   200.0,0.016648,0.009548,0.140711,0.000106,  23.411
   200.2,0.016597,0.009511,0.140257,0.000119,  23.383
   200.4,0.016536,0.009477,0.139561,0.000083,  23.358
   200.6,0.016489,0.009446,0.138754,0.000119,  23.333
   200.8,0.016437,0.009409,0.137757,0.000119,  23.298
   201.0,0.016373,0.009376,0.137287,0.000083,  23.280
   201.2,0.016323,0.009343,0.137033,0.000119,  23.254
   201.4,0.016272,0.009311,0.136939,0.000119,  23.223
   201.6,0.016211,0.009275,0.136675,0.000119,  23.198
   201.8,0.016166,0.009245,0.136421,0.000119,  23.167
   202.0,0.016112,0.009216,0.136164,0.000132,  23.145
   202.2,0.016051,0.009179,0.135908,0.000145,  23.121
   202.4,0.016001,0.009152,0.135533,0.000110,  23.093
   202.6,0.015953,0.009121,0.135122,0.000145,  23.065
   202.8,0.015895,0.009082,0.134644,0.000158,  23.037
   203.0,0.015851,0.009050,0.133720,0.000110,  23.017
   203.2,0.015797,0.009021,0.132520,0.000145,  22.986
   203.4,0.015732,0.008998,0.131055,0.000158,  22.960
   203.6,0.015679,0.008976,0.130520,0.000110,  22.937
   203.8,0.015625,0.008956,0.130305,0.000145,  22.900
   204.0,0.015570,0.008922,0.130408,0.000158,  22.877
   204.2,0.015529,0.008889,0.130193,0.000110,  22.853
   204.4,0.015475,0.008848,0.129971,0.000132,  22.824
   204.6,0.015411,0.008816,0.129750,0.000145,  22.797
   204.8,0.015352,0.008780,0.129235,0.000110,  22.766
   205.0,0.015301,0.008745,0.128550,0.000145,  22.743
   205.2,0.015243,0.008709,0.127718,0.000158,  22.715
   205.4,0.015202,0.008670,0.127284,0.000110,  22.689
   205.6,0.015148,0.008647,0.126979,0.000132,  22.663
   205.8,0.015084,0.008616,0.126815,0.000145,  22.626
   206.0,0.015031,0.008588,0.126473,0.000110,  22.606
   206.2,0.014980,0.008559,0.126083,0.000145,  22.583
   206.4,0.014934,0.008526,0.125690,0.000158,  22.556
   206.6,0.014889,0.008487,0.125197,0.000123,  22.530
   206.8,0.014860,0.008451,0.124629,0.000158,  22.501
   207.0,0.014799,0.008415,0.123970,0.000171,  22.480
   207.2,0.014746,0.008377,0.122946,0.000136,  22.454
   207.4,0.014689,0.008349,0.121658,0.000171,  22.429
   207.6,0.014636,0.008315,0.120139,0.000171,  22.403
   207.8,0.014585,0.008283,0.119580,0.000136,  22.375
   208.0,0.014531,0.008251,0.119372,0.000171,  22.354
   208.2,0.014474,0.008219,0.119507,0.000185,  22.327
   208.4,0.014420,0.008177,0.119224,0.000149,  22.304
   208.6,0.014363,0.008145,0.118940,0.000185,  22.287
   208.8,0.014303,0.008106,0.118606,0.000162,  22.257
   209.0,0.014236,0.008068,0.118248,0.000162,  22.236
   209.2,0.014173,0.008040,0.117841,0.000149,  22.212
   209.4,0.014113,0.008006,0.117400,0.000149,  22.188
   209.6,0.014046,0.007967,0.116902,0.000114,  22.167
   209.8,0.013984,0.007936,0.116354,0.000127,  22.135
   210.0,0.013925,0.007897,0.115738,0.000149,  22.122
   210.2,0.013858,0.007858,0.115297,0.000114,  22.092
   210.4,0.013805,0.007815,0.114897,0.000149,  22.067
   210.6,0.013752,0.007779,0.114562,0.000149,  22.042
   210.8,0.013699,0.007751,0.114285,0.000114,  22.010
   211.0,0.013660,0.007722,0.113788,0.000149,  21.994
   211.2,0.013609,0.007689,0.113212,0.000149,  21.969
   211.4,0.013551,0.007657,0.112586,0.000114,  21.944
   211.6,0.013496,0.007628,0.112034,0.000149,  21.919
   211.8,0.013432,0.007603,0.111467,0.000149,  21.889
   212.0,0.013378,0.007573,0.110892,0.000114,  21.872
   212.2,0.013321,0.007558,0.110361,0.000149,  21.851
   212.4,0.013263,0.007532,0.109870,0.000149,  21.824
   212.6,0.013206,0.007503,0.109396,0.000114,  21.799
   212.8,0.013165,0.007471,0.108914,0.000149,  21.771
   213.0,0.013117,0.007437,0.108425,0.000149,  21.750
   213.2,0.013056,0.007408,0.107960,0.000114,  21.723
   213.4,0.013012,0.007379,0.107447,0.000149,  21.703
   213.6,0.012962,0.007348,0.106926,0.000149,  21.678
   213.8,0.012907,0.007319,0.106389,0.000114,  21.646
   214.0,0.012860,0.007292,0.105941,0.000149,  21.624
   214.2,0.012809,0.007265,0.105485,0.000149,  21.602
   214.4,0.012755,0.007240,0.105054,0.000114,  21.579
   214.6,0.012711,0.007210,0.104599,0.000149,  21.554
   214.8,0.012663,0.007178,0.104097,0.000149,  21.527
   215.0,0.012605,0.007151,0.103588,0.000114,  21.507
   215.2,0.012562,0.007119,0.103078,0.000149,  21.483
   215.4,0.012520,0.007086,0.102577,0.000149,  21.459
   215.6,0.012480,0.007059,0.102052,0.000114,  21.435
   215.8,0.012447,0.007034,0.101633,0.000149,  21.403
   216.0,0.012430,0.007014,0.101261,0.000149,  21.385
   216.2,0.012382,0.006989,0.100915,0.000114,  21.363
   216.4,0.012328,0.006957,0.100512,0.000162,  21.343
   216.6,0.012274,0.006937,0.100093,0.000162,  21.316
   216.8,0.012227,0.006913,0.099635,0.000127,  21.291
   217.0,0.012176,0.006882,0.099132,0.000189,  21.276
   217.2,0.012122,0.006855,0.098597,0.000189,  21.255
   217.4,0.012075,0.006829,0.098032,0.000189,  21.230
   217.6,0.012027,0.006802,0.097498,0.000189,  21.205
   217.8,0.011973,0.006771,0.096949,0.000211,  21.178
   218.0,0.011926,0.006736,0.096422,0.000211,  21.163
   218.2,0.011875,0.006709,0.095977,0.000175,  21.142
   218.4,0.011824,0.006679,0.095579,0.000211,  21.120
   218.6,0.011771,0.006652,0.095236,0.000211,  21.090
   218.8,0.011717,0.006617,0.094784,0.000189,  21.066
   219.0,0.011657,0.006594,0.094301,0.000224,  21.052
   219.2,0.011607,0.006563,0.093786,0.000224,  21.028
   219.4,0.011556,0.006534,0.093334,0.000237,  21.004
   219.6,0.011509,0.006506,0.092951,0.000237,  20.984
   219.8,0.011458,0.006475,0.092546,0.000237,  20.960
   220.0,0.011404,0.006441,0.092185,0.000251,  20.940
   220.2,0.011348,0.006415,0.091782,0.000202,  20.920
   220.4,0.011297,0.006388,0.091357,0.000237,  20.897
   220.6,0.011244,0.006360,0.090934,0.000251,  20.874
   220.8,0.011193,0.006342,0.090247,0.000202,  20.851
   221.0,0.011140,0.006316,0.089407,0.000237,  20.834
   221.2,0.011086,0.006286,0.088437,0.000251,  20.811
   221.4,0.011030,0.006258,0.087946,0.000215,  20.793
   221.6,0.010979,0.006233,0.087624,0.000251,  20.768
   221.8,0.010929,0.006203,0.087448,0.000264,  20.743
   222.0,0.010878,0.006177,0.087104,0.000228,  20.728
   222.2,0.010830,0.006146,0.086737,0.000251,  20.702
   222.4,0.010777,0.006117,0.086340,0.000264,  20.680
   222.6,0.010726,0.006090,0.085920,0.000228,  20.661
   222.8,0.010676,0.006066,0.085485,0.000251,  20.627
   223.0,0.010628,0.006036,0.085034,0.000264,  20.616
   223.2,0.010582,0.006005,0.084629,0.000228,  20.596
   223.4,0.010544,0.005981,0.084211,0.000251,  20.574
   223.6,0.010492,0.005956,0.083800,0.000228,  20.554
   223.8,0.010460,0.005927,0.083359,0.000228,  20.528
   224.0,0.010424,0.005900,0.082873,0.000215,  20.509
   224.2,0.010370,0.005870,0.082351,0.000193,  20.492
   224.4,0.010326,0.005843,0.081534,0.000215,  20.472
   224.6,0.010276,0.005813,0.080502,0.000202,  20.447
   224.8,0.010228,0.005784,0.079300,0.000179,  20.420
   225.0,0.010174,0.005753,0.078872,0.000215,  20.402
   225.2,0.010133,0.005725,0.078721,0.000215,  20.383
   225.4,0.010086,0.005699,0.078876,0.000193,  20.365
   225.6,0.010023,0.005668,0.078651,0.000228,  20.344
   225.8,0.009970,0.005639,0.078380,0.000215,  20.320
   226.0,0.009920,0.005617,0.078071,0.000193,  20.303
   226.2,0.009860,0.005588,0.077740,0.000228,  20.282
   226.4,0.009816,0.005559,0.077366,0.000215,  20.264
   226.6,0.009769,0.005527,0.076954,0.000215,  20.242
   226.8,0.009711,0.005495,0.076535,0.000179,  20.220
   227.0,0.009661,0.005467,0.076094,0.000179,  20.201
   227.2,0.009611,0.005432,0.075610,0.000215,  20.187
   227.4,0.009563,0.005401,0.075251,0.000179,  20.162
   227.6,0.009514,0.005375,0.074937,0.000215,  20.148
   227.8,0.009463,0.005340,0.074659,0.000215,  20.122
   228.0,0.009406,0.005312,0.074433,0.000193,  20.112
   228.2,0.009363,0.005292,0.073706,0.000228,  20.094
   228.4,0.009315,0.005263,0.072796,0.000215,  20.073
   228.6,0.009258,0.005234,0.071728,0.000193,  20.052
   228.8,0.009211,0.005206,0.070817,0.000228,  20.034
   229.0,0.009166,0.005183,0.069886,0.000215,  20.016
   229.2,0.009119,0.005165,0.068950,0.000193,  20.001
   229.4,0.009071,0.005142,0.068634,0.000228,  19.980
   229.6,0.009024,0.005131,0.068609,0.000215,  19.962
   229.8,0.008977,0.005104,0.068881,0.000193,  19.936
   230.0,0.008936,0.005082,0.068783,0.000228,  19.922
   230.2,0.008892,0.005050,0.068641,0.000215,  19.907
   230.4,0.008835,0.005024,0.068477,0.000193,  19.884
   230.6,0.008797,0.004997,0.068190,0.000228,  19.868
   230.8,0.008753,0.004970,0.067830,0.000215,  19.848
   231.0,0.008702,0.004947,0.067412,0.000193,  19.831
   231.2,0.008661,0.004920,0.067075,0.000215,  19.814
   231.4,0.008620,0.004892,0.066738,0.000202,  19.797
   231.6,0.008571,0.004870,0.066401,0.000179,  19.779
   231.8,0.008534,0.004848,0.066064,0.000202,  19.755
   232.0,0.008498,0.004822,0.065713,0.000202,  19.737
   232.2,0.008459,0.004797,0.065341,0.000179,  19.721
   232.4,0.008427,0.004772,0.064997,0.000202,  19.707
   232.6,0.008407,0.004748,0.064633,0.000202,  19.684
   232.8,0.008364,0.004725,0.064268,0.000166,  19.666
   233.0,0.008327,0.004703,0.063940,0.000202,  19.643
   233.2,0.008287,0.004683,0.063619,0.000189,  19.628
   233.4,0.008255,0.004663,0.063306,0.000153,  19.615
   233.6,0.008224,0.004640,0.062957,0.000202,  19.593
   233.8,0.008196,0.004616,0.062586,0.000189,  19.572
   234.0,0.008161,0.004598,0.062202,0.000153,  19.559
   234.2,0.008118,0.004576,0.061825,0.000189,  19.538
   234.4,0.008072,0.004554,0.061448,0.000175,  19.519
   234.6,0.008036,0.004538,0.061050,0.000175,  19.504
   234.8,0.007993,0.004521,0.060703,0.000175,  19.478
   235.0,0.007961,0.004507,0.060377,0.000211,  19.459
   235.2,0.007921,0.004484,0.060038,0.000211,  19.441
   235.4,0.007879,0.004467,0.059698,0.000189,  19.420
   235.6,0.007854,0.004447,0.059337,0.000211,  19.395
   235.8,0.007819,0.004424,0.058977,0.000211,  19.371
   236.0,0.007783,0.004411,0.058610,0.000224,  19.352
   236.2,0.007757,0.004393,0.058264,0.000224,  19.337
   236.4,0.007725,0.004375,0.057884,0.000224,  19.309
   236.6,0.007685,0.004359,0.057426,0.000224,  19.290
   236.8,0.007660,0.004341,0.056926,0.000202,  19.265
   237.0,0.007633,0.004320,0.056371,0.000224,  19.245
   237.2,0.007597,0.004298,0.055767,0.000224,  19.226
   237.4,0.007580,0.004275,0.055537,0.000202,  19.206
   237.6,0.007551,0.004257,0.055418,0.000224,  19.183
   237.8,0.007508,0.004235,0.055433,0.000224,  19.158
   238.0,0.007480,0.004225,0.055216,0.000202,  19.141
   238.2,0.007457,0.004214,0.054929,0.000224,  19.123
   238.4,0.007428,0.004196,0.054580,0.000224,  19.103
   238.6,0.007405,0.004188,0.054293,0.000202,  19.079
   238.8,0.007385,0.004171,0.054000,0.000224,  19.053
   239.0,0.007356,0.004158,0.053693,0.000224,  19.037
   239.2,0.007314,0.004142,0.053436,0.000202,  19.017
   239.4,0.007277,0.004124,0.053185,0.000224,  18.996
   239.6,0.007251,0.004112,0.052941,0.000224,  18.975
   239.8,0.007221,0.004100,0.052489,0.000202,  18.953
   240.0,0.007188,0.004096,0.051933,0.000224,  18.936
   240.2,0.007154,0.004087,0.051260,0.000224,  18.913
   240.4,0.007138,0.004069,0.050906,0.000202,  18.896
   240.6,0.007114,0.004059,0.050664,0.000224,  18.874
   240.8,0.007088,0.004053,0.050532,0.000224,  18.853
   241.0,0.007065,0.004039,0.050352,0.000202,  18.837
   241.2,0.007044,0.004023,0.050200,0.000224,  18.818
   241.4,0.007017,0.004009,0.050075,0.000224,  18.798
   241.6,0.007003,0.003996,0.049847,0.000202,  18.781
   241.8,0.006986,0.003984,0.049585,0.000224,  18.758
   242.0,0.006958,0.003971,0.049274,0.000237,  18.742
   242.2,0.006941,0.003953,0.048949,0.000215,  18.722
   242.4,0.006915,0.003943,0.048605,0.000251,  18.707
   242.6,0.006895,0.003930,0.048246,0.000264,  18.683
   242.8,0.006876,0.003919,0.047950,0.000228,  18.664
   243.0,0.006860,0.003908,0.047627,0.000264,  18.648
   243.2,0.006839,0.003891,0.047338,0.000277,  18.629
   243.4,0.006812,0.003879,0.047077,0.000241,  18.617
   243.6,0.006780,0.003870,0.046809,0.000277,  18.600
   243.8,0.006753,0.003856,0.046582,0.000290,  18.576
   244.0,0.006729,0.003840,0.046315,0.000255,  18.566
   244.2,0.006706,0.003829,0.046013,0.000290,  18.548
   244.4,0.006675,0.003818,0.045705,0.000303,  18.536
   244.6,0.006652,0.003813,0.045410,0.000268,  18.517
   244.8,0.006638,0.003804,0.045116,0.000317,  18.494
   245.0,0.006617,0.003792,0.044809,0.000303,  18.483
   245.2,0.006587,0.003783,0.044495,0.000303,  18.467
   245.4,0.006566,0.003765,0.044174,0.000303,  18.449
   245.6,0.006553,0.003756,0.043840,0.000303,  18.434
   245.8,0.006533,0.003745,0.043595,0.000303,  18.410
   246.0,0.006518,0.003730,0.043404,0.000281,  18.397
   246.2,0.006497,0.003721,0.043220,0.000317,  18.383
   246.4,0.006483,0.003715,0.043104,0.000281,  18.366
   246.6,0.006460,0.003703,0.042866,0.000294,  18.346
   246.8,0.006438,0.003691,0.042560,0.000294,  18.328
   247.0,0.006416,0.003679,0.042214,0.000259,  18.316
   247.2,0.006402,0.003678,0.041990,0.000294,  18.302
   247.4,0.006380,0.003674,0.041779,0.000294,  18.282
   247.6,0.006362,0.003662,0.041609,0.000259,  18.268
   247.8,0.006348,0.003661,0.041149,0.000307,  18.249
   248.0,0.006333,0.003657,0.040575,0.000307,  18.228
   248.2,0.006315,0.003648,0.039855,0.000272,  18.218
   248.4,0.006305,0.003644,0.039619,0.000321,  18.204
   248.6,0.006283,0.003637,0.039530,0.000307,  18.191
   248.8,0.006265,0.003624,0.039630,0.000272,  18.169
   249.0,0.006248,0.003619,0.039561,0.000321,  18.158
   249.2,0.006230,0.003611,0.039486,0.000307,  18.145
   249.4,0.006212,0.003599,0.039431,0.000272,  18.132
   249.6,0.006192,0.003589,0.039262,0.000321,  18.110
   249.8,0.006180,0.003587,0.039040,0.000307,  18.095
   250.0,0.006162,0.003577,0.038771,0.000285,  18.083
   250.2,0.006145,0.003568,0.038629,0.000321,  18.071
   250.4,0.006130,0.003554,0.038521,0.000321,  18.054
   250.6,0.006118,0.003545,0.038433,0.000298,  18.043
   250.8,0.006097,0.003531,0.038264,0.000321,  18.026
   251.0,0.006092,0.003516,0.038070,0.000321,  18.016
   251.2,0.006077,0.003507,0.037855,0.000298,  18.000
   251.4,0.006065,0.003501,0.037520,0.000321,  17.989
   251.6,0.006048,0.003497,0.037098,0.000321,  17.976
   251.8,0.006030,0.003483,0.036611,0.000298,  17.963
   252.0,0.006019,0.003479,0.036464,0.000334,  17.953
   252.2,0.006006,0.003475,0.036416,0.000334,  17.939
   252.4,0.005984,0.003463,0.036487,0.000311,  17.924
   252.6,0.005969,0.003452,0.036373,0.000347,  17.917
   252.8,0.005958,0.003450,0.036212,0.000347,  17.899
   253.0,0.005939,0.003438,0.036005,0.000325,  17.893
   253.2,0.005921,0.003426,0.035891,0.000347,  17.874
   253.4,0.005914,0.003421,0.035830,0.000347,  17.869
   253.6,0.005892,0.003409,0.035789,0.000347,  17.853
   253.8,0.005874,0.003400,0.035701,0.000311,  17.842
   254.0,0.005861,0.003397,0.035573,0.000311,  17.829
   254.2,0.005829,0.003388,0.035459,0.000347,  17.822
   254.4,0.005815,0.003379,0.035285,0.000325,  17.810
   254.6,0.005797,0.003368,0.035072,0.000360,  17.800
   254.8,0.005779,0.003361,0.034832,0.000360,  17.783
   255.0,0.005765,0.003353,0.034679,0.000338,  17.779
   255.2,0.005751,0.003340,0.034559,0.000373,  17.771
   255.4,0.005733,0.003329,0.034465,0.000360,  17.759
   255.6,0.005719,0.003320,0.034392,0.000338,  17.743
   255.8,0.005691,0.003306,0.034258,0.000373,  17.728
   256.0,0.005667,0.003297,0.034112,0.000360,  17.725
   256.2,0.005642,0.003286,0.033952,0.000338,  17.711
   256.4,0.005629,0.003277,0.033799,0.000373,  17.700
   256.6,0.005608,0.003268,0.033625,0.000360,  17.686
   256.8,0.005583,0.003259,0.033446,0.000338,  17.679
   257.0,0.005570,0.003250,0.033319,0.000373,  17.671
   257.2,0.005552,0.003241,0.033206,0.000360,  17.659
   257.4,0.005535,0.003229,0.033092,0.000338,  17.647
   257.6,0.005524,0.003218,0.032945,0.000373,  17.639
   257.8,0.005512,0.003209,0.032806,0.000360,  17.626
   258.0,0.005497,0.003202,0.032640,0.000338,  17.615
   258.2,0.005480,0.003191,0.032474,0.000373,  17.603
   258.4,0.005472,0.003190,0.032262,0.000360,  17.595
   258.6,0.005457,0.003176,0.032044,0.000338,  17.579
   258.8,0.005434,0.003169,0.031904,0.000373,  17.566
   259.0,0.005423,0.003158,0.031784,0.000360,  17.560
   259.2,0.005408,0.003146,0.031691,0.000338,  17.550
   259.4,0.005381,0.003135,0.031552,0.000360,  17.537
   259.6,0.005366,0.003132,0.031379,0.000347,  17.528
   259.8,0.005348,0.003124,0.031215,0.000325,  17.514
   260.0,0.005336,0.003111,0.031063,0.000347,  17.505
   260.2,0.005324,0.003099,0.030871,0.000347,  17.491
   260.4,0.005303,0.003087,0.030686,0.000325,  17.484
   260.6,0.005292,0.003077,0.030011,0.000347,  17.474
   260.8,0.005271,0.003071,0.029102,0.000347,  17.463
   261.0,0.005255,0.003067,0.027935,0.000325,  17.454
   261.2,0.005242,0.003060,0.027758,0.000347,  17.444
   261.4,0.005227,0.003049,0.027951,0.000347,  17.430
   261.6,0.005209,0.003040,0.028530,0.000325,  17.419
   261.8,0.005188,0.003029,0.028522,0.000347,  17.405
   262.0,0.005165,0.003018,0.028383,0.000347,  17.404
   262.2,0.005143,0.003004,0.028135,0.000325,  17.390
   262.4,0.005123,0.002991,0.028088,0.000347,  17.382
   262.6,0.005105,0.002979,0.028087,0.000347,  17.370
   262.8,0.005091,0.002965,0.028138,0.000347,  17.362
   263.0,0.005070,0.002956,0.028175,0.000311,  17.351
   263.2,0.005052,0.002949,0.028232,0.000311,  17.341
   263.4,0.005038,0.002931,0.028308,0.000347,  17.329
   263.6,0.005017,0.002917,0.028299,0.000325,  17.320
   263.8,0.005004,0.002907,0.028245,0.000347,  17.309
   264.0,0.004982,0.002888,0.028152,0.000347,  17.301
   264.2,0.004964,0.002878,0.027956,0.000325,  17.292
   264.4,0.004947,0.002878,0.027695,0.000347,  17.284
   264.6,0.004928,0.002866,0.027362,0.000347,  17.271
   264.8,0.004911,0.002852,0.026959,0.000325,  17.260
   265.0,0.004896,0.002851,0.026893,0.000347,  17.254
   265.2,0.004878,0.002845,0.026911,0.000334,  17.245
   265.4,0.004862,0.002836,0.027039,0.000311,  17.236
   265.6,0.004856,0.002831,0.026940,0.000347,  17.225
   265.8,0.004836,0.002830,0.026764,0.000334,  17.210
   266.0,0.004822,0.002818,0.026522,0.000311,  17.199
   266.2,0.004804,0.002815,0.026384,0.000347,  17.190
   266.4,0.004786,0.002810,0.026273,0.000334,  17.185
   266.6,0.004767,0.002801,0.026186,0.000311,  17.172
   266.8,0.004752,0.002788,0.026061,0.000347,  17.161
   267.0,0.004730,0.002775,0.025949,0.000334,  17.159
   267.2,0.004712,0.002766,0.025838,0.000311,  17.146
   267.4,0.004692,0.002752,0.025758,0.000347,  17.134
   267.6,0.004674,0.002748,0.025685,0.000334,  17.126
   267.8,0.004660,0.002734,0.025625,0.000311,  17.116
   268.0,0.004645,0.002723,0.025481,0.000347,  17.108
   268.2,0.004630,0.002716,0.025312,0.000334,  17.099
   268.4,0.004619,0.002702,0.025091,0.000311,  17.090
   268.6,0.004603,0.002690,0.024967,0.000334,  17.075
   268.8,0.004604,0.002684,0.024868,0.000321,  17.063
   269.0,0.004595,0.002674,0.024776,0.000298,  17.056
   269.2,0.004578,0.002667,0.024626,0.000321,  17.046
   269.4,0.004563,0.002664,0.024432,0.000321,  17.039
   269.6,0.004551,0.002656,0.024218,0.000285,  17.026
   269.8,0.004539,0.002652,0.024081,0.000321,  17.011
   270.0,0.004522,0.002645,0.023976,0.000307,  17.004
   270.2,0.004510,0.002636,0.023878,0.000272,  16.995
   270.4,0.004498,0.002626,0.023703,0.000321,  16.984
   270.6,0.004484,0.002617,0.023496,0.000307,  16.972
   270.8,0.004472,0.002605,0.023251,0.000272,  16.960
   271.0,0.004460,0.002596,0.023095,0.000321,  16.952
   271.2,0.004446,0.002594,0.022965,0.000307,  16.938
   271.4,0.004434,0.002588,0.022854,0.000307,  16.926
   271.6,0.004422,0.002586,0.022704,0.000272,  16.917
   271.8,0.004411,0.002580,0.022555,0.000285,  16.898
   272.0,0.004402,0.002573,0.022368,0.000307,  16.889
   272.2,0.004396,0.002566,0.022276,0.000272,  16.878
   272.4,0.004384,0.002559,0.022229,0.000307,  16.861
   272.6,0.004373,0.002555,0.022195,0.000307,  16.854
   272.8,0.004361,0.002543,0.022098,0.000272,  16.841
   273.0,0.004346,0.002541,0.021981,0.000321,  16.834
   273.2,0.004334,0.002537,0.021852,0.000307,  16.822
   273.4,0.004323,0.002528,0.021685,0.000272,  16.816
   273.6,0.004314,0.002526,0.021581,0.000321,  16.800
   273.8,0.004301,0.002525,0.021457,0.000307,  16.785
   274.0,0.004287,0.002515,0.021334,0.000272,  16.781
   274.2,0.004275,0.002516,0.021191,0.000321,  16.764
   274.4,0.004262,0.002511,0.021017,0.000307,  16.754
   274.6,0.004243,0.002506,0.020830,0.000272,  16.744
   274.8,0.004242,0.002497,0.020701,0.000321,  16.727
   275.0,0.004236,0.002493,0.020571,0.000307,  16.722
   275.2,0.004217,0.002486,0.020447,0.000272,  16.714
   275.4,0.004215,0.002482,0.020286,0.000321,  16.697
   275.6,0.004209,0.002484,0.020107,0.000307,  16.691
   275.8,0.004194,0.002478,0.019895,0.000285,  16.681
   276.0,0.004192,0.002468,0.019804,0.000321,  16.673
   276.2,0.004189,0.002467,0.019744,0.000321,  16.661
   276.4,0.004176,0.002462,0.019735,0.000298,  16.648
   276.6,0.004170,0.002458,0.019618,0.000321,  16.639
   276.8,0.004167,0.002463,0.019471,0.000321,  16.627
   277.0,0.004164,0.002461,0.019311,0.000298,  16.620
   277.2,0.004162,0.002454,0.019156,0.000321,  16.611
   277.4,0.004159,0.002457,0.018983,0.000321,  16.601
   277.6,0.004159,0.002457,0.018816,0.000298,  16.592
   277.8,0.004153,0.002452,0.018668,0.000334,  16.585
   278.0,0.004150,0.002457,0.018539,0.000334,  16.574
   278.2,0.004147,0.002455,0.018404,0.000311,  16.566
   278.4,0.004148,0.002456,0.018281,0.000347,  16.559
   278.6,0.004142,0.002458,0.018133,0.000347,  16.547
   278.8,0.004142,0.002458,0.017997,0.000325,  16.539
   279.0,0.004129,0.002462,0.017843,0.000360,  16.534
   279.2,0.004129,0.002459,0.017651,0.000360,  16.526
   279.4,0.004129,0.002453,0.017461,0.000351,  16.510
   279.6,0.004124,0.002456,0.017320,0.000387,  16.509
   279.8,0.004118,0.002451,0.017192,0.000387,  16.498
   280.0,0.004115,0.002448,0.017096,0.000364,  16.492
   280.2,0.004109,0.002443,0.016691,0.000400,  16.483
   280.4,0.004110,0.002448,0.016129,0.000387,  16.482
   280.6,0.004104,0.002451,0.015417,0.000387,  16.469
   280.8,0.004091,0.002447,0.015302,0.000364,  16.461
   281.0,0.004095,0.002446,0.015427,0.000364,  16.453
   281.2,0.004092,0.002446,0.015745,0.000400,  16.442
   281.4,0.004080,0.002446,0.015801,0.000377,  16.440
   281.6,0.004084,0.002438,0.015806,0.000400,  16.433
   281.8,0.004084,0.002438,0.015786,0.000400,  16.421
   282.0,0.004078,0.002438,0.015703,0.000364,  16.413
   282.2,0.004079,0.002435,0.015669,0.000413,  16.408
   282.4,0.004076,0.002429,0.015649,0.000413,  16.396
   282.6,0.004073,0.002429,0.015616,0.000377,  16.387
   282.8,0.004067,0.002422,0.015545,0.000426,  16.378
   283.0,0.004064,0.002422,0.015455,0.000426,  16.373
   283.2,0.004061,0.002415,0.015354,0.000391,  16.363
   283.4,0.004055,0.002415,0.015303,0.000426,  16.362
   283.6,0.004050,0.002415,0.015258,0.000413,  16.354
   283.8,0.004047,0.002413,0.015200,0.000377,  16.344
   284.0,0.004035,0.002413,0.015173,0.000413,  16.338
   284.2,0.004032,0.002413,0.015160,0.000413,  16.331
   284.4,0.004029,0.002412,0.015139,0.000377,  16.328
   284.6,0.004026,0.002407,0.015099,0.000413,  16.320
   284.8,0.004020,0.002412,0.015067,0.000413,  16.314
   285.0,0.004017,0.002413,0.015009,0.000377,  16.306
   285.2,0.004009,0.002411,0.014958,0.000413,  16.296
   285.4,0.004003,0.002408,0.014888,0.000413,  16.293
   285.6,0.003997,0.002406,0.014806,0.000377,  16.286
   285.8,0.003988,0.002405,0.014761,0.000413,  16.278
   286.0,0.003985,0.002403,0.014728,0.000413,  16.274
   286.2,0.003975,0.002402,0.014721,0.000413,  16.269
   286.4,0.003985,0.002399,0.014683,0.000400,  16.263
   286.6,0.003988,0.002401,0.014626,0.000422,  16.255
   286.8,0.003981,0.002400,0.014576,0.000422,  16.249
   287.0,0.003988,0.002408,0.014520,0.000387,  16.244
   287.2,0.003988,0.002410,0.014432,0.000422,  16.239
   287.4,0.003998,0.002405,0.014338,0.000422,  16.235
   287.6,0.003998,0.002410,0.014318,0.000400,  16.230
   287.8,0.003995,0.002410,0.014323,0.000449,  16.225
   288.0,0.004002,0.002403,0.014366,0.000449,  16.221
   288.2,0.003999,0.002408,0.014364,0.000413,  16.213
   288.4,0.003983,0.002405,0.014351,0.000449,  16.208
   288.6,0.003980,0.002402,0.014344,0.000426,  16.203
   288.8,0.003980,0.002399,0.014281,0.000426,  16.199
   289.0,0.003974,0.002396,0.014169,0.000439,  16.189
   289.2,0.003972,0.002389,0.014000,0.000453,  16.188
   289.4,0.003966,0.002389,0.013992,0.000417,  16.182
   289.6,0.003960,0.002388,0.014073,0.000430,  16.180
   289.8,0.003954,0.002380,0.014171,0.000453,  16.177
   290.0,0.003948,0.002381,0.014170,0.000417,  16.169
   290.2,0.003936,0.002377,0.014144,0.000453,  16.167
   290.4,0.003924,0.002370,0.014100,0.000453,  16.165
   290.6,0.003918,0.002364,0.014019,0.000430,  16.158
   290.8,0.003909,0.002358,0.013887,0.000453,  16.147
   291.0,0.003899,0.002351,0.013725,0.000439,  16.147
   291.2,0.003886,0.002346,0.013532,0.000417,  16.145
   291.4,0.003888,0.002343,0.013520,0.000439,  16.137
   291.6,0.003882,0.002338,0.013550,0.000439,  16.135
   291.8,0.003866,0.002343,0.013642,0.000417,  16.128
   292.0,0.003861,0.002335,0.013655,0.000439,  16.125
   292.2,0.003855,0.002337,0.013642,0.000439,  16.125
   292.4,0.003846,0.002330,0.013579,0.000417,  16.119
   292.6,0.003850,0.002330,0.013577,0.000439,  16.108
   292.8,0.003844,0.002326,0.013602,0.000439,  16.107
   293.0,0.003831,0.002326,0.013626,0.000417,  16.105
   293.2,0.003832,0.002317,0.013581,0.000439,  16.098
   293.4,0.003826,0.002311,0.013524,0.000439,  16.097
   293.6,0.003820,0.002309,0.013425,0.000404,  16.091
   293.8,0.003818,0.002304,0.013350,0.000439,  16.085
   294.0,0.003819,0.002297,0.013249,0.000426,  16.084
   294.2,0.003814,0.002289,0.013150,0.000391,  16.077
   294.4,0.003802,0.002285,0.013137,0.000439,  16.072
   294.6,0.003796,0.002286,0.013149,0.000426,  16.066
   294.8,0.003790,0.002281,0.013191,0.000391,  16.061
   295.0,0.003777,0.002274,0.013240,0.000439,  16.062
   295.2,0.003779,0.002270,0.013308,0.000426,  16.056
   295.4,0.003773,0.002271,0.013382,0.000391,  16.050
   295.6,0.003761,0.002264,0.013344,0.000439,  16.048
   295.8,0.003749,0.002259,0.013243,0.000426,  16.043
   296.0,0.003741,0.002260,0.013113,0.000391,  16.039
   296.2,0.003732,0.002253,0.013082,0.000439,  16.035
   296.4,0.003723,0.002242,0.013049,0.000426,  16.035
   296.6,0.003714,0.002235,0.013055,0.000391,  16.027
   296.8,0.003705,0.002233,0.013036,0.000439,  16.020
   297.0,0.003697,0.002232,0.013016,0.000426,  16.019
   297.2,0.003684,0.002223,0.012996,0.000391,  16.013
   297.4,0.003675,0.002221,0.012951,0.000426,  16.011
   297.6,0.003669,0.002218,0.012895,0.000413,  16.007
   297.8,0.003657,0.002211,0.012831,0.000377,  16.000
   298.0,0.003651,0.002209,0.012823,0.000413,  15.999
   298.2,0.003652,0.002199,0.012847,0.000413,  15.996
   298.4,0.003649,0.002197,0.012877,0.000413,  15.993
   298.6,0.003643,0.002195,0.012845,0.000377,  15.985
   298.8,0.003634,0.002193,0.012794,0.000391,  15.980
   299.0,0.003628,0.002190,0.012726,0.000413,  15.978
   299.2,0.003623,0.002187,0.012664,0.000391,  15.972
   299.4,0.003611,0.002181,0.012582,0.000426,  15.967
   299.6,0.003602,0.002170,0.012482,0.000413,  15.964
   299.8,0.003596,0.002170,0.012375,0.000377,  15.958
   300.0,0.003587,0.002168,0.012305,0.000413,  15.957
   300.2,0.003582,0.002160,0.012254,0.000413,  15.954
   300.4,0.003569,0.002156,0.012216,0.000377,  15.945
   300.6,0.003560,0.002154,0.012122,0.000413,  15.942
   300.8,0.003554,0.002153,0.012016,0.000413,  15.932
   301.0,0.003539,0.002144,0.011879,0.000377,  15.936
   301.2,0.003534,0.002142,0.011803,0.000413,  15.931
   301.4,0.003528,0.002134,0.011772,0.000413,  15.924
   301.6,0.003516,0.002129,0.011740,0.000377,  15.923
   301.8,0.003511,0.002125,0.011706,0.000413,  15.917
   302.0,0.003506,0.002125,0.011712,0.000400,  15.908
   302.2,0.003494,0.002116,0.011691,0.000364,  15.907
   302.4,0.003485,0.002106,0.011658,0.000413,  15.899
   302.6,0.003479,0.002099,0.011638,0.000400,  15.899
   302.8,0.003471,0.002092,0.011606,0.000364,  15.890
   303.0,0.003465,0.002089,0.011579,0.000413,  15.886
   303.2,0.003459,0.002085,0.011565,0.000400,  15.879
   303.4,0.003447,0.002075,0.011571,0.000364,  15.872
   303.6,0.003438,0.002074,0.011458,0.000400,  15.868
   303.8,0.003433,0.002069,0.011303,0.000387,  15.862
   304.0,0.003420,0.002060,0.011086,0.000351,  15.861
   304.2,0.003418,0.002058,0.010999,0.000387,  15.851
   304.4,0.003412,0.002056,0.010910,0.000387,  15.849
   304.6,0.003399,0.002049,0.010847,0.000351,  15.838
   304.8,0.003397,0.002047,0.010766,0.000387,  15.838
   305.0,0.003386,0.002042,0.010666,0.000387,  15.828
   305.2,0.003384,0.002035,0.010553,0.000338,  15.823
   305.4,0.003376,0.002035,0.010472,0.000373,  15.817
   305.6,0.003375,0.002033,0.010378,0.000373,  15.816
   305.8,0.003370,0.002025,0.010291,0.000325,  15.806
   306.0,0.003367,0.002019,0.010239,0.000360,  15.799
   306.2,0.003360,0.002019,0.010232,0.000373,  15.793
   306.4,0.003347,0.002009,0.010224,0.000338,  15.788
   306.6,0.003341,0.002000,0.010209,0.000373,  15.782
   306.8,0.003328,0.002004,0.010208,0.000373,  15.779
   307.0,0.003325,0.002005,0.010225,0.000373,  15.775
   307.2,0.003320,0.001996,0.010167,0.000338,  15.767
   307.4,0.003311,0.001994,0.010048,0.000325,  15.759
   307.6,0.003311,0.001994,0.009898,0.000360,  15.757
   307.8,0.003308,0.001990,0.009791,0.000338,  15.750
   308.0,0.003308,0.001985,0.009672,0.000373,  15.745
   308.2,0.003305,0.001982,0.009547,0.000360,  15.734
   308.4,0.003299,0.001982,0.009454,0.000338,  15.731
   308.6,0.003293,0.001987,0.009365,0.000373,  15.725
   308.8,0.003288,0.001990,0.009284,0.000360,  15.713
   309.0,0.003285,0.001986,0.009228,0.000338,  15.710
   309.2,0.003279,0.001979,0.009183,0.000373,  15.707
   309.4,0.003279,0.001979,0.009126,0.000360,  15.707
   309.6,0.003276,0.001976,0.009075,0.000338,  15.697
   309.8,0.003270,0.001973,0.009005,0.000373,  15.690
   310.0,0.003267,0.001975,0.008942,0.000360,  15.688
   310.2,0.003267,0.001978,0.008854,0.000338,  15.682
   310.4,0.003267,0.001976,0.008790,0.000373,  15.676
   310.6,0.003264,0.001975,0.008750,0.000360,  15.666
   310.8,0.003264,0.001975,0.008706,0.000338,  15.662
   311.0,0.003264,0.001973,0.008649,0.000373,  15.655
   311.2,0.003263,0.001975,0.008604,0.000360,  15.648
   311.4,0.003266,0.001972,0.008541,0.000338,  15.647
   311.6,0.003266,0.001970,0.008453,0.000373,  15.639
   311.8,0.003262,0.001975,0.008354,0.000373,  15.635
   312.0,0.003268,0.001972,0.008236,0.000338,  15.626
   312.2,0.003272,0.001980,0.008143,0.000373,  15.625
   312.4,0.003275,0.001989,0.008037,0.000373,  15.619
