Run Name,group 1
Run Date,01:10:37 PM   03-05-15
Method Name,16% CRL group 12 4 2 14.2
Export Format Version, 1.00
Method ID, 2230
Points/Second, 5.00
Number of Records,   1740
Offset from Run Start Time,00:00:00
Run End Time,00:05:48
Time,Second
QuadTec 1, (280.0 nm), AU
QuadTec 2, (260.0 nm), AU
Gradient Pump,<Not Selected>
QuadTec 3, (214.0 nm), AU
QuadTec 4, (405.0 nm), AU
Conductivity,mS/cm
Trace 6,<Not Available>
GP Pressure,<Not Selected>
Volume,<Not Selected>
Fraction,<Not Available>
Time,QuadTec 1,QuadTec 2,QuadTec 3,QuadTec 4,Conductivity
     0.0,0.001591,0.001411,0.020307,0.000778,  33.509
     0.2,0.001594,0.001408,0.020206,0.000778,  33.508
     0.4,0.001584,0.001407,0.020004,0.000742,  33.507
     0.6,0.001591,0.001405,0.019715,0.000778,  33.507
     0.8,0.001594,0.001402,0.019702,0.000778,  33.504
     1.0,0.001584,0.001394,0.019810,0.000755,  33.510
     1.2,0.001591,0.001399,0.020006,0.000778,  33.501
     1.4,0.001594,0.001402,0.020164,0.000778,  33.507
     1.6,0.001594,0.001399,0.020327,0.000791,  33.507
     1.8,0.001601,0.001406,0.020517,0.000791,  33.507
     2.0,0.001604,0.001406,0.020605,0.000778,  33.506
     2.2,0.001604,0.001402,0.020630,0.000778,  33.500
     2.4,0.001601,0.001407,0.020644,0.000742,  33.505
     2.6,0.001604,0.001407,0.020581,0.000778,  33.506
     2.8,0.001604,0.001408,0.020606,0.000778,  33.511
     3.0,0.001601,0.001410,0.020613,0.000742,  33.506
     3.2,0.001608,0.001412,0.020613,0.000778,  33.508
     3.4,0.001609,0.001415,0.020608,0.000778,  33.516
     3.6,0.000605,0.000000,0.020589,0.000742,  33.514
     3.8,0.000043,0.000000,0.020539,0.000000,  33.515
     4.0,-0.000186,0.000000,0.020551,0.000000,  33.518
     4.2,0.000023,0.000000,0.020603,0.000000,  33.536
     4.4,0.000000,0.000000,0.020654,0.000000,  33.535
     4.6,0.000000,0.000000,0.021079,0.000000,  33.521
     4.8,0.000000,0.000000,0.021727,0.000000,  33.521
     5.0,0.000000,0.000000,0.020317,0.000000,  33.517
     5.2,0.000000,0.000000,0.020317,0.000000,  33.519
     5.4,0.000000,0.000000,0.020317,0.000000,  33.521
     5.6,0.000000,0.000000,0.020317,0.000000,  33.520
     5.8,0.000000,0.000000,0.000000,0.000000,  33.520
     6.0,0.000000,0.000000,0.000000,0.000000,  33.522
     6.2,0.000000,0.000000,0.000000,0.000000,  33.519
     6.4,0.000000,0.000000,0.000000,0.000000,  33.520
     6.6,0.000000,0.000000,0.000000,0.000000,  33.515
     6.8,0.000000,0.000000,0.000000,0.000000,  33.511
     7.0,0.000000,0.000000,0.000000,0.000000,  33.508
     7.2,0.000000,0.000000,0.000000,0.000000,  33.497
     7.4,0.000000,0.000000,0.000000,0.000000,  33.493
     7.6,0.000000,0.000000,0.000000,0.000000,  33.492
     7.8,0.000000,0.000000,0.000000,0.000000,  33.491
     8.0,0.000036,0.000000,0.000000,0.000000,  33.493
     8.2,0.000069,0.000104,0.000000,0.000102,  33.493
     8.4,0.000110,0.000141,0.000000,0.000066,  33.496
     8.6,0.000144,0.000184,0.000000,0.000079,  33.498
     8.8,0.000187,0.000218,0.000000,0.000106,  33.495
     9.0,0.000232,0.000253,0.000000,0.000145,  33.494
     9.2,0.000272,0.000293,0.000000,0.000136,  33.499
     9.4,0.000325,0.000323,0.000000,0.000162,  33.509
     9.6,0.000378,0.000362,0.000171,0.000189,  33.501
     9.8,0.000398,0.000384,0.000238,0.000180,  33.500
    10.0,0.000419,0.000394,0.000307,0.000228,  33.493
    10.2,0.000416,0.000400,0.000396,0.000206,  33.485
    10.4,0.000427,0.000415,0.000497,0.000206,  33.489
    10.6,0.000444,0.000435,0.000592,0.000206,  33.488
    10.8,0.000464,0.000458,0.000695,0.000197,  33.484
    11.0,0.000481,0.000478,0.000798,0.000232,  33.481
    11.2,0.000498,0.000498,0.000875,0.000246,  33.480
    11.4,0.000519,0.000518,0.000964,0.000223,  33.482
    11.6,0.000523,0.000529,0.001078,0.000272,  33.482
    11.8,0.000536,0.000545,0.001185,0.000259,  33.486
    12.0,0.000543,0.000555,0.001298,0.000236,  33.481
    12.2,0.000551,0.000566,0.001403,0.000285,  33.480
    12.4,0.000572,0.000576,0.001502,0.000298,  33.480
    12.6,0.000599,0.000590,0.001608,0.000276,  33.478
    12.8,0.000614,0.000601,0.001664,0.000325,  33.479
    13.0,0.000625,0.000607,0.001702,0.000338,  33.475
    13.2,0.000633,0.000617,0.001716,0.000329,  33.477
    13.4,0.000639,0.000628,0.001717,0.000378,  33.475
    13.6,0.000638,0.000629,0.001662,0.000378,  33.470
    13.8,0.000644,0.000637,0.001576,0.000355,  33.472
    14.0,0.000654,0.000637,0.001532,0.000404,  33.468
    14.2,0.000647,0.000630,0.001489,0.000391,  33.468
    14.4,0.000644,0.000622,0.001425,0.000355,  33.481
    14.6,0.000648,0.000618,0.001351,0.000391,  33.480
    14.8,0.000635,0.000613,0.001263,0.000391,  33.472
    15.0,0.000623,0.000614,0.001158,0.000378,  33.471
    15.2,0.000613,0.000609,0.001114,0.000355,  33.468
    15.4,0.000603,0.000604,0.001076,0.000329,  33.461
    15.6,0.000600,0.000599,0.001051,0.000364,  33.460
    15.8,0.000604,0.000597,0.001069,0.000342,  33.459
    16.0,0.000594,0.000590,0.001086,0.000364,  33.460
    16.2,0.000594,0.000584,0.001123,0.000364,  33.462
    16.4,0.000601,0.000579,0.001129,0.000329,  33.461
    16.6,0.000591,0.000578,0.001117,0.000364,  33.463
    16.8,0.000588,0.000579,0.001081,0.000364,  33.466
    17.0,0.000595,0.000575,0.001031,0.000329,  33.470
    17.2,0.000588,0.000565,0.000962,0.000378,  33.472
    17.4,0.000586,0.000558,0.000876,0.000378,  33.475
    17.6,0.000587,0.000559,0.000771,0.000342,  33.478
    17.8,0.000580,0.000557,0.000758,0.000391,  33.480
    18.0,0.000583,0.000564,0.000757,0.000378,  33.488
    18.2,0.000587,0.000559,0.000781,0.000342,  33.490
    18.4,0.000577,0.000559,0.000798,0.000391,  33.497
    18.6,0.000581,0.000554,0.000835,0.000378,  33.501
    18.8,0.000582,0.000554,0.000852,0.000342,  33.507
    19.0,0.000575,0.000546,0.000856,0.000391,  33.503
    19.2,0.000585,0.000550,0.000875,0.000378,  33.498
    19.4,0.000591,0.000553,0.000880,0.000342,  33.507
    19.6,0.000587,0.000553,0.000886,0.000391,  33.519
    19.8,0.000587,0.000556,0.000879,0.000378,  33.512
    20.0,0.000584,0.000560,0.000886,0.000329,  33.504
    20.2,0.000574,0.000552,0.000861,0.000364,  33.503
    20.4,0.000565,0.000547,0.000823,0.000351,  33.503
    20.6,0.000563,0.000543,0.000761,0.000302,  33.501
    20.8,0.000556,0.000534,0.000717,0.000338,  33.499
    21.0,0.000560,0.000528,0.000674,0.000351,  33.500
    21.2,0.000570,0.000528,0.000632,0.000316,  33.499
    21.4,0.000570,0.000525,0.000173,0.000351,  33.505
    21.6,0.000570,0.000525,-0.000487,0.000351,  33.501
    21.8,0.000563,0.000527,-0.001381,0.000316,  33.508
    22.0,0.000558,0.000519,-0.001506,0.000351,  33.508
    22.2,0.000551,0.000512,-0.001345,0.000351,  33.505
    22.4,0.000548,0.000512,-0.000914,0.000316,  33.507
    22.6,0.000552,0.000510,-0.000711,0.000351,  33.507
    22.8,0.000539,0.000503,-0.000489,0.000338,  33.506
    23.0,0.000533,0.000506,-0.000241,0.000316,  33.508
    23.2,0.000528,0.000507,-0.000068,0.000338,  33.509
    23.4,0.000513,0.000500,0.000081,0.000312,  33.515
    23.6,0.000504,0.000489,0.000186,0.000276,  33.513
    23.8,0.000499,0.000481,0.000315,0.000298,  33.517
    24.0,0.000478,0.000472,0.000439,0.000272,  33.516
    24.2,0.000473,0.000467,0.000563,0.000259,  33.514
    24.4,0.000463,0.000458,0.000686,0.000223,  33.523
    24.6,0.000447,0.000446,0.000786,0.000197,  33.542
    24.8,0.000451,0.000440,0.000879,0.000219,  33.545
    25.0,0.000451,0.000422,0.000923,0.000219,  33.535
    25.2,0.000437,0.000401,0.000930,0.000206,  33.531
    25.4,0.000419,0.000369,0.000900,0.000228,  33.533
    25.6,0.000406,0.000361,0.000678,0.000206,  33.528
    25.8,0.000399,0.000366,0.000350,0.000206,  33.534
    26.0,0.000402,0.000375,-0.000074,0.000193,  33.525
    26.2,0.000413,0.000377,-0.000135,0.000170,  33.528
    26.4,0.000415,0.000389,-0.000079,0.000206,  33.527
    26.6,0.000428,0.000400,0.000126,0.000206,  33.531
    26.8,0.000434,0.000407,0.000429,0.000184,  33.533
    27.0,0.000433,0.000414,0.000540,0.000219,  33.539
    27.2,0.000442,0.000413,0.000664,0.000219,  33.538
    27.4,0.000445,0.000422,0.000781,0.000197,  33.543
    27.6,0.000438,0.000427,0.000867,0.000232,  33.543
    27.8,0.000442,0.000429,0.000935,0.000232,  33.546
    28.0,0.000437,0.000431,0.000984,0.000197,  33.551
    28.2,0.000433,0.000436,0.001026,0.000232,  33.549
    28.4,0.000442,0.000439,0.001045,0.000232,  33.560
    28.6,0.000442,0.000440,0.001057,0.000210,  33.563
    28.8,0.000441,0.000447,0.001057,0.000246,  33.568
    29.0,0.000451,0.000447,0.001026,0.000246,  33.575
    29.2,0.000454,0.000442,0.000977,0.000223,  33.586
    29.4,0.000447,0.000444,0.001021,0.000259,  33.591
    29.6,0.000454,0.000444,0.001095,0.000246,  33.595
    29.8,0.000448,0.000444,0.001201,0.000210,  33.602
    30.0,0.000430,0.000437,0.001225,0.000246,  33.606
    30.2,0.000413,0.000434,0.001243,0.000246,  33.608
    30.4,0.000387,0.000424,0.001238,0.000197,  33.612
    30.6,0.000381,0.000413,0.001212,0.000219,  33.614
    30.8,0.000381,0.000413,0.001163,0.000206,  33.618
    31.0,0.000390,0.000409,0.001090,0.000170,  33.623
    31.2,0.000402,0.000412,0.001084,0.000206,  33.621
    31.4,0.000410,0.000423,0.001071,0.000219,  33.625
    31.6,0.000433,0.000437,0.001110,0.000210,  33.629
    31.8,0.000453,0.000447,0.000937,0.000259,  33.631
    32.0,0.000467,0.000451,0.000659,0.000272,  33.631
    32.2,0.000478,0.000463,0.000288,0.000263,  33.635
    32.4,0.000494,0.000476,0.000281,0.000312,  33.639
    32.6,0.000511,0.000487,0.000379,0.000325,  33.636
    32.8,0.000519,0.000505,0.000621,0.000338,  33.638
    33.0,0.000531,0.000521,0.000707,0.000302,  33.640
    33.2,0.000545,0.000532,0.000755,0.000329,  33.650
    33.4,0.000550,0.000549,0.000791,0.000351,  33.656
    33.6,0.000571,0.000555,0.000803,0.000329,  33.658
    33.8,0.000586,0.000561,0.000783,0.000364,  33.663
    34.0,0.000591,0.000567,0.000720,0.000378,  33.665
    34.2,0.000609,0.000576,0.000695,0.000355,  33.669
    34.4,0.000621,0.000583,0.000669,0.000404,  33.676
    34.6,0.000624,0.000595,0.000633,0.000391,  33.674
    34.8,0.000636,0.000604,0.000651,0.000355,  33.684
    35.0,0.000642,0.000610,0.000700,0.000391,  33.688
    35.2,0.000642,0.000616,0.000768,0.000391,  33.689
    35.4,0.000646,0.000618,0.000854,0.000355,  33.688
    35.6,0.000649,0.000614,0.000810,0.000391,  33.691
    35.8,0.000642,0.000622,0.000750,0.000378,  33.694
    36.0,0.000642,0.000625,0.000638,0.000364,  33.690
    36.2,0.000645,0.000629,0.000626,0.000364,  33.699
    36.4,0.000635,0.000633,0.000651,0.000387,  33.698
    36.6,0.000635,0.000640,0.000695,0.000338,  33.701
    36.8,0.000641,0.000646,0.000496,0.000338,  33.705
    37.0,0.000634,0.000650,0.000212,0.000351,  33.706
    37.2,0.000644,0.000654,-0.000182,0.000316,  33.712
    37.4,0.000656,0.000662,-0.000175,0.000351,  33.722
    37.6,0.000660,0.000665,-0.000032,0.000351,  33.722
    37.8,0.000682,0.000684,0.000235,0.000316,  33.725
    38.0,0.000702,0.000702,0.000352,0.000351,  33.730
    38.2,0.000719,0.000719,0.000458,0.000351,  33.729
    38.4,0.000752,0.000742,0.000558,0.000342,  33.734
    38.6,0.000774,0.000769,0.000614,0.000404,  33.736
    38.8,0.000806,0.000798,0.000632,0.000430,  33.736
    39.0,0.000838,0.000831,0.000633,0.000434,  33.736
    39.2,0.000867,0.000869,0.000727,0.000496,  33.739
    39.4,0.000893,0.000909,0.000820,0.000496,  33.744
    39.6,0.000922,0.000961,0.000933,0.000487,  33.746
    39.8,0.000946,0.001001,0.001000,0.000549,  33.748
    40.0,0.000976,0.001029,0.001057,0.000549,  33.754
    40.2,0.001017,0.001066,0.001081,0.000540,  33.753
    40.4,0.001064,0.001102,0.001099,0.000589,  33.759
    40.6,0.001092,0.001129,0.001119,0.000602,  33.755
    40.8,0.001121,0.001163,0.001114,0.000580,  33.758
    41.0,0.001148,0.001197,0.001170,0.000642,  33.763
    41.2,0.001179,0.001227,0.001252,0.000642,  33.762
    41.4,0.001214,0.001266,0.001359,0.000655,  33.763
    41.6,0.001259,0.001292,0.001453,0.000633,  33.767
    41.8,0.001278,0.001315,0.001535,0.000646,  33.770
    42.0,0.001301,0.001339,0.001616,0.000681,  33.770
    42.2,0.001313,0.001354,0.001660,0.000708,  33.771
    42.4,0.001318,0.001365,0.001705,0.000695,  33.772
    42.6,0.001331,0.001374,0.001712,0.000730,  33.776
    42.8,0.001331,0.001374,0.001705,0.000757,  33.784
    43.0,0.001324,0.001372,0.001719,0.000721,  33.789
    43.2,0.001328,0.001368,0.001726,0.000757,  33.787
    43.4,0.001329,0.001359,0.001695,0.000734,  33.792
    43.6,0.001316,0.001353,0.001645,0.000747,  33.790
    43.8,0.001307,0.001345,0.001596,0.000734,  33.791
    44.0,0.001308,0.001337,0.001535,0.000699,  33.796
    44.2,0.001284,0.001318,0.001547,0.000734,  33.795
    44.4,0.001271,0.001313,0.001576,0.000721,  33.800
    44.6,0.001248,0.001297,0.001643,0.000672,  33.798
    44.8,0.001227,0.001282,0.001635,0.000708,  33.801
    45.0,0.001222,0.001266,0.001590,0.000708,  33.807
    45.2,0.001208,0.001248,0.001527,0.000659,  33.809
    45.4,0.001180,0.001231,0.001476,0.000681,  33.810
    45.6,0.001151,0.001208,0.001413,0.000681,  33.806
    45.8,0.001116,0.001185,0.001356,0.000646,  33.806
    46.0,0.001092,0.001163,0.001294,0.000668,  33.809
    46.2,0.001081,0.001138,0.001232,0.000642,  33.808
    46.4,0.001071,0.001119,0.001158,0.000606,  33.805
    46.6,0.001049,0.001099,0.001151,0.000642,  33.807
    46.8,0.001039,0.001074,0.001137,0.000615,  33.808
    47.0,0.001021,0.001054,0.001148,0.000567,  33.808
    47.2,0.001003,0.001037,0.000949,0.000602,  33.808
    47.4,0.000992,0.001019,0.000657,0.000589,  33.809
    47.6,0.000978,0.000998,0.000248,0.000540,  33.805
    47.8,0.000963,0.000980,0.000235,0.000576,  33.805
    48.0,0.000948,0.000968,0.000370,0.000576,  33.808
    48.2,0.000937,0.000951,0.000654,0.000540,  33.811
    48.4,0.000922,0.000931,0.000734,0.000562,  33.812
    48.6,0.000901,0.000911,0.000751,0.000523,  33.811
    48.8,0.000890,0.000896,0.000744,0.000523,  33.810
    49.0,0.000873,0.000880,0.000719,0.000510,  33.810
    49.2,0.000848,0.000867,0.000644,0.000519,  33.805
    49.4,0.000835,0.000853,0.000551,0.000506,  33.804
    49.6,0.000809,0.000845,0.000526,0.000470,  33.809
    49.8,0.000784,0.000826,0.000513,0.000492,  33.807
    50.0,0.000770,0.000813,0.000513,0.000479,  33.811
    50.2,0.000758,0.000794,0.000513,0.000444,  33.815
    50.4,0.000731,0.000769,0.000519,0.000466,  33.816
    50.6,0.000708,0.000744,0.000507,0.000453,  33.807
    50.8,0.000685,0.000716,0.000512,0.000426,  33.812
    51.0,0.000658,0.000695,0.000543,0.000387,  33.808
    51.2,0.000641,0.000669,0.000581,0.000334,  33.811
    51.4,0.000620,0.000650,0.000556,0.000334,  33.811
    51.6,0.000599,0.000641,0.000532,0.000285,  33.809
    51.8,0.000597,0.000637,0.000489,0.000334,  33.806
    52.0,0.000591,0.000623,0.000484,0.000312,  33.813
    52.2,0.000584,0.000619,0.000503,0.000298,  33.812
    52.4,0.000586,0.000613,0.000509,0.000298,  33.810
    52.6,0.000583,0.000606,0.000541,0.000276,  33.812
    52.8,0.000573,0.000602,-0.000016,0.000312,  33.813
    53.0,0.000571,0.000598,-0.000819,0.000312,  33.816
    53.2,0.000562,0.000593,-0.001849,0.000289,  33.816
    53.4,0.000552,0.000586,-0.001917,0.000312,  33.814
    53.6,0.000551,0.000575,-0.001655,0.000298,  33.818
    53.8,0.000545,0.000573,-0.001008,0.000276,  33.818
    54.0,0.000535,0.000568,-0.000756,0.000298,  33.820
    54.2,0.000536,0.000571,-0.000529,0.000298,  33.821
    54.4,0.000530,0.000571,-0.000326,0.000276,  33.825
    54.6,0.000520,0.000566,-0.000202,0.000298,  33.824
    54.8,0.000524,0.000560,-0.000135,0.000298,  33.829
    55.0,0.000522,0.000555,-0.000115,0.000276,  33.829
    55.2,0.000512,0.000545,-0.000048,0.000298,  33.829
    55.4,0.000519,0.000545,0.000008,0.000298,  33.830
    55.6,0.000513,0.000545,0.000045,0.000263,  33.835
    55.8,0.000500,0.000537,0.000112,0.000285,  33.835
    56.0,0.000492,0.000528,0.000180,0.000272,  33.839
    56.2,0.000485,0.000519,0.000254,0.000236,  33.843
    56.4,0.000482,0.000512,0.000260,0.000272,  33.843
    56.6,0.000479,0.000512,0.000242,0.000272,  33.844
    56.8,0.000475,0.000510,0.000187,0.000236,  33.843
    57.0,0.000485,0.000505,0.000274,0.000272,  33.846
    57.2,0.000478,0.000506,0.000403,0.000272,  33.848
    57.4,0.000472,0.000502,0.000570,0.000250,  33.851
    57.6,0.000476,0.000497,0.000620,0.000285,  33.849
    57.8,0.000476,0.000502,0.000638,0.000298,  33.848
    58.0,0.000482,0.000503,0.000620,0.000276,  33.851
    58.2,0.000496,0.000503,0.000594,0.000312,  33.847
    58.4,0.000502,0.000510,0.000551,0.000325,  33.845
    58.6,0.000503,0.000510,0.000476,0.000325,  33.848
    58.8,0.000516,0.000511,0.000438,0.000302,  33.853
    59.0,0.000518,0.000520,0.000401,0.000316,  33.843
    59.2,0.000530,0.000527,0.000357,0.000351,  33.845
    59.4,0.000538,0.000525,0.000307,0.000329,  33.843
    59.6,0.000544,0.000530,0.000237,0.000364,  33.847
    59.8,0.000547,0.000535,0.000168,0.000378,  33.845
    60.0,0.000557,0.000535,0.000124,0.000355,  33.842
    60.2,0.000553,0.000532,0.000074,0.000404,  33.842
    60.4,0.000546,0.000529,0.000018,0.000391,  33.847
    60.6,0.000549,0.000528,-0.000044,0.000355,  33.843
    60.8,0.000539,0.000525,-0.000118,0.000391,  33.845
    61.0,0.000536,0.000523,-0.000224,0.000391,  33.846
    61.2,0.000534,0.000518,-0.000360,0.000355,  33.842
    61.4,0.000522,0.000507,-0.000534,0.000378,  33.842
    61.6,0.000510,0.000502,-0.000737,0.000364,  33.841
    61.8,0.000499,0.000496,-0.000972,0.000316,  33.842
    62.0,0.000487,0.000487,-0.001361,0.000351,  33.841
    62.2,0.000481,0.000486,-0.001829,0.000351,  33.843
    62.4,0.000485,0.000482,-0.002375,0.000302,  33.840
    62.6,0.000475,0.000484,-0.002314,0.000338,  33.840
    62.8,0.000479,0.000483,-0.002007,0.000351,  33.842
    63.0,0.000486,0.000487,-0.001415,0.000316,  33.837
    63.2,0.000476,0.000484,-0.001182,0.000351,  33.839
    63.4,0.000480,0.000483,-0.000972,0.000338,  33.835
    63.6,0.000474,0.000480,-0.000825,0.000316,  33.829
    63.8,0.000464,0.000480,-0.000702,0.000338,  33.827
    64.0,0.000468,0.000472,-0.000627,0.000325,  33.831
    64.2,0.000463,0.000464,-0.000602,0.000302,  33.829
    64.4,0.000459,0.000459,-0.000528,0.000312,  33.829
    64.6,0.000471,0.000454,-0.000498,0.000298,  33.826
    64.8,0.000477,0.000463,-0.000442,0.000276,  33.829
    65.0,0.000476,0.000464,-0.000375,0.000312,  33.827
    65.2,0.000486,0.000468,-0.000319,0.000325,  33.822
    65.4,0.000492,0.000478,-0.000257,0.000302,  33.829
    65.6,0.000492,0.000478,-0.000246,0.000338,  33.830
    65.8,0.000495,0.000483,-0.000251,0.000351,  33.827
    66.0,0.000496,0.000483,-0.000295,0.000316,  33.831
    66.2,0.000493,0.000483,-0.000314,0.000351,  33.823
    66.4,0.000489,0.000490,-0.000327,0.000338,  33.829
    66.6,0.000495,0.000490,-0.000372,0.000329,  33.824
    66.8,0.000500,0.000490,-0.000379,0.000364,  33.823
    67.0,0.000499,0.000493,-0.000391,0.000364,  33.824
    67.2,0.000512,0.000496,-0.000391,0.000364,  33.825
    67.4,0.000515,0.000501,-0.000411,0.000342,  33.825
    67.6,0.000514,0.000498,-0.000422,0.000342,  33.823
    67.8,0.000521,0.000507,-0.000434,0.000378,  33.822
    68.0,0.000518,0.000509,-0.000422,0.000355,  33.824
    68.2,0.000511,0.000507,-0.000373,0.000391,  33.824
    68.4,0.000518,0.000502,-0.000318,0.000391,  33.826
    68.6,0.000515,0.000504,-0.000331,0.000355,  33.824
    68.8,0.000508,0.000507,-0.000374,0.000391,  33.825
    69.0,0.000515,0.000509,-0.000454,0.000391,  33.828
    69.2,0.000512,0.000513,-0.000485,0.000355,  33.827
    69.4,0.000508,0.000513,-0.000498,0.000391,  33.826
    69.6,0.000518,0.000515,-0.000510,0.000391,  33.824
    69.8,0.000524,0.000517,-0.000510,0.000355,  33.822
    70.0,0.000520,0.000517,-0.000536,0.000391,  33.828
    70.2,0.000517,0.000522,-0.000573,0.000391,  33.828
    70.4,0.000517,0.000524,-0.000604,0.000355,  33.828
    70.6,0.000510,0.000519,-0.000624,0.000391,  33.836
    70.8,0.000507,0.000522,-0.000636,0.000391,  33.839
    71.0,0.000508,0.000514,-0.000642,0.000355,  33.843
    71.2,0.000498,0.000507,-0.000680,0.000391,  33.843
    71.4,0.000495,0.000505,-0.000729,0.000378,  33.839
    71.6,0.000496,0.000500,-0.000796,0.000342,  33.845
    71.8,0.000487,0.000491,-0.000975,0.000391,  33.837
    72.0,0.000494,0.000489,-0.001229,0.000378,  33.828
    72.2,0.000500,0.000489,-0.001543,0.000342,  33.829
    72.4,0.000500,0.000485,-0.001549,0.000391,  33.829
    72.6,0.000498,0.000483,-0.001462,0.000378,  33.826
    72.8,0.000496,0.000485,-0.001258,0.000342,  33.824
    73.0,0.000496,0.000480,-0.001147,0.000391,  33.830
    73.2,0.000492,0.000477,-0.001049,0.000391,  33.828
    73.4,0.000496,0.000477,-0.000939,0.000355,  33.824
    73.6,0.000496,0.000474,-0.000933,0.000391,  33.826
    73.8,0.000493,0.000470,-0.000989,0.000391,  33.826
    74.0,0.000486,0.000471,-0.001094,0.000355,  33.826
    74.2,0.000480,0.000465,-0.001132,0.000391,  33.826
    74.4,0.000473,0.000470,-0.001170,0.000391,  33.827
    74.6,0.000473,0.000474,-0.001175,0.000355,  33.827
    74.8,0.000473,0.000471,-0.001157,0.000391,  33.824
    75.0,0.000463,0.000477,-0.001151,0.000378,  33.829
    75.2,0.000458,0.000470,-0.001108,0.000329,  33.830
    75.4,0.000459,0.000463,-0.001041,0.000364,  33.824
    75.6,0.000446,0.000459,-0.000980,0.000351,  33.840
    75.8,0.000444,0.000454,-0.000895,0.000351,  33.845
    76.0,0.000442,0.000441,-0.001056,0.000316,  33.844
    76.2,0.000424,0.000420,-0.001320,0.000316,  33.836
    76.4,0.000406,0.000407,-0.001701,0.000338,  33.826
    76.6,0.000383,0.000398,-0.001726,0.000289,  33.830
    76.8,0.000362,0.000379,-0.001621,0.000298,  33.829
    77.0,0.000347,0.000373,-0.001374,0.000272,  33.829
    77.2,0.000337,0.000366,-0.001263,0.000223,  33.828
    77.4,0.000327,0.000359,-0.001146,0.000246,  33.831
    77.6,0.000324,0.000358,-0.001021,0.000232,  33.831
    77.8,0.000334,0.000353,-0.000916,0.000197,  33.832
    78.0,0.000330,0.000352,-0.000811,0.000232,  33.830
    78.2,0.000327,0.000354,-0.000724,0.000246,  33.828
    78.4,0.000334,0.000356,-0.000638,0.000223,  33.826
    78.6,0.000330,0.000361,-0.000638,0.000259,  33.830
    78.8,0.000330,0.000371,-0.000681,0.000246,  33.831
    79.0,0.000340,0.000374,-0.000754,0.000210,  33.827
    79.2,0.000336,0.000374,-0.000748,0.000246,  33.835
    79.4,0.000345,0.000377,-0.000712,0.000246,  33.832
    79.6,0.000355,0.000377,-0.000663,0.000210,  33.828
    79.8,0.000354,0.000383,-0.000675,0.000259,  33.833
    80.0,0.000364,0.000388,-0.000699,0.000259,  33.833
    80.2,0.000367,0.000393,-0.000761,0.000223,  33.836
    80.4,0.000363,0.000390,-0.000811,0.000272,  33.836
    80.6,0.000367,0.000389,-0.000855,0.000259,  33.839
    80.8,0.000367,0.000389,-0.000891,0.000223,  33.845
    81.0,0.000345,0.000384,-0.000873,0.000272,  33.854
    81.2,0.000316,0.000376,-0.000836,0.000259,  33.859
    81.4,0.000281,0.000365,-0.000762,0.000210,  33.854
    81.6,0.000272,0.000357,-0.000762,0.000246,  33.852
    81.8,0.000278,0.000353,-0.000773,0.000219,  33.857
    82.0,0.000297,0.000354,-0.000841,0.000184,  33.854
    82.2,0.000300,0.000356,-0.001112,0.000219,  33.855
    82.4,0.000309,0.000356,-0.001488,0.000232,  33.860
    82.6,0.000314,0.000360,-0.001973,0.000210,  33.860
    82.8,0.000323,0.000362,-0.001948,0.000246,  33.862
    83.0,0.000325,0.000365,-0.001721,0.000246,  33.864
    83.2,0.000325,0.000360,-0.001289,0.000223,  33.866
    83.4,0.000328,0.000360,-0.001122,0.000272,  33.867
    83.6,0.000327,0.000359,-0.000987,0.000259,  33.865
    83.8,0.000337,0.000359,-0.000914,0.000223,  33.870
    84.0,0.000349,0.000362,-0.000816,0.000285,  33.867
    84.2,0.000351,0.000371,-0.000711,0.000285,  33.871
    84.4,0.000367,0.000386,-0.000631,0.000298,  33.872
    84.6,0.000375,0.000392,-0.000594,0.000289,  33.872
    84.8,0.000374,0.000401,-0.000594,0.000276,  33.873
    85.0,0.000390,0.000410,-0.000625,0.000325,  33.873
    85.2,0.000396,0.000421,-0.000699,0.000302,  33.875
    85.4,0.000398,0.000427,-0.000810,0.000351,  33.876
    85.6,0.000413,0.000431,-0.000951,0.000351,  33.875
    85.8,0.000422,0.000438,-0.001188,0.000329,  33.879
    86.0,0.000424,0.000435,-0.001466,0.000364,  33.881
    86.2,0.000434,0.000435,-0.001800,0.000364,  33.881
    86.4,0.000431,0.000437,-0.001837,0.000329,  33.884
    86.6,0.000424,0.000434,-0.001758,0.000364,  33.883
    86.8,0.000428,0.000437,-0.001560,0.000351,  33.891
    87.0,0.000419,0.000437,-0.001498,0.000302,  33.888
    87.2,0.000412,0.000432,-0.001449,0.000338,  33.888
    87.4,0.000416,0.000437,-0.001393,0.000351,  33.892
    87.6,0.000416,0.000435,-0.001368,0.000316,  33.892
    87.8,0.000409,0.000435,-0.001726,0.000351,  33.896
    88.0,0.000416,0.000431,-0.002236,0.000351,  33.909
    88.2,0.000410,0.000431,-0.002905,0.000316,  33.907
    88.4,0.000401,0.000426,-0.002881,0.000351,  33.909
    88.6,0.000405,0.000414,-0.002581,0.000338,  33.910
    88.8,0.000399,0.000411,-0.002034,0.000316,  33.913
    89.0,0.000383,0.000404,-0.001801,0.000338,  33.911
    89.2,0.000381,0.000405,-0.001599,0.000312,  33.916
    89.4,0.000373,0.000401,-0.001432,0.000289,  33.917
    89.6,0.000360,0.000397,-0.001371,0.000312,  33.923
    89.8,0.000361,0.000393,-0.001383,0.000298,  33.921
    90.0,0.000352,0.000391,-0.001469,0.000263,  33.928
    90.2,0.000342,0.000387,-0.001425,0.000298,  33.930
    90.4,0.000346,0.000380,-0.001346,0.000285,  33.926
    90.6,0.000341,0.000376,-0.001254,0.000250,  33.934
    90.8,0.000334,0.000370,-0.001211,0.000298,  33.936
    91.0,0.000338,0.000366,-0.001199,0.000285,  33.938
    91.2,0.000341,0.000364,-0.001217,0.000263,  33.942
    91.4,0.000341,0.000364,-0.001253,0.000298,  33.938
    91.6,0.000344,0.000368,-0.001320,0.000298,  33.939
    91.8,0.000350,0.000375,-0.001418,0.000276,  33.935
    92.0,0.000350,0.000379,-0.001856,0.000312,  33.943
    92.2,0.000362,0.000380,-0.002483,0.000312,  33.937
    92.4,0.000364,0.000387,-0.003325,0.000289,  33.939
    92.6,0.000379,0.000389,-0.003314,0.000325,  33.942
    92.8,0.000388,0.000396,-0.002952,0.000325,  33.944
    93.0,0.000397,0.000403,-0.002296,0.000302,  33.941
    93.2,0.000410,0.000405,-0.002242,0.000338,  33.945
    93.4,0.000418,0.000411,-0.002309,0.000351,  33.943
    93.6,0.000417,0.000418,-0.002529,0.000351,  33.946
    93.8,0.000417,0.000415,-0.002444,0.000342,  33.949
    94.0,0.000423,0.000417,-0.002266,0.000329,  33.947
    94.2,0.000426,0.000420,-0.002020,0.000364,  33.944
    94.4,0.000430,0.000417,-0.001873,0.000342,  33.950
    94.6,0.000433,0.000421,-0.001738,0.000364,  33.946
    94.8,0.000433,0.000432,-0.001621,0.000364,  33.951
    95.0,0.000433,0.000436,-0.001565,0.000329,  33.953
    95.2,0.000439,0.000434,-0.001565,0.000364,  33.952
    95.4,0.000442,0.000442,-0.001594,0.000364,  33.954
    95.6,0.000445,0.000446,-0.001562,0.000329,  33.957
    95.8,0.000447,0.000443,-0.001550,0.000364,  33.956
    96.0,0.000450,0.000443,-0.001544,0.000364,  33.956
    96.2,0.000445,0.000438,-0.001459,0.000329,  33.963
    96.4,0.000439,0.000438,-0.001305,0.000364,  33.968
    96.6,0.000436,0.000443,-0.001127,0.000364,  33.969
    96.8,0.000424,0.000441,-0.000893,0.000316,  33.966
    97.0,0.000421,0.000444,-0.000857,0.000351,  33.972
    97.2,0.000414,0.000432,-0.000882,0.000351,  33.968
    97.4,0.000411,0.000431,-0.000944,0.000302,  33.970
    97.6,0.000407,0.000431,-0.000950,0.000338,  33.973
    97.8,0.000410,0.000429,-0.000957,0.000351,  33.975
    98.0,0.000413,0.000426,-0.000957,0.000316,  33.978
    98.2,0.000409,0.000428,-0.000995,0.000351,  33.969
    98.4,0.000416,0.000430,-0.001037,0.000351,  33.976
    98.6,0.000419,0.000437,-0.001085,0.000329,  33.974
    98.8,0.000418,0.000438,-0.001116,0.000364,  33.975
    99.0,0.000425,0.000436,-0.001159,0.000364,  33.974
    99.2,0.000428,0.000443,-0.001170,0.000342,  33.978
    99.4,0.000431,0.000445,-0.001196,0.000378,  33.972
    99.6,0.000443,0.000450,-0.001214,0.000364,  33.976
    99.8,0.000450,0.000455,-0.001226,0.000329,  33.976
   100.0,0.000453,0.000457,-0.001246,0.000378,  33.975
   100.2,0.000463,0.000459,-0.001251,0.000378,  33.977
   100.4,0.000459,0.000461,-0.001264,0.000342,  33.979
   100.6,0.000459,0.000469,-0.001246,0.000391,  33.977
   100.8,0.000459,0.000464,-0.001226,0.000378,  33.980
   101.0,0.000453,0.000462,-0.001214,0.000329,  33.983
   101.2,0.000450,0.000466,-0.001201,0.000364,  33.992
   101.4,0.000447,0.000463,-0.001189,0.000351,  33.989
   101.6,0.000435,0.000458,-0.001182,0.000302,  33.982
   101.8,0.000426,0.000446,-0.001151,0.000312,  33.985
   102.0,0.000420,0.000437,-0.001120,0.000298,  33.980
   102.2,0.000402,0.000430,-0.001057,0.000285,  33.983
   102.4,0.000397,0.000423,-0.001039,0.000250,  33.986
   102.6,0.000391,0.000408,-0.001019,0.000250,  33.983
   102.8,0.000378,0.000404,-0.001000,0.000272,  33.991
   103.0,0.000379,0.000402,-0.000926,0.000223,  33.992
   103.2,0.000371,0.000392,-0.000814,0.000259,  33.992
   103.4,0.000352,0.000393,-0.000664,0.000246,  33.992
   103.6,0.000345,0.000388,-0.000583,0.000197,  33.998
   103.8,0.000342,0.000385,-0.000546,0.000232,  33.998
   104.0,0.000332,0.000385,-0.000527,0.000219,  33.996
   104.2,0.000336,0.000378,-0.000514,0.000184,  33.999
   104.4,0.000339,0.000382,-0.000507,0.000219,  34.000
   104.6,0.000338,0.000386,-0.000531,0.000219,  33.999
   104.8,0.000350,0.000388,-0.000524,0.000197,  33.996
   105.0,0.000356,0.000392,-0.000512,0.000232,  33.994
   105.2,0.000352,0.000400,-0.000505,0.000232,  34.000
   105.4,0.000362,0.000404,-0.000498,0.000232,  33.998
   105.6,0.000368,0.000407,-0.000503,0.000232,  33.998
   105.8,0.000371,0.000419,-0.000534,0.000268,  34.001
   106.0,0.000378,0.000429,-0.000583,0.000281,  34.006
   106.2,0.000381,0.000431,-0.000583,0.000246,  34.008
   106.4,0.000377,0.000434,-0.000583,0.000281,  34.012
   106.6,0.000379,0.000434,-0.000571,0.000281,  34.013
   106.8,0.000374,0.000426,-0.000576,0.000246,  34.012
   107.0,0.000358,0.000420,-0.000600,0.000268,  34.011
   107.2,0.000353,0.000414,-0.000630,0.000219,  34.013
   107.4,0.000346,0.000403,-0.000556,0.000219,  34.019
   107.6,0.000349,0.000403,-0.000450,0.000232,  34.022
   107.8,0.000355,0.000406,-0.000309,0.000197,  34.017
   108.0,0.000354,0.000405,-0.000198,0.000232,  34.020
   108.2,0.000367,0.000410,-0.000061,0.000232,  34.022
   108.4,0.000373,0.000419,0.000057,0.000197,  34.027
   108.6,0.000375,0.000429,0.000045,0.000232,  34.026
   108.8,0.000378,0.000429,-0.000003,0.000232,  34.028
   109.0,0.000378,0.000426,-0.000100,0.000197,  34.031
   109.2,0.000375,0.000429,-0.000180,0.000232,  34.042
   109.4,0.000371,0.000426,-0.000266,0.000232,  34.041
   109.6,0.000378,0.000421,-0.000350,0.000210,  34.042
   109.8,0.000378,0.000423,-0.000356,0.000246,  34.043
   110.0,0.000374,0.000426,-0.000325,0.000246,  34.046
   110.2,0.000387,0.000434,-0.000256,0.000223,  34.045
   110.4,0.000393,0.000441,-0.000151,0.000272,  34.058
   110.6,0.000398,0.000455,-0.000028,0.000272,  34.054
   110.8,0.000409,0.000459,0.000120,0.000285,  34.052
   111.0,0.000424,0.000462,0.000213,0.000263,  34.057
   111.2,0.000429,0.000471,0.000281,0.000263,  34.062
   111.4,0.000447,0.000477,0.000325,0.000298,  34.071
   111.6,0.000460,0.000484,0.000325,0.000289,  34.065
   111.8,0.000466,0.000480,0.000288,0.000325,  34.059
   112.0,0.000472,0.000487,0.000202,0.000325,  34.056
   112.2,0.000479,0.000487,0.000184,0.000302,  34.053
   112.4,0.000485,0.000489,0.000178,0.000325,  34.052
   112.6,0.000488,0.000491,0.000192,0.000325,  34.050
   112.8,0.000494,0.000493,0.000199,0.000302,  34.053
   113.0,0.000500,0.000502,0.000212,0.000325,  34.054
   113.2,0.000508,0.000505,0.000219,0.000325,  34.053
   113.4,0.000524,0.000509,0.000288,0.000302,  34.056
   113.6,0.000530,0.000516,0.000406,0.000325,  34.062
   113.8,0.000532,0.000518,0.000536,0.000325,  34.059
   114.0,0.000540,0.000522,0.000704,0.000302,  34.061
   114.2,0.000549,0.000525,0.000171,0.000325,  34.063
   114.4,0.000552,0.000525,-0.000601,0.000325,  34.068
   114.6,0.000556,0.000535,-0.001654,0.000302,  34.068
   114.8,0.000562,0.000537,-0.001615,0.000325,  34.070
   115.0,0.000561,0.000539,-0.001189,0.000325,  34.072
   115.2,0.000571,0.000534,-0.000341,0.000302,  34.076
   115.4,0.000574,0.000529,0.000007,0.000325,  34.076
   115.6,0.000567,0.000539,0.000318,0.000312,  34.074
   115.8,0.000576,0.000540,0.000587,0.000289,  34.078
   116.0,0.000576,0.000538,0.000744,0.000312,  34.078
   116.2,0.000567,0.000541,0.000808,0.000298,  34.081
   116.4,0.000564,0.000539,0.000785,0.000263,  34.086
   116.6,0.000561,0.000537,0.000986,0.000285,  34.091
   116.8,0.000549,0.000535,0.001243,0.000272,  34.092
   117.0,0.000544,0.000535,0.001563,0.000223,  34.089
   117.2,0.000553,0.000536,0.001826,0.000232,  34.090
   117.4,0.000555,0.000529,0.002077,0.000193,  34.092
   117.6,0.000579,0.000528,0.002342,0.000157,  34.093
   117.8,0.000597,0.000531,0.002551,0.000206,  34.093
   118.0,0.000610,0.000548,0.002721,0.000219,  34.094
   118.2,0.000636,0.000564,0.002855,0.000210,  34.098
   118.4,0.000667,0.000575,0.003014,0.000259,  34.097
   118.6,0.000687,0.000591,0.003135,0.000259,  34.099
   118.8,0.000724,0.000611,0.003264,0.000236,  34.100
   119.0,0.000758,0.000623,0.003447,0.000298,  34.104
   119.2,0.000777,0.000641,0.003669,0.000285,  34.113
   119.4,0.000804,0.000655,0.003897,0.000263,  34.116
   119.6,0.000816,0.000670,0.004125,0.000298,  34.115
   119.8,0.000841,0.000693,0.004367,0.000298,  34.115
   120.0,0.000860,0.000705,0.004622,0.000312,  34.118
   120.2,0.000893,0.000718,0.004882,0.000276,  34.118
   120.4,0.000920,0.000736,0.005143,0.000289,  34.124
   120.6,0.000939,0.000751,0.005397,0.000312,  34.123
   120.8,0.000966,0.000764,0.005703,0.000276,  34.122
   121.0,0.000992,0.000780,0.006021,0.000312,  34.126
   121.2,0.001009,0.000800,0.006359,0.000312,  34.127
   121.4,0.001039,0.000815,0.006658,0.000289,  34.125
   121.6,0.001074,0.000837,0.006971,0.000325,  34.134
   121.8,0.001102,0.000858,0.007279,0.000325,  34.137
   122.0,0.001137,0.000873,0.007530,0.000302,  34.135
   122.2,0.001173,0.000894,0.007762,0.000325,  34.131
   122.4,0.001203,0.000910,0.007989,0.000312,  34.126
   122.6,0.001225,0.000927,0.008240,0.000289,  34.128
   122.8,0.001260,0.000952,0.008510,0.000312,  34.129
   123.0,0.001296,0.000978,0.008780,0.000298,  34.133
   123.2,0.001333,0.000995,0.009056,0.000276,  34.132
   123.4,0.001370,0.001015,0.009431,0.000312,  34.137
   123.6,0.001404,0.001037,0.009844,0.000312,  34.137
   123.8,0.001461,0.001057,0.010298,0.000289,  34.139
   124.0,0.001508,0.001084,0.010821,0.000325,  34.142
   124.2,0.001545,0.001108,0.011382,0.000325,  34.146
   124.4,0.001598,0.001140,0.012002,0.000302,  34.141
   124.6,0.001645,0.001172,0.012534,0.000325,  34.143
   124.8,0.001685,0.001201,0.013021,0.000325,  34.141
   125.0,0.001735,0.001224,0.013490,0.000302,  34.143
   125.2,0.001788,0.001247,0.014037,0.000325,  34.137
   125.4,0.001836,0.001281,0.014590,0.000325,  34.142
   125.6,0.001889,0.001311,0.015170,0.000302,  34.141
   125.8,0.001941,0.001343,0.015694,0.000325,  34.143
   126.0,0.001994,0.001374,0.016199,0.000325,  34.146
   126.2,0.002043,0.001405,0.016705,0.000302,  34.143
   126.4,0.002093,0.001434,0.017361,0.000325,  34.143
   126.6,0.002145,0.001466,0.018069,0.000325,  34.152
   126.8,0.002195,0.001491,0.018851,0.000302,  34.160
   127.0,0.002233,0.001517,0.019529,0.000325,  34.153
   127.2,0.002265,0.001548,0.020189,0.000325,  34.149
   127.4,0.002294,0.001579,0.020831,0.000289,  34.150
   127.6,0.002315,0.001601,0.021454,0.000298,  34.148
   127.8,0.002367,0.001635,0.022050,0.000272,  34.151
   128.0,0.002420,0.001668,0.022641,0.000236,  34.148
   128.2,0.002478,0.001696,0.023399,0.000272,  34.144
   128.4,0.002537,0.001734,0.024231,0.000259,  34.150
   128.6,0.002585,0.001771,0.025131,0.000210,  34.148
   128.8,0.002641,0.001800,0.025920,0.000246,  34.146
   129.0,0.002696,0.001841,0.026664,0.000232,  34.147
   129.2,0.002742,0.001873,0.027361,0.000232,  34.146
   129.4,0.002796,0.001896,0.028161,0.000184,  34.148
   129.6,0.002842,0.001927,0.028982,0.000184,  34.146
   129.8,0.002882,0.001952,0.029805,0.000206,  34.142
   130.0,0.002933,0.001986,0.030623,0.000170,  34.144
   130.2,0.002986,0.002019,0.031429,0.000180,  34.147
   130.4,0.003037,0.002051,0.032229,0.000166,  34.143
   130.6,0.003108,0.002093,0.033051,0.000131,  34.145
   130.8,0.003173,0.002136,0.033862,0.000180,  34.143
   131.0,0.003236,0.002180,0.034680,0.000166,  34.142
   131.2,0.003319,0.002224,0.035336,0.000144,  34.136
   131.4,0.003389,0.002264,0.035932,0.000180,  34.135
   131.6,0.003457,0.002307,0.036453,0.000180,  34.133
   131.8,0.003528,0.002348,0.036899,0.000144,  34.135
   132.0,0.003584,0.002386,0.037229,0.000180,  34.135
   132.2,0.003627,0.002416,0.037450,0.000166,  34.133
   132.4,0.003663,0.002447,0.037589,0.000118,  34.129
   132.6,0.003721,0.002467,0.038476,0.000140,  34.128
   132.8,0.003780,0.002497,0.039689,0.000114,  34.124
   133.0,0.003847,0.002512,0.041237,0.000078,  34.121
   133.2,0.003917,0.002555,0.042375,0.000127,  34.119
   133.4,0.003988,0.002595,0.043460,0.000140,  34.117
   133.6,0.004064,0.002650,0.044500,0.000118,  34.110
   133.8,0.004140,0.002696,0.045318,0.000166,  34.106
   134.0,0.004213,0.002743,0.046004,0.000153,  34.099
   134.2,0.004290,0.002787,0.046529,0.000118,  34.103
   134.4,0.004366,0.002831,0.047449,0.000166,  34.098
   134.6,0.004436,0.002881,0.048506,0.000166,  34.097
   134.8,0.004504,0.002930,0.049663,0.000144,  34.093
   135.0,0.004586,0.002978,0.050718,0.000180,  34.093
   135.2,0.004668,0.003030,0.051768,0.000180,  34.092
   135.4,0.004753,0.003088,0.052814,0.000157,  34.089
   135.6,0.004830,0.003144,0.053783,0.000180,  34.080
   135.8,0.004900,0.003198,0.054669,0.000180,  34.083
   136.0,0.004965,0.003254,0.055505,0.000157,  34.080
   136.2,0.005026,0.003317,0.056467,0.000180,  34.082
   136.4,0.005115,0.003375,0.057452,0.000180,  34.081
   136.6,0.005212,0.003433,0.058462,0.000157,  34.073
   136.8,0.005314,0.003503,0.059538,0.000193,  34.077
   137.0,0.005411,0.003568,0.060660,0.000193,  34.082
   137.2,0.005511,0.003631,0.061835,0.000170,  34.074
   137.4,0.005608,0.003688,0.063007,0.000206,  34.071
   137.6,0.005709,0.003754,0.064182,0.000206,  34.064
   137.8,0.005809,0.003815,0.065376,0.000219,  34.061
   138.0,0.005909,0.003882,0.066616,0.000197,  34.058
   138.2,0.006020,0.003957,0.067875,0.000184,  34.054
   138.4,0.006132,0.004041,0.069151,0.000219,  34.042
   138.6,0.006250,0.004114,0.070357,0.000197,  34.025
   138.8,0.006368,0.004192,0.071544,0.000232,  34.023
   139.0,0.006486,0.004274,0.072666,0.000219,  34.017
   139.2,0.006601,0.004350,0.074010,0.000197,  34.017
   139.4,0.006719,0.004429,0.075470,0.000232,  34.009
   139.6,0.006834,0.004506,0.076989,0.000232,  34.003
   139.8,0.006946,0.004577,0.078234,0.000197,  34.001
   140.0,0.007064,0.004660,0.079398,0.000232,  33.992
   140.2,0.007176,0.004739,0.080443,0.000232,  33.978
   140.4,0.007285,0.004813,0.081414,0.000197,  33.971
   140.6,0.007404,0.004889,0.082816,0.000232,  33.967
   140.8,0.007519,0.004964,0.084329,0.000219,  33.960
   141.0,0.007631,0.005032,0.085978,0.000197,  33.950
   141.2,0.007746,0.005087,0.087573,0.000219,  33.947
   141.4,0.007862,0.005144,0.089197,0.000193,  33.937
   141.6,0.007971,0.005194,0.090827,0.000157,  33.927
   141.8,0.008078,0.005255,0.092464,0.000193,  33.916
   142.0,0.008175,0.005325,0.094107,0.000166,  33.911
   142.2,0.008267,0.005390,0.095763,0.000131,  33.906
   142.4,0.008359,0.005448,0.097426,0.000153,  33.894
   142.6,0.008448,0.005505,0.099109,0.000127,  33.880
   142.8,0.008530,0.005567,0.100828,0.000078,  33.867
   143.0,0.008634,0.005634,0.102447,0.000114,  33.855
   143.2,0.008747,0.005706,0.104048,0.000114,  33.852
   143.4,0.008862,0.005784,0.105608,0.000065,  33.838
   143.6,0.008981,0.005860,0.106896,0.000100,  33.824
   143.8,0.009099,0.005941,0.108013,0.000100,  33.817
   144.0,0.009221,0.006022,0.108956,0.000078,  33.804
   144.2,0.009349,0.006104,0.110272,0.000114,  33.789
   144.4,0.009469,0.006197,0.111667,0.000100,  33.780
   144.6,0.009597,0.006299,0.113175,0.000078,  33.763
   144.8,0.009704,0.006386,0.114800,0.000114,  33.758
   145.0,0.009798,0.006473,0.116516,0.000114,  33.739
   145.2,0.009888,0.006560,0.118340,0.000091,  33.725
   145.4,0.009965,0.006648,0.120147,0.000127,  33.709
   145.6,0.010078,0.006734,0.122008,0.000127,  33.691
   145.8,0.010193,0.006813,0.123928,0.000104,  33.675
   146.0,0.010325,0.006896,0.125756,0.000140,  33.666
   146.2,0.010438,0.006975,0.127558,0.000127,  33.650
   146.4,0.010538,0.007052,0.129340,0.000091,  33.633
   146.6,0.010646,0.007131,0.131096,0.000127,  33.612
   146.8,0.010753,0.007205,0.132825,0.000127,  33.598
   147.0,0.010848,0.007277,0.134509,0.000114,  33.587
   147.2,0.010953,0.007356,0.136169,0.000078,  33.583
   147.4,0.011054,0.007431,0.137832,0.000065,  33.566
   147.6,0.011145,0.007508,0.139449,0.000100,  33.534
   147.8,0.011248,0.007579,0.140947,0.000052,  33.524
   148.0,0.011355,0.007658,0.142376,0.000061,  33.501
   148.2,0.011461,0.007733,0.143729,0.000048,  33.485
   148.4,0.011588,0.007814,0.145213,0.000012,  33.469
   148.6,0.011704,0.007906,0.146713,0.000061,  33.450
   148.8,0.011819,0.008006,0.148236,0.000048,  33.428
   149.0,0.011949,0.008100,0.149468,0.000012,  33.414
   149.2,0.012068,0.008183,0.150562,0.000048,  33.400
   149.4,0.012177,0.008262,0.151511,0.000034,  33.373
   149.6,0.012295,0.008335,0.152294,-0.000001,  33.354
   149.8,0.012408,0.008405,0.153832,0.000034,  33.347
   150.0,0.012519,0.008464,0.155567,0.000021,  33.331
   150.2,0.012634,0.008518,0.157559,-0.000014,  33.303
   150.4,0.012744,0.008600,0.159368,0.000021,  33.296
   150.6,0.012855,0.008678,0.161177,0.000008,  33.275
   150.8,0.012965,0.008766,0.162987,-0.000027,  33.255
   151.0,0.013073,0.008849,0.164775,0.000008,  33.240
   151.2,0.013178,0.008930,0.166553,0.000008,  33.216
   151.4,0.013280,0.009019,0.168270,-0.000041,  33.195
   151.6,0.013379,0.009099,0.169907,-0.000005,  33.171
   151.8,0.013471,0.009176,0.171528,-0.000005,  33.155
   152.0,0.013558,0.009246,0.173048,-0.000054,  33.134
   152.2,0.013654,0.009323,0.174518,-0.000018,  33.122
   152.4,0.013747,0.009405,0.175930,-0.000018,  33.112
   152.6,0.013843,0.009484,0.177278,-0.000018,  33.069
   152.8,0.013933,0.009552,0.178635,-0.000032,  33.057
   153.0,0.014014,0.009604,0.179945,-0.000036,  33.031
   153.2,0.014089,0.009656,0.181215,-0.000036,  33.007
   153.4,0.014161,0.009726,0.182323,-0.000058,  32.984
   153.6,0.014223,0.009806,0.183326,-0.000036,  32.953
   153.8,0.014293,0.009894,0.184172,-0.000036,  32.934
   154.0,0.014346,0.009964,0.185419,-0.000071,  32.909
   154.2,0.014421,0.010034,0.186805,-0.000049,  32.890
   154.4,0.014492,0.010098,0.188296,-0.000049,  32.861
   154.6,0.014583,0.010162,0.189851,-0.000097,  32.832
   154.8,0.014658,0.010222,0.191522,-0.000075,  32.807
   155.0,0.014726,0.010279,0.193272,-0.000075,  32.784
   155.2,0.014802,0.010339,0.194767,-0.000111,  32.759
   155.4,0.014865,0.010395,0.196222,-0.000075,  32.730
   155.6,0.014934,0.010446,0.197597,-0.000075,  32.697
   155.8,0.015000,0.010505,0.198935,-0.000111,  32.674
   156.0,0.015062,0.010562,0.200238,-0.000075,  32.651
   156.2,0.015135,0.010617,0.201518,-0.000088,  32.620
   156.4,0.015201,0.010673,0.202669,-0.000075,  32.597
   156.6,0.015264,0.010737,0.203743,-0.000075,  32.557
   156.8,0.015340,0.010803,0.204705,-0.000088,  32.537
   157.0,0.015406,0.010859,0.205581,-0.000088,  32.504
   157.2,0.015465,0.010908,0.206330,-0.000124,  32.482
   157.4,0.015529,0.010966,0.207014,-0.000088,  32.451
   157.6,0.015586,0.011021,0.207569,-0.000088,  32.413
   157.8,0.015646,0.011075,0.208485,-0.000124,  32.385
   158.0,0.015713,0.011130,0.209436,-0.000088,  32.346
   158.2,0.015776,0.011178,0.210506,-0.000075,  32.318
   158.4,0.015826,0.011226,0.211544,-0.000097,  32.274
   158.6,0.015885,0.011262,0.212591,-0.000049,  32.226
   158.8,0.015933,0.011301,0.213642,-0.000036,  32.201
   159.0,0.015981,0.011344,0.214474,-0.000071,  32.158
   159.2,0.016033,0.011390,0.215205,-0.000062,  32.115
   159.4,0.016082,0.011433,0.215785,-0.000062,  32.075
   159.6,0.016124,0.011477,0.216518,-0.000097,  32.033
   159.8,0.016167,0.011512,0.217266,-0.000075,  31.999
   160.0,0.016206,0.011553,0.218015,-0.000075,  31.954
   160.2,0.016251,0.011597,0.218738,-0.000111,  31.913
   160.4,0.016290,0.011630,0.219483,-0.000075,  31.874
   160.6,0.016332,0.011674,0.220208,-0.000075,  31.818
   160.8,0.016375,0.011718,0.220878,-0.000111,  31.784
   161.0,0.016404,0.011761,0.221521,-0.000075,  31.737
   161.2,0.016437,0.011809,0.222145,-0.000075,  31.697
   161.4,0.016467,0.011846,0.222797,-0.000111,  31.658
   161.6,0.016490,0.011880,0.223458,-0.000075,  31.609
   161.8,0.016521,0.011912,0.224084,-0.000088,  31.571
   162.0,0.016540,0.011951,0.224732,-0.000124,  31.530
   162.2,0.016570,0.011983,0.225353,-0.000088,  31.495
   162.4,0.016596,0.012018,0.225976,-0.000101,  31.458
   162.6,0.016639,0.012054,0.226343,-0.000137,  31.409
   162.8,0.016669,0.012089,0.226561,-0.000088,  31.380
   163.0,0.016693,0.012116,0.226624,-0.000088,  31.343
   163.2,0.016727,0.012157,0.227034,-0.000124,  31.305
   163.4,0.016757,0.012203,0.227601,-0.000101,  31.261
   163.6,0.016780,0.012249,0.228212,-0.000101,  31.216
   163.8,0.016817,0.012278,0.228782,-0.000150,  31.181
   164.0,0.016841,0.012311,0.229395,-0.000115,  31.146
   164.2,0.016859,0.012338,0.230017,-0.000128,  31.109
   164.4,0.016881,0.012366,0.230503,-0.000163,  31.067
   164.6,0.016903,0.012391,0.230917,-0.000141,  31.014
   164.8,0.016921,0.012424,0.231267,-0.000177,  30.983
   165.0,0.016942,0.012451,0.231718,-0.000199,  30.943
   165.2,0.016963,0.012477,0.232169,-0.000177,  30.892
   165.4,0.016984,0.012501,0.232615,-0.000177,  30.850
   165.6,0.017005,0.012531,0.232995,-0.000199,  30.790
   165.8,0.017026,0.012557,0.233348,-0.000177,  30.753
   166.0,0.017038,0.012587,0.233650,-0.000177,  30.701
   166.2,0.017050,0.012605,0.233917,-0.000212,  30.655
   166.4,0.017062,0.012615,0.234278,-0.000177,  30.603
   166.6,0.017067,0.012636,0.234617,-0.000190,  30.543
   166.8,0.017077,0.012648,0.234949,-0.000225,  30.504
   167.0,0.017083,0.012660,0.235310,-0.000190,  30.452
   167.2,0.017082,0.012669,0.235665,-0.000216,  30.398
   167.4,0.017089,0.012677,0.236005,-0.000265,  30.349
   167.6,0.017092,0.012686,0.236288,-0.000229,  30.302
   167.8,0.017085,0.012696,0.236490,-0.000243,  30.261
   168.0,0.017089,0.012705,0.236641,-0.000291,  30.205
   168.2,0.017094,0.012713,0.236662,-0.000256,  30.151
   168.4,0.017106,0.012726,0.236581,-0.000256,  30.097
   168.6,0.017121,0.012736,0.236412,-0.000278,  30.037
   168.8,0.017130,0.012747,0.236609,-0.000278,  29.987
   169.0,0.017136,0.012768,0.236929,-0.000278,  29.931
   169.2,0.017143,0.012790,0.237352,-0.000314,  29.877
   169.4,0.017149,0.012804,0.237528,-0.000278,  29.826
   169.6,0.017148,0.012812,0.237658,-0.000243,  29.764
   169.8,0.017161,0.012824,0.237672,-0.000265,  29.724
   170.0,0.017167,0.012835,0.237796,-0.000229,  29.663
   170.2,0.017173,0.012854,0.237898,-0.000229,  29.606
   170.4,0.017183,0.012876,0.238029,-0.000252,  29.552
   170.6,0.017186,0.012892,0.237919,-0.000203,  29.488
   170.8,0.017182,0.012905,0.237641,-0.000216,  29.442
   171.0,0.017182,0.012921,0.237246,-0.000252,  29.388
   171.2,0.017182,0.012933,0.237202,-0.000203,  29.325
   171.4,0.017172,0.012942,0.237261,-0.000203,  29.273
   171.6,0.017170,0.012944,0.237414,-0.000239,  29.205
   171.8,0.017161,0.012949,0.237422,-0.000203,  29.160
   172.0,0.017155,0.012952,0.237408,-0.000203,  29.104
   172.2,0.017142,0.012950,0.237379,-0.000203,  29.048
   172.4,0.017140,0.012950,0.236796,-0.000225,  28.994
   172.6,0.017131,0.012950,0.235973,-0.000225,  28.934
   172.8,0.017115,0.012945,0.234847,-0.000190,  28.901
   173.0,0.017110,0.012931,0.234667,-0.000212,  28.842
   173.2,0.017098,0.012910,0.234849,-0.000190,  28.787
   173.4,0.017076,0.012886,0.235373,-0.000190,  28.734
   173.6,0.017065,0.012876,0.235404,-0.000225,  28.655
   173.8,0.017044,0.012872,0.235376,-0.000177,  28.621
   174.0,0.017010,0.012879,0.235282,-0.000190,  28.567
   174.2,0.016986,0.012862,0.235255,-0.000225,  28.512
   174.4,0.016956,0.012842,0.235205,-0.000177,  28.455
   174.6,0.016910,0.012817,0.235149,-0.000190,  28.397
   174.8,0.016875,0.012789,0.235093,-0.000225,  28.355
   175.0,0.016838,0.012756,0.234884,-0.000190,  28.304
   175.2,0.016792,0.012729,0.234602,-0.000203,  28.249
   175.4,0.016757,0.012708,0.234248,-0.000239,  28.193
   175.6,0.016724,0.012683,0.233881,-0.000203,  28.137
   175.8,0.016690,0.012669,0.233464,-0.000203,  28.093
   176.0,0.016661,0.012653,0.232975,-0.000239,  28.043
   176.2,0.016634,0.012635,0.232537,-0.000203,  27.994
   176.4,0.016604,0.012617,0.232056,-0.000203,  27.953
   176.6,0.016577,0.012591,0.231576,-0.000239,  27.894
   176.8,0.016546,0.012569,0.231104,-0.000203,  27.864
   177.0,0.016506,0.012542,0.230581,-0.000203,  27.821
   177.2,0.016473,0.012518,0.230060,-0.000239,  27.780
   177.4,0.016440,0.012488,0.229603,-0.000190,  27.738
   177.6,0.016400,0.012467,0.229140,-0.000190,  27.687
   177.8,0.016371,0.012444,0.228721,-0.000212,  27.659
   178.0,0.016334,0.012404,0.228194,-0.000177,  27.619
   178.2,0.016291,0.012354,0.227611,-0.000177,  27.573
   178.4,0.016256,0.012299,0.226979,-0.000199,  27.531
   178.6,0.016229,0.012276,0.226242,-0.000177,  27.475
   178.8,0.016208,0.012260,0.225429,-0.000177,  27.437
   179.0,0.016183,0.012255,0.224497,-0.000199,  27.389
   179.2,0.016168,0.012234,0.223940,-0.000163,  27.347
   179.4,0.016128,0.012207,0.223540,-0.000163,  27.302
   179.6,0.016098,0.012180,0.223238,-0.000186,  27.249
   179.8,0.016053,0.012151,0.222817,-0.000150,  27.208
   180.0,0.016010,0.012111,0.222404,-0.000163,  27.164
   180.2,0.015972,0.012077,0.221955,-0.000186,  27.120
   180.4,0.015927,0.012043,0.221437,-0.000150,  27.070
   180.6,0.015884,0.012009,0.220843,-0.000150,  27.020
   180.8,0.015857,0.011978,0.220221,-0.000150,  26.979
   181.0,0.015824,0.011948,0.219650,-0.000173,  26.934
   181.2,0.015791,0.011921,0.219037,-0.000173,  26.890
   181.4,0.015758,0.011890,0.218404,-0.000137,  26.845
   181.6,0.015732,0.011861,0.217821,-0.000159,  26.788
   181.8,0.015699,0.011826,0.217238,-0.000124,  26.754
   182.0,0.015659,0.011794,0.216636,-0.000124,  26.707
   182.2,0.015630,0.011767,0.216089,-0.000146,  26.666
   182.4,0.015605,0.011734,0.215544,-0.000097,  26.620
   182.6,0.015571,0.011714,0.215026,-0.000097,  26.563
   182.8,0.015554,0.011693,0.214530,-0.000120,  26.536
   183.0,0.015530,0.011682,0.214076,-0.000071,  26.509
   183.2,0.015496,0.011673,0.213636,-0.000084,  26.451
   183.4,0.015473,0.011664,0.213217,-0.000107,  26.406
   183.6,0.015443,0.011652,0.212805,-0.000071,  26.353
   183.8,0.015409,0.011648,0.212414,-0.000058,  26.314
   184.0,0.015386,0.011649,0.212023,-0.000080,  26.266
   184.2,0.015344,0.011613,0.211619,-0.000045,  26.224
   184.4,0.015283,0.011563,0.211201,-0.000045,  26.172
   184.6,0.015229,0.011496,0.210785,-0.000067,  26.106
   184.8,0.015178,0.011446,0.210328,-0.000045,  26.074
   185.0,0.015120,0.011396,0.209857,-0.000058,  26.024
   185.2,0.015070,0.011346,0.209341,-0.000080,  25.969
   185.4,0.015022,0.011303,0.208695,-0.000058,  25.921
   185.6,0.014976,0.011259,0.207982,-0.000058,  25.854
   185.8,0.014941,0.011223,0.207141,-0.000080,  25.821
   186.0,0.014902,0.011186,0.206478,-0.000058,  25.774
   186.2,0.014856,0.011150,0.205842,-0.000058,  25.718
   186.4,0.014823,0.011111,0.205200,-0.000080,  25.667
   186.6,0.014781,0.011075,0.204600,-0.000058,  25.607
   186.8,0.014729,0.011035,0.204008,-0.000058,  25.567
   187.0,0.014688,0.010995,0.203416,-0.000080,  25.524
   187.2,0.014649,0.010953,0.202746,-0.000058,  25.478
   187.4,0.014619,0.010917,0.202057,-0.000058,  25.428
   187.6,0.014579,0.010880,0.201316,-0.000080,  25.376
   187.8,0.014552,0.010838,0.200728,-0.000058,  25.340
   188.0,0.014503,0.010800,0.200207,-0.000058,  25.301
   188.2,0.014465,0.010764,0.199740,-0.000080,  25.264
   188.4,0.014411,0.010742,0.199174,-0.000058,  25.224
   188.6,0.014368,0.010719,0.198596,-0.000058,  25.174
   188.8,0.014342,0.010708,0.198013,-0.000080,  25.152
   189.0,0.014315,0.010667,0.197476,-0.000045,  25.114
   189.2,0.014254,0.010618,0.196913,-0.000045,  25.074
   189.4,0.014198,0.010557,0.196358,-0.000045,  25.035
   189.6,0.014123,0.010493,0.195856,-0.000080,  24.995
   189.8,0.014044,0.010432,0.195394,-0.000080,  24.964
   190.0,0.013976,0.010366,0.194952,-0.000058,  24.931
   190.2,0.013895,0.010302,0.194268,-0.000093,  24.893
   190.4,0.013816,0.010243,0.193461,-0.000058,  24.868
   190.6,0.013754,0.010179,0.192558,-0.000058,  24.828
   190.8,0.013685,0.010117,0.191707,-0.000080,  24.800
   191.0,0.013615,0.010060,0.190838,-0.000058,  24.767
   191.2,0.013562,0.010001,0.189945,-0.000058,  24.733
   191.4,0.013500,0.009942,0.189145,-0.000080,  24.696
   191.6,0.013430,0.009889,0.188392,-0.000058,  24.649
   191.8,0.013374,0.009835,0.187655,-0.000058,  24.613
   192.0,0.013311,0.009778,0.186965,-0.000080,  24.579
   192.2,0.013238,0.009718,0.186163,-0.000058,  24.539
   192.4,0.013176,0.009666,0.185332,-0.000058,  24.503
   192.6,0.013107,0.009616,0.184495,-0.000080,  24.461
   192.8,0.013035,0.009566,0.183660,-0.000058,  24.426
   193.0,0.012970,0.009529,0.182840,-0.000058,  24.391
   193.2,0.012901,0.009484,0.181995,-0.000093,  24.367
   193.4,0.012825,0.009418,0.180958,-0.000058,  24.331
   193.6,0.012763,0.009352,0.179829,-0.000071,  24.281
   193.8,0.012691,0.009276,0.178604,-0.000107,  24.253
   194.0,0.012616,0.009220,0.177775,-0.000071,  24.214
   194.2,0.012557,0.009165,0.177078,-0.000084,  24.170
   194.4,0.012494,0.009116,0.176487,-0.000120,  24.136
   194.6,0.012422,0.009062,0.175722,-0.000084,  24.089
   194.8,0.012366,0.009010,0.174972,-0.000084,  24.057
   195.0,0.012303,0.008952,0.174160,-0.000120,  24.021
   195.2,0.012239,0.008897,0.173005,-0.000084,  23.984
   195.4,0.012189,0.008840,0.171666,-0.000084,  23.949
   195.6,0.012130,0.008794,0.170124,-0.000120,  23.905
   195.8,0.012082,0.008747,0.169395,-0.000084,  23.877
   196.0,0.012043,0.008694,0.168947,-0.000097,  23.838
   196.2,0.012004,0.008652,0.168785,-0.000133,  23.801
   196.4,0.011974,0.008609,0.168174,-0.000084,  23.765
   196.6,0.011917,0.008568,0.167474,-0.000097,  23.725
   196.8,0.011870,0.008532,0.166703,-0.000097,  23.692
   197.0,0.011810,0.008483,0.166035,-0.000084,  23.661
   197.2,0.011744,0.008438,0.165361,-0.000049,  23.622
   197.4,0.011688,0.008384,0.164713,-0.000036,  23.588
   197.6,0.011619,0.008334,0.163988,-0.000071,  23.546
   197.8,0.011553,0.008287,0.163198,-0.000022,  23.516
   198.0,0.011500,0.008239,0.162412,-0.000009,  23.486
   198.2,0.011440,0.008194,0.161570,-0.000032,  23.460
   198.4,0.011381,0.008144,0.160624,-0.000009,  23.429
   198.6,0.011315,0.008101,0.159658,-0.000009,  23.385
   198.8,0.011257,0.008060,0.158796,-0.000009,  23.357
   199.0,0.011206,0.008019,0.157954,-0.000009,  23.325
   199.2,0.011154,0.007988,0.157120,-0.000009,  23.291
   199.4,0.011117,0.007941,0.156288,0.000004,  23.258
   199.6,0.011060,0.007889,0.155465,-0.000018,  23.218
   199.8,0.011000,0.007832,0.154657,0.000017,  23.194
   200.0,0.010936,0.007783,0.154016,0.000030,  23.161
   200.2,0.010874,0.007724,0.153491,-0.000005,  23.131
   200.4,0.010810,0.007663,0.153020,0.000017,  23.100
   200.6,0.010736,0.007609,0.152676,0.000030,  23.061
   200.8,0.010668,0.007550,0.152017,-0.000018,  23.033
   201.0,0.010602,0.007493,0.151292,0.000004,  23.007
   201.2,0.010527,0.007438,0.150483,0.000017,  22.976
   201.4,0.010458,0.007379,0.149622,-0.000032,  22.945
   201.6,0.010385,0.007335,0.148676,0.000004,  22.909
   201.8,0.010323,0.007293,0.147639,0.000017,  22.890
   202.0,0.010260,0.007250,0.146765,-0.000018,  22.861
   202.2,0.010185,0.007215,0.145897,0.000017,  22.831
   202.4,0.010117,0.007177,0.145065,0.000030,  22.808
   202.6,0.010054,0.007132,0.144179,-0.000005,  22.778
   202.8,0.009991,0.007085,0.143266,0.000017,  22.755
   203.0,0.009938,0.007030,0.142320,0.000030,  22.733
   203.2,0.009879,0.006975,0.141376,-0.000005,  22.710
   203.4,0.009810,0.006929,0.140423,0.000030,  22.692
   203.6,0.009754,0.006884,0.139445,0.000030,  22.670
   203.8,0.009704,0.006837,0.138532,-0.000018,  22.647
   204.0,0.009646,0.006796,0.137627,-0.000009,  22.625
   204.2,0.009609,0.006758,0.136752,-0.000032,  22.599
   204.4,0.009548,0.006720,0.135934,-0.000018,  22.573
   204.6,0.009492,0.006671,0.135111,-0.000018,  22.539
   204.8,0.009430,0.006626,0.134323,-0.000041,  22.520
   205.0,0.009379,0.006582,0.133558,-0.000005,  22.499
   205.2,0.009335,0.006540,0.132808,-0.000005,  22.477
   205.4,0.009296,0.006497,0.132073,-0.000041,  22.451
   205.6,0.009258,0.006452,0.131246,-0.000005,  22.419
   205.8,0.009203,0.006405,0.130397,-0.000005,  22.404
   206.0,0.009151,0.006361,0.129533,-0.000027,  22.377
   206.2,0.009089,0.006316,0.128644,0.000008,  22.352
   206.4,0.009031,0.006266,0.127719,0.000008,  22.326
   206.6,0.008988,0.006228,0.126810,-0.000014,  22.297
   206.8,0.008937,0.006188,0.125940,0.000021,  22.281
   207.0,0.008883,0.006147,0.125038,0.000008,  22.253
   207.2,0.008842,0.006114,0.124155,0.000008,  22.229
   207.4,0.008789,0.006078,0.123420,-0.000027,  22.201
   207.6,0.008738,0.006040,0.122763,-0.000014,  22.169
   207.8,0.008697,0.006001,0.122153,0.000008,  22.153
   208.0,0.008653,0.005967,0.121412,-0.000027,  22.125
   208.2,0.008607,0.005937,0.120653,0.000008,  22.101
   208.4,0.008576,0.005905,0.119852,0.000008,  22.086
   208.6,0.008537,0.005870,0.119147,-0.000027,  22.056
   208.8,0.008504,0.005839,0.118458,0.000008,  22.034
   209.0,0.008487,0.005807,0.117796,0.000008,  22.011
   209.2,0.008466,0.005789,0.117244,-0.000027,  21.991
   209.4,0.008436,0.005776,0.116798,0.000008,  21.961
   209.6,0.008413,0.005779,0.116398,0.000008,  21.929
   209.8,0.008386,0.005750,0.116085,-0.000027,  21.902
   210.0,0.008338,0.005716,0.115483,0.000021,  21.876
   210.2,0.008292,0.005675,0.114829,0.000021,  21.849
   210.4,0.008232,0.005644,0.114109,-0.000014,  21.820
   210.6,0.008185,0.005607,0.113589,0.000034,  21.783
   210.8,0.008135,0.005580,0.113128,0.000021,  21.764
   211.0,0.008094,0.005554,0.112747,-0.000014,  21.737
   211.2,0.008046,0.005520,0.112143,0.000034,  21.703
   211.4,0.008008,0.005495,0.111451,0.000021,  21.675
   211.6,0.007969,0.005464,0.110656,-0.000014,  21.638
   211.8,0.007924,0.005435,0.109976,0.000034,  21.616
   212.0,0.007889,0.005406,0.109306,0.000021,  21.585
   212.2,0.007848,0.005375,0.108637,-0.000014,  21.560
   212.4,0.007805,0.005346,0.107999,0.000034,  21.529
   212.6,0.007777,0.005315,0.107346,0.000021,  21.489
   212.8,0.007738,0.005283,0.106747,-0.000014,  21.471
   213.0,0.007709,0.005256,0.106151,0.000034,  21.440
   213.2,0.007679,0.005226,0.105532,0.000021,  21.411
   213.4,0.007656,0.005199,0.104945,0.000021,  21.390
   213.6,0.007632,0.005166,0.104417,0.000034,  21.358
   213.8,0.007590,0.005127,0.103907,0.000057,  21.337
   214.0,0.007555,0.005094,0.103429,0.000057,  21.312
   214.2,0.007514,0.005073,0.102876,0.000034,  21.289
   214.4,0.007474,0.005061,0.102308,0.000070,  21.261
   214.6,0.007452,0.005061,0.101730,0.000070,  21.232
   214.8,0.007425,0.005033,0.101195,0.000034,  21.214
   215.0,0.007386,0.005007,0.100686,0.000070,  21.190
   215.2,0.007353,0.004969,0.100194,0.000070,  21.165
   215.4,0.007312,0.004933,0.099822,0.000048,  21.145
   215.6,0.007267,0.004901,0.099529,0.000034,  21.115
   215.8,0.007225,0.004877,0.099269,0.000034,  21.100
   216.0,0.007185,0.004843,0.098721,0.000012,  21.081
   216.2,0.007137,0.004819,0.098023,0.000048,  21.058
   216.4,0.007102,0.004795,0.097208,0.000048,  21.039
   216.6,0.007065,0.004768,0.096595,0.000012,  21.013
   216.8,0.007030,0.004739,0.096009,0.000061,  20.995
   217.0,0.006988,0.004712,0.095449,0.000048,  20.975
   217.2,0.006957,0.004680,0.094745,0.000025,  20.956
   217.4,0.006921,0.004658,0.094015,0.000074,  20.933
   217.6,0.006873,0.004633,0.093229,0.000074,  20.903
   217.8,0.006839,0.004602,0.092620,0.000052,  20.885
   218.0,0.006800,0.004578,0.092081,0.000087,  20.864
   218.2,0.006755,0.004548,0.091614,0.000087,  20.838
   218.4,0.006724,0.004521,0.091200,0.000065,  20.820
   218.6,0.006685,0.004497,0.090070,0.000087,  20.798
   218.8,0.006634,0.004474,0.088692,0.000087,  20.784
   219.0,0.006600,0.004456,0.087076,0.000100,  20.756
   219.2,0.006562,0.004429,0.086453,0.000074,  20.732
   219.4,0.006519,0.004402,0.086200,0.000096,  20.706
   219.6,0.006488,0.004371,0.086291,0.000110,  20.673
   219.8,0.006450,0.004344,0.085896,0.000061,  20.655
   220.0,0.006408,0.004319,0.085437,0.000096,  20.632
   220.2,0.006374,0.004290,0.084894,0.000110,  20.614
   220.4,0.006339,0.004263,0.084452,0.000061,  20.588
   220.6,0.006303,0.004231,0.084033,0.000096,  20.560
   220.8,0.006265,0.004197,0.083630,0.000110,  20.540
   221.0,0.006230,0.004170,0.083082,0.000061,  20.515
   221.2,0.006197,0.004143,0.082472,0.000096,  20.497
   221.4,0.006159,0.004119,0.081785,0.000110,  20.465
   221.6,0.006132,0.004095,0.081208,0.000061,  20.440
   221.8,0.006102,0.004067,0.080632,0.000096,  20.424
   222.0,0.006091,0.004048,0.080064,0.000110,  20.394
   222.2,0.006070,0.004028,0.079473,0.000061,  20.373
   222.4,0.006039,0.004000,0.078875,0.000096,  20.346
   222.6,0.006013,0.003985,0.078276,0.000074,  20.319
   222.8,0.005983,0.003972,0.077755,0.000061,  20.301
   223.0,0.005950,0.003950,0.077250,0.000061,  20.284
   223.2,0.005933,0.003944,0.076798,0.000038,  20.256
   223.4,0.005907,0.003926,0.076318,0.000074,  20.236
   223.6,0.005870,0.003906,0.075852,0.000087,  20.209
   223.8,0.005851,0.003889,0.075380,0.000065,  20.204
   224.0,0.005821,0.003871,0.074955,0.000100,  20.182
   224.2,0.005788,0.003844,0.074553,0.000100,  20.159
   224.4,0.005771,0.003819,0.074173,0.000100,  20.134
   224.6,0.005751,0.003799,0.073672,0.000065,  20.111
   224.8,0.005720,0.003781,0.073091,0.000065,  20.093
   225.0,0.005704,0.003764,0.072487,0.000100,  20.073
   225.2,0.005674,0.003743,0.071905,0.000078,  20.052
   225.4,0.005641,0.003720,0.071294,0.000100,  20.031
   225.6,0.005614,0.003698,0.070661,0.000100,  20.006
   225.8,0.005582,0.003678,0.070119,0.000078,  19.990
   226.0,0.005546,0.003654,0.069616,0.000114,  19.968
   226.2,0.005516,0.003637,0.069142,0.000114,  19.946
   226.4,0.005488,0.003617,0.068676,0.000078,  19.924
   226.6,0.005451,0.003595,0.068248,0.000114,  19.900
   226.8,0.005429,0.003581,0.067842,0.000114,  19.883
   227.0,0.005404,0.003559,0.067473,0.000078,  19.864
   227.2,0.005367,0.003538,0.067055,0.000114,  19.845
   227.4,0.005342,0.003516,0.066622,0.000114,  19.822
   227.6,0.005306,0.003495,0.066183,0.000091,  19.797
   227.8,0.005270,0.003475,0.065692,0.000127,  19.781
   228.0,0.005245,0.003460,0.065193,0.000127,  19.768
   228.2,0.005215,0.003442,0.064657,0.000104,  19.748
   228.4,0.005186,0.003424,0.064138,0.000140,  19.735
   228.6,0.005160,0.003401,0.063642,0.000127,  19.708
   228.8,0.005137,0.003383,0.063095,0.000091,  19.702
   229.0,0.005111,0.003363,0.062564,0.000127,  19.692
   229.2,0.005071,0.003334,0.062054,0.000127,  19.673
   229.4,0.005049,0.003304,0.061509,0.000091,  19.658
   229.6,0.005028,0.003290,0.061001,0.000127,  19.641
   229.8,0.005004,0.003278,0.060508,0.000127,  19.628
   230.0,0.004993,0.003268,0.060016,0.000091,  19.608
   230.2,0.004973,0.003254,0.059531,0.000127,  19.596
   230.4,0.004945,0.003240,0.059047,0.000127,  19.579
   230.6,0.004928,0.003235,0.058585,0.000091,  19.556
   230.8,0.004911,0.003219,0.058124,0.000127,  19.544
   231.0,0.004890,0.003205,0.057676,0.000127,  19.532
   231.2,0.004876,0.003189,0.057215,0.000091,  19.517
   231.4,0.004858,0.003175,0.056711,0.000140,  19.498
   231.6,0.004840,0.003160,0.056180,0.000140,  19.483
   231.8,0.004816,0.003147,0.055620,0.000140,  19.469
   232.0,0.004802,0.003131,0.055184,0.000153,  19.449
   232.2,0.004785,0.003116,0.054798,0.000176,  19.432
   232.4,0.004760,0.003101,0.054477,0.000176,  19.417
   232.6,0.004746,0.003084,0.054064,0.000153,  19.402
   232.8,0.004719,0.003073,0.053628,0.000189,  19.393
   233.0,0.004698,0.003059,0.053172,0.000189,  19.374
   233.2,0.004678,0.003043,0.052802,0.000153,  19.364
   233.4,0.004650,0.003027,0.052453,0.000153,  19.343
   233.6,0.004634,0.003006,0.052134,0.000153,  19.322
   233.8,0.004613,0.002988,0.051736,0.000118,  19.315
   234.0,0.004583,0.002971,0.051303,0.000153,  19.307
   234.2,0.004563,0.002959,0.050848,0.000153,  19.289
   234.4,0.004534,0.002944,0.050401,0.000104,  19.277
   234.6,0.004510,0.002927,0.049948,0.000127,  19.252
   234.8,0.004499,0.002923,0.049466,0.000100,  19.242
   235.0,0.004487,0.002908,0.048957,0.000065,  19.229
   235.2,0.004463,0.002887,0.048399,0.000100,  19.212
   235.4,0.004449,0.002877,0.047814,0.000100,  19.193
   235.6,0.004428,0.002863,0.047201,0.000078,  19.176
   235.8,0.004407,0.002849,0.047005,0.000114,  19.165
   236.0,0.004396,0.002845,0.046956,0.000100,  19.153
   236.2,0.004382,0.002832,0.047034,0.000078,  19.136
   236.4,0.004364,0.002824,0.046936,0.000114,  19.117
   236.6,0.004343,0.002816,0.046796,0.000100,  19.096
   236.8,0.004330,0.002808,0.046649,0.000078,  19.082
   237.0,0.004315,0.002792,0.046523,0.000114,  19.068
   237.2,0.004296,0.002784,0.046376,0.000100,  19.051
   237.4,0.004292,0.002776,0.046229,0.000078,  19.035
   237.6,0.004283,0.002762,0.045942,0.000114,  19.012
   237.8,0.004261,0.002754,0.045585,0.000100,  18.996
   238.0,0.004256,0.002750,0.045143,0.000078,  18.982
   238.2,0.004244,0.002738,0.044871,0.000114,  18.962
   238.4,0.004232,0.002734,0.044640,0.000114,  18.947
   238.6,0.004223,0.002725,0.044445,0.000091,  18.925
   238.8,0.004207,0.002718,0.044159,0.000127,  18.912
   239.0,0.004203,0.002712,0.043831,0.000127,  18.896
   239.2,0.004188,0.002705,0.043461,0.000104,  18.881
   239.4,0.004179,0.002698,0.042918,0.000140,  18.871
   239.6,0.004176,0.002693,0.042250,0.000127,  18.849
   239.8,0.004167,0.002696,0.041480,0.000091,  18.833
   240.0,0.004164,0.002687,0.041251,0.000127,  18.820
   240.2,0.004149,0.002676,0.041196,0.000127,  18.801
   240.4,0.004141,0.002665,0.041369,0.000091,  18.789
   240.6,0.004126,0.002656,0.041286,0.000127,  18.770
   240.8,0.004105,0.002644,0.041119,0.000127,  18.759
   241.0,0.004094,0.002635,0.040939,0.000091,  18.750
   241.2,0.004077,0.002619,0.040773,0.000127,  18.730
   241.4,0.004058,0.002610,0.040586,0.000127,  18.723
   241.6,0.004050,0.002599,0.040399,0.000091,  18.704
   241.8,0.004038,0.002592,0.040240,0.000127,  18.696
   242.0,0.004023,0.002583,0.040088,0.000127,  18.682
   242.2,0.004018,0.002577,0.039936,0.000127,  18.667
   242.4,0.004006,0.002569,0.039708,0.000104,  18.658
   242.6,0.003988,0.002564,0.039486,0.000118,  18.643
   242.8,0.003983,0.002561,0.039204,0.000166,  18.632
   243.0,0.003971,0.002553,0.038955,0.000131,  18.617
   243.2,0.003952,0.002547,0.038728,0.000180,  18.610
   243.4,0.003948,0.002539,0.038500,0.000193,  18.600
   243.6,0.003936,0.002529,0.038204,0.000170,  18.585
   243.8,0.003917,0.002517,0.037894,0.000206,  18.576
   244.0,0.003909,0.002504,0.037550,0.000193,  18.559
   244.2,0.003892,0.002488,0.037282,0.000170,  18.555
   244.4,0.003870,0.002479,0.037062,0.000206,  18.541
   244.6,0.003863,0.002463,0.036836,0.000206,  18.521
   244.8,0.003845,0.002449,0.036657,0.000184,  18.511
   245.0,0.003826,0.002440,0.036383,0.000206,  18.496
   245.2,0.003815,0.002434,0.036068,0.000206,  18.485
   245.4,0.003800,0.002423,0.035719,0.000184,  18.470
   245.6,0.003778,0.002416,0.035425,0.000206,  18.452
   245.8,0.003765,0.002405,0.035138,0.000206,  18.444
   246.0,0.003751,0.002399,0.034858,0.000184,  18.430
   246.2,0.003730,0.002387,0.034564,0.000206,  18.417
   246.4,0.003719,0.002373,0.034271,0.000206,  18.402
   246.6,0.003702,0.002354,0.033951,0.000184,  18.388
   246.8,0.003680,0.002336,0.033427,0.000206,  18.378
   247.0,0.003666,0.002320,0.032816,0.000206,  18.364
   247.2,0.003646,0.002320,0.032085,0.000184,  18.353
   247.4,0.003624,0.002314,0.031800,0.000193,  18.338
   247.6,0.003617,0.002298,0.031697,0.000180,  18.323
   247.8,0.003599,0.002290,0.031757,0.000144,  18.314
   248.0,0.003580,0.002284,0.031607,0.000180,  18.301
   248.2,0.003573,0.002268,0.031424,0.000166,  18.286
   248.4,0.003555,0.002255,0.031220,0.000131,  18.273
   248.6,0.003536,0.002240,0.031098,0.000166,  18.257
   248.8,0.003532,0.002225,0.030989,0.000153,  18.245
   249.0,0.003514,0.002220,0.030893,0.000118,  18.227
   249.2,0.003502,0.002213,0.030737,0.000153,  18.218
   249.4,0.003494,0.002201,0.030554,0.000153,  18.211
   249.6,0.003482,0.002205,0.030338,0.000118,  18.196
   249.8,0.003476,0.002197,0.030108,0.000153,  18.182
   250.0,0.003463,0.002190,0.029865,0.000140,  18.170
   250.2,0.003455,0.002190,0.029589,0.000140,  18.161
   250.4,0.003446,0.002183,0.029373,0.000153,  18.148
   250.6,0.003430,0.002177,0.029178,0.000176,  18.130
   250.8,0.003428,0.002172,0.028982,0.000189,  18.119
   251.0,0.003426,0.002167,0.028800,0.000166,  18.104
   251.2,0.003411,0.002158,0.028611,0.000215,  18.093
   251.4,0.003412,0.002156,0.028423,0.000215,  18.083
   251.6,0.003403,0.002147,0.028167,0.000193,  18.066
   251.8,0.003387,0.002143,0.027844,0.000228,  18.056
   252.0,0.003385,0.002137,0.027496,0.000228,  18.046
   252.2,0.003371,0.002131,0.027233,0.000228,  18.034
   252.4,0.003355,0.002123,0.026985,0.000228,  18.021
   252.6,0.003356,0.002121,0.026770,0.000215,  18.007
   252.8,0.003347,0.002114,0.026569,0.000228,  17.997
   253.0,0.003329,0.002099,0.026360,0.000193,  17.985
   253.2,0.003324,0.002090,0.026172,0.000242,  17.975
   253.4,0.003309,0.002078,0.025978,0.000255,  17.964
   253.6,0.003298,0.002072,0.025804,0.000206,  17.948
   253.8,0.003280,0.002061,0.025590,0.000242,  17.938
   254.0,0.003269,0.002052,0.025417,0.000255,  17.933
   254.2,0.003255,0.002041,0.025223,0.000219,  17.919
   254.4,0.003233,0.002035,0.025003,0.000255,  17.914
   254.6,0.003222,0.002026,0.024775,0.000268,  17.900
   254.8,0.003208,0.002015,0.024409,0.000232,  17.894
   255.0,0.003186,0.002011,0.023971,0.000255,  17.883
   255.2,0.003182,0.002005,0.023441,0.000268,  17.875
   255.4,0.003166,0.002001,0.023129,0.000219,  17.864
   255.6,0.003154,0.002001,0.022870,0.000242,  17.849
   255.8,0.003148,0.001996,0.022671,0.000255,  17.843
   256.0,0.003136,0.001991,0.022538,0.000219,  17.836
   256.2,0.003131,0.001984,0.022451,0.000255,  17.829
   256.4,0.003122,0.001978,0.022422,0.000268,  17.818
   256.6,0.003109,0.001973,0.022269,0.000232,  17.808
   256.8,0.003100,0.001967,0.022082,0.000255,  17.803
   257.0,0.003092,0.001960,0.021863,0.000268,  17.793
   257.2,0.003079,0.001956,0.021650,0.000232,  17.784
   257.4,0.003067,0.001951,0.021438,0.000255,  17.772
   257.6,0.003062,0.001947,0.021220,0.000268,  17.761
   257.8,0.003053,0.001945,0.020969,0.000232,  17.750
   258.0,0.003044,0.001942,0.020718,0.000268,  17.743
   258.2,0.003045,0.001947,0.020422,0.000281,  17.737
   258.4,0.003039,0.001945,0.020230,0.000246,  17.723
   258.6,0.003036,0.001933,0.020084,0.000281,  17.714
   258.8,0.003020,0.001926,0.019964,0.000259,  17.706
   259.0,0.003022,0.001922,0.019283,0.000259,  17.698
   259.2,0.003006,0.001914,0.018330,0.000246,  17.690
   259.4,0.002991,0.001908,0.017107,0.000210,  17.685
   259.6,0.002986,0.001902,0.016879,0.000246,  17.677
   259.8,0.002968,0.001887,0.016987,0.000246,  17.664
   260.0,0.002953,0.001868,0.017439,0.000197,  17.656
   260.2,0.002945,0.001859,0.017508,0.000219,  17.648
   260.4,0.002927,0.001844,0.017551,0.000206,  17.631
   260.6,0.002912,0.001839,0.017543,0.000193,  17.621
   260.8,0.002905,0.001827,0.017340,0.000170,  17.615
   261.0,0.002886,0.001818,0.017027,0.000157,  17.602
   261.2,0.002871,0.001817,0.016578,0.000193,  17.596
   261.4,0.002864,0.001806,0.016499,0.000193,  17.590
   261.6,0.002842,0.001793,0.016550,0.000180,  17.578
   261.8,0.002834,0.001785,0.016718,0.000202,  17.567
   262.0,0.002821,0.001780,0.016709,0.000166,  17.561
   262.2,0.002802,0.001773,0.016682,0.000180,  17.549
   262.4,0.002800,0.001773,0.016635,0.000166,  17.546
   262.6,0.002792,0.001771,0.016639,0.000144,  17.532
   262.8,0.002779,0.001766,0.016657,0.000180,  17.524
   263.0,0.002783,0.001764,0.016708,0.000180,  17.512
   263.2,0.002777,0.001762,0.016752,0.000157,  17.505
   263.4,0.002764,0.001759,0.016310,0.000180,  17.495
   263.6,0.002762,0.001752,0.015669,0.000180,  17.482
   263.8,0.002754,0.001753,0.014837,0.000157,  17.472
   264.0,0.002744,0.001745,0.014693,0.000180,  17.460
   264.2,0.002745,0.001741,0.014808,0.000180,  17.453
   264.4,0.002742,0.001739,0.015173,0.000157,  17.443
   264.6,0.002720,0.001732,0.015159,0.000193,  17.431
   264.8,0.002707,0.001723,0.015099,0.000193,  17.429
   265.0,0.002678,0.001715,0.014937,0.000157,  17.415
   265.2,0.002665,0.001713,0.014903,0.000193,  17.407
   265.4,0.002669,0.001713,0.014894,0.000166,  17.399
   265.6,0.002672,0.001715,0.014906,0.000144,  17.386
   265.8,0.002672,0.001715,0.014833,0.000180,  17.382
   266.0,0.002669,0.001710,0.014716,0.000180,  17.375
   266.2,0.002670,0.001704,0.014567,0.000157,  17.364
   266.4,0.002667,0.001704,0.014534,0.000193,  17.353
   266.6,0.002657,0.001701,0.014520,0.000193,  17.341
   266.8,0.002658,0.001699,0.014553,0.000170,  17.333
   267.0,0.002652,0.001695,0.014352,0.000206,  17.325
   267.2,0.002649,0.001687,0.014061,0.000193,  17.322
   267.4,0.002644,0.001681,0.013654,0.000170,  17.313
   267.6,0.002638,0.001676,0.013524,0.000206,  17.304
   267.8,0.002632,0.001667,0.013471,0.000193,  17.296
   268.0,0.002613,0.001665,0.013475,0.000170,  17.291
   268.2,0.002612,0.001660,0.013415,0.000206,  17.283
   268.4,0.002606,0.001660,0.013382,0.000193,  17.274
   268.6,0.002596,0.001660,0.013337,0.000170,  17.262
   268.8,0.002600,0.001660,0.013091,0.000219,  17.263
   269.0,0.002597,0.001661,0.012757,0.000219,  17.256
   269.2,0.002587,0.001664,0.012315,0.000232,  17.245
   269.4,0.002591,0.001661,0.012038,0.000210,  17.236
   269.6,0.002588,0.001656,0.011781,0.000223,  17.237
   269.8,0.002578,0.001655,0.011556,0.000246,  17.232
   270.0,0.002579,0.001650,0.011438,0.000210,  17.224
   270.2,0.002576,0.001646,0.011405,0.000246,  17.220
   270.4,0.002561,0.001644,0.011448,0.000232,  17.213
   270.6,0.002559,0.001637,0.011407,0.000197,  17.200
   270.8,0.002553,0.001634,0.011367,0.000232,  17.196
   271.0,0.002537,0.001635,0.011333,0.000246,  17.189
   271.2,0.002533,0.001628,0.011281,0.000223,  17.181
   271.4,0.002524,0.001627,0.011228,0.000272,  17.171
   271.6,0.002511,0.001626,0.011189,0.000259,  17.161
   271.8,0.002509,0.001621,0.011132,0.000223,  17.157
   272.0,0.002501,0.001619,0.010582,0.000272,  17.151
   272.2,0.002488,0.001617,0.009842,0.000259,  17.147
   272.4,0.002486,0.001610,0.008900,0.000223,  17.141
   272.6,0.002470,0.001606,0.008683,0.000272,  17.131
   272.8,0.002461,0.001594,0.008718,0.000259,  17.127
   273.0,0.002450,0.001592,0.009008,0.000223,  17.119
   273.2,0.002434,0.001588,0.009101,0.000272,  17.107
   273.4,0.002435,0.001581,0.009220,0.000259,  17.101
   273.6,0.002423,0.001574,0.009357,0.000223,  17.095
   273.8,0.002405,0.001570,0.009444,0.000259,  17.086
   274.0,0.002403,0.001563,0.009531,0.000246,  17.081
   274.2,0.002391,0.001554,0.009605,0.000197,  17.075
   274.4,0.002373,0.001547,0.009572,0.000232,  17.068
   274.6,0.002368,0.001540,0.009494,0.000232,  17.063
   274.8,0.002359,0.001529,0.009359,0.000184,  17.059
   275.0,0.002344,0.001515,0.009326,0.000206,  17.050
   275.2,0.002336,0.001511,0.009318,0.000206,  17.044
   275.4,0.002321,0.001495,0.009329,0.000184,  17.033
   275.6,0.002313,0.001489,0.009276,0.000206,  17.023
   275.8,0.002307,0.001486,0.009193,0.000193,  17.022
   276.0,0.002304,0.001491,0.009085,0.000170,  17.011
   276.2,0.002304,0.001487,0.009020,0.000219,  17.003
   276.4,0.002294,0.001485,0.008987,0.000219,  17.000
   276.6,0.002295,0.001490,0.008967,0.000210,  16.994
   276.8,0.002292,0.001495,0.008858,0.000246,  16.985
   277.0,0.002282,0.001494,0.008724,0.000246,  16.980
   277.2,0.002286,0.001499,0.008558,0.000223,  16.975
   277.4,0.002280,0.001502,0.008430,0.000259,  16.966
   277.6,0.002271,0.001502,0.008320,0.000246,  16.959
   277.8,0.002275,0.001501,0.008191,0.000246,  16.950
   278.0,0.002272,0.001496,0.008042,0.000223,  16.946
   278.2,0.002262,0.001493,0.007908,0.000223,  16.937
   278.4,0.002266,0.001489,0.007728,0.000259,  16.932
   278.6,0.002260,0.001484,0.007404,0.000236,  16.921
   278.8,0.002247,0.001477,0.007017,0.000272,  16.915
   279.0,0.002248,0.001484,0.006525,0.000272,  16.915
   279.2,0.002243,0.001479,0.006390,0.000236,  16.905
   279.4,0.002230,0.001470,0.006407,0.000272,  16.894
   279.6,0.002231,0.001468,0.006551,0.000272,  16.886
   279.8,0.002219,0.001464,0.006518,0.000236,  16.884
   280.0,0.002201,0.001452,0.006427,0.000272,  16.881
   280.2,0.002193,0.001453,0.006339,0.000272,  16.876
   280.4,0.002175,0.001448,0.006205,0.000272,  16.871
   280.6,0.002163,0.001446,0.006184,0.000272,  16.859
   280.8,0.002164,0.001439,0.006164,0.000294,  16.856
   281.0,0.002164,0.001434,0.006155,0.000294,  16.848
   281.2,0.002154,0.001429,0.006065,0.000272,  16.841
   281.4,0.002158,0.001425,0.005919,0.000308,  16.833
   281.6,0.002152,0.001422,0.005728,0.000308,  16.826
   281.8,0.002142,0.001420,0.005607,0.000272,  16.822
   282.0,0.002143,0.001416,0.005493,0.000308,  16.817
   282.2,0.002135,0.001418,0.005360,0.000308,  16.814
   282.4,0.002122,0.001418,0.005275,0.000272,  16.813
   282.6,0.002123,0.001414,0.005229,0.000308,  16.803
   282.8,0.002111,0.001409,0.005188,0.000308,  16.804
   283.0,0.002098,0.001412,0.005035,0.000272,  16.797
   283.2,0.002102,0.001408,0.004845,0.000308,  16.795
   283.4,0.002099,0.001403,0.004618,0.000308,  16.789
   283.6,0.002090,0.001396,0.004503,0.000272,  16.778
   283.8,0.002094,0.001399,0.004413,0.000308,  16.780
   284.0,0.002088,0.001399,0.004374,0.000308,  16.769
   284.2,0.002085,0.001391,0.003846,0.000285,  16.764
   284.4,0.002082,0.001396,0.003088,0.000321,  16.760
   284.6,0.002072,0.001395,0.002116,0.000321,  16.751
   284.8,0.002066,0.001392,0.002107,0.000298,  16.750
   285.0,0.002057,0.001390,0.002459,0.000321,  16.747
   285.2,0.002051,0.001390,0.003198,0.000321,  16.745
   285.4,0.002049,0.001389,0.003346,0.000272,  16.738
   285.6,0.002036,0.001380,0.003362,0.000281,  16.732
   285.8,0.002030,0.001377,0.003280,0.000281,  16.727
   286.0,0.002023,0.001369,0.003235,0.000259,  16.728
   286.2,0.002007,0.001366,0.003146,0.000294,  16.719
   286.4,0.002004,0.001361,0.003027,0.000294,  16.715
   286.6,0.002002,0.001351,0.002976,0.000272,  16.709
   286.8,0.001989,0.001351,0.002944,0.000294,  16.701
   287.0,0.001988,0.001346,0.002913,0.000294,  16.701
   287.2,0.001986,0.001339,0.002868,0.000294,  16.695
   287.4,0.001970,0.001333,0.002841,0.000294,  16.692
   287.6,0.001965,0.001331,0.002789,0.000281,  16.686
   287.8,0.001954,0.001322,0.002768,0.000268,  16.678
   288.0,0.001935,0.001313,0.002755,0.000232,  16.674
   288.2,0.001930,0.001305,0.002746,0.000255,  16.670
   288.4,0.001919,0.001301,0.002645,0.000255,  16.665
   288.6,0.001903,0.001291,0.002508,0.000206,  16.659
   288.8,0.001904,0.001287,0.002321,0.000228,  16.657
   289.0,0.001898,0.001282,0.002265,0.000242,  16.653
   289.2,0.001885,0.001276,0.002263,0.000206,  16.649
   289.4,0.001889,0.001279,0.002275,0.000228,  16.641
   289.6,0.001878,0.001277,0.002356,0.000242,  16.632
   289.8,0.001865,0.001272,0.002336,0.000206,  16.628
   290.0,0.001869,0.001269,0.002305,0.000228,  16.620
   290.2,0.001863,0.001264,0.002248,0.000242,  16.623
   290.4,0.001850,0.001253,0.002241,0.000206,  16.614
   290.6,0.001849,0.001247,0.002215,0.000228,  16.606
   290.8,0.001837,0.001231,0.002194,0.000242,  16.605
   291.0,0.001830,0.001227,0.002162,0.000206,  16.602
   291.2,0.001834,0.001227,0.002098,0.000228,  16.593
   291.4,0.001834,0.001241,0.002022,0.000242,  16.591
   291.6,0.001830,0.001241,0.001915,0.000206,  16.581
   291.8,0.001834,0.001237,0.001797,0.000228,  16.580
   292.0,0.001834,0.001237,0.001642,0.000242,  16.576
   292.2,0.001830,0.001242,0.001566,0.000206,  16.571
   292.4,0.001834,0.001241,0.001540,0.000228,  16.568
   292.6,0.001831,0.001240,0.001521,0.000242,  16.565
   292.8,0.001827,0.001243,0.001476,0.000206,  16.563
   293.0,0.001824,0.001244,0.001451,0.000228,  16.556
   293.2,0.001821,0.001241,0.001400,0.000242,  16.556
   293.4,0.001821,0.001241,0.001318,0.000206,  16.552
   293.6,0.001821,0.001242,0.001224,0.000228,  16.545
   293.8,0.001818,0.001248,0.001100,0.000242,  16.542
   294.0,0.001822,0.001245,0.001044,0.000206,  16.532
   294.2,0.001815,0.001237,0.001019,0.000242,  16.536
   294.4,0.001819,0.001239,0.000993,0.000255,  16.533
   294.6,0.001817,0.001238,0.000732,0.000219,  16.527
   294.8,0.001810,0.001242,0.000365,0.000268,  16.526
   295.0,0.001819,0.001247,-0.000112,0.000281,  16.522
   295.2,0.001822,0.001246,-0.000119,0.000259,  16.519
   295.4,0.001822,0.001248,0.000059,0.000294,  16.515
   295.6,0.001822,0.001253,0.000424,0.000294,  16.509
   295.8,0.001829,0.001257,0.000492,0.000272,  16.506
   296.0,0.001832,0.001253,0.000472,0.000308,  16.503
   296.2,0.001828,0.001262,0.000384,0.000308,  16.500
   296.4,0.001841,0.001264,0.000346,0.000321,  16.503
   296.6,0.001847,0.001268,0.000252,0.000321,  16.491
   296.8,0.001840,0.001270,0.000153,0.000321,  16.489
   297.0,0.001850,0.001271,0.000146,0.000334,  16.484
   297.2,0.001853,0.001272,0.000144,0.000298,  16.484
   297.4,0.001846,0.001272,0.000181,0.000334,  16.479
   297.6,0.001850,0.001267,0.000156,0.000312,  16.471
   297.8,0.001847,0.001267,0.000100,0.000312,  16.470
   298.0,0.001844,0.001268,0.000025,0.000312,  16.469
   298.2,0.001845,0.001263,0.000018,0.000289,  16.462
   298.4,0.001842,0.001263,0.000017,0.000325,  16.463
   298.6,0.001836,0.001264,0.000041,0.000325,  16.456
   298.8,0.001830,0.001264,0.000078,0.000302,  16.452
   299.0,0.001827,0.001259,0.000057,0.000325,  16.449
   299.2,0.001822,0.001256,0.000050,0.000312,  16.448
   299.4,0.001816,0.001254,0.000018,0.000289,  16.442
   299.6,0.001810,0.001249,0.000029,0.000325,  16.436
   299.8,0.001794,0.001247,0.000071,0.000312,  16.435
   300.0,0.001786,0.001247,0.000094,0.000289,  16.430
   300.2,0.001780,0.001243,0.000038,0.000312,  16.430
   300.4,0.001761,0.001236,-0.000067,0.000298,  16.427
   300.6,0.001756,0.001229,-0.000222,0.000263,  16.422
   300.8,0.001751,0.001223,-0.000260,0.000272,  16.418
   301.0,0.001735,0.001217,-0.000254,0.000246,  16.411
   301.2,0.001733,0.001208,-0.000223,0.000197,  16.409
   301.4,0.001727,0.001199,-0.000292,0.000232,  16.407
   301.6,0.001712,0.001194,-0.000386,0.000232,  16.400
   301.8,0.001707,0.001184,-0.000515,0.000184,  16.397
   302.0,0.001707,0.001179,-0.000712,0.000219,  16.396
   302.2,0.001700,0.001181,-0.000966,0.000219,  16.388
   302.4,0.001707,0.001179,-0.001274,0.000210,  16.382
   302.6,0.001707,0.001181,-0.001275,0.000246,  16.381
   302.8,0.001710,0.001181,-0.001141,0.000246,  16.375
   303.0,0.001713,0.001184,-0.000877,0.000223,  16.374
   303.2,0.001713,0.001186,-0.000860,0.000285,  16.367
   303.4,0.001716,0.001189,-0.000923,0.000285,  16.362
   303.6,0.001709,0.001194,-0.001023,0.000250,  16.358
   303.8,0.001716,0.001198,-0.001049,0.000298,  16.355
   304.0,0.001712,0.001193,-0.001075,0.000285,  16.350
   304.2,0.001714,0.001193,-0.001089,0.000263,  16.345
   304.4,0.001717,0.001193,-0.001134,0.000312,  16.346
   304.6,0.001713,0.001189,-0.001184,0.000312,  16.341
   304.8,0.001713,0.001187,-0.001267,0.000325,  16.334
   305.0,0.001708,0.001182,-0.001342,0.000276,  16.333
   305.2,0.001701,0.001184,-0.001423,0.000289,  16.328
   305.4,0.001701,0.001184,-0.001522,0.000312,  16.328
   305.6,0.001705,0.001179,-0.001764,0.000276,  16.324
   305.8,0.001692,0.001181,-0.002098,0.000312,  16.319
   306.0,0.001686,0.001175,-0.002516,0.000312,  16.314
   306.2,0.001677,0.001172,-0.002567,0.000289,  16.308
   306.4,0.001668,0.001174,-0.002452,0.000325,  16.304
   306.6,0.001674,0.001176,-0.002195,0.000312,  16.303
   306.8,0.001677,0.001174,-0.002142,0.000289,  16.300
   307.0,0.001668,0.001173,-0.002087,0.000325,  16.298
   307.2,0.001672,0.001181,-0.002051,0.000312,  16.293
   307.4,0.001676,0.001181,-0.002071,0.000289,  16.289
   307.6,0.001666,0.001178,-0.002126,0.000325,  16.286
   307.8,0.001663,0.001188,-0.002218,0.000312,  16.282
   308.0,0.001670,0.001188,-0.002341,0.000289,  16.279
   308.2,0.001666,0.001185,-0.002410,0.000325,  16.277
   308.4,0.001663,0.001185,-0.002510,0.000312,  16.273
   308.6,0.001670,0.001180,-0.002591,0.000289,  16.270
   308.8,0.001666,0.001178,-0.002635,0.000325,  16.263
   309.0,0.001660,0.001180,-0.002680,0.000325,  16.261
   309.2,0.001664,0.001179,-0.002699,0.000302,  16.258
   309.4,0.001657,0.001181,-0.002682,0.000325,  16.257
   309.6,0.001657,0.001173,-0.002660,0.000325,  16.256
   309.8,0.001661,0.001178,-0.002606,0.000302,  16.254
   310.0,0.001654,0.001178,-0.002619,0.000325,  16.250
   310.2,0.001654,0.001173,-0.002639,0.000325,  16.247
   310.4,0.001658,0.001174,-0.002714,0.000302,  16.243
   310.6,0.001648,0.001172,-0.002789,0.000325,  16.250
   310.8,0.001646,0.001163,-0.002895,0.000325,  16.239
   311.0,0.001645,0.001158,-0.003012,0.000302,  16.233
   311.2,0.001642,0.001156,-0.003051,0.000325,  16.230
   311.4,0.001639,0.001154,-0.003059,0.000325,  16.228
   311.6,0.001636,0.001152,-0.003017,0.000302,  16.222
   311.8,0.001636,0.001152,-0.003086,0.000325,  16.220
   312.0,0.001632,0.001149,-0.003204,0.000325,  16.217
   312.2,0.001636,0.001149,-0.003339,0.000302,  16.212
   312.4,0.001633,0.001152,-0.003499,0.000325,  16.213
   312.6,0.001623,0.001152,-0.003707,0.000325,  16.209
   312.8,0.001630,0.001149,-0.003959,0.000302,  16.206
   313.0,0.001627,0.001144,-0.003991,0.000325,  16.202
   313.2,0.001614,0.001144,-0.003931,0.000312,  16.202
   313.4,0.001612,0.001135,-0.003804,0.000298,  16.195
   313.6,0.001604,0.001128,-0.003831,0.000263,  16.191
   313.8,0.001595,0.001127,-0.003874,0.000250,  16.187
   314.0,0.001586,0.001119,-0.003960,0.000285,  16.185
   314.2,0.001584,0.001112,-0.003997,0.000250,  16.184
   314.4,0.001575,0.001107,-0.004041,0.000272,  16.183
   314.6,0.001569,0.001101,-0.004077,0.000272,  16.177
   314.8,0.001566,0.001099,-0.004114,0.000236,  16.173
   315.0,0.001556,0.001097,-0.004157,0.000272,  16.174
   315.2,0.001554,0.001094,-0.004218,0.000259,  16.172
   315.4,0.001545,0.001091,-0.004218,0.000223,  16.165
   315.6,0.001530,0.001084,-0.004207,0.000259,  16.165
   315.8,0.001522,0.001080,-0.004158,0.000246,  16.165
   316.0,0.001505,0.001077,-0.004110,0.000197,  16.163
   316.2,0.001492,0.001066,-0.004158,0.000206,  16.158
   316.4,0.001496,0.001062,-0.004257,0.000180,  16.156
   316.6,0.001493,0.001057,-0.004398,0.000144,  16.151
   316.8,0.001486,0.001052,-0.004405,0.000180,  16.152
   317.0,0.001490,0.001050,-0.004369,0.000193,  16.148
   317.2,0.001493,0.001050,-0.004290,0.000170,  16.142
   317.4,0.001489,0.001047,-0.004267,0.000206,  16.140
   317.6,0.001496,0.001050,-0.004242,0.000206,  16.134
   317.8,0.001496,0.001052,-0.004228,0.000184,  16.136
   318.0,0.001499,0.001052,-0.004199,0.000206,  16.136
   318.2,0.001493,0.001056,-0.004170,0.000206,  16.133
   318.4,0.001494,0.001060,-0.004140,0.000184,  16.131
   318.6,0.001497,0.001065,-0.004172,0.000206,  16.129
   318.8,0.001493,0.001065,-0.004253,0.000206,  16.127
   319.0,0.001503,0.001062,-0.004337,0.000184,  16.125
   319.2,0.001506,0.001064,-0.004393,0.000219,  16.123
   319.4,0.001496,0.001062,-0.004473,0.000219,  16.116
   319.6,0.001497,0.001062,-0.004547,0.000197,  16.118
   319.8,0.001497,0.001056,-0.004828,0.000232,  16.114
   320.0,0.001497,0.001056,-0.005212,0.000219,  16.115
   320.2,0.001493,0.001050,-0.005717,0.000232,  16.114
   320.4,0.001493,0.001043,-0.005980,0.000219,  16.110
   320.6,0.001486,0.001049,-0.006187,0.000242,  16.105
   320.8,0.001487,0.001050,-0.006320,0.000255,  16.106
   321.0,0.001487,0.001048,-0.006534,0.000206,  16.106
   321.2,0.001483,0.001051,-0.006751,0.000242,  16.103
   321.4,0.001483,0.001050,-0.006993,0.000255,  16.103
   321.6,0.001483,0.001050,-0.006855,0.000219,  16.099
   321.8,0.001482,0.001056,-0.006539,0.000255,  16.096
   322.0,0.001491,0.001058,-0.006047,0.000281,  16.097
   322.2,0.001504,0.001056,-0.005811,0.000259,  16.091
   322.4,0.001502,0.001061,-0.005606,0.000294,  16.092
   322.6,0.001508,0.001063,-0.005436,0.000294,  16.091
   322.8,0.001518,0.001063,-0.005369,0.000272,  16.091
   323.0,0.001514,0.001069,-0.005364,0.000308,  16.089
   323.2,0.001524,0.001070,-0.005436,0.000308,  16.085
   323.4,0.001531,0.001073,-0.005412,0.000321,  16.082
   323.6,0.001527,0.001072,-0.005378,0.000334,  16.076
   323.8,0.001540,0.001076,-0.005324,0.000334,  16.078
   324.0,0.001537,0.001083,-0.005307,0.000347,  16.077
   324.2,0.001530,0.001080,-0.005291,0.000298,  16.072
   324.4,0.001530,0.001089,-0.005260,0.000334,  16.069
   324.6,0.001527,0.001088,-0.005260,0.000347,  16.064
   324.8,0.001520,0.001088,-0.005285,0.000312,  16.064
   325.0,0.001517,0.001083,-0.005303,0.000360,  16.063
   325.2,0.001521,0.001081,-0.005358,0.000374,  16.062
   325.4,0.001511,0.001080,-0.005389,0.000325,  16.057
   325.6,0.001508,0.001074,-0.005432,0.000347,  16.054
   325.8,0.001509,0.001067,-0.005487,0.000360,  16.055
   326.0,0.001497,0.001060,-0.005476,0.000312,  16.052
   326.2,0.001485,0.001054,-0.005452,0.000334,  16.048
   326.4,0.001480,0.001048,-0.005404,0.000334,  16.046
   326.6,0.001467,0.001044,-0.005447,0.000285,  16.037
   326.8,0.001463,0.001036,-0.005538,0.000308,  16.035
   327.0,0.001461,0.001029,-0.005653,0.000272,  16.033
   327.2,0.001448,0.001025,-0.005696,0.000272,  16.030
   327.4,0.001449,0.001016,-0.005721,0.000259,  16.029
   327.6,0.001443,0.001012,-0.005740,0.000223,  16.028
   327.8,0.001441,0.001007,-0.005752,0.000259,  16.029
   328.0,0.001432,0.000996,-0.005752,0.000246,  16.022
   328.2,0.001430,0.000994,-0.005758,0.000197,  16.022
   328.4,0.001430,0.000996,-0.005740,0.000232,  16.012
   328.6,0.001423,0.000991,-0.005704,0.000232,  16.013
   328.8,0.001430,0.000995,-0.005656,0.000197,  16.012
   329.0,0.001433,0.000997,-0.005614,0.000246,  16.007
   329.2,0.001439,0.001006,-0.005554,0.000259,  16.009
   329.4,0.001438,0.001012,-0.005519,0.000236,  16.001
   329.6,0.001443,0.001015,-0.005533,0.000298,  15.999
   329.8,0.001442,0.001017,-0.005551,0.000285,  15.997
   330.0,0.001455,0.001018,-0.005587,0.000263,  15.994
   330.2,0.001458,0.001020,-0.005631,0.000298,  15.993
   330.4,0.001457,0.001020,-0.005681,0.000298,  15.990
   330.6,0.001470,0.001026,-0.005749,0.000276,  15.987
   330.8,0.001470,0.001026,-0.005854,0.000298,  15.987
   331.0,0.001463,0.001028,-0.005982,0.000298,  15.989
   331.2,0.001464,0.001032,-0.006121,0.000285,  15.984
   331.4,0.001455,0.001032,-0.006153,0.000263,  15.979
   331.6,0.001451,0.001036,-0.006162,0.000250,  15.975
   331.8,0.001451,0.001038,-0.006108,0.000285,  15.971
   332.0,0.001454,0.001038,-0.006140,0.000250,  15.968
   332.2,0.001450,0.001040,-0.006202,0.000285,  15.968
   332.4,0.001454,0.001047,-0.006275,0.000298,  15.966
   332.6,0.001461,0.001044,-0.006246,0.000276,  15.958
   332.8,0.001457,0.001047,-0.006155,0.000312,  15.956
   333.0,0.001460,0.001050,-0.006016,0.000312,  15.959
   333.2,0.001463,0.001047,-0.006053,0.000289,  15.955
   333.4,0.001459,0.001045,-0.006156,0.000325,  15.952
   333.6,0.001466,0.001051,-0.006327,0.000325,  15.948
   333.8,0.001473,0.001049,-0.006408,0.000302,  15.948
   334.0,0.001469,0.001049,-0.006450,0.000325,  15.946
   334.2,0.001471,0.001061,-0.006507,0.000325,  15.943
   334.4,0.001474,0.001061,-0.006525,0.000302,  15.939
   334.6,0.001470,0.001063,-0.006557,0.000325,  15.934
   334.8,0.001470,0.001058,-0.006587,0.000325,  15.934
   335.0,0.001474,0.001058,-0.006612,0.000302,  15.928
   335.2,0.001467,0.001057,-0.006661,0.000338,  15.927
   335.4,0.001467,0.001052,-0.006717,0.000338,  15.926
   335.6,0.001474,0.001050,-0.006790,0.000316,  15.920
   335.8,0.001467,0.001047,-0.006827,0.000351,  15.917
   336.0,0.001467,0.001051,-0.006853,0.000338,  15.922
   336.2,0.001471,0.001061,-0.006841,0.000316,  15.924
   336.4,0.001462,0.001056,-0.006866,0.000338,  15.917
   336.6,0.001462,0.001053,-0.006897,0.000325,  15.908
   336.8,0.001463,0.001049,-0.006928,0.000302,  15.906
   337.0,0.001456,0.001046,-0.006972,0.000325,  15.904
   337.2,0.001463,0.001051,-0.007041,0.000325,  15.900
   337.4,0.001470,0.001054,-0.007134,0.000302,  15.899
   337.6,0.001469,0.001052,-0.007111,0.000338,  15.899
   337.8,0.001475,0.001052,-0.007063,0.000338,  15.894
   338.0,0.001475,0.001061,-0.006953,0.000316,  15.895
   338.2,0.001475,0.001059,-0.006929,0.000351,  15.893
   338.4,0.001478,0.001054,-0.006949,0.000351,  15.890
   338.6,0.001473,0.001061,-0.006967,0.000316,  15.885
   338.8,0.001473,0.001061,-0.007004,0.000351,  15.882
   339.0,0.001466,0.001051,-0.007084,0.000351,  15.881
   339.2,0.001467,0.001052,-0.007169,0.000316,  15.879
   339.4,0.001461,0.001052,-0.007212,0.000351,  15.876
   339.6,0.001451,0.001042,-0.007267,0.000338,  15.873
   339.8,0.001445,0.001040,-0.007310,0.000316,  15.871
   340.0,0.001439,0.001037,-0.007327,0.000338,  15.873
   340.2,0.001427,0.001028,-0.007352,0.000325,  15.869
   340.4,0.001421,0.001024,-0.007372,0.000325,  15.869
   340.6,0.001419,0.001019,-0.007378,0.000276,  15.864
   340.8,0.001406,0.001012,-0.007378,0.000276,  15.867
   341.0,0.001403,0.001012,-0.007354,0.000298,  15.865
   341.2,0.001399,0.000998,-0.007336,0.000263,  15.868
   341.4,0.001383,0.000974,-0.007350,0.000285,  15.865
   341.6,0.001384,0.000953,-0.007337,0.000272,  15.856
   341.8,0.001379,0.000944,-0.007337,0.000236,  15.859
   342.0,0.001370,0.000944,-0.007344,0.000272,  15.857
   342.2,0.001367,0.000956,-0.007350,0.000259,  15.854
   342.4,0.001364,0.000956,-0.007344,0.000223,  15.852
   342.6,0.001354,0.000960,-0.007326,0.000272,  15.846
   342.8,0.001354,0.000970,-0.007296,0.000259,  15.847
   343.0,0.001361,0.000971,-0.007253,0.000223,  15.847
   343.2,0.001351,0.000966,-0.007266,0.000272,  15.844
   343.4,0.001348,0.000963,-0.007314,0.000259,  15.841
   343.6,0.001355,0.000960,-0.007368,0.000223,  15.839
   343.8,0.001351,0.000964,-0.007405,0.000272,  15.840
   344.0,0.001351,0.000964,-0.007460,0.000259,  15.835
   344.2,0.001358,0.000964,-0.007490,0.000223,  15.835
   344.4,0.001354,0.000962,-0.007520,0.000259,  15.832
   344.6,0.001351,0.000960,-0.007551,0.000246,  15.836
   344.8,0.001352,0.000958,-0.007593,0.000210,  15.829
   345.0,0.001345,0.000949,-0.007606,0.000246,  15.830
   345.2,0.001342,0.000947,-0.007599,0.000246,  15.830
   345.4,0.001343,0.000946,-0.007606,0.000210,  15.829
   345.6,0.001336,0.000938,-0.007625,0.000246,  15.828
   345.8,0.001336,0.000939,-0.007643,0.000246,  15.827
   346.0,0.001340,0.000937,-0.007667,0.000210,  15.825
   346.2,0.001322,0.000929,-0.007717,0.000246,  15.828
   346.4,0.001304,0.000925,-0.007783,0.000246,  15.821
   346.6,0.001285,0.000921,-0.007849,0.000197,  15.824
   346.8,0.001276,0.000913,-0.007849,0.000232,  15.826
   347.0,0.001272,0.000913,-0.007863,0.000219,  15.822
   347.2,0.001275,0.000913,-0.007832,0.000219,  15.820
   347.4,0.001287,0.000918,-0.007809,0.000219,  15.824
   347.6,0.001289,0.000925,-0.007773,0.000255,  15.827
   347.8,0.001304,0.000937,-0.007738,0.000281,  15.822
