,0,1,2,3,4,5,6,7,8,9,10,11,12,13,14,15,16,17,18,19,r12,r23
0,1.0,1.0,1.0,1.0,1.0,1.0,1.0,1.0,1.0,1.0,1.0,1.0,1.0,1.0,1.0,1.0,1.0,1.0,1.0,1.0,1.0,1.0
1,25.0,25.0,25.0,25.0,25.0,25.0,25.0,25.0,25.0,25.0,25.0,25.0,25.0,25.0,25.0,25.0,25.0,25.0,25.0,25.0,0.20528907143421823,0.40438504179238066
2,12.0,13.0,15.0,17.0,18.0,20.0,22.0,23.0,25.0,27.0,28.0,30.0,30.0,30.0,30.0,30.0,30.0,30.0,30.0,30.0,0.49645301274696807,0.6148844176169358
3,0.0,0.0,0.0,1.0,4.0,6.0,8.0,10.0,12.0,14.0,16.0,19.0,21.0,23.0,25.0,27.0,29.0,31.0,34.0,36.0,1.6957787558324349,1.0045492712874409
4,6.0,8.0,10.0,12.0,14.0,16.0,18.0,20.0,22.0,24.0,26.0,28.0,30.0,32.0,33.0,35.0,37.0,39.0,40.0,40.0,1.839238393066278,1.278426688740547
5,15.0,15.0,15.0,17.0,21.0,24.0,28.0,31.0,35.0,39.0,42.0,46.0,49.0,50.0,50.0,50.0,50.0,50.0,50.0,50.0,1.1791102535949192,1.0129134680797067
6,18.0,20.0,21.0,23.0,25.0,27.0,28.0,30.0,32.0,34.0,35.0,35.0,35.0,35.0,35.0,35.0,35.0,35.0,35.0,35.0,1.3568979347425898,1.0522237302502584
7,10.0,10.0,20.0,20.0,20.0,20.0,20.0,29.0,29.0,29.0,29.0,35.0,35.0,35.0,35.0,35.0,35.0,35.0,35.0,35.0,1.6298012829754727,1.479748116625126
8,20.0,20.0,20.0,20.0,28.0,28.0,28.0,28.0,28.0,36.0,36.0,36.0,36.0,36.0,36.0,36.0,36.0,36.0,36.0,,1.572072599894963,1.3771422837606728
9,18.0,20.0,21.0,23.0,25.0,27.0,28.0,29.0,30.0,31.0,32.0,33.0,35.0,35.0,35.0,35.0,35.0,35.0,35.0,35.0,1.2350565226118053,1.149814475112768
10,12.0,13.0,15.0,17.0,18.0,20.0,22.0,24.0,25.0,27.0,29.0,31.0,32.0,34.0,35.0,35.0,35.0,35.0,35.0,35.0,0.7400381046142086,0.6195255155326179
11,20.0,20.0,20.0,20.0,20.0,28.0,28.0,28.0,28.0,28.0,28.0,40.0,40.0,40.0,40.0,40.0,40.0,40.0,40.0,40.0,1.518071150187222,1.452611883199814
12,23.0,24.0,25.0,26.0,28.0,29.0,31.0,33.0,35.0,36.0,38.0,40.0,40.0,40.0,40.0,40.0,40.0,40.0,40.0,40.0,0.6507454624441298,0.6301517755499774
13,15.0,15.0,23.0,23.0,23.0,23.0,23.0,23.0,31.0,31.0,31.0,31.0,31.0,31.0,41.0,41.0,41.0,41.0,41.0,41.0,3.452117633024752,3.179220359708905
14,14.0,16.0,19.0,21.0,22.0,24.0,26.0,27.0,29.0,30.0,33.0,35.0,38.0,45.0,45.0,45.0,45.0,45.0,45.0,45.0,1.412892027018569,1.3207224596235634
15,25.0,25.0,26.0,26.0,27.0,27.0,29.0,30.0,32.0,33.0,35.0,36.0,38.0,39.0,40.0,42.0,43.0,45.0,46.0,,0.624825770828987,0.3457518909491224
16,10.0,10.0,10.0,10.0,13.0,16.0,18.0,21.0,24.0,26.0,29.0,31.0,34.0,37.0,39.0,40.0,40.0,40.0,40.0,,1.3468857075745204,1.2134736306923524
17,24.0,24.0,24.0,24.0,24.0,24.0,24.0,24.0,24.0,24.0,32.0,32.0,32.0,36.0,36.0,36.0,36.0,36.0,36.0,36.0,1.6590777589990788,1.3561711854470366
18,13.0,15.0,18.0,20.0,23.0,25.0,26.0,28.0,29.0,30.0,31.0,32.0,34.0,35.0,36.0,37.0,39.0,40.0,40.0,40.0,1.4878062131007546,1.2340743312913676
19,17.0,19.0,20.0,22.0,24.0,25.0,27.0,28.0,30.0,32.0,33.0,35.0,37.0,38.0,40.0,40.0,40.0,40.0,40.0,40.0,1.9598374254418907,1.3062076223810535
20,8.0,10.0,13.0,15.0,17.0,20.0,22.0,24.0,27.0,29.0,31.0,34.0,35.0,35.0,35.0,35.0,35.0,35.0,35.0,35.0,1.3856800975117565,0.9753087843209193
21,10.0,10.0,10.0,15.0,15.0,15.0,15.0,15.0,25.0,25.0,25.0,25.0,25.0,45.0,45.0,45.0,45.0,45.0,45.0,45.0,6.989089597319368,4.664928317054983
22,13.0,15.0,17.0,18.0,20.0,22.0,24.0,26.0,28.0,30.0,32.0,34.0,36.0,38.0,40.0,42.0,44.0,46.0,48.0,50.0,1.5573679738282125,1.3059482345804845
23,17.0,20.0,23.0,26.0,30.0,31.0,32.0,34.0,35.0,36.0,37.0,39.0,40.0,41.0,41.0,42.0,43.0,44.0,45.0,,0.8990179638584822,1.1676171048617945
24,6.0,8.0,11.0,13.0,15.0,17.0,19.0,21.0,24.0,26.0,28.0,30.0,32.0,32.0,32.0,32.0,32.0,32.0,32.0,32.0,2.1282302181319284,1.1079777310161218
25,13.0,15.0,17.0,19.0,21.0,23.0,25.0,27.0,30.0,32.0,34.0,35.0,35.0,35.0,35.0,35.0,35.0,35.0,35.0,35.0,1.490999902018893,1.0974814047990196
26,41.0,5.0,5.0,5.0,5.0,9.0,14.0,18.0,23.0,28.0,32.0,37.0,42.0,43.0,43.0,43.0,43.0,43.0,43.0,43.0,0.3305562897436492,0.5925780705423278
27,21.0,22.0,23.0,24.0,25.0,27.0,28.0,29.0,30.0,31.0,31.0,32.0,33.0,34.0,34.0,35.0,36.0,37.0,37.0,38.0,0.6986890924665042,1.349822258322782
28,13.0,15.0,18.0,20.0,22.0,25.0,27.0,30.0,32.0,35.0,37.0,40.0,40.0,40.0,40.0,40.0,40.0,40.0,40.0,40.0,1.3262871565656975,1.170817581180002
29,10.0,10.0,10.0,0.0,13.0,17.0,20.0,22.0,23.0,25.0,27.0,28.0,30.0,45.0,45.0,45.0,45.0,45.0,45.0,45.0,1.4077728530076334,0.8876448286626413
30,7.0,11.0,14.0,17.0,21.0,24.0,28.0,30.0,30.0,30.0,30.0,30.0,30.0,30.0,30.0,30.0,30.0,30.0,30.0,30.0,1.6724410417738174,1.0584475303894187
31,13.0,15.0,17.0,19.0,22.0,24.0,26.0,28.0,31.0,33.0,35.0,35.0,35.0,35.0,35.0,35.0,35.0,35.0,35.0,35.0,1.471602987490887,0.9049953367164406
32,16.0,20.0,25.0,26.0,27.0,28.0,29.0,30.0,31.0,32.0,33.0,34.0,35.0,35.0,35.0,35.0,35.0,35.0,35.0,35.0,1.2322956749060425,1.2760015219853698
33,14.0,17.0,19.0,22.0,25.0,27.0,30.0,33.0,35.0,38.0,41.0,44.0,46.0,49.0,50.0,50.0,50.0,50.0,50.0,50.0,1.2329998146001837,1.1624161951510008
34,9.0,11.0,13.0,15.0,17.0,19.0,21.0,23.0,26.0,28.0,30.0,32.0,34.0,36.0,38.0,40.0,42.0,44.0,46.0,46.0,0.9996877549659691,1.1601193858211913
35,12.0,12.0,12.0,12.0,12.0,19.0,19.0,19.0,19.0,29.0,29.0,29.0,29.0,29.0,45.0,45.0,45.0,45.0,45.0,45.0,1.1340074569796097,1.573936567565906
36,14.0,14.0,14.0,14.0,21.0,21.0,21.0,21.0,21.0,27.0,27.0,27.0,27.0,36.0,36.0,36.0,36.0,36.0,56.0,56.0,2.742547212566257,1.9111582974164223
37,10.0,10.0,10.0,10.0,14.0,15.0,16.0,17.0,18.0,19.0,28.0,28.0,28.0,28.0,42.0,42.0,42.0,42.0,42.0,50.0,1.5694887339014847,2.1368400814030837
38,17.0,18.0,21.0,22.0,24.0,25.0,26.0,30.0,32.0,33.0,35.0,39.0,40.0,42.0,43.0,45.0,46.0,47.0,49.0,50.0,1.5792168882795734,1.3186665647451394
39,19.0,19.0,19.0,19.0,19.0,29.0,29.0,29.0,29.0,29.0,29.0,29.0,47.0,47.0,47.0,47.0,47.0,47.0,50.0,50.0,1.233258581088334,1.7435648010681482
40,3.0,3.0,3.0,3.0,7.0,10.0,13.0,16.0,19.0,22.0,26.0,29.0,31.0,34.0,37.0,40.0,43.0,47.0,47.0,47.0,1.7153932743286875,1.2650087763874507
41,18.0,18.0,18.0,19.0,25.0,25.0,25.0,25.0,25.0,25.0,27.0,35.0,35.0,35.0,35.0,36.0,50.0,50.0,50.0,50.0,1.300656012311233,1.476188202515565
42,8.0,10.0,12.0,14.0,16.0,18.0,20.0,23.0,25.0,27.0,29.0,31.0,33.0,35.0,38.0,40.0,42.0,44.0,45.0,45.0,1.4596912897431586,1.224605782911664
43,5.0,5.0,4.0,10.0,10.0,10.0,10.0,16.0,17.0,18.0,19.0,20.0,26.0,27.0,27.0,28.0,29.0,45.0,45.0,45.0,0.5040728532412222,0.5847148313065641
44,10.0,10.0,10.0,10.0,16.0,17.0,18.0,19.0,20.0,26.0,27.0,27.0,28.0,29.0,45.0,45.0,45.0,45.0,45.0,50.0,1.697049082731802,1.7832688685711742
45,5.0,5.0,5.0,5.0,8.0,11.0,15.0,19.0,23.0,25.0,27.0,29.0,29.0,30.0,32.0,34.0,36.0,37.0,40.0,43.0,1.4109285082198546,1.551109725313864
46,7.0,10.0,13.0,16.0,19.0,22.0,25.0,28.0,31.0,34.0,37.0,40.0,42.0,42.0,42.0,42.0,42.0,42.0,42.0,42.0,1.2179555398336983,1.0394435720243966
47,3.0,3.0,12.0,12.0,12.0,14.0,16.0,18.0,20.0,26.0,28.0,29.0,30.0,46.0,46.0,46.0,46.0,52.0,52.0,52.0,0.6995136503725459,0.6328383935586483
48,7.0,9.0,12.0,14.0,16.0,19.0,21.0,24.0,26.0,29.0,31.0,33.0,36.0,38.0,41.0,43.0,45.0,45.0,45.0,45.0,1.4972844216959795,1.2884347161403336
49,10.0,10.0,10.0,10.0,10.0,20.0,20.0,20.0,20.0,20.0,28.0,28.0,28.0,28.0,28.0,46.0,46.0,46.0,46.0,46.0,2.4453273251550613,2.4483950699685235
50,5.0,5.0,12.0,12.0,12.0,12.0,20.0,20.0,20.0,20.0,20.0,28.0,28.0,28.0,28.0,48.0,48.0,48.0,48.0,50.0,2.8448868398459584,2.651411918834505
51,10.0,10.0,10.0,10.0,15.0,16.0,17.0,18.0,19.0,29.0,29.0,29.0,29.0,29.0,48.0,60.0,60.0,60.0,60.0,60.0,1.4799991961958145,4.009215823639511
52,9.0,10.0,12.0,13.0,15.0,16.0,17.0,18.0,19.0,28.0,28.0,28.0,28.0,28.0,42.0,42.0,42.0,42.0,42.0,48.0,1.669893274753018,2.197455442981244
53,3.0,3.0,3.0,6.0,9.0,12.0,15.0,18.0,21.0,24.0,27.0,30.0,33.0,36.0,39.0,42.0,50.0,50.0,50.0,,1.5587348371097358,1.2667400470417491
54,14.0,17.0,20.0,23.0,27.0,30.0,33.0,36.0,39.0,42.0,45.0,48.0,50.0,50.0,50.0,50.0,50.0,50.0,50.0,50.0,1.2333461684449483,1.1813452164409952
55,14.0,16.0,18.0,20.0,22.0,24.0,26.0,28.0,30.0,32.0,34.0,36.0,37.0,39.0,41.0,43.0,44.0,47.0,51.0,54.0,1.6075141403293471,1.3065482802542903
56,0.0,0.0,1.0,3.0,6.0,9.0,11.0,14.0,17.0,20.0,22.0,25.0,28.0,30.0,33.0,35.0,35.0,0.0,0.0,0.0,1.8202511240517478,1.3512837353862657
57,0.0,0.0,0.0,20.0,20.0,20.0,20.0,30.0,30.0,30.0,30.0,40.0,40.0,40.0,40.0,40.0,0.0,0.0,0.0,0.0,2.794257293524012,3.019359730114141
58,0.0,3.0,6.0,9.0,12.0,15.0,19.0,22.0,25.0,28.0,30.0,30.0,30.0,30.0,30.0,30.0,30.0,30.0,30.0,30.0,0.99964701789364,0.8962759755183517
59,0.0,0.0,2.0,6.0,9.0,13.0,16.0,19.0,20.0,20.0,20.0,20.0,20.0,20.0,30.0,30.0,30.0,30.0,30.0,30.0,7.416341658035687,3.235332727574944
60,5.0,5.0,8.0,11.0,14.0,18.0,21.0,24.0,26.0,27.0,27.0,28.0,29.0,30.0,32.0,33.0,35.0,37.0,38.0,40.0,1.2568190248666429,1.4173105010025107
61,0.0,0.0,0.0,2.0,5.0,8.0,10.0,13.0,16.0,19.0,22.0,25.0,28.0,30.0,33.0,35.0,35.0,35.0,0.0,0.0,1.277679004545094,1.1618345282118385
62,0.0,0.0,0.0,4.0,7.0,11.0,15.0,18.0,20.0,21.0,22.0,24.0,26.0,29.0,32.0,35.0,38.0,40.0,40.0,40.0,1.743555170203117,1.3643235013543837
63,5.0,5.0,18.0,18.0,18.0,18.0,18.0,21.0,24.0,26.0,27.0,27.0,27.0,30.0,35.0,41.0,45.0,45.0,45.0,45.0,2.8825166538819933,2.118845572062529
64,0.0,0.0,0.0,1.0,4.0,8.0,11.0,15.0,18.0,22.0,26.0,29.0,33.0,36.0,40.0,40.0,40.0,40.0,0.0,0.0,1.3161805703405074,1.19362918769864
65,0.0,1.0,2.0,4.0,6.0,7.0,9.0,11.0,12.0,14.0,16.0,18.0,19.0,21.0,23.0,24.0,25.0,25.0,25.0,25.0,6.9238472979368035,1.7763033071057397
66,0.0,1.0,1.0,1.0,1.0,1.0,1.0,1.0,1.0,3.0,9.0,16.0,23.0,29.0,36.0,40.0,40.0,40.0,40.0,40.0,1.1400017342395394,1.0962839300132625
67,0.0,0.0,0.0,2.0,4.0,7.0,9.0,11.0,14.0,16.0,19.0,21.0,23.0,26.0,28.0,30.0,30.0,30.0,30.0,30.0,1.7605083193802817,1.214546790795493
68,0.0,0.0,0.0,0.0,0.0,12.0,14.0,16.0,19.0,21.0,24.0,26.0,28.0,31.0,33.0,35.0,38.0,0.0,0.0,0.0,1.8219470574215266,1.4692542611790835
69,0.0,0.0,0.0,17.0,17.0,17.0,17.0,17.0,27.0,27.0,27.0,27.0,27.0,27.0,27.0,45.0,45.0,45.0,45.0,45.0,2.048108265386815,3.5184783375837836
70,0.0,0.0,0.0,3.0,7.0,11.0,15.0,19.0,22.0,26.0,30.0,34.0,38.0,40.0,40.0,40.0,40.0,40.0,0.0,0.0,1.4704306163541674,1.2325943809490072
71,8.0,11.0,13.0,16.0,18.0,21.0,23.0,26.0,28.0,31.0,33.0,36.0,38.0,41.0,43.0,46.0,48.0,51.0,52.0,52.0,0.5053371992059881,0.9837448852342495
72,5.0,5.0,5.0,5.0,10.0,10.0,10.0,20.0,20.0,20.0,20.0,26.0,28.0,29.0,30.0,42.0,42.0,42.0,42.0,55.0,2.574189101163265,2.4606755202413306
73,7.0,9.0,12.0,15.0,17.0,20.0,23.0,26.0,28.0,31.0,34.0,36.0,39.0,42.0,44.0,47.0,50.0,50.0,50.0,50.0,1.4060416414330257,1.4415220579611963
74,4.0,4.0,4.0,4.0,4.0,20.0,22.0,23.0,25.0,26.0,31.0,32.0,33.0,34.0,35.0,44.0,44.0,44.0,44.0,44.0,2.4456366075661706,0.5580539669938038
75,6.0,9.0,12.0,15.0,19.0,22.0,25.0,28.0,31.0,34.0,38.0,41.0,44.0,47.0,50.0,52.0,52.0,52.0,52.0,52.0,1.3061892437281035,1.351374244257588
76,37.0,37.0,38.0,38.0,39.0,39.0,40.0,40.0,41.0,46.0,46.0,47.0,47.0,48.0,49.0,49.0,50.0,54.0,54.0,54.0,0.4784376834467149,1.6334491157432987
77,19.0,19.0,19.0,19.0,19.0,28.0,28.0,28.0,28.0,38.0,38.0,38.0,38.0,38.0,50.0,50.0,50.0,50.0,50.0,50.0,2.4378937508257983,2.0915641138028125
78,8.0,8.0,8.0,8.0,21.0,21.0,21.0,21.0,21.0,26.0,27.0,28.0,29.0,30.0,45.0,45.0,45.0,45.0,45.0,50.0,2.187735303246597,2.3678025134725975
79,6.0,10.0,13.0,17.0,20.0,24.0,27.0,31.0,34.0,38.0,42.0,45.0,49.0,52.0,56.0,59.0,60.0,60.0,60.0,60.0,1.6293007227457112,1.5384923153146164
80,25.0,25.0,25.0,31.0,32.0,33.0,34.0,35.0,42.0,44.0,45.0,47.0,48.0,50.0,54.0,55.0,57.0,58.0,59.0,60.0,0.9840225929498413,1.6159962883560328
81,11.0,11.0,11.0,11.0,21.0,21.0,21.0,21.0,29.0,29.0,29.0,29.0,29.0,42.0,42.0,42.0,42.0,42.0,48.0,48.0,2.8102333556265555,2.7802707254356966
82,3.0,3.0,3.0,3.0,4.0,7.0,10.0,13.0,16.0,19.0,22.0,25.0,28.0,31.0,34.0,37.0,40.0,43.0,50.0,50.0,1.3810222820482256,1.477623529362618
83,10.0,10.0,22.0,22.0,22.0,22.0,22.0,27.0,28.0,29.0,30.0,31.0,41.0,42.0,43.0,44.0,50.0,50.0,50.0,50.0,2.1867615201519355,2.2864766271185872
84,10.0,10.0,10.0,10.0,16.0,21.0,27.0,32.0,38.0,43.0,49.0,50.0,50.0,50.0,50.0,50.0,50.0,50.0,50.0,,1.32742078093967,1.3453252027176479
85,9.0,9.0,9.0,18.0,19.0,21.0,22.0,27.0,28.0,29.0,30.0,39.0,42.0,46.0,50.0,50.0,50.0,50.0,50.0,50.0,2.4922339771297333,1.5902854915114129
86,27.0,27.0,28.0,29.0,29.0,30.0,41.0,43.0,44.0,45.0,47.0,48.0,52.0,54.0,56.0,59.0,61.0,63.0,65.0,66.0,2.4223661989542054,2.2043488014818626
87,5.0,5.0,5.0,5.0,10.0,10.0,10.0,20.0,20.0,20.0,20.0,30.0,30.0,30.0,30.0,46.0,46.0,46.0,46.0,50.0,2.5774149746607407,2.951187160556687
88,6.0,6.0,6.0,6.0,6.0,10.0,13.0,17.0,20.0,23.0,27.0,30.0,33.0,37.0,40.0,43.0,45.0,45.0,45.0,45.0,1.4976462863080267,1.4999598476087908
89,6.0,6.0,6.0,6.0,11.0,11.0,11.0,11.0,23.0,24.0,25.0,26.0,33.0,33.0,33.0,44.0,44.0,44.0,44.0,50.0,1.5846345415809768,1.2073976772444217
90,10.0,10.0,10.0,10.0,20.0,21.0,21.0,22.0,29.0,29.0,29.0,29.0,29.0,40.0,40.0,40.0,40.0,40.0,50.0,50.0,1.739979897833254,2.15803148696595
91,5.0,5.0,5.0,8.0,11.0,14.0,17.0,21.0,24.0,27.0,30.0,33.0,36.0,39.0,42.0,45.0,49.0,50.0,50.0,50.0,1.8677093178144697,1.7597942469066887
92,5.0,5.0,5.0,8.0,14.0,17.0,17.0,17.0,17.0,22.0,26.0,26.0,26.0,26.0,29.0,34.0,36.0,36.0,36.0,36.0,3.696964511671012,3.29278735654557
93,5.0,5.0,5.0,5.0,7.0,15.0,17.0,17.0,17.0,24.0,26.0,26.0,26.0,33.0,36.0,36.0,36.0,36.0,36.0,,1.8470168267313307,1.7532236831617276
94,5.0,5.0,5.0,5.0,9.0,13.0,16.0,17.0,19.0,22.0,26.0,30.0,33.0,37.0,41.0,45.0,48.0,50.0,50.0,50.0,2.3599970991500503,1.6110955323761906
95,5.0,5.0,5.0,8.0,13.0,17.0,17.0,17.0,20.0,25.0,28.0,28.0,28.0,33.0,37.0,42.0,47.0,50.0,50.0,50.0,3.095795515462336,2.50846787775637
