Run Name,220 to 400 mM Salt 20min group1
Run Date,02:56:03 PM   02-11-11
Method Name,LinearGradientTemplate
Export Format Version, 1.00
Method ID,  265
Points/Second, 1.00
Number of Records,   1556
Offset from Run Start Time,00:00:00
Run End Time,00:26:00
Time,Second
QuadTec 1, (280.0 nm), AU
QuadTec 2, (260.0 nm), AU
Gradient Pump,<Not Selected>
QuadTec 3, (214.0 nm), AU
QuadTec 4, (405.0 nm), AU
Conductivity,mS/cm
Trace 6,<Not Available>
GP Pressure,<Not Selected>
Volume,<Not Selected>
Fraction,<Not Available>
Time,QuadTec 1,QuadTec 2,QuadTec 3,QuadTec 4,Conductivity
     0.0,-0.021578,-0.356990,0.059658,0.000000,  23.220
     1.0,-0.021575,-0.356984,0.000000,0.000000,  23.222
     2.0,-0.021570,-0.356981,0.000000,0.000000,  23.223
     3.0,-0.021568,-0.356980,0.000000,0.000000,  23.223
     4.0,-0.021765,0.000000,0.000000,0.000000,  23.222
     5.0,0.000000,0.000000,0.000122,0.000013,  23.227
     6.0,0.000000,0.000000,-0.000034,0.000005,  23.231
     7.0,0.000000,0.000000,-0.000105,-0.000044,  23.240
     8.0,0.000000,0.000000,0.000105,0.000005,  23.244
     9.0,-0.000014,-0.000017,0.000083,0.000005,  23.250
    10.0,-0.000008,-0.000007,0.000223,-0.000031,  23.254
    11.0,0.000000,-0.000009,0.000221,0.000005,  23.258
    12.0,-0.000003,-0.000003,0.000263,0.000005,  23.262
    13.0,0.000007,0.000006,0.000365,0.000005,  23.265
    14.0,-0.000001,0.000002,0.000527,-0.000031,  23.271
    15.0,0.000005,-0.000005,0.000591,-0.000067,  23.273
    16.0,0.000003,0.000004,0.000561,-0.000031,  23.269
    17.0,0.000003,0.000009,-0.000057,-0.000067,  23.279
    18.0,0.000007,0.000005,0.000621,-0.000067,  23.281
    19.0,0.000010,0.000008,0.000834,-0.000031,  23.289
    20.0,0.000013,0.000014,0.000850,-0.000067,  23.288
    21.0,0.000019,0.000015,-0.000670,-0.000031,  23.292
    22.0,0.000014,0.000005,0.000452,-0.000067,  23.302
    23.0,0.000014,0.000018,0.001016,-0.000067,  23.304
    24.0,0.000016,0.000019,0.001243,-0.000009,  23.309
    25.0,0.000018,0.000013,0.001337,0.000005,  23.312
    26.0,0.000024,0.000025,0.001348,-0.000044,  23.309
    27.0,0.000022,0.000022,0.001414,0.000005,  23.313
    28.0,0.000021,0.000019,0.001598,0.000005,  23.313
    29.0,0.000026,0.000025,0.001752,0.000032,  23.315
    30.0,0.000023,0.000014,0.001872,0.000018,  23.326
    31.0,0.000029,0.000015,0.001705,-0.000031,  23.328
    32.0,0.000031,0.000023,0.001857,-0.000009,  23.333
    33.0,0.000031,0.000028,0.001842,0.000005,  23.339
    34.0,0.000040,0.000035,0.001849,0.000000,  23.348
    35.0,0.000033,0.000041,0.002094,0.000027,  23.350
    36.0,0.000028,0.000035,0.002222,0.000022,  23.358
    37.0,0.000031,0.000035,0.002222,0.000040,  23.360
    38.0,0.000031,0.000037,0.002402,-0.000009,  23.366
    39.0,0.000031,0.000036,0.002404,-0.000031,  23.370
    40.0,0.000038,0.000029,0.002521,-0.000009,  23.382
    41.0,0.000043,0.000031,0.002491,-0.000009,  23.381
    42.0,0.000041,0.000039,0.002711,-0.000009,  23.393
    43.0,0.000043,0.000045,0.002615,0.000005,  23.396
    44.0,0.000053,0.000045,0.002876,0.000005,  23.401
    45.0,0.000050,0.000050,0.002954,-0.000031,  23.396
    46.0,0.000047,0.000052,0.002807,0.000005,  23.407
    47.0,0.000042,0.000056,0.002735,0.000005,  23.413
    48.0,0.000043,0.000056,0.002896,-0.000009,  23.415
    49.0,0.000046,0.000047,0.002871,0.000005,  23.417
    50.0,0.000041,0.000051,0.003002,-0.000044,  23.420
    51.0,0.000041,0.000046,0.002559,-0.000022,  23.422
    52.0,0.000033,0.000039,0.003080,-0.000036,  23.439
    53.0,0.000043,0.000028,0.003701,-0.000031,  23.465
    54.0,0.000032,0.000033,0.004067,-0.000022,  23.423
    55.0,0.000044,0.000032,0.003501,-0.000063,  23.415
    56.0,0.000103,0.000135,0.003286,-0.000013,  23.421
    57.0,0.000152,0.000139,0.003394,-0.000022,  23.425
    58.0,0.000007,0.000009,0.003538,0.000040,  23.437
    59.0,-0.000047,-0.000048,0.003495,0.000067,  23.438
    60.0,-0.000005,-0.000019,0.003314,0.000032,  23.437
    61.0,0.000029,0.000025,0.002834,0.000054,  23.436
    62.0,0.000090,0.000104,0.003348,0.000054,  23.435
    63.0,0.000097,0.000092,0.003597,0.000005,  23.434
    64.0,0.000082,0.000091,0.003639,0.000013,  23.435
    65.0,0.000066,0.000076,0.003191,-0.000009,  23.432
    66.0,0.000059,0.000069,0.003000,0.000036,  23.439
    67.0,0.000054,0.000057,0.003534,0.000027,  23.442
    68.0,0.000060,0.000056,0.003707,0.000013,  23.440
    69.0,0.000052,0.000062,0.003874,0.000063,  23.443
    70.0,0.000048,0.000055,0.003926,0.000049,  23.446
    71.0,0.000054,0.000049,0.004070,0.000013,  23.444
    72.0,0.000062,0.000061,0.004071,0.000027,  23.447
    73.0,0.000064,0.000068,0.004112,0.000027,  23.446
    74.0,0.000070,0.000069,0.004285,0.000040,  23.442
    75.0,0.000067,0.000061,0.004333,0.000040,  23.448
    76.0,0.000061,0.000056,0.004247,0.000005,  23.450
    77.0,0.000070,0.000068,0.003781,0.000040,  23.457
    78.0,0.000078,0.000075,0.004101,0.000027,  23.451
    79.0,0.000089,0.000076,0.003164,0.000005,  23.455
    80.0,0.000090,0.000083,0.004225,0.000027,  23.456
    81.0,0.000084,0.000076,0.004423,0.000027,  23.457
    82.0,0.000086,0.000081,0.004421,0.000005,  23.462
    83.0,0.000085,0.000082,0.004285,0.000040,  23.467
    84.0,0.000085,0.000078,0.004545,0.000018,  23.471
    85.0,0.000079,0.000078,0.004829,0.000054,  23.477
    86.0,0.000087,0.000085,0.004935,0.000067,  23.489
    87.0,0.000091,0.000093,0.005114,0.000032,  23.494
    88.0,0.000109,0.000106,0.005037,0.000081,  23.502
    89.0,0.000138,0.000139,0.004767,0.000067,  23.504
    90.0,0.000172,0.000171,0.004858,0.000032,  23.507
    91.0,0.000196,0.000206,0.005174,0.000090,  23.510
    92.0,0.000188,0.000191,0.005423,0.000103,  23.516
    93.0,0.000164,0.000177,0.005546,0.000130,  23.520
    94.0,0.000148,0.000138,0.005742,0.000130,  23.522
    95.0,0.000158,0.000146,0.005690,0.000130,  23.523
    96.0,0.000170,0.000165,0.005298,0.000143,  23.523
    97.0,0.000195,0.000193,0.005549,0.000103,  23.522
    98.0,0.000228,0.000236,0.005949,0.000103,  23.521
    99.0,0.000254,0.000265,0.006424,0.000117,  23.521
   100.0,0.000249,0.000249,0.006416,0.000103,  23.522
   101.0,0.000229,0.000222,0.006968,0.000117,  23.525
   102.0,0.000223,0.000196,0.007465,0.000103,  23.521
   103.0,0.000198,0.000175,0.007947,0.000103,  23.524
   104.0,0.000209,0.000173,0.008538,0.000076,  23.527
   105.0,0.000208,0.000181,0.007191,0.000076,  23.532
   106.0,0.000226,0.000189,0.008804,0.000090,  23.541
   107.0,0.000252,0.000203,0.010100,0.000090,  23.544
   108.0,0.000288,0.000213,0.010896,0.000090,  23.555
   109.0,0.000317,0.000247,0.011838,0.000103,  23.557
   110.0,0.000356,0.000270,0.012735,0.000090,  23.558
   111.0,0.000392,0.000310,0.013709,0.000103,  23.554
   112.0,0.000455,0.000344,0.014804,0.000117,  23.560
   113.0,0.000508,0.000383,0.015365,0.000103,  23.559
   114.0,0.000572,0.000430,0.016973,0.000103,  23.564
   115.0,0.000645,0.000477,0.018360,0.000112,  23.562
   116.0,0.000720,0.000524,0.020010,0.000125,  23.563
   117.0,0.000816,0.000595,0.021475,0.000103,  23.567
   118.0,0.000918,0.000659,0.022365,0.000139,  23.560
   119.0,0.001028,0.000738,0.022637,0.000117,  23.569
   120.0,0.001114,0.000825,0.025522,0.000117,  23.563
   121.0,0.001220,0.000904,0.027610,0.000103,  23.570
   122.0,0.001338,0.000990,0.029718,0.000103,  23.572
   123.0,0.001470,0.001090,0.031851,0.000090,  23.578
   124.0,0.001593,0.001199,0.033505,0.000090,  23.581
   125.0,0.001740,0.001297,0.035947,0.000103,  23.579
   126.0,0.001908,0.001399,0.038182,0.000076,  23.577
   127.0,0.002072,0.001530,0.040349,0.000063,  23.577
   128.0,0.002248,0.001660,0.042271,0.000063,  23.577
   129.0,0.002387,0.001781,0.044627,0.000063,  23.575
   130.0,0.002549,0.001923,0.047249,0.000049,  23.570
   131.0,0.002735,0.002066,0.048939,0.000022,  23.562
   132.0,0.002929,0.002215,0.051771,0.000022,  23.557
   133.0,0.003124,0.002362,0.054856,0.000022,  23.555
   134.0,0.003321,0.002513,0.057919,0.000009,  23.549
   135.0,0.003539,0.002642,0.060811,-0.000018,  23.537
   136.0,0.003736,0.002805,0.063076,-0.000018,  23.530
   137.0,0.003952,0.002952,0.066298,-0.000032,  23.523
   138.0,0.004120,0.003108,0.069444,-0.000032,  23.514
   139.0,0.004353,0.003269,0.072625,-0.000059,  23.498
   140.0,0.004575,0.003438,0.076293,-0.000009,  23.490
   141.0,0.004819,0.003605,0.078536,-0.000018,  23.471
   142.0,0.005060,0.003766,0.083195,0.000044,  23.455
   143.0,0.005302,0.003950,0.087336,0.000031,  23.432
   144.0,0.005563,0.004077,0.090726,0.000049,  23.408
   145.0,0.005851,0.004283,0.094418,0.000112,  23.384
   146.0,0.006154,0.004478,0.097371,0.000143,  23.355
   147.0,0.006400,0.004681,0.100725,0.000273,  23.319
   148.0,0.006677,0.004874,0.104562,0.000300,  23.276
   149.0,0.006993,0.005082,0.107768,0.000332,  23.228
   150.0,0.007378,0.005325,0.109352,0.000422,  23.174
   151.0,0.007728,0.005552,0.114071,0.000476,  23.108
   152.0,0.008137,0.005770,0.118309,0.000467,  23.034
   153.0,0.008545,0.005978,0.122170,0.000530,  22.955
   154.0,0.008992,0.006237,0.126413,0.000565,  22.877
   155.0,0.009484,0.006513,0.130377,0.000579,  22.786
   156.0,0.009946,0.006790,0.135191,0.000565,  22.690
   157.0,0.010405,0.007036,0.141326,0.000530,  22.601
   158.0,0.010958,0.007316,0.147212,0.000557,  22.507
   159.0,0.011576,0.007621,0.153972,0.000516,  22.420
   160.0,0.012267,0.007949,0.162220,0.000467,  22.350
   161.0,0.013018,0.008317,0.171453,0.000476,  22.283
   162.0,0.013809,0.008618,0.180187,0.000449,  22.238
   163.0,0.014655,0.009022,0.188607,0.000386,  22.221
   164.0,0.015560,0.009465,0.197465,0.000408,  22.210
   165.0,0.016475,0.009952,0.206171,0.000373,  22.233
   166.0,0.017287,0.010420,0.216947,0.000408,  22.274
   167.0,0.018290,0.010932,0.226622,0.000381,  22.331
   168.0,0.019308,0.011468,0.236883,0.000346,  22.402
   169.0,0.020402,0.012015,0.247233,0.000368,  22.491
   170.0,0.021482,0.012593,0.258153,0.000354,  22.577
   171.0,0.022624,0.013037,0.267265,0.000319,  22.680
   172.0,0.023733,0.013624,0.277367,0.000354,  22.782
   173.0,0.024872,0.014208,0.286784,0.000368,  22.883
   174.0,0.025795,0.014821,0.295566,0.000341,  22.980
   175.0,0.026879,0.015383,0.305827,0.000341,  23.077
   176.0,0.028002,0.015986,0.316369,0.000319,  23.166
   177.0,0.029183,0.016608,0.325959,0.000341,  23.247
   178.0,0.030345,0.017211,0.335792,0.000341,  23.320
   179.0,0.031505,0.017818,0.346042,0.000319,  23.382
   180.0,0.032646,0.018331,0.356043,0.000341,  23.443
   181.0,0.033851,0.018943,0.366065,0.000377,  23.484
   182.0,0.035061,0.019579,0.375810,0.000390,  23.530
   183.0,0.036287,0.020239,0.383993,0.000390,  23.559
   184.0,0.037176,0.020840,0.394357,0.000390,  23.586
   185.0,0.038385,0.021477,0.404189,0.000390,  23.612
   186.0,0.039584,0.022127,0.414265,0.000368,  23.632
   187.0,0.040802,0.022774,0.424361,0.000319,  23.645
   188.0,0.042031,0.023432,0.434332,0.000354,  23.653
   189.0,0.043227,0.023980,0.443813,0.000390,  23.669
   190.0,0.044405,0.024563,0.453667,0.000354,  23.673
   191.0,0.045657,0.025231,0.462265,0.000403,  23.678
   192.0,0.046744,0.025861,0.471007,0.000417,  23.687
   193.0,0.047758,0.026487,0.479411,0.000430,  23.697
   194.0,0.048916,0.027119,0.488852,0.000417,  23.699
   195.0,0.050089,0.027744,0.498234,0.000417,  23.698
   196.0,0.051234,0.028358,0.507400,0.000430,  23.705
   197.0,0.052375,0.028964,0.515345,0.000417,  23.709
   198.0,0.053446,0.029416,0.524431,0.000417,  23.709
   199.0,0.054606,0.030044,0.530646,0.000417,  23.714
   200.0,0.055700,0.030629,0.538380,0.000417,  23.717
   201.0,0.056559,0.031206,0.547204,0.000444,  23.720
   202.0,0.057588,0.031764,0.555075,0.000430,  23.713
   203.0,0.058619,0.032311,0.561985,0.000444,  23.714
   204.0,0.059641,0.032857,0.569993,0.000444,  23.724
   205.0,0.060627,0.033393,0.577377,0.000430,  23.726
   206.0,0.061573,0.033790,0.584280,0.000430,  23.728
   207.0,0.062513,0.034305,0.590726,0.000417,  23.727
   208.0,0.063425,0.034796,0.596642,0.000430,  23.725
   209.0,0.064276,0.035272,0.601985,0.000430,  23.731
   210.0,0.064943,0.035717,0.607696,0.000417,  23.731
   211.0,0.065767,0.036147,0.612905,0.000417,  23.729
   212.0,0.066580,0.036583,0.617523,0.000430,  23.727
   213.0,0.067308,0.036979,0.622876,0.000417,  23.733
   214.0,0.068010,0.037359,0.627547,0.000417,  23.733
   215.0,0.068701,0.037652,0.631877,0.000430,  23.735
   216.0,0.069348,0.037994,0.635458,0.000430,  23.733
   217.0,0.069998,0.038346,0.639919,0.000430,  23.732
   218.0,0.070531,0.038665,0.642851,0.000417,  23.733
   219.0,0.071023,0.038955,0.645015,0.000417,  23.738
   220.0,0.071579,0.039240,0.648512,0.000430,  23.739
   221.0,0.072087,0.039540,0.651469,0.000417,  23.742
   222.0,0.072540,0.039770,0.654173,0.000417,  23.749
   223.0,0.072985,0.039987,0.656377,0.000430,  23.754
   224.0,0.073376,0.040150,0.657879,0.000417,  23.755
   225.0,0.073711,0.040334,0.659938,0.000381,  23.757
   226.0,0.074063,0.040530,0.661285,0.000403,  23.762
   227.0,0.074332,0.040688,0.661908,0.000417,  23.770
   228.0,0.074540,0.040822,0.662086,0.000430,  23.773
   229.0,0.074770,0.040954,0.662231,0.000403,  23.772
   230.0,0.074969,0.041059,0.662385,0.000417,  23.783
   231.0,0.075088,0.041128,0.662117,0.000403,  23.791
   232.0,0.075229,0.041189,0.661830,0.000403,  23.792
   233.0,0.075266,0.041189,0.661200,0.000417,  23.795
   234.0,0.075336,0.041216,0.660759,0.000403,  23.798
   235.0,0.075355,0.041241,0.660072,0.000417,  23.800
   236.0,0.075343,0.041229,0.659005,0.000403,  23.801
   237.0,0.075333,0.041219,0.657444,0.000403,  23.801
   238.0,0.075291,0.041188,0.654283,0.000417,  23.803
   239.0,0.075168,0.041132,0.653382,0.000403,  23.798
   240.0,0.075045,0.041074,0.651337,0.000390,  23.804
   241.0,0.074901,0.040985,0.648857,0.000390,  23.806
   242.0,0.074687,0.040872,0.646242,0.000390,  23.819
   243.0,0.074497,0.040757,0.643912,0.000403,  23.824
   244.0,0.074277,0.040655,0.641308,0.000439,  23.825
   245.0,0.074045,0.040487,0.638048,0.000426,  23.830
   246.0,0.073800,0.040349,0.633889,0.000426,  23.834
   247.0,0.073479,0.040192,0.630292,0.000426,  23.846
   248.0,0.073104,0.039971,0.627137,0.000439,  23.852
   249.0,0.072732,0.039786,0.622523,0.000426,  23.858
   250.0,0.072300,0.039566,0.618711,0.000426,  23.865
   251.0,0.071886,0.039347,0.615239,0.000439,  23.866
   252.0,0.071488,0.039122,0.610640,0.000439,  23.870
   253.0,0.071044,0.038857,0.606779,0.000439,  23.873
   254.0,0.070625,0.038614,0.601980,0.000453,  23.880
   255.0,0.070189,0.038362,0.596774,0.000439,  23.883
   256.0,0.069650,0.038063,0.591905,0.000426,  23.889
   257.0,0.069106,0.037772,0.587074,0.000426,  23.892
   258.0,0.068565,0.037489,0.581427,0.000426,  23.896
   259.0,0.067941,0.037195,0.576458,0.000426,  23.902
   260.0,0.067398,0.036894,0.570913,0.000377,  23.909
   261.0,0.066800,0.036577,0.565113,0.000412,  23.908
   262.0,0.066271,0.036231,0.560924,0.000426,  23.913
   263.0,0.065695,0.035927,0.554807,0.000412,  23.911
   264.0,0.065105,0.035575,0.548622,0.000412,  23.920
   265.0,0.064410,0.035197,0.542520,0.000426,  23.921
   266.0,0.063747,0.034842,0.535278,0.000412,  23.933
   267.0,0.063058,0.034512,0.530162,0.000399,  23.936
   268.0,0.062349,0.034134,0.525329,0.000399,  23.939
   269.0,0.061719,0.033785,0.519369,0.000412,  23.946
   270.0,0.060930,0.033358,0.513660,0.000412,  23.944
   271.0,0.060384,0.033002,0.508421,0.000412,  23.947
   272.0,0.059739,0.032641,0.501185,0.000399,  23.953
   273.0,0.058994,0.032232,0.495565,0.000399,  23.960
   274.0,0.058251,0.031822,0.489162,0.000399,  23.961
   275.0,0.057500,0.031429,0.481362,0.000399,  23.962
   276.0,0.056747,0.031002,0.476689,0.000399,  23.967
   277.0,0.056031,0.030688,0.470417,0.000412,  23.967
   278.0,0.055281,0.030279,0.463679,0.000412,  23.969
   279.0,0.054485,0.029854,0.458663,0.000399,  23.975
   280.0,0.053852,0.029458,0.451597,0.000399,  23.973
   281.0,0.053187,0.029043,0.445549,0.000399,  23.983
   282.0,0.052393,0.028614,0.439104,0.000372,  23.990
   283.0,0.051628,0.028187,0.431663,0.000385,  23.998
   284.0,0.050831,0.027744,0.425896,0.000385,  23.997
   285.0,0.050073,0.027341,0.419856,0.000385,  24.014
   286.0,0.049321,0.027025,0.412771,0.000372,  24.015
   287.0,0.048539,0.026584,0.406470,0.000385,  24.025
   288.0,0.047811,0.026184,0.401071,0.000385,  24.031
   289.0,0.047209,0.025785,0.395435,0.000385,  24.036
   290.0,0.046435,0.025363,0.389431,0.000385,  24.039
   291.0,0.045672,0.024949,0.383132,0.000372,  24.048
   292.0,0.044920,0.024533,0.376981,0.000372,  24.059
   293.0,0.044166,0.024123,0.371163,0.000385,  24.065
   294.0,0.043439,0.023734,0.365118,0.000372,  24.071
   295.0,0.042687,0.023411,0.358975,0.000385,  24.077
   296.0,0.041960,0.023007,0.353025,0.000372,  24.083
   297.0,0.041259,0.022617,0.348304,0.000385,  24.090
   298.0,0.040682,0.022225,0.342030,0.000385,  24.097
   299.0,0.039932,0.021829,0.335769,0.000372,  24.105
   300.0,0.039221,0.021425,0.329759,0.000385,  24.106
   301.0,0.038482,0.021033,0.324180,0.000385,  24.112
   302.0,0.037787,0.020641,0.318444,0.000385,  24.119
   303.0,0.037113,0.020299,0.312748,0.000385,  24.125
   304.0,0.036406,0.019958,0.306893,0.000385,  24.131
   305.0,0.035739,0.019604,0.301777,0.000385,  24.135
   306.0,0.035088,0.019236,0.297108,0.000385,  24.144
   307.0,0.034538,0.018869,0.291963,0.000372,  24.146
   308.0,0.033832,0.018498,0.286399,0.000385,  24.149
   309.0,0.033161,0.018118,0.281248,0.000385,  24.150
   310.0,0.032513,0.017763,0.276190,0.000358,  24.152
   311.0,0.031865,0.017402,0.271292,0.000331,  24.154
   312.0,0.031234,0.017129,0.265882,0.000345,  24.160
   313.0,0.030617,0.016795,0.260737,0.000331,  24.157
   314.0,0.029997,0.016457,0.256024,0.000358,  24.158
   315.0,0.029464,0.016133,0.251730,0.000345,  24.161
   316.0,0.028909,0.015795,0.245826,0.000331,  24.168
   317.0,0.028289,0.015449,0.241886,0.000309,  24.170
   318.0,0.027700,0.015148,0.237461,0.000309,  24.175
   319.0,0.027124,0.014814,0.232569,0.000323,  24.179
   320.0,0.026563,0.014504,0.227876,0.000407,  24.178
   321.0,0.026026,0.014262,0.223545,0.000358,  24.181
   322.0,0.025452,0.013968,0.219334,0.000331,  24.188
   323.0,0.024903,0.013675,0.213188,0.000331,  24.195
   324.0,0.024419,0.013392,0.210943,0.000331,  24.201
   325.0,0.023945,0.013084,0.206759,0.000345,  24.203
   326.0,0.023411,0.012799,0.203323,0.000367,  24.212
   327.0,0.022922,0.012543,0.199337,0.000331,  24.218
   328.0,0.022390,0.012255,0.194758,0.000345,  24.221
   329.0,0.021923,0.011984,0.190759,0.000367,  24.225
   330.0,0.021439,0.011751,0.187147,0.000331,  24.242
   331.0,0.020952,0.011513,0.183910,0.000345,  24.244
   332.0,0.020498,0.011270,0.180126,0.000367,  24.252
   333.0,0.020036,0.011012,0.177213,0.000345,  24.260
   334.0,0.019633,0.010752,0.173760,0.000354,  24.271
   335.0,0.019215,0.010516,0.170218,0.000331,  24.275
   336.0,0.018755,0.010266,0.166841,0.000318,  24.283
   337.0,0.018328,0.010038,0.162881,0.000304,  24.288
   338.0,0.017931,0.009810,0.159650,0.000304,  24.304
   339.0,0.017509,0.009582,0.156903,0.000291,  24.314
   340.0,0.017101,0.009399,0.153805,0.000340,  24.321
   341.0,0.016704,0.009182,0.150765,0.000340,  24.327
   342.0,0.016294,0.008971,0.148096,0.000340,  24.332
   343.0,0.016002,0.008770,0.145478,0.000304,  24.337
   344.0,0.015645,0.008570,0.142346,0.000304,  24.338
   345.0,0.015265,0.008369,0.139538,0.000340,  24.342
   346.0,0.014918,0.008167,0.136732,0.000304,  24.344
   347.0,0.014558,0.007961,0.133865,0.000304,  24.353
   348.0,0.014205,0.007791,0.131242,0.000327,  24.366
   349.0,0.013877,0.007628,0.128590,0.000340,  24.367
   350.0,0.013534,0.007450,0.126591,0.000327,  24.372
   351.0,0.013233,0.007271,0.124235,0.000304,  24.380
   352.0,0.012968,0.007097,0.121479,0.000291,  24.388
   353.0,0.012657,0.006930,0.119377,0.000304,  24.392
   354.0,0.012365,0.006770,0.117192,0.000304,  24.394
   355.0,0.012077,0.006621,0.114932,0.000291,  24.397
   356.0,0.011784,0.006464,0.112640,0.000291,  24.398
   357.0,0.011504,0.006342,0.110398,0.000304,  24.405
   358.0,0.011232,0.006197,0.107459,0.000291,  24.407
   359.0,0.010971,0.006051,0.106350,0.000304,  24.409
   360.0,0.010762,0.005905,0.104922,0.000291,  24.416
   361.0,0.010505,0.005770,0.102946,0.000291,  24.418
   362.0,0.010260,0.005633,0.101108,0.000304,  24.429
   363.0,0.009998,0.005496,0.099407,0.000277,  24.440
   364.0,0.009760,0.005368,0.097369,0.000313,  24.451
   365.0,0.009522,0.005245,0.095440,0.000335,  24.459
   366.0,0.009301,0.005135,0.093134,0.000313,  24.463
   367.0,0.009080,0.005006,0.092006,0.000313,  24.468
   368.0,0.008870,0.004882,0.090761,0.000277,  24.479
   369.0,0.008676,0.004773,0.089259,0.000313,  24.486
   370.0,0.008500,0.004659,0.087652,0.000250,  24.495
   371.0,0.008289,0.004540,0.086181,0.000264,  24.503
   372.0,0.008089,0.004430,0.083720,0.000300,  24.514
   373.0,0.007900,0.004326,0.083188,0.000264,  24.516
   374.0,0.007707,0.004233,0.082022,0.000264,  24.518
   375.0,0.007539,0.004157,0.080910,0.000286,  24.525
   376.0,0.007377,0.004068,0.079956,0.000264,  24.529
   377.0,0.007191,0.003968,0.078629,0.000286,  24.534
   378.0,0.007059,0.003881,0.077474,0.000286,  24.540
   379.0,0.006905,0.003788,0.076134,0.000300,  24.549
   380.0,0.006739,0.003710,0.074812,0.000335,  24.558
   381.0,0.006599,0.003633,0.073738,0.000349,  24.567
   382.0,0.006452,0.003558,0.072791,0.000313,  24.571
   383.0,0.006316,0.003498,0.071708,0.000349,  24.575
   384.0,0.006183,0.003427,0.070344,0.000349,  24.585
   385.0,0.006042,0.003341,0.069728,0.000313,  24.591
   386.0,0.005948,0.003272,0.068824,0.000250,  24.594
   387.0,0.005814,0.003207,0.067878,0.000264,  24.602
   388.0,0.005683,0.003139,0.067140,0.000300,  24.612
   389.0,0.005561,0.003059,0.066301,0.000264,  24.621
   390.0,0.005438,0.002995,0.065553,0.000264,  24.621
   391.0,0.005316,0.002934,0.064710,0.000286,  24.629
   392.0,0.005209,0.002883,0.063928,0.000264,  24.636
   393.0,0.005094,0.002817,0.062054,0.000286,  24.640
   394.0,0.004992,0.002755,0.062127,0.000264,  24.645
   395.0,0.004909,0.002704,0.061899,0.000264,  24.655
   396.0,0.004810,0.002654,0.061349,0.000300,  24.666
   397.0,0.004730,0.002602,0.060643,0.000264,  24.680
   398.0,0.004636,0.002554,0.059942,0.000264,  24.686
   399.0,0.004544,0.002516,0.059513,0.000300,  24.691
   400.0,0.004450,0.002474,0.058487,0.000264,  24.700
   401.0,0.004372,0.002435,0.058132,0.000300,  24.703
   402.0,0.004288,0.002382,0.057470,0.000313,  24.714
   403.0,0.004201,0.002340,0.057401,0.000264,  24.714
   404.0,0.004143,0.002294,0.056876,0.000335,  24.719
   405.0,0.004068,0.002251,0.056383,0.000286,  24.722
   406.0,0.003994,0.002212,0.056009,0.000286,  24.731
   407.0,0.003923,0.002172,0.055524,0.000286,  24.738
   408.0,0.003858,0.002135,0.055186,0.000250,  24.743
   409.0,0.003796,0.002102,0.054596,0.000264,  24.749
   410.0,0.003732,0.002072,0.054269,0.000286,  24.760
   411.0,0.003669,0.002037,0.053791,0.000300,  24.767
   412.0,0.003607,0.001996,0.053201,0.000286,  24.778
   413.0,0.003550,0.001971,0.053213,0.000250,  24.784
   414.0,0.003508,0.001945,0.052921,0.000264,  24.797
   415.0,0.003450,0.001916,0.052820,0.000286,  24.803
   416.0,0.003399,0.001886,0.051912,0.000264,  24.805
   417.0,0.003362,0.001859,0.052012,0.000264,  24.811
   418.0,0.003319,0.001844,0.051890,0.000286,  24.825
   419.0,0.003272,0.001819,0.051738,0.000264,  24.832
   420.0,0.003227,0.001798,0.049714,0.000286,  24.843
   421.0,0.003188,0.001772,0.050376,0.000264,  24.851
   422.0,0.003157,0.001760,0.050744,0.000250,  24.858
   423.0,0.003115,0.001733,0.050904,0.000273,  24.871
   424.0,0.003082,0.001702,0.050652,0.000264,  24.875
   425.0,0.003046,0.001694,0.049751,0.000264,  24.882
   426.0,0.003001,0.001668,0.050123,0.000286,  24.889
   427.0,0.002976,0.001652,0.050260,0.000264,  24.897
   428.0,0.002938,0.001641,0.049990,0.000308,  24.901
   429.0,0.002910,0.001616,0.049917,0.000322,  24.908
   430.0,0.002882,0.001602,0.049840,0.000286,  24.905
   431.0,0.002859,0.001590,0.049974,0.000308,  24.906
   432.0,0.002828,0.001568,0.049853,0.000308,  24.907
   433.0,0.002805,0.001549,0.049742,0.000300,  24.922
   434.0,0.002775,0.001544,0.049870,0.000286,  24.919
   435.0,0.002752,0.001560,0.049546,0.000264,  24.931
   436.0,0.002738,0.001534,0.049150,0.000264,  24.934
   437.0,0.002720,0.001515,0.049387,0.000286,  24.936
   438.0,0.002704,0.001504,0.048958,0.000264,  24.941
   439.0,0.002685,0.001493,0.049549,0.000286,  24.950
   440.0,0.002657,0.001489,0.049591,0.000264,  24.963
   441.0,0.002651,0.001478,0.049694,0.000264,  24.968
   442.0,0.002632,0.001470,0.049740,0.000286,  24.973
   443.0,0.002608,0.001459,0.049304,0.000286,  24.983
   444.0,0.002602,0.001436,0.049529,0.000300,  24.989
   445.0,0.002591,0.001438,0.049605,0.000286,  24.997
   446.0,0.002586,0.001431,0.049355,0.000300,  25.010
   447.0,0.002568,0.001423,0.048450,0.000286,  25.017
   448.0,0.002557,0.001418,0.049533,0.000264,  25.022
   449.0,0.002545,0.001403,0.049882,0.000264,  25.036
   450.0,0.002529,0.001393,0.050220,0.000308,  25.042
   451.0,0.002519,0.001383,0.050095,0.000335,  25.050
   452.0,0.002511,0.001380,0.049752,0.000286,  25.059
   453.0,0.002505,0.001386,0.050093,0.000322,  25.069
   454.0,0.002511,0.001385,0.050403,0.000335,  25.078
   455.0,0.002504,0.001394,0.050725,0.000322,  25.093
   456.0,0.002492,0.001394,0.051025,0.000322,  25.106
   457.0,0.002498,0.001386,0.051095,0.000300,  25.114
   458.0,0.002490,0.001382,0.051116,0.000322,  25.128
   459.0,0.002491,0.001373,0.051321,0.000322,  25.137
   460.0,0.002493,0.001374,0.051924,0.000300,  25.147
   461.0,0.002490,0.001375,0.051982,0.000322,  25.150
   462.0,0.002486,0.001381,0.051970,0.000335,  25.162
   463.0,0.002490,0.001379,0.051685,0.000300,  25.165
   464.0,0.002490,0.001382,0.051579,0.000322,  25.176
   465.0,0.002495,0.001383,0.052475,0.000335,  25.178
   466.0,0.002499,0.001384,0.052545,0.000322,  25.186
   467.0,0.002501,0.001384,0.052630,0.000308,  25.195
   468.0,0.002504,0.001385,0.052842,0.000286,  25.202
   469.0,0.002508,0.001390,0.053288,0.000308,  25.204
   470.0,0.002526,0.001395,0.053511,0.000308,  25.207
   471.0,0.002525,0.001387,0.053837,0.000300,  25.222
   472.0,0.002535,0.001393,0.054193,0.000308,  25.228
   473.0,0.002537,0.001387,0.054463,0.000322,  25.233
   474.0,0.002537,0.001392,0.054491,0.000322,  25.239
   475.0,0.002544,0.001405,0.054798,0.000335,  25.240
   476.0,0.002558,0.001412,0.054497,0.000300,  25.258
   477.0,0.002567,0.001425,0.055046,0.000322,  25.262
   478.0,0.002573,0.001423,0.055608,0.000335,  25.266
   479.0,0.002575,0.001425,0.055669,0.000300,  25.275
   480.0,0.002583,0.001428,0.055719,0.000322,  25.280
   481.0,0.002597,0.001433,0.056541,0.000335,  25.293
   482.0,0.002607,0.001441,0.056806,0.000300,  25.299
   483.0,0.002619,0.001446,0.057078,0.000335,  25.304
   484.0,0.002632,0.001449,0.057482,0.000300,  25.318
   485.0,0.002643,0.001450,0.057351,0.000322,  25.323
   486.0,0.002648,0.001454,0.058012,0.000335,  25.327
   487.0,0.002656,0.001463,0.058514,0.000300,  25.339
   488.0,0.002660,0.001467,0.058937,0.000335,  25.348
   489.0,0.002691,0.001477,0.059086,0.000335,  25.360
   490.0,0.002703,0.001486,0.059412,0.000349,  25.366
   491.0,0.002726,0.001497,0.059914,0.000335,  25.380
   492.0,0.002746,0.001502,0.060352,0.000349,  25.383
   493.0,0.002754,0.001512,0.060513,0.000357,  25.403
   494.0,0.002770,0.001518,0.060879,0.000335,  25.408
   495.0,0.002788,0.001524,0.060642,0.000335,  25.416
   496.0,0.002792,0.001535,0.061629,0.000371,  25.419
   497.0,0.002808,0.001539,0.062013,0.000335,  25.440
   498.0,0.002823,0.001551,0.061633,0.000335,  25.446
   499.0,0.002841,0.001560,0.062640,0.000371,  25.452
   500.0,0.002851,0.001570,0.063427,0.000371,  25.463
   501.0,0.002869,0.001573,0.063748,0.000384,  25.470
   502.0,0.002892,0.001583,0.064256,0.000322,  25.478
   503.0,0.002904,0.001593,0.064761,0.000362,  25.488
   504.0,0.002922,0.001597,0.065131,0.000349,  25.499
   505.0,0.002955,0.001611,0.065601,0.000349,  25.505
   506.0,0.002975,0.001628,0.066151,0.000300,  25.511
   507.0,0.002992,0.001638,0.066611,0.000335,  25.526
   508.0,0.003008,0.001638,0.066843,0.000335,  25.537
   509.0,0.003021,0.001651,0.067286,0.000335,  25.548
   510.0,0.003041,0.001663,0.065854,0.000349,  25.558
   511.0,0.003062,0.001684,0.067478,0.000300,  25.564
   512.0,0.003091,0.001699,0.068599,0.000349,  25.582
   513.0,0.003119,0.001716,0.069142,0.000335,  25.589
   514.0,0.003143,0.001729,0.069474,0.000335,  25.600
   515.0,0.003168,0.001732,0.070241,0.000371,  25.608
   516.0,0.003194,0.001755,0.070957,0.000362,  25.619
   517.0,0.003217,0.001755,0.071639,0.000313,  25.627
   518.0,0.003228,0.001770,0.072434,0.000349,  25.643
   519.0,0.003258,0.001773,0.072782,0.000362,  25.650
   520.0,0.003286,0.001795,0.073075,0.000349,  25.661
   521.0,0.003304,0.001807,0.073703,0.000349,  25.673
   522.0,0.003330,0.001819,0.074327,0.000300,  25.680
   523.0,0.003350,0.001827,0.074968,0.000357,  25.691
   524.0,0.003374,0.001836,0.074185,0.000335,  25.699
   525.0,0.003408,0.001854,0.075771,0.000335,  25.713
   526.0,0.003436,0.001871,0.076249,0.000420,  25.722
   527.0,0.003468,0.001887,0.077064,0.000398,  25.735
   528.0,0.003496,0.001904,0.078036,0.000398,  25.746
   529.0,0.003524,0.001923,0.078616,0.000376,  25.758
   530.0,0.003553,0.001942,0.079263,0.000327,  25.765
   531.0,0.003589,0.001963,0.079976,0.000362,  25.778
   532.0,0.003621,0.001981,0.080746,0.000376,  25.780
   533.0,0.003649,0.001998,0.081359,0.000340,  25.786
   534.0,0.003680,0.002009,0.082018,0.000376,  25.796
   535.0,0.003717,0.002022,0.082732,0.000376,  25.804
   536.0,0.003758,0.002049,0.083507,0.000362,  25.810
   537.0,0.003789,0.002070,0.083624,0.000376,  25.815
   538.0,0.003808,0.002076,0.084744,0.000327,  25.826
   539.0,0.003836,0.002087,0.085631,0.000362,  25.830
   540.0,0.003873,0.002108,0.086459,0.000376,  25.841
   541.0,0.003912,0.002136,0.087326,0.000327,  25.848
   542.0,0.003953,0.002157,0.088088,0.000362,  25.854
   543.0,0.003992,0.002174,0.088730,0.000362,  25.864
   544.0,0.004031,0.002190,0.089542,0.000398,  25.871
   545.0,0.004070,0.002209,0.089938,0.000376,  25.884
   546.0,0.004105,0.002239,0.090450,0.000362,  25.898
   547.0,0.004136,0.002252,0.091744,0.000398,  25.905
   548.0,0.004184,0.002274,0.092755,0.000376,  25.912
   549.0,0.004223,0.002293,0.093475,0.000362,  25.920
   550.0,0.004265,0.002312,0.094463,0.000398,  25.930
   551.0,0.004309,0.002343,0.095417,0.000376,  25.930
   552.0,0.004348,0.002358,0.096317,0.000411,  25.942
   553.0,0.004390,0.002381,0.095750,0.000398,  25.952
   554.0,0.004434,0.002399,0.097241,0.000362,  25.958
   555.0,0.004467,0.002424,0.098743,0.000398,  25.968
   556.0,0.004517,0.002441,0.099784,0.000376,  25.976
   557.0,0.004561,0.002469,0.100950,0.000376,  25.979
   558.0,0.004612,0.002496,0.102051,0.000425,  25.988
   559.0,0.004665,0.002525,0.102831,0.000403,  25.994
   560.0,0.004708,0.002549,0.104011,0.000389,  25.999
   561.0,0.004750,0.002580,0.105011,0.000425,  26.003
   562.0,0.004811,0.002609,0.105806,0.000389,  26.017
   563.0,0.004864,0.002637,0.106811,0.000425,  26.028
   564.0,0.004913,0.002663,0.107796,0.000403,  26.031
   565.0,0.004963,0.002697,0.108337,0.000416,  26.045
   566.0,0.005020,0.002727,0.108215,0.000461,  26.058
   567.0,0.005061,0.002741,0.110638,0.000403,  26.065
   568.0,0.005113,0.002776,0.112365,0.000416,  26.072
   569.0,0.005171,0.002804,0.113367,0.000438,  26.090
   570.0,0.005237,0.002838,0.114582,0.000438,  26.098
   571.0,0.005297,0.002870,0.115699,0.000438,  26.107
   572.0,0.005344,0.002898,0.116859,0.000403,  26.113
   573.0,0.005398,0.002926,0.117663,0.000416,  26.123
   574.0,0.005451,0.002951,0.119138,0.000438,  26.137
   575.0,0.005500,0.002974,0.120414,0.000430,  26.146
   576.0,0.005552,0.003006,0.121364,0.000430,  26.159
   577.0,0.005627,0.003035,0.122934,0.000452,  26.164
   578.0,0.005692,0.003063,0.124419,0.000430,  26.174
   579.0,0.005763,0.003099,0.124093,0.000452,  26.184
   580.0,0.005813,0.003139,0.125997,0.000403,  26.189
   581.0,0.005863,0.003169,0.127718,0.000416,  26.202
   582.0,0.005934,0.003210,0.129327,0.000438,  26.213
   583.0,0.005999,0.003240,0.130973,0.000403,  26.224
   584.0,0.006064,0.003274,0.132303,0.000416,  26.229
   585.0,0.006136,0.003302,0.133403,0.000452,  26.238
   586.0,0.006202,0.003336,0.134886,0.000430,  26.243
   587.0,0.006267,0.003373,0.135704,0.000452,  26.251
   588.0,0.006341,0.003414,0.135455,0.000452,  26.269
   589.0,0.006394,0.003447,0.138337,0.000430,  26.279
   590.0,0.006466,0.003481,0.140557,0.000452,  26.291
   591.0,0.006537,0.003509,0.142067,0.000416,  26.299
   592.0,0.006608,0.003550,0.143620,0.000416,  26.313
   593.0,0.006683,0.003599,0.145301,0.000452,  26.326
   594.0,0.006770,0.003642,0.146772,0.000501,  26.343
   595.0,0.006849,0.003671,0.148038,0.000465,  26.350
   596.0,0.006937,0.003710,0.149826,0.000465,  26.362
   597.0,0.007010,0.003759,0.151460,0.000430,  26.376
   598.0,0.007083,0.003807,0.153135,0.000438,  26.389
   599.0,0.007153,0.003847,0.154815,0.000416,  26.395
   600.0,0.007233,0.003886,0.156537,0.000452,  26.413
   601.0,0.007304,0.003921,0.158547,0.000474,  26.418
   602.0,0.007396,0.003966,0.160051,0.000474,  26.423
   603.0,0.007471,0.004005,0.161759,0.000465,  26.436
   604.0,0.007560,0.004036,0.163510,0.000487,  26.447
   605.0,0.007652,0.004080,0.165298,0.000438,  26.459
   606.0,0.007738,0.004131,0.166540,0.000474,  26.465
   607.0,0.007813,0.004173,0.168297,0.000501,  26.479
   608.0,0.007900,0.004227,0.169879,0.000465,  26.493
   609.0,0.007992,0.004277,0.171504,0.000452,  26.498
   610.0,0.008088,0.004324,0.173529,0.000430,  26.506
   611.0,0.008171,0.004376,0.175269,0.000430,  26.516
   612.0,0.008271,0.004429,0.177465,0.000452,  26.525
   613.0,0.008354,0.004461,0.179666,0.000430,  26.537
   614.0,0.008450,0.004517,0.181654,0.000465,  26.547
   615.0,0.008554,0.004576,0.183446,0.000465,  26.555
   616.0,0.008670,0.004631,0.185002,0.000443,  26.561
   617.0,0.008743,0.004676,0.187234,0.000479,  26.572
   618.0,0.008842,0.004733,0.189166,0.000443,  26.580
   619.0,0.008942,0.004777,0.191140,0.000443,  26.592
   620.0,0.009030,0.004832,0.191536,0.000465,  26.594
   621.0,0.009138,0.004889,0.194738,0.000430,  26.604
   622.0,0.009235,0.004932,0.197246,0.000443,  26.618
   623.0,0.009329,0.004970,0.198379,0.000465,  26.629
   624.0,0.009433,0.005024,0.199887,0.000443,  26.636
   625.0,0.009525,0.005077,0.202784,0.000487,  26.643
   626.0,0.009632,0.005128,0.205064,0.000501,  26.655
   627.0,0.009740,0.005187,0.207353,0.000457,  26.659
   628.0,0.009856,0.005250,0.209507,0.000465,  26.666
   629.0,0.009960,0.005316,0.211682,0.000443,  26.674
   630.0,0.010067,0.005377,0.213727,0.000457,  26.689
   631.0,0.010185,0.005417,0.216198,0.000492,  26.703
   632.0,0.010288,0.005482,0.218355,0.000492,  26.709
   633.0,0.010404,0.005542,0.220241,0.000479,  26.720
   634.0,0.010491,0.005596,0.222119,0.000457,  26.733
   635.0,0.010612,0.005658,0.224128,0.000457,  26.740
   636.0,0.010734,0.005723,0.226299,0.000492,  26.749
   637.0,0.010842,0.005781,0.228678,0.000457,  26.764
   638.0,0.010948,0.005832,0.231456,0.000457,  26.778
   639.0,0.011057,0.005890,0.233835,0.000492,  26.788
   640.0,0.011185,0.005942,0.235852,0.000457,  26.807
   641.0,0.011301,0.006008,0.236174,0.000492,  26.816
   642.0,0.011412,0.006072,0.239214,0.000457,  26.825
   643.0,0.011516,0.006138,0.242128,0.000492,  26.842
   644.0,0.011629,0.006198,0.244697,0.000514,  26.850
   645.0,0.011749,0.006254,0.247468,0.000501,  26.862
   646.0,0.011871,0.006313,0.249669,0.000479,  26.870
   647.0,0.011993,0.006373,0.252019,0.000514,  26.876
   648.0,0.012107,0.006434,0.254307,0.000528,  26.888
   649.0,0.012234,0.006502,0.256821,0.000514,  26.898
   650.0,0.012376,0.006561,0.257489,0.000492,  26.904
   651.0,0.012474,0.006619,0.260381,0.000492,  26.912
   652.0,0.012577,0.006687,0.263122,0.000492,  26.926
   653.0,0.012693,0.006750,0.265536,0.000443,  26.933
   654.0,0.012809,0.006812,0.268033,0.000443,  26.942
   655.0,0.012947,0.006881,0.268588,0.000479,  26.954
   656.0,0.013071,0.006940,0.272308,0.000514,  26.965
   657.0,0.013193,0.006993,0.274783,0.000492,  26.972
   658.0,0.013318,0.007052,0.276878,0.000541,  26.977
   659.0,0.013435,0.007119,0.279730,0.000506,  26.989
   660.0,0.013544,0.007191,0.281656,0.000541,  27.000
   661.0,0.013667,0.007250,0.284152,0.000541,  27.007
   662.0,0.013786,0.007321,0.286574,0.000479,  27.019
   663.0,0.013910,0.007387,0.289061,0.000541,  27.023
   664.0,0.014036,0.007448,0.291261,0.000541,  27.038
   665.0,0.014152,0.007503,0.293688,0.000506,  27.051
   666.0,0.014281,0.007563,0.296227,0.000506,  27.061
   667.0,0.014394,0.007621,0.298378,0.000506,  27.073
   668.0,0.014523,0.007686,0.300408,0.000492,  27.083
   669.0,0.014613,0.007753,0.302910,0.000457,  27.093
   670.0,0.014741,0.007822,0.305086,0.000457,  27.104
   671.0,0.014847,0.007870,0.307409,0.000514,  27.111
   672.0,0.014975,0.007939,0.308725,0.000528,  27.124
   673.0,0.015104,0.007996,0.311558,0.000492,  27.132
   674.0,0.015224,0.008053,0.314152,0.000514,  27.149
   675.0,0.015336,0.008099,0.316451,0.000492,  27.160
   676.0,0.015461,0.008167,0.318595,0.000528,  27.166
   677.0,0.015576,0.008232,0.320650,0.000541,  27.177
   678.0,0.015678,0.008301,0.322799,0.000492,  27.187
   679.0,0.015803,0.008367,0.325332,0.000528,  27.198
   680.0,0.015926,0.008433,0.327437,0.000541,  27.203
   681.0,0.016052,0.008488,0.329833,0.000492,  27.220
   682.0,0.016166,0.008545,0.332207,0.000528,  27.226
   683.0,0.016301,0.008618,0.334379,0.000492,  27.228
   684.0,0.016410,0.008672,0.336346,0.000541,  27.235
   685.0,0.016528,0.008740,0.338048,0.000541,  27.242
   686.0,0.016627,0.008804,0.339980,0.000506,  27.254
   687.0,0.016747,0.008872,0.342448,0.000528,  27.257
   688.0,0.016865,0.008933,0.344718,0.000528,  27.268
   689.0,0.016984,0.008992,0.346856,0.000492,  27.274
   690.0,0.017098,0.009049,0.349045,0.000541,  27.277
   691.0,0.017214,0.009087,0.350058,0.000541,  27.287
   692.0,0.017330,0.009156,0.352305,0.000541,  27.296
   693.0,0.017437,0.009205,0.354931,0.000506,  27.304
   694.0,0.017553,0.009268,0.356824,0.000492,  27.317
   695.0,0.017644,0.009321,0.358924,0.000528,  27.327
   696.0,0.017754,0.009377,0.360954,0.000528,  27.336
   697.0,0.017873,0.009433,0.362924,0.000492,  27.347
   698.0,0.017975,0.009503,0.363984,0.000528,  27.354
   699.0,0.018090,0.009562,0.366143,0.000528,  27.362
   700.0,0.018198,0.009608,0.368400,0.000492,  27.377
   701.0,0.018290,0.009672,0.370050,0.000541,  27.386
   702.0,0.018380,0.009711,0.372054,0.000506,  27.392
   703.0,0.018501,0.009771,0.373858,0.000537,  27.401
   704.0,0.018569,0.009821,0.375287,0.000501,  27.412
   705.0,0.018663,0.009867,0.376855,0.000492,  27.421
   706.0,0.018762,0.009919,0.378971,0.000501,  27.430
   707.0,0.018870,0.009969,0.380040,0.000514,  27.437
   708.0,0.018959,0.010013,0.381005,0.000550,  27.452
   709.0,0.019041,0.010049,0.383735,0.000537,  27.460
   710.0,0.019144,0.010103,0.385404,0.000528,  27.472
   711.0,0.019220,0.010143,0.386565,0.000550,  27.478
   712.0,0.019317,0.010195,0.388174,0.000514,  27.493
   713.0,0.019393,0.010243,0.389749,0.000492,  27.500
   714.0,0.019479,0.010291,0.390861,0.000528,  27.517
   715.0,0.019570,0.010334,0.392438,0.000528,  27.530
   716.0,0.019662,0.010387,0.393932,0.000492,  27.540
   717.0,0.019751,0.010437,0.395128,0.000528,  27.547
   718.0,0.019816,0.010472,0.396406,0.000528,  27.560
   719.0,0.019904,0.010510,0.397536,0.000492,  27.569
   720.0,0.019982,0.010558,0.397708,0.000492,  27.589
   721.0,0.020059,0.010586,0.399721,0.000492,  27.597
   722.0,0.020120,0.010637,0.401283,0.000528,  27.615
   723.0,0.020196,0.010681,0.402338,0.000555,  27.624
   724.0,0.020255,0.010714,0.403484,0.000506,  27.635
   725.0,0.020319,0.010754,0.404996,0.000541,  27.650
   726.0,0.020415,0.010793,0.405685,0.000514,  27.662
   727.0,0.020456,0.010813,0.406399,0.000492,  27.672
   728.0,0.020512,0.010836,0.407552,0.000528,  27.684
   729.0,0.020566,0.010870,0.407690,0.000492,  27.696
   730.0,0.020626,0.010910,0.408594,0.000528,  27.704
   731.0,0.020679,0.010927,0.409916,0.000528,  27.715
   732.0,0.020742,0.010969,0.410557,0.000492,  27.723
   733.0,0.020792,0.010999,0.411326,0.000528,  27.740
   734.0,0.020833,0.011011,0.411448,0.000528,  27.750
   735.0,0.020865,0.011039,0.413120,0.000492,  27.762
   736.0,0.020917,0.011056,0.413552,0.000492,  27.772
   737.0,0.020963,0.011077,0.413781,0.000492,  27.788
   738.0,0.020999,0.011093,0.414127,0.000492,  27.790
   739.0,0.021051,0.011128,0.414642,0.000457,  27.797
   740.0,0.021072,0.011144,0.415111,0.000457,  27.814
   741.0,0.021101,0.011159,0.415331,0.000492,  27.818
   742.0,0.021131,0.011164,0.413706,0.000457,  27.834
   743.0,0.021155,0.011185,0.415985,0.000457,  27.849
   744.0,0.021163,0.011189,0.416696,0.000506,  27.854
   745.0,0.021204,0.011215,0.416594,0.000506,  27.861
   746.0,0.021245,0.011226,0.417296,0.000492,  27.873
   747.0,0.021272,0.011248,0.417060,0.000457,  27.882
   748.0,0.021293,0.011270,0.416783,0.000457,  27.897
   749.0,0.021298,0.011274,0.416937,0.000514,  27.910
   750.0,0.021326,0.011289,0.417337,0.000514,  27.916
   751.0,0.021321,0.011291,0.416937,0.000550,  27.927
   752.0,0.021333,0.011296,0.417163,0.000550,  27.932
   753.0,0.021347,0.011304,0.416840,0.000528,  27.935
   754.0,0.021350,0.011304,0.416082,0.000550,  27.943
   755.0,0.021324,0.011278,0.416415,0.000514,  27.946
   756.0,0.021344,0.011298,0.416487,0.000550,  27.961
   757.0,0.021346,0.011296,0.415954,0.000501,  27.971
   758.0,0.021329,0.011291,0.415361,0.000501,  27.975
   759.0,0.021337,0.011285,0.415315,0.000479,  27.988
   760.0,0.021356,0.011301,0.414423,0.000501,  28.008
   761.0,0.021321,0.011291,0.413837,0.000501,  28.007
   762.0,0.021313,0.011277,0.413776,0.000479,  28.016
   763.0,0.021311,0.011285,0.412415,0.000465,  28.017
   764.0,0.021267,0.011261,0.412191,0.000479,  28.023
   765.0,0.021264,0.011255,0.412145,0.000501,  28.034
   766.0,0.021249,0.011252,0.411290,0.000528,  28.042
   767.0,0.021232,0.011243,0.410031,0.000479,  28.056
   768.0,0.021189,0.011226,0.407302,0.000501,  28.066
   769.0,0.021170,0.011215,0.408332,0.000501,  28.074
   770.0,0.021153,0.011203,0.407848,0.000479,  28.089
   771.0,0.021101,0.011180,0.406931,0.000514,  28.097
   772.0,0.021097,0.011168,0.403792,0.000492,  28.111
   773.0,0.021055,0.011170,0.403901,0.000514,  28.116
   774.0,0.021011,0.011139,0.403758,0.000514,  28.132
   775.0,0.020971,0.011129,0.403562,0.000479,  28.147
   776.0,0.020944,0.011116,0.402227,0.000523,  28.157
   777.0,0.020884,0.011082,0.400832,0.000501,  28.165
   778.0,0.020844,0.011066,0.399953,0.000492,  28.185
   779.0,0.020806,0.011057,0.398546,0.000514,  28.196
   780.0,0.020760,0.011027,0.396728,0.000492,  28.212
   781.0,0.020711,0.011015,0.396198,0.000501,  28.226
   782.0,0.020653,0.010988,0.395305,0.000501,  28.240
   783.0,0.020619,0.010968,0.393454,0.000479,  28.253
   784.0,0.020542,0.010925,0.392438,0.000501,  28.261
   785.0,0.020513,0.010898,0.390645,0.000501,  28.275
   786.0,0.020471,0.010865,0.388015,0.000479,  28.283
   787.0,0.020373,0.010829,0.387688,0.000514,  28.298
   788.0,0.020309,0.010807,0.386650,0.000514,  28.306
   789.0,0.020252,0.010782,0.384690,0.000514,  28.312
   790.0,0.020176,0.010741,0.383279,0.000514,  28.320
   791.0,0.020131,0.010718,0.381096,0.000492,  28.327
   792.0,0.020076,0.010700,0.380180,0.000501,  28.343
   793.0,0.020009,0.010656,0.378530,0.000501,  28.348
   794.0,0.019933,0.010619,0.374950,0.000550,  28.354
   795.0,0.019857,0.010601,0.375029,0.000537,  28.360
   796.0,0.019787,0.010567,0.373551,0.000501,  28.369
   797.0,0.019709,0.010531,0.372235,0.000550,  28.373
   798.0,0.019655,0.010500,0.370650,0.000501,  28.391
   799.0,0.019583,0.010477,0.368506,0.000514,  28.392
   800.0,0.019496,0.010421,0.367091,0.000537,  28.406
   801.0,0.019441,0.010379,0.365645,0.000501,  28.414
   802.0,0.019371,0.010347,0.363807,0.000550,  28.428
   803.0,0.019274,0.010293,0.361820,0.000537,  28.434
   804.0,0.019199,0.010260,0.359075,0.000501,  28.442
   805.0,0.019123,0.010229,0.356253,0.000550,  28.458
   806.0,0.019028,0.010181,0.355265,0.000501,  28.470
   807.0,0.018947,0.010146,0.354083,0.000479,  28.482
   808.0,0.018861,0.010116,0.352471,0.000501,  28.488
   809.0,0.018797,0.010067,0.350226,0.000501,  28.494
   810.0,0.018703,0.010025,0.347935,0.000479,  28.512
   811.0,0.018635,0.010001,0.346095,0.000523,  28.522
   812.0,0.018558,0.009960,0.343855,0.000501,  28.529
   813.0,0.018458,0.009900,0.342436,0.000465,  28.537
   814.0,0.018360,0.009872,0.340474,0.000501,  28.550
   815.0,0.018280,0.009831,0.337223,0.000501,  28.566
   816.0,0.018178,0.009781,0.336201,0.000514,  28.568
   817.0,0.018118,0.009747,0.334554,0.000528,  28.577
   818.0,0.018026,0.009693,0.331640,0.000479,  28.594
   819.0,0.017918,0.009632,0.329741,0.000487,  28.605
   820.0,0.017829,0.009593,0.327657,0.000487,  28.616
   821.0,0.017735,0.009555,0.325522,0.000452,  28.627
   822.0,0.017639,0.009493,0.323450,0.000487,  28.636
   823.0,0.017552,0.009470,0.321241,0.000474,  28.645
   824.0,0.017469,0.009432,0.318953,0.000474,  28.656
   825.0,0.017364,0.009384,0.317123,0.000501,  28.659
   826.0,0.017297,0.009327,0.315139,0.000465,  28.670
   827.0,0.017208,0.009296,0.312373,0.000474,  28.679
   828.0,0.017110,0.009250,0.309871,0.000501,  28.687
   829.0,0.017013,0.009204,0.308559,0.000537,  28.696
   830.0,0.016927,0.009166,0.306692,0.000510,  28.707
   831.0,0.016839,0.009119,0.303992,0.000501,  28.720
   832.0,0.016732,0.009061,0.301998,0.000523,  28.725
   833.0,0.016645,0.009028,0.300250,0.000501,  28.739
   834.0,0.016581,0.008993,0.298243,0.000537,  28.743
   835.0,0.016484,0.008949,0.295932,0.000523,  28.752
   836.0,0.016395,0.008906,0.292262,0.000501,  28.772
   837.0,0.016300,0.008868,0.290849,0.000550,  28.783
   838.0,0.016204,0.008827,0.289066,0.000523,  28.788
   839.0,0.016116,0.008784,0.287210,0.000501,  28.802
   840.0,0.016025,0.008747,0.284972,0.000523,  28.813
   841.0,0.015926,0.008702,0.282526,0.000487,  28.818
   842.0,0.015843,0.008661,0.280908,0.000465,  28.832
   843.0,0.015765,0.008613,0.278729,0.000474,  28.837
   844.0,0.015672,0.008561,0.275816,0.000474,  28.846
   845.0,0.015578,0.008521,0.273550,0.000452,  28.860
   846.0,0.015498,0.008483,0.271997,0.000474,  28.870
   847.0,0.015421,0.008438,0.269631,0.000474,  28.882
   848.0,0.015331,0.008403,0.267518,0.000496,  28.894
   849.0,0.015244,0.008369,0.265436,0.000496,  28.909
   850.0,0.015157,0.008325,0.263073,0.000461,  28.914
   851.0,0.015058,0.008285,0.261354,0.000483,  28.927
   852.0,0.015007,0.008259,0.259392,0.000461,  28.947
   853.0,0.014930,0.008216,0.257313,0.000496,  28.951
   854.0,0.014841,0.008175,0.254814,0.000496,  28.962
   855.0,0.014764,0.008132,0.252849,0.000474,  28.970
   856.0,0.014679,0.008101,0.250963,0.000496,  28.990
   857.0,0.014587,0.008061,0.249054,0.000496,  28.997
   858.0,0.014516,0.008030,0.247277,0.000474,  29.011
   859.0,0.014442,0.007998,0.244774,0.000496,  29.019
   860.0,0.014370,0.007967,0.242906,0.000474,  29.040
   861.0,0.014309,0.007927,0.240994,0.000496,  29.049
   862.0,0.014236,0.007909,0.239229,0.000496,  29.060
   863.0,0.014167,0.007879,0.237293,0.000474,  29.074
   864.0,0.014099,0.007840,0.233838,0.000496,  29.084
   865.0,0.014031,0.007814,0.233009,0.000469,  29.097
   866.0,0.013971,0.007790,0.231310,0.000447,  29.099
   867.0,0.013904,0.007762,0.229731,0.000483,  29.115
   868.0,0.013837,0.007736,0.228015,0.000469,  29.124
   869.0,0.013773,0.007715,0.225772,0.000469,  29.136
   870.0,0.013715,0.007685,0.224389,0.000483,  29.146
   871.0,0.013659,0.007651,0.222777,0.000474,  29.165
   872.0,0.013594,0.007632,0.221078,0.000496,  29.168
   873.0,0.013539,0.007618,0.219119,0.000496,  29.178
   874.0,0.013481,0.007585,0.217574,0.000474,  29.184
   875.0,0.013432,0.007574,0.215890,0.000496,  29.206
   876.0,0.013376,0.007548,0.214143,0.000496,  29.214
   877.0,0.013340,0.007534,0.212378,0.000447,  29.222
   878.0,0.013291,0.007523,0.211022,0.000505,  29.226
   879.0,0.013263,0.007518,0.209293,0.000518,  29.235
   880.0,0.013214,0.007498,0.207061,0.000496,  29.252
   881.0,0.013166,0.007478,0.205976,0.000496,  29.262
   882.0,0.013129,0.007457,0.204572,0.000474,  29.270
   883.0,0.013084,0.007443,0.203268,0.000483,  29.287
   884.0,0.013046,0.007443,0.201732,0.000483,  29.297
   885.0,0.013024,0.007426,0.200146,0.000447,  29.305
   886.0,0.012986,0.007413,0.198606,0.000483,  29.321
   887.0,0.012952,0.007412,0.197566,0.000447,  29.329
   888.0,0.012925,0.007401,0.196096,0.000483,  29.351
   889.0,0.012896,0.007396,0.194868,0.000483,  29.352
   890.0,0.012880,0.007388,0.193410,0.000447,  29.362
   891.0,0.012854,0.007387,0.191381,0.000469,  29.377
   892.0,0.012830,0.007382,0.190805,0.000469,  29.382
   893.0,0.012805,0.007381,0.189717,0.000447,  29.392
   894.0,0.012787,0.007380,0.187457,0.000469,  29.396
   895.0,0.012765,0.007371,0.187063,0.000469,  29.403
   896.0,0.012765,0.007386,0.186125,0.000469,  29.405
   897.0,0.012771,0.007404,0.185014,0.000483,  29.420
   898.0,0.012765,0.007400,0.184214,0.000447,  29.432
   899.0,0.012744,0.007388,0.182967,0.000469,  29.438
   900.0,0.012738,0.007409,0.180466,0.000469,  29.448
   901.0,0.012747,0.007430,0.180485,0.000447,  29.459
   902.0,0.012761,0.007437,0.179380,0.000483,  29.476
   903.0,0.012771,0.007457,0.178301,0.000483,  29.485
   904.0,0.012779,0.007479,0.177248,0.000461,  29.497
   905.0,0.012779,0.007493,0.177175,0.000483,  29.515
   906.0,0.012792,0.007507,0.176333,0.000447,  29.528
   907.0,0.012787,0.007516,0.175552,0.000483,  29.537
   908.0,0.012817,0.007543,0.174892,0.000483,  29.551
   909.0,0.012840,0.007564,0.173949,0.000447,  29.563
   910.0,0.012856,0.007592,0.173256,0.000469,  29.574
   911.0,0.012869,0.007603,0.172673,0.000469,  29.589
   912.0,0.012899,0.007626,0.172261,0.000434,  29.600
   913.0,0.012925,0.007652,0.171446,0.000469,  29.613
   914.0,0.012948,0.007683,0.170684,0.000447,  29.627
   915.0,0.012983,0.007716,0.169783,0.000469,  29.635
   916.0,0.013026,0.007755,0.169307,0.000469,  29.657
   917.0,0.013050,0.007762,0.168162,0.000420,  29.668
   918.0,0.013085,0.007795,0.168119,0.000456,  29.676
   919.0,0.013108,0.007821,0.167271,0.000456,  29.691
   920.0,0.013148,0.007842,0.166840,0.000420,  29.704
   921.0,0.013216,0.007887,0.166518,0.000456,  29.714
   922.0,0.013269,0.007926,0.166330,0.000420,  29.722
   923.0,0.013290,0.007945,0.166050,0.000429,  29.730
   924.0,0.013327,0.007988,0.165551,0.000456,  29.744
   925.0,0.013385,0.008035,0.165265,0.000447,  29.754
   926.0,0.013438,0.008071,0.164921,0.000469,  29.766
   927.0,0.013499,0.008112,0.164639,0.000469,  29.772
   928.0,0.013568,0.008154,0.164258,0.000447,  29.779
   929.0,0.013634,0.008215,0.164052,0.000456,  29.796
   930.0,0.013679,0.008252,0.164140,0.000420,  29.808
   931.0,0.013741,0.008296,0.164025,0.000456,  29.816
   932.0,0.013819,0.008347,0.163373,0.000456,  29.836
   933.0,0.013890,0.008406,0.163508,0.000420,  29.844
   934.0,0.013978,0.008461,0.163398,0.000456,  29.856
   935.0,0.014039,0.008510,0.163534,0.000456,  29.870
   936.0,0.014123,0.008558,0.163635,0.000420,  29.886
   937.0,0.014199,0.008609,0.163625,0.000456,  29.898
   938.0,0.014275,0.008666,0.163733,0.000456,  29.913
   939.0,0.014376,0.008743,0.163752,0.000456,  29.931
   940.0,0.014455,0.008798,0.163631,0.000456,  29.938
   941.0,0.014545,0.008856,0.163942,0.000420,  29.950
   942.0,0.014641,0.008918,0.164105,0.000456,  29.959
   943.0,0.014720,0.008989,0.164307,0.000456,  29.973
   944.0,0.014825,0.009054,0.164451,0.000420,  29.979
   945.0,0.014942,0.009108,0.164927,0.000456,  29.985
   946.0,0.015054,0.009185,0.165170,0.000456,  29.997
   947.0,0.015144,0.009261,0.165466,0.000384,  30.015
   948.0,0.015237,0.009328,0.165699,0.000420,  30.024
   949.0,0.015341,0.009406,0.166085,0.000407,  30.035
   950.0,0.015454,0.009485,0.166553,0.000442,  30.043
   951.0,0.015585,0.009564,0.166821,0.000456,  30.057
   952.0,0.015707,0.009646,0.167198,0.000420,  30.069
   953.0,0.015825,0.009703,0.167500,0.000456,  30.081
   954.0,0.015946,0.009786,0.167300,0.000456,  30.086
   955.0,0.016063,0.009860,0.168420,0.000456,  30.096
   956.0,0.016167,0.009939,0.169053,0.000456,  30.113
   957.0,0.016290,0.010032,0.169839,0.000420,  30.124
   958.0,0.016438,0.010129,0.170163,0.000429,  30.128
   959.0,0.016572,0.010206,0.169912,0.000442,  30.139
   960.0,0.016684,0.010296,0.170790,0.000429,  30.142
   961.0,0.016832,0.010379,0.172048,0.000478,  30.161
   962.0,0.016982,0.010457,0.172044,0.000478,  30.166
   963.0,0.017112,0.010549,0.173339,0.000478,  30.172
   964.0,0.017268,0.010651,0.174186,0.000478,  30.181
   965.0,0.017407,0.010749,0.175041,0.000478,  30.189
   966.0,0.017529,0.010830,0.175810,0.000478,  30.206
   967.0,0.017677,0.010933,0.176564,0.000464,  30.216
   968.0,0.017824,0.011033,0.177194,0.000442,  30.227
   969.0,0.017993,0.011140,0.177618,0.000442,  30.232
   970.0,0.018162,0.011249,0.178849,0.000429,  30.256
   971.0,0.018315,0.011324,0.180235,0.000407,  30.271
   972.0,0.018491,0.011440,0.181068,0.000442,  30.278
   973.0,0.018649,0.011535,0.182063,0.000456,  30.298
   974.0,0.018781,0.011649,0.182902,0.000442,  30.305
   975.0,0.018962,0.011768,0.183727,0.000442,  30.315
   976.0,0.019132,0.011881,0.184828,0.000434,  30.325
   977.0,0.019312,0.011982,0.186028,0.000456,  30.342
   978.0,0.019476,0.012102,0.187141,0.000456,  30.353
   979.0,0.019650,0.012210,0.188059,0.000420,  30.364
   980.0,0.019837,0.012306,0.189049,0.000456,  30.372
   981.0,0.020051,0.012435,0.189793,0.000456,  30.377
   982.0,0.020231,0.012555,0.191094,0.000469,  30.396
   983.0,0.020366,0.012674,0.192370,0.000469,  30.402
   984.0,0.020530,0.012789,0.193543,0.000447,  30.414
   985.0,0.020728,0.012919,0.194839,0.000469,  30.418
   986.0,0.020906,0.013026,0.196090,0.000469,  30.436
   987.0,0.021112,0.013160,0.195873,0.000447,  30.442
   988.0,0.021315,0.013286,0.198078,0.000469,  30.446
   989.0,0.021510,0.013375,0.199627,0.000469,  30.455
   990.0,0.021694,0.013497,0.201031,0.000447,  30.469
   991.0,0.021895,0.013628,0.202415,0.000469,  30.479
   992.0,0.022090,0.013764,0.203531,0.000447,  30.490
   993.0,0.022269,0.013899,0.204664,0.000469,  30.499
   994.0,0.022476,0.014039,0.206053,0.000469,  30.506
   995.0,0.022677,0.014159,0.207377,0.000434,  30.517
   996.0,0.022884,0.014284,0.208806,0.000456,  30.534
   997.0,0.023085,0.014403,0.209486,0.000456,  30.542
   998.0,0.023288,0.014529,0.211416,0.000420,  30.558
   999.0,0.023498,0.014628,0.212750,0.000456,  30.569
  1000.0,0.023705,0.014769,0.213919,0.000456,  30.591
  1001.0,0.023918,0.014902,0.215345,0.000456,  30.601
  1002.0,0.024103,0.015034,0.216025,0.000456,  30.609
  1003.0,0.024286,0.015162,0.218132,0.000420,  30.620
  1004.0,0.024511,0.015297,0.219865,0.000456,  30.639
  1005.0,0.024730,0.015438,0.221264,0.000456,  30.652
  1006.0,0.024945,0.015570,0.222815,0.000442,  30.666
  1007.0,0.025166,0.015715,0.224255,0.000478,  30.690
  1008.0,0.025378,0.015827,0.225595,0.000478,  30.706
  1009.0,0.025581,0.015958,0.226005,0.000478,  30.715
  1010.0,0.025808,0.016092,0.227807,0.000491,  30.727
  1011.0,0.025981,0.016232,0.229564,0.000491,  30.744
  1012.0,0.026211,0.016373,0.231275,0.000505,  30.750
  1013.0,0.026430,0.016515,0.232301,0.000505,  30.759
  1014.0,0.026646,0.016653,0.234022,0.000518,  30.768
  1015.0,0.026868,0.016794,0.235856,0.000505,  30.785
  1016.0,0.027098,0.016950,0.237573,0.000505,  30.795
  1017.0,0.027331,0.017064,0.239122,0.000518,  30.805
  1018.0,0.027563,0.017206,0.240359,0.000505,  30.814
  1019.0,0.027791,0.017346,0.242088,0.000469,  30.820
  1020.0,0.027975,0.017491,0.243561,0.000505,  30.835
  1021.0,0.028195,0.017633,0.245169,0.000505,  30.838
  1022.0,0.028420,0.017777,0.246699,0.000518,  30.845
  1023.0,0.028641,0.017913,0.247736,0.000505,  30.850
  1024.0,0.028883,0.018068,0.249690,0.000505,  30.854
  1025.0,0.029106,0.018209,0.251369,0.000491,  30.856
  1026.0,0.029319,0.018320,0.253134,0.000491,  30.865
  1027.0,0.029553,0.018458,0.253268,0.000469,  30.870
  1028.0,0.029771,0.018607,0.254910,0.000469,  30.886
  1029.0,0.029950,0.018725,0.257038,0.000469,  30.900
  1030.0,0.030157,0.018861,0.259063,0.000505,  30.912
  1031.0,0.030404,0.019014,0.259846,0.000505,  30.922
  1032.0,0.030617,0.019156,0.261890,0.000483,  30.942
  1033.0,0.030846,0.019292,0.263809,0.000474,  30.958
  1034.0,0.031079,0.019443,0.265418,0.000496,  30.965
  1035.0,0.031295,0.019550,0.266540,0.000496,  30.984
  1036.0,0.031524,0.019696,0.268359,0.000461,  31.002
  1037.0,0.031747,0.019835,0.269866,0.000496,  31.008
  1038.0,0.031918,0.019971,0.270952,0.000518,  31.026
  1039.0,0.032146,0.020126,0.272950,0.000523,  31.042
  1040.0,0.032365,0.020268,0.274898,0.000510,  31.053
  1041.0,0.032601,0.020408,0.275209,0.000474,  31.058
  1042.0,0.032818,0.020542,0.277559,0.000496,  31.066
  1043.0,0.033043,0.020671,0.278812,0.000496,  31.079
  1044.0,0.033243,0.020794,0.280857,0.000474,  31.096
  1045.0,0.033492,0.020937,0.282352,0.000496,  31.106
  1046.0,0.033678,0.021063,0.283578,0.000510,  31.117
  1047.0,0.033882,0.021211,0.285120,0.000532,  31.138
  1048.0,0.034107,0.021354,0.286852,0.000532,  31.148
  1049.0,0.034308,0.021475,0.288393,0.000545,  31.159
  1050.0,0.034520,0.021611,0.290058,0.000559,  31.179
  1051.0,0.034741,0.021757,0.291499,0.000545,  31.187
  1052.0,0.034940,0.021848,0.292794,0.000545,  31.196
  1053.0,0.035163,0.021983,0.294378,0.000510,  31.211
  1054.0,0.035383,0.022125,0.293867,0.000510,  31.222
  1055.0,0.035579,0.022257,0.296341,0.000496,  31.232
  1056.0,0.035730,0.022375,0.298220,0.000496,  31.241
  1057.0,0.035954,0.022501,0.299758,0.000474,  31.251
  1058.0,0.036142,0.022620,0.301280,0.000483,  31.262
  1059.0,0.036349,0.022752,0.301470,0.000483,  31.267
  1060.0,0.036534,0.022875,0.303847,0.000447,  31.271
  1061.0,0.036750,0.022980,0.305141,0.000496,  31.285
  1062.0,0.036937,0.023094,0.306857,0.000496,  31.296
  1063.0,0.037119,0.023204,0.308212,0.000461,  31.307
  1064.0,0.037274,0.023334,0.309512,0.000510,  31.316
  1065.0,0.037491,0.023465,0.310565,0.000474,  31.324
  1066.0,0.037685,0.023581,0.312048,0.000496,  31.341
  1067.0,0.037874,0.023698,0.313541,0.000496,  31.350
  1068.0,0.038073,0.023833,0.314158,0.000474,  31.368
  1069.0,0.038242,0.023932,0.315807,0.000496,  31.378
  1070.0,0.038431,0.024020,0.317339,0.000496,  31.401
  1071.0,0.038608,0.024149,0.318253,0.000447,  31.409
  1072.0,0.038749,0.024240,0.318119,0.000483,  31.424
  1073.0,0.038927,0.024345,0.320156,0.000447,  31.446
  1074.0,0.039099,0.024462,0.321674,0.000483,  31.455
  1075.0,0.039263,0.024551,0.322968,0.000483,  31.468
  1076.0,0.039412,0.024654,0.324161,0.000447,  31.476
  1077.0,0.039621,0.024783,0.325260,0.000483,  31.499
  1078.0,0.039776,0.024880,0.326137,0.000483,  31.508
  1079.0,0.039931,0.024960,0.327081,0.000461,  31.519
  1080.0,0.040070,0.025066,0.327682,0.000496,  31.528
  1081.0,0.040228,0.025148,0.328835,0.000474,  31.547
  1082.0,0.040381,0.025247,0.330265,0.000496,  31.560
  1083.0,0.040508,0.025334,0.330805,0.000496,  31.573
  1084.0,0.040675,0.025436,0.332473,0.000474,  31.592
  1085.0,0.040860,0.025553,0.333649,0.000496,  31.603
  1086.0,0.040964,0.025635,0.334549,0.000496,  31.614
  1087.0,0.041091,0.025713,0.335695,0.000474,  31.622
  1088.0,0.041284,0.025810,0.335609,0.000510,  31.633
  1089.0,0.041375,0.025891,0.336574,0.000510,  31.649
  1090.0,0.041488,0.025952,0.337666,0.000523,  31.650
  1091.0,0.041639,0.026045,0.339063,0.000510,  31.654
  1092.0,0.041749,0.026117,0.339812,0.000474,  31.665
  1093.0,0.041863,0.026192,0.340756,0.000496,  31.670
  1094.0,0.041979,0.026267,0.341086,0.000483,  31.679
  1095.0,0.042098,0.026344,0.342111,0.000483,  31.691
  1096.0,0.042198,0.026383,0.342103,0.000505,  31.709
  1097.0,0.042303,0.026451,0.342704,0.000518,  31.715
  1098.0,0.042379,0.026502,0.343931,0.000483,  31.721
  1099.0,0.042539,0.026592,0.344579,0.000518,  31.733
  1100.0,0.042615,0.026645,0.345125,0.000518,  31.747
  1101.0,0.042692,0.026703,0.345656,0.000518,  31.753
  1102.0,0.042786,0.026766,0.346137,0.000518,  31.764
  1103.0,0.042832,0.026785,0.346854,0.000518,  31.773
  1104.0,0.042946,0.026845,0.347672,0.000518,  31.784
  1105.0,0.043054,0.026910,0.348116,0.000518,  31.803
  1106.0,0.043136,0.026953,0.348264,0.000518,  31.812
  1107.0,0.043213,0.026985,0.349016,0.000518,  31.828
  1108.0,0.043289,0.027067,0.349331,0.000518,  31.827
  1109.0,0.043325,0.027095,0.349786,0.000518,  31.831
  1110.0,0.043390,0.027139,0.349959,0.000518,  31.839
  1111.0,0.043501,0.027203,0.350367,0.000518,  31.841
  1112.0,0.043549,0.027220,0.350988,0.000518,  31.844
  1113.0,0.043586,0.027255,0.350851,0.000518,  31.846
  1114.0,0.043620,0.027283,0.351582,0.000518,  31.856
  1115.0,0.043677,0.027303,0.352038,0.000505,  31.869
  1116.0,0.043741,0.027359,0.351826,0.000518,  31.880
  1117.0,0.043744,0.027352,0.351760,0.000518,  31.888
  1118.0,0.043795,0.027384,0.352325,0.000518,  31.911
  1119.0,0.043843,0.027417,0.352277,0.000518,  31.919
  1120.0,0.043863,0.027425,0.352172,0.000518,  31.927
  1121.0,0.043875,0.027429,0.352402,0.000518,  31.937
  1122.0,0.043943,0.027489,0.351865,0.000518,  31.947
  1123.0,0.043957,0.027491,0.351954,0.000518,  31.969
  1124.0,0.043929,0.027451,0.352177,0.000469,  31.981
  1125.0,0.043945,0.027480,0.352194,0.000505,  31.986
  1126.0,0.043940,0.027455,0.352019,0.000527,  32.006
  1127.0,0.043940,0.027478,0.351931,0.000491,  32.025
  1128.0,0.043923,0.027471,0.351512,0.000491,  32.035
  1129.0,0.043928,0.027472,0.351630,0.000491,  32.048
  1130.0,0.043937,0.027454,0.351373,0.000518,  32.060
  1131.0,0.043891,0.027440,0.351192,0.000518,  32.077
  1132.0,0.043863,0.027406,0.351294,0.000505,  32.090
  1133.0,0.043915,0.027450,0.350656,0.000469,  32.097
  1134.0,0.043871,0.027423,0.350282,0.000491,  32.110
  1135.0,0.043849,0.027417,0.350231,0.000518,  32.116
  1136.0,0.043831,0.027398,0.349811,0.000505,  32.135
  1137.0,0.043743,0.027329,0.349372,0.000505,  32.144
  1138.0,0.043714,0.027326,0.348826,0.000518,  32.153
  1139.0,0.043697,0.027329,0.348501,0.000505,  32.164
  1140.0,0.043654,0.027309,0.347968,0.000491,  32.174
  1141.0,0.043558,0.027240,0.347218,0.000491,  32.189
  1142.0,0.043518,0.027192,0.346987,0.000478,  32.205
  1143.0,0.043433,0.027148,0.346668,0.000478,  32.217
  1144.0,0.043410,0.027129,0.345779,0.000478,  32.229
  1145.0,0.043370,0.027092,0.345100,0.000478,  32.247
  1146.0,0.043313,0.027057,0.343842,0.000478,  32.254
  1147.0,0.043231,0.027001,0.343096,0.000505,  32.265
  1148.0,0.043073,0.026903,0.342496,0.000491,  32.272
  1149.0,0.042997,0.026860,0.342335,0.000491,  32.292
  1150.0,0.042960,0.026858,0.340896,0.000491,  32.306
  1151.0,0.042872,0.026796,0.339044,0.000456,  32.317
  1152.0,0.042792,0.026732,0.339638,0.000464,  32.328
  1153.0,0.042692,0.026671,0.339292,0.000478,  32.339
  1154.0,0.042545,0.026591,0.338580,0.000478,  32.358
  1155.0,0.042493,0.026537,0.337720,0.000478,  32.370
  1156.0,0.042399,0.026489,0.336829,0.000478,  32.384
  1157.0,0.042308,0.026424,0.336086,0.000505,  32.393
  1158.0,0.042158,0.026349,0.334490,0.000491,  32.412
  1159.0,0.042007,0.026263,0.333857,0.000456,  32.422
  1160.0,0.041917,0.026194,0.333489,0.000491,  32.439
  1161.0,0.041837,0.026146,0.332178,0.000491,  32.448
  1162.0,0.041709,0.026052,0.331117,0.000491,  32.456
  1163.0,0.041596,0.025986,0.330139,0.000491,  32.485
  1164.0,0.041451,0.025903,0.329069,0.000491,  32.486
  1165.0,0.041236,0.025786,0.328047,0.000491,  32.502
  1166.0,0.041188,0.025753,0.326974,0.000491,  32.512
  1167.0,0.041071,0.025680,0.325452,0.000483,  32.526
  1168.0,0.040907,0.025587,0.324158,0.000434,  32.537
  1169.0,0.040728,0.025464,0.323142,0.000469,  32.552
  1170.0,0.040593,0.025358,0.322226,0.000456,  32.559
  1171.0,0.040443,0.025264,0.321250,0.000491,  32.578
  1172.0,0.040282,0.025163,0.319408,0.000491,  32.590
  1173.0,0.040143,0.025070,0.318357,0.000464,  32.596
  1174.0,0.039976,0.024985,0.317107,0.000500,  32.606
  1175.0,0.039795,0.024882,0.315540,0.000500,  32.612
  1176.0,0.039569,0.024743,0.314511,0.000456,  32.616
  1177.0,0.039482,0.024672,0.313224,0.000491,  32.637
  1178.0,0.039352,0.024580,0.311353,0.000478,  32.637
  1179.0,0.039130,0.024439,0.309495,0.000478,  32.650
  1180.0,0.038966,0.024358,0.309255,0.000478,  32.655
  1181.0,0.038785,0.024220,0.308164,0.000478,  32.668
  1182.0,0.038605,0.024119,0.306205,0.000514,  32.676
  1183.0,0.038419,0.024008,0.304458,0.000500,  32.694
  1184.0,0.038210,0.023920,0.303333,0.000514,  32.701
  1185.0,0.038039,0.023802,0.302210,0.000514,  32.709
  1186.0,0.037845,0.023652,0.300421,0.000478,  32.720
  1187.0,0.037631,0.023512,0.298867,0.000514,  32.731
  1188.0,0.037488,0.023411,0.297334,0.000500,  32.748
  1189.0,0.037269,0.023290,0.295043,0.000478,  32.762
  1190.0,0.037002,0.023123,0.294159,0.000514,  32.772
  1191.0,0.036848,0.023023,0.292646,0.000500,  32.786
  1192.0,0.036657,0.022929,0.291296,0.000478,  32.803
  1193.0,0.036425,0.022767,0.289206,0.000500,  32.814
  1194.0,0.036220,0.022647,0.287830,0.000478,  32.828
  1195.0,0.036013,0.022504,0.286621,0.000514,  32.841
  1196.0,0.035836,0.022393,0.284642,0.000500,  32.860
  1197.0,0.035604,0.022253,0.282892,0.000464,  32.867
  1198.0,0.035377,0.022088,0.281151,0.000500,  32.874
  1199.0,0.035190,0.021973,0.279375,0.000487,  32.889
  1200.0,0.034902,0.021810,0.277568,0.000451,  32.896
  1201.0,0.034704,0.021700,0.275969,0.000487,  32.904
  1202.0,0.034472,0.021562,0.274370,0.000500,  32.923
  1203.0,0.034232,0.021404,0.272987,0.000500,  32.935
  1204.0,0.034041,0.021233,0.271003,0.000487,  32.948
  1205.0,0.033837,0.021121,0.268920,0.000464,  32.960
  1206.0,0.033617,0.020971,0.266423,0.000500,  32.980
  1207.0,0.033349,0.020825,0.265116,0.000487,  32.989
  1208.0,0.033115,0.020687,0.263688,0.000451,  32.997
  1209.0,0.032851,0.020541,0.262127,0.000487,  33.011
  1210.0,0.032654,0.020410,0.259993,0.000487,  33.022
  1211.0,0.032417,0.020257,0.258329,0.000487,  33.038
  1212.0,0.032187,0.020124,0.255411,0.000487,  33.052
  1213.0,0.032013,0.019961,0.254856,0.000451,  33.057
  1214.0,0.031702,0.019774,0.253110,0.000500,  33.068
  1215.0,0.031493,0.019654,0.250840,0.000473,  33.084
  1216.0,0.031255,0.019526,0.249461,0.000437,  33.093
  1217.0,0.031029,0.019379,0.247786,0.000473,  33.107
  1218.0,0.030762,0.019194,0.246124,0.000460,  33.109
  1219.0,0.030496,0.019067,0.244363,0.000424,  33.119
  1220.0,0.030256,0.018899,0.242274,0.000460,  33.139
  1221.0,0.030010,0.018768,0.240319,0.000473,  33.150
  1222.0,0.029798,0.018622,0.238974,0.000473,  33.160
  1223.0,0.029580,0.018454,0.236963,0.000460,  33.174
  1224.0,0.029323,0.018294,0.235026,0.000424,  33.177
  1225.0,0.029037,0.018114,0.231997,0.000473,  33.190
  1226.0,0.028805,0.017985,0.230954,0.000460,  33.209
  1227.0,0.028563,0.017803,0.229318,0.000424,  33.219
  1228.0,0.028305,0.017676,0.227321,0.000437,  33.227
  1229.0,0.028057,0.017539,0.225542,0.000388,  33.237
  1230.0,0.027796,0.017386,0.224546,0.000437,  33.255
  1231.0,0.027595,0.017239,0.222566,0.000424,  33.267
  1232.0,0.027364,0.017067,0.220540,0.000424,  33.280
  1233.0,0.027145,0.016922,0.217856,0.000473,  33.285
  1234.0,0.026884,0.016772,0.215274,0.000460,  33.296
  1235.0,0.026598,0.016598,0.214781,0.000424,  33.316
  1236.0,0.026383,0.016481,0.213108,0.000473,  33.327
  1237.0,0.026147,0.016338,0.211372,0.000460,  33.338
  1238.0,0.025882,0.016182,0.209823,0.000473,  33.349
  1239.0,0.025661,0.016030,0.208262,0.000468,  33.357
  1240.0,0.025417,0.015866,0.206479,0.000424,  33.367
  1241.0,0.025166,0.015694,0.204962,0.000460,  33.383
  1242.0,0.024933,0.015543,0.202505,0.000460,  33.391
  1243.0,0.024705,0.015405,0.200768,0.000424,  33.399
  1244.0,0.024453,0.015263,0.199196,0.000473,  33.415
  1245.0,0.024222,0.015142,0.196666,0.000460,  33.432
  1246.0,0.023958,0.014966,0.194803,0.000437,  33.440
  1247.0,0.023712,0.014822,0.193479,0.000460,  33.457
  1248.0,0.023521,0.014670,0.191873,0.000397,  33.467
  1249.0,0.023247,0.014493,0.190221,0.000433,  33.491
  1250.0,0.023026,0.014363,0.188383,0.000433,  33.501
  1251.0,0.022779,0.014215,0.186139,0.000397,  33.511
  1252.0,0.022527,0.014051,0.184759,0.000433,  33.524
  1253.0,0.022304,0.013934,0.182944,0.000446,  33.533
  1254.0,0.022073,0.013813,0.181612,0.000446,  33.552
  1255.0,0.021871,0.013672,0.179785,0.000446,  33.569
  1256.0,0.021624,0.013523,0.178599,0.000424,  33.572
  1257.0,0.021405,0.013357,0.176660,0.000446,  33.583
  1258.0,0.021196,0.013230,0.174849,0.000446,  33.599
  1259.0,0.020949,0.013072,0.173081,0.000424,  33.617
  1260.0,0.020693,0.012916,0.171535,0.000446,  33.632
  1261.0,0.020479,0.012773,0.169462,0.000482,  33.640
  1262.0,0.020255,0.012653,0.168025,0.000495,  33.647
  1263.0,0.020010,0.012519,0.165944,0.000460,  33.666
  1264.0,0.019809,0.012390,0.164490,0.000424,  33.674
  1265.0,0.019629,0.012230,0.163475,0.000446,  33.688
  1266.0,0.019397,0.012098,0.161759,0.000433,  33.691
  1267.0,0.019143,0.011950,0.160113,0.000433,  33.705
  1268.0,0.018923,0.011798,0.158558,0.000455,  33.716
  1269.0,0.018722,0.011673,0.156916,0.000446,  33.735
  1270.0,0.018492,0.011540,0.155360,0.000433,  33.747
  1271.0,0.018282,0.011436,0.153516,0.000419,  33.759
  1272.0,0.018065,0.011303,0.152028,0.000419,  33.771
  1273.0,0.017826,0.011136,0.150899,0.000433,  33.791
  1274.0,0.017652,0.011011,0.148802,0.000419,  33.808
  1275.0,0.017436,0.010875,0.147402,0.000397,  33.822
  1276.0,0.017230,0.010752,0.146002,0.000419,  33.833
  1277.0,0.017029,0.010617,0.144421,0.000419,  33.857
  1278.0,0.016806,0.010471,0.142818,0.000397,  33.874
  1279.0,0.016605,0.010376,0.141282,0.000419,  33.885
  1280.0,0.016407,0.010242,0.140009,0.000419,  33.899
  1281.0,0.016200,0.010113,0.137831,0.000384,  33.920
  1282.0,0.016007,0.009986,0.137057,0.000433,  33.935
  1283.0,0.015813,0.009859,0.135939,0.000397,  33.948
  1284.0,0.015608,0.009720,0.134398,0.000433,  33.961
  1285.0,0.015431,0.009624,0.132931,0.000419,  33.979
  1286.0,0.015249,0.009507,0.129751,0.000397,  33.992
  1287.0,0.015044,0.009373,0.129576,0.000419,  34.003
  1288.0,0.014841,0.009264,0.128477,0.000419,  34.020
  1289.0,0.014622,0.009135,0.127418,0.000370,  34.026
  1290.0,0.014447,0.009025,0.125695,0.000406,  34.037
  1291.0,0.014238,0.008895,0.124780,0.000384,  34.044
  1292.0,0.014086,0.008781,0.123448,0.000406,  34.054
  1293.0,0.013907,0.008673,0.121958,0.000406,  34.060
  1294.0,0.013724,0.008558,0.120795,0.000370,  34.074
  1295.0,0.013546,0.008455,0.118929,0.000406,  34.085
  1296.0,0.013362,0.008320,0.117705,0.000406,  34.098
  1297.0,0.013193,0.008219,0.116639,0.000384,  34.107
  1298.0,0.013007,0.008119,0.114993,0.000419,  34.113
  1299.0,0.012802,0.008002,0.113997,0.000419,  34.116
  1300.0,0.012662,0.007890,0.113011,0.000419,  34.126
  1301.0,0.012524,0.007794,0.111798,0.000419,  34.142
  1302.0,0.012346,0.007697,0.110621,0.000397,  34.146
  1303.0,0.012182,0.007591,0.109344,0.000406,  34.153
  1304.0,0.012025,0.007480,0.107069,0.000406,  34.157
  1305.0,0.011830,0.007364,0.106664,0.000357,  34.169
  1306.0,0.011668,0.007282,0.105445,0.000392,  34.180
  1307.0,0.011484,0.007173,0.104444,0.000392,  34.204
  1308.0,0.011317,0.007062,0.103499,0.000406,  34.220
  1309.0,0.011178,0.006956,0.102216,0.000406,  34.230
  1310.0,0.011003,0.006851,0.101088,0.000357,  34.246
  1311.0,0.010867,0.006751,0.100047,0.000414,  34.269
  1312.0,0.010723,0.006666,0.098508,0.000423,  34.282
  1313.0,0.010575,0.006577,0.097613,0.000357,  34.295
  1314.0,0.010427,0.006480,0.096759,0.000406,  34.304
  1315.0,0.010260,0.006411,0.095702,0.000406,  34.326
  1316.0,0.010123,0.006319,0.094426,0.000406,  34.337
  1317.0,0.010001,0.006239,0.092352,0.000406,  34.346
  1318.0,0.009887,0.006148,0.092444,0.000370,  34.360
  1319.0,0.009740,0.006066,0.091772,0.000428,  34.375
  1320.0,0.009594,0.005970,0.090834,0.000406,  34.388
  1321.0,0.009449,0.005885,0.089777,0.000370,  34.400
  1322.0,0.009329,0.005801,0.088681,0.000392,  34.408
  1323.0,0.009186,0.005716,0.087745,0.000392,  34.419
  1324.0,0.009041,0.005654,0.086559,0.000357,  34.433
  1325.0,0.008899,0.005573,0.085731,0.000392,  34.445
  1326.0,0.008768,0.005487,0.084582,0.000357,  34.458
  1327.0,0.008641,0.005401,0.083463,0.000414,  34.465
  1328.0,0.008528,0.005312,0.082842,0.000379,  34.476
  1329.0,0.008396,0.005232,0.081867,0.000357,  34.488
  1330.0,0.008264,0.005142,0.081194,0.000392,  34.509
  1331.0,0.008130,0.005051,0.079557,0.000379,  34.514
  1332.0,0.008007,0.004978,0.079084,0.000330,  34.528
  1333.0,0.007885,0.004923,0.078048,0.000365,  34.538
  1334.0,0.007751,0.004846,0.077486,0.000365,  34.553
  1335.0,0.007636,0.004767,0.076698,0.000379,  34.558
  1336.0,0.007538,0.004688,0.075737,0.000365,  34.578
  1337.0,0.007418,0.004603,0.074920,0.000343,  34.587
  1338.0,0.007305,0.004539,0.073547,0.000392,  34.597
  1339.0,0.007186,0.004462,0.073315,0.000379,  34.604
  1340.0,0.007102,0.004390,0.072637,0.000379,  34.610
  1341.0,0.006979,0.004345,0.071811,0.000414,  34.623
  1342.0,0.006857,0.004274,0.070567,0.000387,  34.636
  1343.0,0.006760,0.004216,0.068317,0.000316,  34.637
  1344.0,0.006669,0.004139,0.068927,0.000352,  34.651
  1345.0,0.006571,0.004073,0.068779,0.000330,  34.662
  1346.0,0.006456,0.004008,0.068223,0.000379,  34.665
  1347.0,0.006346,0.003944,0.067619,0.000365,  34.677
  1348.0,0.006251,0.003886,0.066864,0.000330,  34.695
  1349.0,0.006166,0.003823,0.066147,0.000379,  34.705
  1350.0,0.006068,0.003775,0.065609,0.000352,  34.716
  1351.0,0.005972,0.003720,0.064772,0.000330,  34.728
  1352.0,0.005884,0.003675,0.062859,0.000352,  34.735
  1353.0,0.005796,0.003608,0.062990,0.000330,  34.756
  1354.0,0.005722,0.003546,0.062546,0.000365,  34.764
  1355.0,0.005628,0.003482,0.062218,0.000352,  34.778
  1356.0,0.005537,0.003430,0.061602,0.000330,  34.787
  1357.0,0.005460,0.003382,0.061106,0.000365,  34.795
  1358.0,0.005370,0.003321,0.060551,0.000365,  34.814
  1359.0,0.005286,0.003282,0.059899,0.000330,  34.824
  1360.0,0.005198,0.003236,0.059361,0.000365,  34.840
  1361.0,0.005125,0.003191,0.059055,0.000365,  34.850
  1362.0,0.005053,0.003146,0.058509,0.000379,  34.858
  1363.0,0.004973,0.003084,0.057733,0.000365,  34.868
  1364.0,0.004888,0.003035,0.057088,0.000330,  34.881
  1365.0,0.004819,0.002992,0.056695,0.000379,  34.892
  1366.0,0.004735,0.002944,0.056152,0.000365,  34.901
  1367.0,0.004664,0.002903,0.055053,0.000330,  34.906
  1368.0,0.004591,0.002865,0.054767,0.000365,  34.912
  1369.0,0.004521,0.002820,0.054389,0.000352,  34.921
  1370.0,0.004455,0.002780,0.054069,0.000365,  34.933
  1371.0,0.004406,0.002732,0.053564,0.000352,  34.933
  1372.0,0.004324,0.002689,0.052809,0.000330,  34.954
  1373.0,0.004260,0.002641,0.052285,0.000352,  34.965
  1374.0,0.004175,0.002590,0.051991,0.000338,  34.977
  1375.0,0.004110,0.002549,0.051340,0.000303,  34.986
  1376.0,0.004032,0.002512,0.050601,0.000325,  35.004
  1377.0,0.003969,0.002470,0.050023,0.000325,  35.025
  1378.0,0.003902,0.002426,0.050002,0.000303,  35.031
  1379.0,0.003849,0.002380,0.049642,0.000325,  35.048
  1380.0,0.003793,0.002335,0.049072,0.000347,  35.060
  1381.0,0.003726,0.002294,0.048486,0.000347,  35.071
  1382.0,0.003666,0.002261,0.048134,0.000347,  35.090
  1383.0,0.003603,0.002221,0.046491,0.000338,  35.104
  1384.0,0.003550,0.002185,0.047133,0.000352,  35.111
  1385.0,0.003483,0.002146,0.047126,0.000338,  35.117
  1386.0,0.003436,0.002121,0.046759,0.000338,  35.129
  1387.0,0.003381,0.002090,0.046411,0.000338,  35.149
  1388.0,0.003332,0.002058,0.046101,0.000303,  35.158
  1389.0,0.003299,0.002029,0.045745,0.000352,  35.167
  1390.0,0.003241,0.001995,0.045588,0.000338,  35.177
  1391.0,0.003197,0.001971,0.045112,0.000303,  35.191
  1392.0,0.003148,0.001938,0.044337,0.000338,  35.202
  1393.0,0.003096,0.001912,0.044267,0.000338,  35.216
  1394.0,0.003047,0.001888,0.043925,0.000303,  35.223
  1395.0,0.002990,0.001851,0.043709,0.000338,  35.236
  1396.0,0.002938,0.001818,0.043522,0.000303,  35.245
  1397.0,0.002904,0.001792,0.043167,0.000325,  35.252
  1398.0,0.002868,0.001776,0.042360,0.000311,  35.255
  1399.0,0.002829,0.001746,0.042214,0.000289,  35.267
  1400.0,0.002785,0.001721,0.042201,0.000325,  35.265
  1401.0,0.002739,0.001691,0.041850,0.000338,  35.266
  1402.0,0.002694,0.001656,0.041437,0.000303,  35.266
  1403.0,0.002661,0.001640,0.041284,0.000338,  35.264
  1404.0,0.002628,0.001622,0.041064,0.000338,  35.270
  1405.0,0.002589,0.001602,0.040337,0.000325,  35.271
  1406.0,0.002539,0.001565,0.040233,0.000325,  35.278
  1407.0,0.002502,0.001540,0.040062,0.000303,  35.284
  1408.0,0.002458,0.001515,0.039824,0.000325,  35.298
  1409.0,0.002421,0.001488,0.039131,0.000325,  35.309
  1410.0,0.002388,0.001464,0.039034,0.000325,  35.310
  1411.0,0.002346,0.001449,0.038859,0.000347,  35.324
  1412.0,0.002313,0.001424,0.038700,0.000347,  35.331
  1413.0,0.002274,0.001395,0.038400,0.000347,  35.347
  1414.0,0.002240,0.001373,0.038305,0.000347,  35.371
  1415.0,0.002208,0.001357,0.038065,0.000347,  35.384
  1416.0,0.002180,0.001341,0.037911,0.000347,  35.395
  1417.0,0.002150,0.001315,0.037818,0.000347,  35.419
  1418.0,0.002124,0.001303,0.037585,0.000374,  35.443
  1419.0,0.002110,0.001295,0.037329,0.000325,  35.462
  1420.0,0.002067,0.001277,0.037138,0.000325,  35.493
  1421.0,0.002038,0.001257,0.037095,0.000303,  35.507
  1422.0,0.002015,0.001243,0.036471,0.000325,  35.531
  1423.0,0.001994,0.001226,0.036551,0.000303,  35.551
  1424.0,0.001966,0.001208,0.036386,0.000338,  35.577
  1425.0,0.001940,0.001196,0.036305,0.000325,  35.595
  1426.0,0.001914,0.001179,0.036108,0.000303,  35.604
  1427.0,0.001877,0.001159,0.035892,0.000325,  35.629
  1428.0,0.001861,0.001146,0.035328,0.000325,  35.651
  1429.0,0.001827,0.001126,0.034684,0.000303,  35.670
  1430.0,0.001811,0.001112,0.035291,0.000325,  35.676
  1431.0,0.001777,0.001095,0.034326,0.000338,  35.705
  1432.0,0.001748,0.001083,0.034217,0.000325,  35.721
  1433.0,0.001734,0.001069,0.034251,0.000325,  35.732
  1434.0,0.001723,0.001054,0.034545,0.000303,  35.745
  1435.0,0.001685,0.001035,0.034042,0.000303,  35.765
  1436.0,0.001667,0.001020,0.034159,0.000289,  35.775
  1437.0,0.001641,0.000995,0.034242,0.000303,  35.793
  1438.0,0.001613,0.000985,0.034067,0.000289,  35.802
  1439.0,0.001597,0.000980,0.033911,0.000289,  35.811
  1440.0,0.001580,0.000966,0.033827,0.000240,  35.835
  1441.0,0.001562,0.000960,0.033432,0.000311,  35.841
  1442.0,0.001543,0.000944,0.033488,0.000276,  35.852
  1443.0,0.001520,0.000937,0.033347,0.000311,  35.855
  1444.0,0.001501,0.000916,0.033210,0.000325,  35.865
  1445.0,0.001490,0.000904,0.033044,0.000303,  35.869
  1446.0,0.001463,0.000891,0.033095,0.000289,  35.875
  1447.0,0.001435,0.000881,0.033042,0.000311,  35.895
  1448.0,0.001429,0.000873,0.032811,0.000311,  35.906
  1449.0,0.001412,0.000865,0.032800,0.000311,  35.917
  1450.0,0.001399,0.000851,0.032662,0.000276,  35.922
  1451.0,0.001388,0.000854,0.032636,0.000325,  35.933
  1452.0,0.001367,0.000843,0.032540,0.000325,  35.952
  1453.0,0.001351,0.000822,0.032126,0.000303,  35.959
  1454.0,0.001338,0.000817,0.031713,0.000325,  35.966
  1455.0,0.001328,0.000804,0.031991,0.000334,  35.973
  1456.0,0.001310,0.000794,0.032140,0.000311,  35.979
  1457.0,0.001295,0.000785,0.032016,0.000311,  35.978
  1458.0,0.001284,0.000781,0.032083,0.000338,  35.974
  1459.0,0.001269,0.000772,0.032037,0.000311,  35.976
  1460.0,0.001265,0.000766,0.031837,0.000334,  35.980
  1461.0,0.001249,0.000758,0.031859,0.000347,  35.984
  1462.0,0.001232,0.000750,0.031663,0.000347,  35.992
  1463.0,0.001216,0.000745,0.031201,0.000347,  35.995
  1464.0,0.001213,0.000740,0.031588,0.000347,  36.000
  1465.0,0.001196,0.000734,0.031287,0.000347,  36.001
  1466.0,0.001178,0.000729,0.031471,0.000311,  36.015
  1467.0,0.001174,0.000719,0.031261,0.000311,  36.017
  1468.0,0.001162,0.000709,0.030699,0.000311,  36.022
  1469.0,0.001153,0.000705,0.031094,0.000276,  36.032
  1470.0,0.001140,0.000688,0.031168,0.000325,  36.038
  1471.0,0.001115,0.000678,0.031123,0.000311,  36.053
  1472.0,0.001106,0.000665,0.031065,0.000276,  36.063
  1473.0,0.001090,0.000660,0.031032,0.000311,  36.083
  1474.0,0.001082,0.000663,0.030933,0.000311,  36.089
  1475.0,0.001071,0.000646,0.030402,0.000311,  36.097
  1476.0,0.001058,0.000644,0.030633,0.000311,  36.105
  1477.0,0.001042,0.000640,0.030773,0.000276,  36.116
  1478.0,0.001038,0.000636,0.030716,0.000311,  36.118
  1479.0,0.001016,0.000620,0.030804,0.000298,  36.126
  1480.0,0.001009,0.000615,0.029649,0.000276,  36.135
  1481.0,0.001002,0.000603,0.030403,0.000298,  36.150
  1482.0,0.000991,0.000606,0.030473,0.000298,  36.158
  1483.0,0.000995,0.000592,0.030474,0.000276,  36.163
  1484.0,0.000978,0.000583,0.028822,0.000298,  36.172
  1485.0,0.000962,0.000572,0.029624,0.000276,  36.174
  1486.0,0.000958,0.000571,0.030050,0.000298,  36.187
  1487.0,0.000939,0.000566,0.030277,0.000285,  36.194
  1488.0,0.000940,0.000553,0.030344,0.000249,  36.215
  1489.0,0.000933,0.000556,0.030387,0.000298,  36.221
  1490.0,0.000925,0.000561,0.030416,0.000298,  36.225
  1491.0,0.000920,0.000553,0.030483,0.000276,  36.234
  1492.0,0.000917,0.000555,0.029867,0.000298,  36.240
  1493.0,0.000915,0.000552,0.029478,0.000311,  36.246
  1494.0,0.000915,0.000552,0.029478,0.000298,  36.260
  1495.0,0.000909,0.000547,0.029984,0.000298,  36.267
  1496.0,0.000899,0.000544,0.029816,0.000276,  36.276
  1497.0,0.000888,0.000536,0.030217,0.000298,  36.294
  1498.0,0.000875,0.000539,0.030290,0.000298,  36.304
  1499.0,0.000885,0.000531,0.030319,0.000276,  36.309
  1500.0,0.000866,0.000531,0.030265,0.000311,  36.315
  1501.0,0.000866,0.000522,0.030373,0.000311,  36.320
  1502.0,0.000863,0.000514,0.030285,0.000311,  36.326
  1503.0,0.000853,0.000514,0.029907,0.000311,  36.333
  1504.0,0.000841,0.000513,0.030156,0.000262,  36.350
  1505.0,0.000840,0.000512,0.030351,0.000285,  36.359
  1506.0,0.000844,0.000503,0.029684,0.000285,  36.365
  1507.0,0.000833,0.000499,0.029672,0.000249,  36.366
  1508.0,0.000815,0.000492,0.030026,0.000285,  36.372
  1509.0,0.000803,0.000485,0.030165,0.000285,  36.373
  1510.0,0.000807,0.000475,0.030015,0.000307,  36.374
  1511.0,0.000788,0.000466,0.030167,0.000307,  36.379
  1512.0,0.000789,0.000460,0.030192,0.000307,  36.384
  1513.0,0.000781,0.000454,0.030009,0.000307,  36.391
  1514.0,0.000781,0.000454,0.030155,0.000307,  36.393
  1515.0,0.000776,0.000447,0.030190,0.000307,  36.400
  1516.0,0.000777,0.000450,0.029615,0.000307,  36.406
  1517.0,0.000755,0.000444,0.030029,0.000307,  36.408
  1518.0,0.000739,0.000440,0.029897,0.000307,  36.429
  1519.0,0.000739,0.000432,0.029786,0.000307,  36.438
  1520.0,0.000739,0.000427,0.030030,0.000334,  36.447
  1521.0,0.000734,0.000433,0.030122,0.000320,  36.452
  1522.0,0.000719,0.000432,0.029653,0.000320,  36.458
  1523.0,0.000725,0.000430,0.029344,0.000293,  36.470
  1524.0,0.000723,0.000425,0.029501,0.000320,  36.477
  1525.0,0.000729,0.000433,0.030084,0.000320,  36.491
  1526.0,0.000718,0.000424,0.030301,0.000320,  36.496
  1527.0,0.000711,0.000415,0.030456,0.000293,  36.503
  1528.0,0.000711,0.000411,0.030032,0.000258,  36.504
  1529.0,0.000705,0.000414,0.030212,0.000271,  36.514
  1530.0,0.000693,0.000409,0.030320,0.000258,  36.516
  1531.0,0.000692,0.000408,0.030493,0.000235,  36.518
  1532.0,0.000684,0.000404,0.030551,0.000271,  36.527
  1533.0,0.000680,0.000396,0.030479,0.000258,  36.535
  1534.0,0.000679,0.000388,0.030440,0.000307,  36.544
  1535.0,0.000674,0.000392,0.030503,0.000307,  36.545
  1536.0,0.000672,0.000397,0.030045,0.000293,  36.552
  1537.0,0.000665,0.000383,0.027950,0.000293,  36.569
  1538.0,0.000650,0.000375,0.028612,0.000293,  36.577
  1539.0,0.000652,0.000376,0.029680,0.000307,  36.590
  1540.0,0.000638,0.000367,0.030275,0.000307,  36.597
  1541.0,0.000638,0.000363,0.030358,0.000280,  36.605
  1542.0,0.000633,0.000356,0.030568,0.000280,  36.613
  1543.0,0.000631,0.000359,0.030447,0.000293,  36.619
  1544.0,0.000631,0.000357,0.030709,0.000280,  36.628
  1545.0,0.000631,0.000357,0.029501,0.000280,  36.643
  1546.0,0.000625,0.000354,0.029022,0.000280,  36.653
  1547.0,0.000626,0.000354,0.030205,0.000280,  36.660
  1548.0,0.000624,0.000356,0.030451,0.000293,  36.670
  1549.0,0.000624,0.000358,0.030672,0.000280,  36.674
  1550.0,0.000621,0.000344,0.030461,0.000208,  36.682
  1551.0,0.000619,0.000349,0.030003,0.000258,  36.691
  1552.0,0.000612,0.000340,0.030652,0.000244,  36.705
  1553.0,0.000607,0.000336,0.030910,0.000208,  36.705
  1554.0,0.000591,0.000339,0.030948,0.000244,  36.713
  1555.0,0.000590,0.000334,0.031002,0.000208,  36.718
