Run Name,Run 1
Run Date,12:40:12 PM   02-01-11
Method Name,40%B-Isocrat
Export Format Version, 1.00
Method ID,  276
Points/Second, 1.00
Number of Records,    809
Offset from Run Start Time,00:00:00
Run End Time,00:13:30
Time,Second
QuadTec 1, (280.0 nm), AU
QuadTec 2, (260.0 nm), AU
Gradient Pump,<Not Selected>
QuadTec 3, (214.0 nm), AU
QuadTec 4, (405.0 nm), AU
Conductivity,mS/cm
Trace 6,<Not Available>
GP Pressure,<Not Selected>
Volume,<Not Selected>
Fraction,<Not Available>
Time,QuadTec 1,QuadTec 2,QuadTec 3,QuadTec 4,Conductivity
     0.0,0.011308,0.000000,0.061125,0.000000,  37.174
     1.0,0.000000,0.000000,0.000000,0.000000,  37.167
     2.0,0.000000,0.000000,0.000000,0.000000,  37.159
     3.0,0.000000,0.000000,0.000000,0.000000,  37.162
     4.0,0.000000,0.000000,0.000000,0.000000,  37.166
     5.0,0.000014,0.000019,-0.000055,-0.000009,  37.162
     6.0,0.000016,0.000008,-0.000178,0.000018,  37.190
     7.0,0.000019,0.000016,-0.000156,-0.000004,  37.177
     8.0,0.000017,0.000019,0.000049,-0.000018,  37.181
     9.0,-0.000005,0.000004,0.000048,-0.000053,  37.182
    10.0,0.000021,0.000018,0.000109,-0.000027,  37.185
    11.0,0.000027,0.000029,-0.000010,-0.000053,  37.191
    12.0,0.000029,0.000032,-0.000292,-0.000040,  37.187
    13.0,0.000027,0.000036,0.000176,-0.000027,  37.198
    14.0,0.000030,0.000038,0.000373,-0.000027,  37.200
    15.0,0.000036,0.000037,0.000316,-0.000013,  37.200
    16.0,0.000041,0.000032,0.000346,-0.000062,  37.202
    17.0,0.000041,0.000040,0.000347,-0.000098,  37.213
    18.0,0.000044,0.000050,0.000461,-0.000049,  37.204
    19.0,0.000016,0.000047,0.000620,-0.000103,  37.208
    20.0,0.000038,0.000035,0.000582,-0.000111,  37.205
    21.0,0.000049,0.000049,0.000711,-0.000049,  37.202
    22.0,0.000066,0.000057,0.000731,-0.000049,  37.206
    23.0,0.000066,0.000065,0.000690,-0.000071,  37.200
    24.0,0.000055,0.000072,0.000861,-0.000049,  37.202
    25.0,0.000067,0.000071,0.000824,-0.000098,  37.196
    26.0,0.000072,0.000065,0.000886,-0.000049,  37.193
    27.0,0.000064,0.000063,0.000818,-0.000062,  37.202
    28.0,0.000070,0.000064,0.000946,-0.000098,  37.194
    29.0,0.000065,0.000072,0.000932,-0.000049,  37.192
    30.0,0.000036,0.000059,0.001056,-0.000089,  37.197
    31.0,0.000063,0.000063,0.001096,-0.000098,  37.202
    32.0,0.000068,0.000072,0.000995,-0.000049,  37.210
    33.0,0.000079,0.000080,0.001117,-0.000062,  37.215
    34.0,0.000073,0.000076,0.001173,-0.000062,  37.217
    35.0,0.000074,0.000073,0.001191,-0.000076,  37.221
    36.0,0.000078,0.000074,0.001240,-0.000098,  37.230
    37.0,0.000077,0.000072,0.001276,-0.000027,  37.236
    38.0,0.000077,0.000077,0.001227,-0.000027,  37.250
    39.0,0.000076,0.000080,0.001257,-0.000027,  37.238
    40.0,0.000047,0.000079,0.001351,-0.000053,  37.239
    41.0,0.000039,0.000055,0.001454,-0.000053,  37.233
    42.0,0.000070,0.000079,0.001362,-0.000040,  37.235
    43.0,0.000076,0.000086,0.000867,-0.000013,  37.240
    44.0,0.000080,0.000086,0.001202,-0.000040,  37.233
    45.0,0.000080,0.000090,0.001292,-0.000027,  37.234
    46.0,0.000094,0.000095,0.001457,-0.000040,  37.231
    47.0,0.000089,0.000094,0.001543,-0.000027,  37.230
    48.0,0.000095,0.000096,0.001648,-0.000027,  37.233
    49.0,0.000087,0.000085,0.001723,-0.000040,  37.235
    50.0,0.000087,0.000088,0.001518,-0.000053,  37.233
    51.0,0.000055,0.000075,0.001580,-0.000094,  37.232
    52.0,0.000070,0.000072,0.001417,-0.000080,  37.223
    53.0,0.000085,0.000082,0.001487,-0.000058,  37.217
    54.0,0.000084,0.000072,0.001579,-0.000031,  37.217
    55.0,0.000095,0.000087,0.001652,-0.000053,  37.213
    56.0,0.000095,0.000092,0.001799,-0.000031,  37.210
    57.0,0.000100,0.000099,0.001805,-0.000031,  37.210
    58.0,0.000108,0.000106,0.001398,-0.000053,  37.207
    59.0,0.000101,0.000107,0.001225,-0.000004,  37.214
    60.0,0.000110,0.000104,0.001708,-0.000004,  37.213
    61.0,0.000100,0.000108,0.001800,-0.000053,  37.206
    62.0,0.000081,0.000082,0.001812,-0.000045,  37.211
    63.0,0.000088,0.000091,0.001852,-0.000018,  37.211
    64.0,0.000095,0.000095,0.001944,-0.000040,  37.213
    65.0,0.000095,0.000094,0.001989,-0.000018,  37.207
    66.0,0.000090,0.000090,0.001928,-0.000053,  37.188
    67.0,0.000085,0.000090,0.001878,-0.000004,  37.186
    68.0,0.000088,0.000101,0.001903,-0.000018,  37.182
    69.0,0.000088,0.000109,0.001915,-0.000053,  37.180
    70.0,0.000095,0.000105,0.001883,-0.000004,  37.191
    71.0,0.000098,0.000106,0.002013,-0.000018,  37.176
    72.0,0.000060,0.000099,0.001990,-0.000067,  37.174
    73.0,0.000073,0.000084,0.001759,-0.000045,  37.171
    74.0,0.000088,0.000093,0.002013,-0.000031,  37.172
    75.0,0.000093,0.000105,0.002078,-0.000031,  37.178
    76.0,0.000100,0.000104,0.001752,-0.000031,  37.174
    77.0,0.000098,0.000116,0.001834,-0.000053,  37.181
    78.0,0.000106,0.000109,0.002007,-0.000018,  37.184
    79.0,0.000114,0.000114,0.002099,-0.000018,  37.183
    80.0,0.000120,0.000122,0.002017,-0.000053,  37.189
    81.0,0.000123,0.000118,0.002108,-0.000004,  37.195
    82.0,0.000115,0.000126,0.002004,-0.000031,  37.185
    83.0,0.000090,0.000092,0.002127,-0.000107,  37.184
    84.0,0.000099,0.000105,0.002309,-0.000045,  37.177
    85.0,0.000120,0.000115,0.002428,-0.000053,  37.184
    86.0,0.000146,0.000135,0.002611,-0.000004,  37.175
    87.0,0.000170,0.000155,0.002467,-0.000018,  37.172
    88.0,0.000212,0.000172,0.003292,-0.000053,  37.163
    89.0,0.000286,0.000212,0.004240,-0.000031,  37.164
    90.0,0.000410,0.000270,0.005707,-0.000031,  37.165
    91.0,0.000557,0.000370,0.007562,-0.000053,  37.178
    92.0,0.000775,0.000496,0.010276,-0.000009,  37.168
    93.0,0.001049,0.000663,0.013553,-0.000009,  37.163
    94.0,0.001349,0.000827,0.016393,-0.000036,  37.168
    95.0,0.001841,0.001114,0.021554,-0.000009,  37.167
    96.0,0.002560,0.001506,0.028928,0.000004,  37.175
    97.0,0.003152,0.001760,0.035104,0.000089,  37.176
    98.0,0.003911,0.002168,0.043426,0.000067,  37.171
    99.0,0.004860,0.002689,0.053276,0.000080,  37.173
   100.0,0.005948,0.003288,0.064519,0.000080,  37.171
   101.0,0.007135,0.004095,0.078605,0.000067,  37.163
   102.0,0.008587,0.004914,0.093743,0.000094,  37.172
   103.0,0.010242,0.005875,0.110546,0.000107,  37.163
   104.0,0.011809,0.006774,0.126612,0.000094,  37.170
   105.0,0.013923,0.007933,0.142624,0.000107,  37.170
   106.0,0.016704,0.009523,0.167347,0.000120,  37.171
   107.0,0.019708,0.010863,0.196463,0.000161,  37.174
   108.0,0.022598,0.012472,0.222120,0.000201,  37.174
   109.0,0.025848,0.014303,0.254800,0.000201,  37.172
   110.0,0.029562,0.016314,0.287998,0.000227,  37.184
   111.0,0.032894,0.018624,0.325535,0.000227,  37.195
   112.0,0.037633,0.021245,0.368628,0.000241,  37.202
   113.0,0.042300,0.023871,0.410996,0.000268,  37.201
   114.0,0.047182,0.026551,0.447981,0.000294,  37.199
   115.0,0.051423,0.028840,0.491696,0.000268,  37.199
   116.0,0.057132,0.031694,0.539583,0.000294,  37.196
   117.0,0.063582,0.035017,0.595137,0.000321,  37.201
   118.0,0.069609,0.038445,0.647582,0.000375,  37.193
   119.0,0.075457,0.041734,0.703274,0.000401,  37.191
   120.0,0.080448,0.045198,0.759614,0.000442,  37.173
   121.0,0.086784,0.048719,0.817573,0.000468,  37.168
   122.0,0.093592,0.052599,0.881611,0.000482,  37.160
   123.0,0.100477,0.056438,0.938848,0.000522,  37.168
   124.0,0.107185,0.060186,0.992463,0.000549,  37.140
   125.0,0.113375,0.063614,1.052771,0.000562,  37.126
   126.0,0.119175,0.066189,1.104720,0.000575,  37.111
   127.0,0.126460,0.070187,1.166059,0.000656,  37.088
   128.0,0.133725,0.074304,1.229999,0.000683,  37.077
   129.0,0.139903,0.077764,1.285719,0.000736,  37.054
   130.0,0.145858,0.081257,1.342303,0.000790,  37.037
   131.0,0.151308,0.084799,1.399142,0.000857,  37.013
   132.0,0.157397,0.088322,1.455012,0.000875,  36.993
   133.0,0.164019,0.092020,1.505378,0.000951,  36.959
   134.0,0.169925,0.095316,1.553711,0.000991,  36.937
   135.0,0.175710,0.098560,1.605066,0.001004,  36.882
   136.0,0.179802,0.100707,1.648300,0.000924,  36.829
   137.0,0.185566,0.103370,1.690060,0.000991,  36.768
   138.0,0.191313,0.106663,1.740394,0.001031,  36.717
   139.0,0.196338,0.109458,1.784087,0.000977,  36.656
   140.0,0.200269,0.111973,1.824411,0.000937,  36.599
   141.0,0.204132,0.114435,1.864598,0.000951,  36.534
   142.0,0.208851,0.116972,1.901542,0.000973,  36.473
   143.0,0.213371,0.119406,1.937166,0.000870,  36.400
   144.0,0.217823,0.121828,1.970027,0.000825,  36.362
   145.0,0.222015,0.124105,2.006172,0.000723,  36.256
   146.0,0.225961,0.126018,2.042384,0.000736,  36.174
   147.0,0.229122,0.127484,2.068078,0.000705,  36.068
   148.0,0.234115,0.130089,2.103514,0.000428,  35.967
   149.0,0.238970,0.132683,2.142857,0.000281,  35.842
   150.0,0.242615,0.135153,2.175549,0.000169,  35.687
   151.0,0.247331,0.137688,2.213804,0.000040,  35.523
   152.0,0.252518,0.140362,2.253488,-0.000018,  35.334
   153.0,0.258048,0.143299,2.291526,-0.000098,  35.129
   154.0,0.264400,0.146724,2.330804,-0.000308,  34.893
   155.0,0.271324,0.150369,2.373952,-0.000299,  34.692
   156.0,0.278590,0.153502,2.420296,-0.000321,  34.426
   157.0,0.285571,0.157555,2.460410,-0.000013,  34.156
   158.0,0.292413,0.161010,2.495297,-0.000245,  33.864
   159.0,0.300621,0.165205,2.533256,-0.000281,  33.563
   160.0,0.308412,0.169728,2.568338,-0.000107,  33.283
   161.0,0.315032,0.173873,2.599461,0.000169,  33.018
   162.0,0.322313,0.177709,2.620907,0.000263,  32.795
   163.0,0.329197,0.181439,2.643276,0.000330,  32.611
   164.0,0.335531,0.184833,2.661442,0.000415,  32.473
   165.0,0.341265,0.187867,2.674967,0.000522,  32.393
   166.0,0.345885,0.189805,2.686063,0.000625,  32.365
   167.0,0.349335,0.191768,2.694592,0.000575,  32.376
   168.0,0.350930,0.192543,2.700397,0.000227,  32.436
   169.0,0.353191,0.193776,2.706261,0.000620,  32.563
   170.0,0.354047,0.194401,2.712236,0.000794,  32.731
   171.0,0.354311,0.194534,2.712271,0.000879,  32.936
   172.0,0.353616,0.194094,2.715241,0.000942,  33.177
   173.0,0.352159,0.193234,2.715337,0.000852,  33.442
   174.0,0.350160,0.192138,2.715226,0.000883,  33.726
   175.0,0.347541,0.190707,2.715221,0.000848,  34.018
   176.0,0.344454,0.189234,2.715221,0.000785,  34.287
   177.0,0.340931,0.187476,2.715231,0.000781,  34.535
   178.0,0.337099,0.185385,2.715262,0.000647,  34.799
   179.0,0.333613,0.183489,2.715241,0.000611,  35.068
   180.0,0.330514,0.181414,2.715267,0.000687,  35.316
   181.0,0.326039,0.179008,2.712226,0.000674,  35.545
   182.0,0.321455,0.176554,2.706261,0.000647,  35.756
   183.0,0.316807,0.174068,2.703297,0.000633,  35.936
   184.0,0.312230,0.171639,2.697523,0.000598,  36.111
   185.0,0.307567,0.169141,2.694612,0.000593,  36.255
   186.0,0.302681,0.167088,2.686068,0.000593,  36.380
   187.0,0.297793,0.164499,2.683267,0.000544,  36.484
   188.0,0.293017,0.161955,2.680500,0.000553,  36.569
   189.0,0.288990,0.159685,2.672197,0.000566,  36.658
   190.0,0.284785,0.157385,2.664190,0.000544,  36.727
   191.0,0.280889,0.155083,2.661371,0.000553,  36.780
   192.0,0.276116,0.152589,2.650817,0.000526,  36.834
   193.0,0.271619,0.150228,2.640552,0.000535,  36.870
   194.0,0.267290,0.148018,2.635543,0.000513,  36.902
   195.0,0.262969,0.145747,2.623113,0.000513,  36.917
   196.0,0.258673,0.143695,2.611097,0.000535,  36.948
   197.0,0.254390,0.141795,2.599391,0.000513,  36.967
   198.0,0.250190,0.139609,2.585878,0.000500,  36.962
   199.0,0.246195,0.137558,2.574741,0.000522,  36.966
   200.0,0.242617,0.135691,2.561825,0.000540,  36.971
   201.0,0.239911,0.133982,2.547313,0.000526,  36.972
   202.0,0.236212,0.132114,2.533130,0.000522,  36.984
   203.0,0.232424,0.130173,2.517538,0.000495,  36.992
   204.0,0.229005,0.128427,2.498805,0.000482,  36.993
   205.0,0.225603,0.126728,2.484387,0.000459,  37.000
   206.0,0.222278,0.125067,2.461959,0.000446,  37.004
   207.0,0.219031,0.123795,2.440609,0.000504,  37.010
   208.0,0.215818,0.122202,2.420250,0.000504,  37.028
   209.0,0.212707,0.120664,2.397902,0.000468,  37.020
   210.0,0.209943,0.119267,2.376654,0.000517,  37.019
   211.0,0.207860,0.117972,2.352400,0.000557,  37.024
   212.0,0.205397,0.116826,2.329460,0.000531,  37.029
   213.0,0.202620,0.115490,2.306467,0.000495,  37.041
   214.0,0.200033,0.114181,2.285848,0.000441,  37.043
   215.0,0.197632,0.113037,2.261805,0.000491,  37.045
   216.0,0.195284,0.112139,2.235049,0.000419,  37.047
   217.0,0.192997,0.111064,2.207121,0.000433,  37.052
   218.0,0.190800,0.110025,2.180767,0.000455,  37.054
   219.0,0.188677,0.109020,2.155067,0.000419,  37.070
   220.0,0.186823,0.108094,2.127713,0.000419,  37.069
   221.0,0.185246,0.107223,2.101961,0.000482,  37.071
   222.0,0.183567,0.106491,2.075735,0.000495,  37.074
   223.0,0.181931,0.105761,2.051436,0.000482,  37.072
   224.0,0.180102,0.104882,2.032219,0.000419,  37.071
   225.0,0.178505,0.104148,2.007276,0.000419,  37.060
   226.0,0.176984,0.103520,1.983107,0.000441,  37.049
   227.0,0.175533,0.102969,1.957611,0.000419,  37.039
   228.0,0.174117,0.102356,1.931571,0.000419,  37.030
   229.0,0.172756,0.101767,1.907402,0.000441,  37.041
   230.0,0.171617,0.101185,1.883205,0.000419,  37.026
   231.0,0.170474,0.100656,1.859403,0.000419,  37.016
   232.0,0.169218,0.100097,1.837279,0.000468,  37.017
   233.0,0.168424,0.099824,1.820460,0.000419,  37.019
   234.0,0.167422,0.099380,1.798377,0.000468,  37.022
   235.0,0.166280,0.098871,1.777294,0.000406,  37.011
   236.0,0.165347,0.098566,1.756589,0.000419,  37.011
   237.0,0.164422,0.098223,1.736149,0.000455,  37.008
   238.0,0.163565,0.097883,1.715462,0.000419,  37.015
   239.0,0.162809,0.097547,1.695132,0.000419,  37.017
   240.0,0.162113,0.097233,1.675972,0.000455,  37.035
   241.0,0.161318,0.096926,1.656830,0.000419,  37.019
   242.0,0.160539,0.096596,1.638733,0.000428,  37.022
   243.0,0.159932,0.096357,1.624340,0.000392,  37.025
   244.0,0.159459,0.096219,1.608962,0.000406,  37.024
   245.0,0.158704,0.095919,1.591576,0.000428,  37.033
   246.0,0.158081,0.095691,1.576221,0.000392,  37.037
   247.0,0.157514,0.095502,1.560566,0.000419,  37.040
   248.0,0.156969,0.095282,1.545134,0.000477,  37.041
   249.0,0.156426,0.095093,1.528869,0.000491,  37.044
   250.0,0.156006,0.094899,1.514328,0.000455,  37.054
   251.0,0.155495,0.094702,1.500110,0.000477,  37.062
   252.0,0.154993,0.094528,1.486133,0.000441,  37.068
   253.0,0.154430,0.094270,1.475246,0.000464,  37.070
   254.0,0.154144,0.094196,1.462786,0.000491,  37.070
   255.0,0.153683,0.094057,1.449852,0.000455,  37.077
   256.0,0.153118,0.093812,1.437292,0.000477,  37.076
   257.0,0.152687,0.093643,1.425931,0.000491,  37.079
   258.0,0.152268,0.093469,1.414266,0.000455,  37.084
   259.0,0.151867,0.093300,1.402383,0.000477,  37.081
   260.0,0.151510,0.093137,1.390185,0.000491,  37.081
   261.0,0.151052,0.092934,1.379265,0.000477,  37.092
   262.0,0.150609,0.092750,1.369173,0.000455,  37.089
   263.0,0.150135,0.092544,1.359522,0.000455,  37.089
   264.0,0.149718,0.092342,1.349517,0.000477,  37.085
   265.0,0.149398,0.092248,1.340382,0.000491,  37.091
   266.0,0.148842,0.092000,1.329108,0.000455,  37.089
   267.0,0.148380,0.091746,1.320126,0.000477,  37.086
   268.0,0.147950,0.091539,1.309137,0.000464,  37.090
   269.0,0.147522,0.091314,1.300480,0.000441,  37.087
   270.0,0.147121,0.091089,1.291455,0.000464,  37.086
   271.0,0.146601,0.090831,1.281675,0.000428,  37.084
   272.0,0.146116,0.090582,1.273739,0.000464,  37.106
   273.0,0.145582,0.090310,1.264717,0.000464,  37.084
   274.0,0.145117,0.090061,1.255690,0.000415,  37.079
   275.0,0.144651,0.089872,1.247491,0.000464,  37.085
   276.0,0.144105,0.089592,1.238689,0.000464,  37.087
   277.0,0.143467,0.089204,1.229919,0.000499,  37.086
   278.0,0.142960,0.088933,1.222067,0.000486,  37.088
   279.0,0.142494,0.088633,1.214127,0.000464,  37.092
   280.0,0.141923,0.088324,1.205294,0.000499,  37.092
   281.0,0.141369,0.087994,1.196596,0.000486,  37.093
   282.0,0.140701,0.087614,1.189376,0.000499,  37.110
   283.0,0.140071,0.087261,1.180888,0.000486,  37.109
   284.0,0.139405,0.086887,1.172037,0.000450,  37.109
   285.0,0.138889,0.086640,1.164788,0.000486,  37.111
   286.0,0.138228,0.086289,1.157029,0.000486,  37.118
   287.0,0.137388,0.085791,1.147407,0.000464,  37.119
   288.0,0.136730,0.085402,1.140081,0.000486,  37.124
   289.0,0.136211,0.085016,1.132377,0.000473,  37.121
   290.0,0.135546,0.084614,1.123782,0.000437,  37.123
   291.0,0.134810,0.084170,1.115586,0.000459,  37.125
   292.0,0.134016,0.083714,1.109262,0.000437,  37.123
   293.0,0.133228,0.083253,1.100469,0.000486,  37.135
   294.0,0.132440,0.082801,1.091840,0.000473,  37.119
   295.0,0.131760,0.082434,1.083384,0.000437,  37.118
   296.0,0.131051,0.082033,1.076489,0.000459,  37.118
   297.0,0.130150,0.081504,1.067665,0.000459,  37.119
   298.0,0.129247,0.080932,1.058523,0.000437,  37.122
   299.0,0.128608,0.080433,1.051521,0.000459,  37.124
   300.0,0.127842,0.079937,1.042850,0.000459,  37.125
   301.0,0.126945,0.079415,1.035228,0.000424,  37.125
   302.0,0.126040,0.078887,1.028328,0.000459,  37.134
   303.0,0.125138,0.078314,1.019238,0.000410,  37.134
   304.0,0.124207,0.077816,1.010473,0.000446,  37.133
   305.0,0.123266,0.077289,1.001633,0.000446,  37.129
   306.0,0.122627,0.076887,0.994152,0.000370,  37.136
   307.0,0.121634,0.076299,0.986408,0.000446,  37.133
   308.0,0.120755,0.075631,0.976636,0.000446,  37.132
   309.0,0.119748,0.074984,0.969205,0.000410,  37.136
   310.0,0.118875,0.074473,0.961142,0.000459,  37.141
   311.0,0.117902,0.073890,0.953265,0.000446,  37.142
   312.0,0.116942,0.073274,0.945378,0.000446,  37.143
   313.0,0.115932,0.072648,0.936286,0.000432,  37.138
   314.0,0.114902,0.072142,0.927759,0.000410,  37.145
   315.0,0.113872,0.071509,0.918755,0.000446,  37.135
   316.0,0.112891,0.070877,0.909869,0.000432,  37.135
   317.0,0.112127,0.070423,0.903347,0.000410,  37.125
   318.0,0.111209,0.069723,0.894258,0.000432,  37.126
   319.0,0.109968,0.068956,0.883857,0.000432,  37.120
   320.0,0.109061,0.068409,0.876485,0.000397,  37.119
   321.0,0.108111,0.067834,0.869331,0.000432,  37.117
   322.0,0.107080,0.067162,0.861182,0.000410,  37.110
   323.0,0.105978,0.066481,0.852444,0.000432,  37.112
   324.0,0.104872,0.065947,0.843486,0.000432,  37.108
   325.0,0.103821,0.065277,0.834293,0.000410,  37.124
   326.0,0.102717,0.064597,0.825577,0.000419,  37.107
   327.0,0.101924,0.064032,0.817730,0.000406,  37.107
   328.0,0.101098,0.063443,0.810477,0.000410,  37.108
   329.0,0.099890,0.062675,0.800535,0.000432,  37.108
   330.0,0.098767,0.061978,0.790850,0.000432,  37.105
   331.0,0.097791,0.061375,0.785646,0.000419,  37.099
   332.0,0.096792,0.060708,0.776583,0.000406,  37.100
   333.0,0.095684,0.060048,0.768095,0.000406,  37.098
   334.0,0.094550,0.059450,0.758462,0.000455,  37.099
   335.0,0.093444,0.058786,0.749524,0.000455,  37.109
   336.0,0.092388,0.058129,0.741066,0.000455,  37.107
   337.0,0.091326,0.057458,0.732284,0.000428,  37.110
   338.0,0.090770,0.056997,0.725533,0.000428,  37.113
   339.0,0.089612,0.056242,0.716409,0.000441,  37.116
   340.0,0.088385,0.055478,0.706596,0.000441,  37.121
   341.0,0.087301,0.054839,0.700813,0.000406,  37.131
   342.0,0.086375,0.054244,0.693909,0.000441,  37.132
   343.0,0.085333,0.053602,0.685862,0.000441,  37.131
   344.0,0.084272,0.053049,0.676928,0.000441,  37.135
   345.0,0.083140,0.052357,0.667942,0.000455,  37.147
   346.0,0.082066,0.051684,0.659839,0.000441,  37.155
   347.0,0.081023,0.051023,0.651402,0.000441,  37.149
   348.0,0.080232,0.050402,0.643228,0.000428,  37.146
   349.0,0.079410,0.049872,0.636931,0.000415,  37.144
   350.0,0.078235,0.049151,0.627606,0.000441,  37.141
   351.0,0.077067,0.048424,0.620129,0.000428,  37.135
   352.0,0.076193,0.047868,0.613340,0.000428,  37.129
   353.0,0.075239,0.047295,0.605725,0.000450,  37.129
   354.0,0.074209,0.046693,0.597762,0.000428,  37.127
   355.0,0.073157,0.046107,0.589514,0.000428,  37.129
   356.0,0.072080,0.045428,0.581340,0.000441,  37.127
   357.0,0.071093,0.044814,0.573572,0.000428,  37.144
   358.0,0.070183,0.044165,0.565614,0.000406,  37.129
   359.0,0.069490,0.043693,0.559794,0.000379,  37.119
   360.0,0.068562,0.043100,0.551942,0.000392,  37.119
   361.0,0.067411,0.042370,0.544849,0.000392,  37.117
   362.0,0.066452,0.041774,0.536300,0.000379,  37.114
   363.0,0.065602,0.041242,0.530287,0.000343,  37.113
   364.0,0.064695,0.040729,0.522807,0.000392,  37.115
   365.0,0.063701,0.040170,0.515397,0.000415,  37.113
   366.0,0.062721,0.039563,0.507893,0.000415,  37.114
   367.0,0.061834,0.038958,0.500589,0.000428,  37.130
   368.0,0.061022,0.038365,0.493244,0.000415,  37.131
   369.0,0.060116,0.037796,0.485521,0.000388,  37.135
   370.0,0.059456,0.037404,0.480104,0.000374,  37.141
   371.0,0.058445,0.036744,0.474372,0.000388,  37.142
   372.0,0.057447,0.036106,0.465849,0.000401,  37.141
   373.0,0.056589,0.035610,0.460183,0.000388,  37.141
   374.0,0.055790,0.035208,0.454001,0.000401,  37.143
   375.0,0.054925,0.034668,0.447145,0.000388,  37.144
   376.0,0.054069,0.034136,0.440347,0.000401,  37.142
   377.0,0.053171,0.033561,0.433267,0.000415,  37.134
   378.0,0.052519,0.033032,0.426614,0.000415,  37.140
   379.0,0.051647,0.032489,0.419976,0.000401,  37.109
   380.0,0.050899,0.032043,0.414578,0.000339,  37.112
   381.0,0.050193,0.031571,0.410336,0.000374,  37.107
   382.0,0.049281,0.030991,0.403102,0.000388,  37.100
   383.0,0.048375,0.030465,0.396269,0.000374,  37.095
   384.0,0.047693,0.030112,0.390955,0.000374,  37.093
   385.0,0.046981,0.029682,0.385185,0.000388,  37.095
   386.0,0.046188,0.029171,0.378897,0.000361,  37.093
   387.0,0.045416,0.028672,0.372321,0.000361,  37.090
   388.0,0.044781,0.028183,0.366687,0.000361,  37.096
   389.0,0.044012,0.027710,0.360742,0.000361,  37.098
   390.0,0.043241,0.027249,0.355527,0.000312,  37.092
   391.0,0.042688,0.026900,0.351934,0.000334,  37.096
   392.0,0.041956,0.026421,0.346229,0.000361,  37.100
   393.0,0.041128,0.025931,0.339354,0.000361,  37.100
   394.0,0.040482,0.025586,0.333921,0.000361,  37.100
   395.0,0.039876,0.025193,0.329500,0.000348,  37.102
   396.0,0.039197,0.024766,0.324267,0.000361,  37.104
   397.0,0.038640,0.024331,0.318986,0.000348,  37.106
   398.0,0.037915,0.023895,0.313655,0.000348,  37.106
   399.0,0.037260,0.023482,0.308104,0.000361,  37.124
   400.0,0.036595,0.023062,0.303741,0.000348,  37.111
   401.0,0.035987,0.022678,0.298836,0.000321,  37.108
   402.0,0.035501,0.022370,0.295353,0.000370,  37.115
   403.0,0.034780,0.022025,0.290183,0.000334,  37.111
   404.0,0.034125,0.021581,0.284586,0.000334,  37.112
   405.0,0.033559,0.021224,0.280906,0.000334,  37.111
   406.0,0.033004,0.020885,0.276665,0.000334,  37.104
   407.0,0.032526,0.020510,0.271911,0.000334,  37.103
   408.0,0.031932,0.020139,0.267072,0.000334,  37.106
   409.0,0.031336,0.019754,0.262261,0.000370,  37.095
   410.0,0.030767,0.019404,0.258770,0.000370,  37.115
   411.0,0.030180,0.019044,0.254192,0.000370,  37.104
   412.0,0.029753,0.018760,0.250499,0.000308,  37.114
   413.0,0.029216,0.018499,0.246681,0.000357,  37.113
   414.0,0.028627,0.018126,0.241943,0.000357,  37.122
   415.0,0.028081,0.017793,0.238079,0.000321,  37.136
   416.0,0.027657,0.017497,0.234425,0.000357,  37.139
   417.0,0.027270,0.017216,0.230440,0.000343,  37.138
   418.0,0.026733,0.016878,0.226339,0.000321,  37.141
   419.0,0.026215,0.016539,0.222468,0.000343,  37.142
   420.0,0.025707,0.016243,0.219361,0.000321,  37.149
   421.0,0.025226,0.015942,0.215456,0.000357,  37.146
   422.0,0.024742,0.015667,0.211625,0.000343,  37.145
   423.0,0.024368,0.015458,0.209023,0.000294,  37.146
   424.0,0.023888,0.015170,0.204970,0.000343,  37.145
   425.0,0.023389,0.014848,0.201035,0.000330,  37.146
   426.0,0.023049,0.014587,0.197803,0.000308,  37.147
   427.0,0.022685,0.014339,0.194611,0.000321,  37.149
   428.0,0.022287,0.014075,0.191419,0.000308,  37.153
   429.0,0.021834,0.013812,0.187960,0.000272,  37.155
   430.0,0.021396,0.013543,0.185058,0.000308,  37.157
   431.0,0.021008,0.013294,0.181884,0.000321,  37.161
   432.0,0.020588,0.013072,0.178814,0.000357,  37.161
   433.0,0.020219,0.012843,0.175685,0.000267,  37.158
   434.0,0.019884,0.012644,0.173111,0.000294,  37.157
   435.0,0.019455,0.012381,0.169921,0.000321,  37.162
   436.0,0.019139,0.012106,0.166812,0.000321,  37.152
   437.0,0.018787,0.011906,0.164378,0.000321,  37.145
   438.0,0.018467,0.011712,0.161892,0.000294,  37.139
   439.0,0.018111,0.011482,0.159131,0.000272,  37.133
   440.0,0.017762,0.011260,0.156055,0.000321,  37.125
   441.0,0.017388,0.011032,0.153458,0.000330,  37.126
   442.0,0.017049,0.010862,0.151005,0.000294,  37.139
   443.0,0.016716,0.010641,0.148198,0.000343,  37.122
   444.0,0.016462,0.010461,0.145951,0.000290,  37.124
   445.0,0.016127,0.010280,0.143542,0.000267,  37.119
   446.0,0.015800,0.010051,0.140660,0.000330,  37.120
   447.0,0.015528,0.009864,0.138708,0.000316,  37.122
   448.0,0.015249,0.009689,0.136356,0.000316,  37.129
   449.0,0.014969,0.009509,0.134235,0.000303,  37.133
   450.0,0.014664,0.009315,0.132054,0.000267,  37.133
   451.0,0.014339,0.009115,0.129817,0.000316,  37.129
   452.0,0.014061,0.008978,0.127364,0.000303,  37.136
   453.0,0.013780,0.008796,0.124972,0.000281,  37.133
   454.0,0.013506,0.008626,0.122893,0.000303,  37.128
   455.0,0.013287,0.008486,0.121345,0.000290,  37.127
   456.0,0.013067,0.008313,0.119002,0.000267,  37.122
   457.0,0.012776,0.008140,0.116624,0.000290,  37.123
   458.0,0.012554,0.007992,0.114944,0.000290,  37.122
   459.0,0.012336,0.007848,0.113422,0.000290,  37.119
   460.0,0.012093,0.007699,0.111532,0.000290,  37.125
   461.0,0.011841,0.007555,0.109600,0.000267,  37.124
   462.0,0.011587,0.007430,0.107592,0.000316,  37.125
   463.0,0.011366,0.007283,0.105804,0.000303,  37.144
   464.0,0.011136,0.007142,0.103890,0.000267,  37.140
   465.0,0.010942,0.007015,0.102382,0.000250,  37.137
   466.0,0.010772,0.006887,0.100705,0.000276,  37.140
   467.0,0.010549,0.006747,0.098215,0.000325,  37.140
   468.0,0.010336,0.006610,0.096809,0.000325,  37.143
   469.0,0.010159,0.006495,0.095765,0.000339,  37.141
   470.0,0.009960,0.006378,0.094403,0.000290,  37.144
   471.0,0.009755,0.006265,0.092839,0.000290,  37.149
   472.0,0.009557,0.006145,0.091099,0.000267,  37.147
   473.0,0.009357,0.006016,0.089532,0.000290,  37.150
   474.0,0.009178,0.005908,0.087689,0.000290,  37.159
   475.0,0.008978,0.005784,0.086261,0.000254,  37.154
   476.0,0.008872,0.005675,0.085355,0.000263,  37.152
   477.0,0.008687,0.005568,0.083711,0.000299,  37.152
   478.0,0.008501,0.005458,0.082137,0.000312,  37.155
   479.0,0.008342,0.005362,0.081238,0.000312,  37.157
   480.0,0.008197,0.005272,0.079736,0.000312,  37.152
   481.0,0.008042,0.005181,0.078732,0.000312,  37.158
   482.0,0.007873,0.005106,0.077548,0.000312,  37.157
   483.0,0.007708,0.004992,0.076176,0.000312,  37.158
   484.0,0.007557,0.004894,0.074880,0.000312,  37.163
   485.0,0.007424,0.004794,0.073652,0.000312,  37.166
   486.0,0.007293,0.004704,0.072573,0.000276,  37.167
   487.0,0.007157,0.004616,0.070960,0.000263,  37.169
   488.0,0.007020,0.004533,0.070031,0.000290,  37.168
   489.0,0.006869,0.004448,0.069129,0.000276,  37.170
   490.0,0.006764,0.004375,0.068159,0.000276,  37.171
   491.0,0.006643,0.004302,0.067303,0.000267,  37.172
   492.0,0.006500,0.004238,0.066205,0.000290,  37.180
   493.0,0.006368,0.004152,0.064855,0.000290,  37.182
   494.0,0.006231,0.004066,0.063669,0.000267,  37.187
   495.0,0.006126,0.003993,0.062869,0.000312,  37.193
   496.0,0.006028,0.003926,0.061941,0.000312,  37.180
   497.0,0.005909,0.003853,0.061165,0.000285,  37.178
   498.0,0.005801,0.003783,0.060207,0.000312,  37.188
   499.0,0.005685,0.003705,0.059512,0.000312,  37.190
   500.0,0.005576,0.003642,0.058164,0.000312,  37.194
   501.0,0.005485,0.003586,0.057032,0.000290,  37.198
   502.0,0.005379,0.003530,0.056813,0.000241,  37.198
   503.0,0.005262,0.003455,0.055853,0.000276,  37.203
   504.0,0.005165,0.003389,0.054960,0.000276,  37.204
   505.0,0.005059,0.003311,0.054112,0.000241,  37.206
   506.0,0.004965,0.003248,0.053117,0.000276,  37.198
   507.0,0.004862,0.003194,0.052515,0.000250,  37.199
   508.0,0.004776,0.003129,0.052025,0.000236,  37.206
   509.0,0.004689,0.003072,0.051306,0.000236,  37.203
   510.0,0.004589,0.003010,0.050387,0.000241,  37.203
   511.0,0.004515,0.002965,0.049658,0.000263,  37.199
   512.0,0.004438,0.002917,0.049022,0.000250,  37.205
   513.0,0.004347,0.002864,0.048255,0.000214,  37.212
   514.0,0.004269,0.002816,0.047590,0.000250,  37.210
   515.0,0.004196,0.002763,0.046903,0.000263,  37.220
   516.0,0.004120,0.002722,0.046221,0.000241,  37.227
   517.0,0.004044,0.002670,0.045588,0.000263,  37.223
   518.0,0.003941,0.002617,0.045186,0.000201,  37.222
   519.0,0.003879,0.002571,0.044524,0.000236,  37.225
   520.0,0.003812,0.002527,0.043497,0.000236,  37.225
   521.0,0.003740,0.002493,0.042846,0.000227,  37.234
   522.0,0.003679,0.002457,0.042542,0.000250,  37.236
   523.0,0.003618,0.002416,0.041432,0.000250,  37.237
   524.0,0.003562,0.002377,0.041315,0.000214,  37.224
   525.0,0.003516,0.002336,0.040908,0.000250,  37.228
   526.0,0.003444,0.002300,0.040357,0.000250,  37.226
   527.0,0.003376,0.002262,0.039875,0.000201,  37.230
   528.0,0.003313,0.002223,0.039373,0.000236,  37.229
   529.0,0.003236,0.002163,0.038965,0.000174,  37.229
   530.0,0.003181,0.002141,0.037887,0.000236,  37.227
   531.0,0.003142,0.002116,0.037654,0.000223,  37.226
   532.0,0.003082,0.002081,0.037201,0.000236,  37.225
   533.0,0.003030,0.002049,0.036931,0.000299,  37.217
   534.0,0.002990,0.002006,0.036531,0.000272,  37.217
   535.0,0.002935,0.001980,0.036079,0.000272,  37.216
   536.0,0.002890,0.001953,0.035582,0.000285,  37.204
   537.0,0.002831,0.001909,0.035153,0.000263,  37.203
   538.0,0.002782,0.001881,0.034692,0.000285,  37.197
   539.0,0.002720,0.001854,0.034338,0.000245,  37.194
   540.0,0.002672,0.001815,0.034005,0.000245,  37.196
   541.0,0.002626,0.001792,0.033521,0.000272,  37.191
   542.0,0.002582,0.001753,0.033073,0.000258,  37.192
   543.0,0.002541,0.001739,0.032685,0.000272,  37.190
   544.0,0.002510,0.001710,0.032397,0.000272,  37.191
   545.0,0.002476,0.001695,0.031982,0.000258,  37.190
   546.0,0.002431,0.001667,0.031563,0.000272,  37.184
   547.0,0.002386,0.001637,0.031357,0.000258,  37.177
   548.0,0.002337,0.001608,0.030956,0.000272,  37.196
   549.0,0.002298,0.001593,0.030467,0.000272,  37.180
   550.0,0.002227,0.001563,0.030248,0.000232,  37.180
   551.0,0.002206,0.001536,0.029940,0.000245,  37.176
   552.0,0.002186,0.001519,0.029240,0.000272,  37.176
   553.0,0.002163,0.001498,0.029100,0.000272,  37.179
   554.0,0.002140,0.001491,0.028919,0.000272,  37.169
   555.0,0.002106,0.001462,0.028673,0.000272,  37.166
   556.0,0.002068,0.001434,0.028403,0.000285,  37.162
   557.0,0.002037,0.001414,0.028189,0.000272,  37.168
   558.0,0.001996,0.001395,0.027483,0.000272,  37.163
   559.0,0.001963,0.001371,0.027281,0.000272,  37.168
   560.0,0.001922,0.001346,0.027139,0.000272,  37.161
   561.0,0.001879,0.001318,0.026951,0.000232,  37.153
   562.0,0.001864,0.001313,0.026694,0.000245,  37.147
   563.0,0.001843,0.001301,0.026379,0.000294,  37.143
   564.0,0.001829,0.001286,0.026158,0.000272,  37.144
   565.0,0.001805,0.001280,0.025941,0.000285,  37.130
   566.0,0.001793,0.001265,0.025744,0.000258,  37.124
   567.0,0.001760,0.001254,0.025025,0.000272,  37.128
   568.0,0.001736,0.001236,0.024932,0.000272,  37.126
   569.0,0.001714,0.001229,0.024843,0.000272,  37.132
   570.0,0.001675,0.001205,0.024537,0.000272,  37.124
   571.0,0.001626,0.001184,0.024442,0.000258,  37.123
   572.0,0.001601,0.001149,0.024171,0.000232,  37.118
   573.0,0.001591,0.001146,0.023457,0.000245,  37.116
   574.0,0.001578,0.001140,0.023600,0.000258,  37.119
   575.0,0.001567,0.001119,0.023503,0.000245,  37.118
   576.0,0.001539,0.001112,0.023469,0.000258,  37.115
   577.0,0.001525,0.001095,0.023233,0.000281,  37.113
   578.0,0.001515,0.001096,0.023004,0.000236,  37.114
   579.0,0.001494,0.001089,0.022901,0.000308,  37.119
   580.0,0.001477,0.001075,0.022183,0.000258,  37.137
   581.0,0.001454,0.001060,0.022385,0.000258,  37.118
   582.0,0.001384,0.001030,0.022276,0.000232,  37.117
   583.0,0.001390,0.001012,0.022038,0.000232,  37.115
   584.0,0.001373,0.001010,0.021745,0.000245,  37.121
   585.0,0.001367,0.001001,0.021567,0.000245,  37.120
   586.0,0.001345,0.000995,0.021566,0.000209,  37.120
   587.0,0.001327,0.000983,0.021314,0.000258,  37.118
   588.0,0.001318,0.000966,0.020799,0.000245,  37.127
   589.0,0.001304,0.000965,0.020661,0.000245,  37.138
   590.0,0.001285,0.000951,0.020633,0.000258,  37.138
   591.0,0.001270,0.000942,0.020447,0.000245,  37.147
   592.0,0.001239,0.000933,0.020311,0.000232,  37.134
   593.0,0.001216,0.000913,0.020310,0.000218,  37.136
   594.0,0.001216,0.000910,0.020229,0.000232,  37.138
   595.0,0.001214,0.000904,0.019982,0.000258,  37.142
   596.0,0.001214,0.000907,0.019858,0.000245,  37.156
   597.0,0.001200,0.000900,0.019736,0.000281,  37.160
   598.0,0.001187,0.000891,0.019653,0.000281,  37.161
   599.0,0.001182,0.000879,0.019499,0.000294,  37.159
   600.0,0.001156,0.000874,0.019366,0.000281,  37.162
   601.0,0.001139,0.000862,0.019234,0.000223,  37.172
   602.0,0.001124,0.000856,0.019092,0.000245,  37.164
   603.0,0.001104,0.000831,0.019162,0.000245,  37.165
   604.0,0.001088,0.000822,0.018810,0.000245,  37.164
   605.0,0.001080,0.000829,0.018651,0.000245,  37.164
   606.0,0.001075,0.000825,0.018640,0.000258,  37.169
   607.0,0.001076,0.000825,0.018521,0.000258,  37.170
   608.0,0.001060,0.000820,0.018505,0.000272,  37.175
   609.0,0.001052,0.000821,0.017907,0.000272,  37.175
   610.0,0.001048,0.000813,0.018018,0.000272,  37.181
   611.0,0.001037,0.000811,0.017998,0.000272,  37.179
   612.0,0.001021,0.000798,0.017912,0.000272,  37.195
   613.0,0.001026,0.000800,0.017967,0.000258,  37.182
   614.0,0.000982,0.000773,0.017833,0.000316,  37.190
   615.0,0.000993,0.000781,0.017746,0.000281,  37.190
   616.0,0.000991,0.000776,0.017553,0.000281,  37.185
   617.0,0.000996,0.000783,0.017449,0.000308,  37.189
   618.0,0.000991,0.000778,0.017439,0.000294,  37.187
   619.0,0.000986,0.000771,0.017148,0.000308,  37.184
   620.0,0.000972,0.000769,0.017116,0.000308,  37.188
   621.0,0.000964,0.000761,0.017071,0.000281,  37.188
   622.0,0.000959,0.000754,0.016461,0.000281,  37.185
   623.0,0.000956,0.000756,0.016831,0.000308,  37.186
   624.0,0.000936,0.000754,0.016973,0.000254,  37.188
   625.0,0.000924,0.000734,0.016980,0.000281,  37.186
   626.0,0.000936,0.000749,0.016619,0.000281,  37.181
   627.0,0.000935,0.000749,0.016387,0.000294,  37.188
   628.0,0.000929,0.000751,0.016227,0.000308,  37.186
   629.0,0.000925,0.000745,0.016487,0.000308,  37.190
   630.0,0.000913,0.000729,0.016592,0.000308,  37.200
   631.0,0.000896,0.000719,0.016379,0.000308,  37.205
   632.0,0.000895,0.000715,0.016298,0.000308,  37.216
   633.0,0.000876,0.000706,0.016305,0.000308,  37.224
   634.0,0.000869,0.000711,0.015702,0.000294,  37.218
   635.0,0.000841,0.000694,0.015950,0.000267,  37.219
   636.0,0.000835,0.000690,0.015880,0.000294,  37.215
   637.0,0.000851,0.000693,0.015790,0.000294,  37.216
   638.0,0.000851,0.000696,0.015662,0.000308,  37.216
   639.0,0.000843,0.000693,0.015506,0.000308,  37.209
   640.0,0.000837,0.000671,0.015613,0.000294,  37.190
   641.0,0.000830,0.000666,0.015573,0.000281,  37.175
   642.0,0.000810,0.000665,0.015401,0.000294,  37.165
   643.0,0.000801,0.000660,0.015386,0.000281,  37.156
   644.0,0.000801,0.000653,0.015299,0.000294,  37.157
   645.0,0.000788,0.000651,0.015310,0.000267,  37.145
   646.0,0.000755,0.000638,0.015220,0.000267,  37.148
   647.0,0.000769,0.000648,0.014970,0.000294,  37.134
   648.0,0.000780,0.000646,0.014961,0.000281,  37.146
   649.0,0.000786,0.000646,0.014872,0.000281,  37.145
   650.0,0.000778,0.000636,0.014781,0.000281,  37.142
   651.0,0.000766,0.000635,0.014711,0.000303,  37.152
   652.0,0.000741,0.000622,0.014726,0.000281,  37.158
   653.0,0.000739,0.000608,0.014588,0.000281,  37.166
   654.0,0.000737,0.000609,0.014517,0.000281,  37.180
   655.0,0.000726,0.000609,0.014518,0.000294,  37.180
   656.0,0.000706,0.000598,0.014423,0.000227,  37.186
   657.0,0.000698,0.000589,0.014411,0.000254,  37.196
   658.0,0.000706,0.000586,0.014205,0.000267,  37.200
   659.0,0.000710,0.000589,0.014251,0.000254,  37.216
   660.0,0.000704,0.000590,0.014087,0.000254,  37.223
   661.0,0.000697,0.000588,0.014093,0.000241,  37.228
   662.0,0.000692,0.000582,0.014090,0.000241,  37.230
   663.0,0.000694,0.000582,0.013876,0.000254,  37.228
   664.0,0.000693,0.000585,0.013855,0.000254,  37.225
   665.0,0.000694,0.000572,0.013883,0.000254,  37.236
   666.0,0.000684,0.000580,0.013649,0.000254,  37.227
   667.0,0.000654,0.000558,0.013765,0.000214,  37.223
   668.0,0.000672,0.000562,0.013672,0.000241,  37.214
   669.0,0.000677,0.000565,0.013579,0.000241,  37.204
   670.0,0.000682,0.000565,0.013489,0.000276,  37.194
   671.0,0.000676,0.000570,0.013586,0.000254,  37.173
   672.0,0.000672,0.000562,0.013576,0.000267,  37.169
   673.0,0.000667,0.000562,0.013421,0.000254,  37.166
   674.0,0.000667,0.000569,0.013450,0.000254,  37.164
   675.0,0.000659,0.000568,0.013321,0.000254,  37.162
   676.0,0.000656,0.000557,0.013276,0.000254,  37.162
   677.0,0.000636,0.000561,0.013275,0.000241,  37.150
   678.0,0.000618,0.000529,0.012785,0.000250,  37.151
   679.0,0.000636,0.000552,0.013032,0.000227,  37.146
   680.0,0.000641,0.000561,0.013026,0.000227,  37.147
   681.0,0.000643,0.000559,0.013010,0.000290,  37.154
   682.0,0.000641,0.000560,0.013007,0.000254,  37.160
   683.0,0.000637,0.000551,0.012925,0.000290,  37.164
   684.0,0.000639,0.000548,0.012897,0.000290,  37.173
   685.0,0.000627,0.000553,0.012843,0.000241,  37.174
   686.0,0.000633,0.000558,0.012825,0.000276,  37.186
   687.0,0.000636,0.000561,0.012848,0.000254,  37.186
   688.0,0.000608,0.000545,0.012253,0.000214,  37.189
   689.0,0.000630,0.000541,0.012539,0.000263,  37.193
   690.0,0.000632,0.000549,0.012658,0.000241,  37.205
   691.0,0.000632,0.000549,0.012629,0.000290,  37.210
   692.0,0.000631,0.000551,0.012335,0.000254,  37.206
   693.0,0.000623,0.000545,0.012355,0.000254,  37.208
   694.0,0.000613,0.000535,0.012478,0.000290,  37.207
   695.0,0.000609,0.000539,0.012565,0.000254,  37.206
   696.0,0.000603,0.000534,0.012529,0.000267,  37.203
   697.0,0.000598,0.000528,0.012288,0.000290,  37.215
   698.0,0.000599,0.000533,0.012435,0.000241,  37.206
   699.0,0.000575,0.000516,0.011935,0.000227,  37.209
   700.0,0.000591,0.000525,0.012179,0.000276,  37.205
   701.0,0.000599,0.000533,0.012301,0.000254,  37.210
   702.0,0.000604,0.000534,0.012150,0.000267,  37.209
   703.0,0.000607,0.000530,0.012152,0.000254,  37.212
   704.0,0.000591,0.000535,0.012184,0.000254,  37.212
   705.0,0.000597,0.000536,0.012034,0.000267,  37.212
   706.0,0.000594,0.000525,0.012099,0.000254,  37.210
   707.0,0.000588,0.000522,0.012191,0.000267,  37.216
   708.0,0.000586,0.000519,0.011967,0.000290,  37.212
   709.0,0.000543,0.000510,0.012096,0.000241,  37.213
   710.0,0.000540,0.000486,0.012014,0.000227,  37.219
   711.0,0.000559,0.000499,0.011923,0.000263,  37.212
   712.0,0.000564,0.000488,0.011774,0.000227,  37.216
   713.0,0.000569,0.000494,0.011823,0.000263,  37.215
   714.0,0.000567,0.000512,0.011708,0.000227,  37.216
   715.0,0.000572,0.000503,0.011670,0.000227,  37.214
   716.0,0.000573,0.000501,0.011730,0.000276,  37.208
   717.0,0.000578,0.000511,0.011255,0.000276,  37.204
   718.0,0.000578,0.000513,0.011390,0.000227,  37.212
   719.0,0.000573,0.000511,0.011605,0.000276,  37.195
   720.0,0.000552,0.000485,0.011614,0.000174,  37.184
   721.0,0.000557,0.000491,0.011648,0.000227,  37.165
   722.0,0.000556,0.000508,0.011627,0.000263,  37.144
   723.0,0.000565,0.000516,0.011561,0.000241,  37.127
   724.0,0.000580,0.000519,0.011593,0.000290,  37.095
   725.0,0.000577,0.000523,0.011560,0.000254,  37.070
   726.0,0.000577,0.000522,0.011675,0.000267,  37.050
   727.0,0.000580,0.000519,0.011204,0.000303,  37.025
   728.0,0.000577,0.000524,0.011289,0.000267,  37.016
   729.0,0.000575,0.000519,0.011408,0.000267,  37.018
   730.0,0.000560,0.000512,0.011469,0.000263,  36.996
   731.0,0.000537,0.000492,0.011423,0.000227,  36.996
   732.0,0.000533,0.000493,0.011308,0.000263,  36.993
   733.0,0.000544,0.000499,0.011200,0.000263,  36.994
   734.0,0.000549,0.000502,0.011225,0.000227,  36.997
   735.0,0.000552,0.000501,0.011222,0.000241,  37.003
   736.0,0.000544,0.000499,0.011153,0.000254,  37.007
   737.0,0.000561,0.000495,0.011128,0.000241,  37.015
   738.0,0.000553,0.000508,0.011155,0.000254,  37.022
   739.0,0.000552,0.000510,0.011062,0.000267,  37.040
   740.0,0.000548,0.000518,0.011104,0.000267,  37.036
   741.0,0.000521,0.000507,0.011146,0.000227,  37.041
   742.0,0.000539,0.000502,0.011070,0.000254,  37.051
   743.0,0.000553,0.000519,0.011113,0.000267,  37.059
   744.0,0.000566,0.000529,0.011081,0.000281,  37.079
   745.0,0.000561,0.000529,0.010978,0.000281,  37.083
   746.0,0.000569,0.000531,0.010964,0.000281,  37.087
   747.0,0.000569,0.000534,0.011099,0.000281,  37.090
   748.0,0.000572,0.000514,0.011119,0.000294,  37.101
   749.0,0.000564,0.000524,0.010824,0.000281,  37.107
   750.0,0.000556,0.000517,0.010869,0.000281,  37.133
   751.0,0.000551,0.000510,0.010969,0.000267,  37.125
   752.0,0.000523,0.000486,0.011000,0.000241,  37.132
   753.0,0.000522,0.000494,0.010904,0.000267,  37.139
   754.0,0.000533,0.000496,0.010863,0.000254,  37.157
   755.0,0.000533,0.000489,0.010911,0.000254,  37.161
   756.0,0.000527,0.000489,0.010794,0.000267,  37.167
   757.0,0.000530,0.000488,0.010771,0.000254,  37.174
   758.0,0.000529,0.000492,0.010743,0.000254,  37.181
   759.0,0.000534,0.000501,0.010688,0.000267,  37.183
   760.0,0.000530,0.000495,0.010685,0.000254,  37.193
   761.0,0.000524,0.000508,0.010741,0.000254,  37.200
   762.0,0.000520,0.000493,0.010819,0.000227,  37.204
   763.0,0.000508,0.000479,0.010671,0.000227,  37.212
   764.0,0.000536,0.000490,0.010629,0.000267,  37.215
   765.0,0.000524,0.000493,0.010633,0.000290,  37.216
   766.0,0.000536,0.000495,0.010123,0.000254,  37.218
   767.0,0.000546,0.000498,0.010286,0.000267,  37.219
   768.0,0.000537,0.000495,0.010423,0.000290,  37.225
   769.0,0.000535,0.000496,0.010443,0.000254,  37.226
   770.0,0.000534,0.000496,0.010535,0.000267,  37.224
   771.0,0.000531,0.000500,0.010652,0.000290,  37.233
   772.0,0.000531,0.000503,0.010549,0.000267,  37.227
   773.0,0.000510,0.000478,0.010534,0.000250,  37.226
   774.0,0.000517,0.000479,0.010583,0.000241,  37.228
   775.0,0.000525,0.000492,0.010463,0.000254,  37.223
   776.0,0.000527,0.000496,0.010371,0.000290,  37.226
   777.0,0.000525,0.000488,0.010313,0.000254,  37.221
   778.0,0.000505,0.000486,0.010383,0.000267,  37.224
   779.0,0.000513,0.000480,0.010308,0.000263,  37.228
   780.0,0.000516,0.000487,0.009895,0.000227,  37.228
   781.0,0.000521,0.000491,0.010130,0.000241,  37.221
   782.0,0.000519,0.000488,0.010128,0.000241,  37.227
   783.0,0.000506,0.000499,0.009863,0.000241,  37.222
   784.0,0.000508,0.000478,0.009591,0.000250,  37.229
   785.0,0.000517,0.000489,0.010131,0.000241,  37.226
   786.0,0.000519,0.000491,0.009798,0.000254,  37.216
   787.0,0.000521,0.000494,0.010145,0.000290,  37.225
   788.0,0.000524,0.000504,0.010159,0.000254,  37.226
   789.0,0.000521,0.000497,0.010195,0.000267,  37.224
   790.0,0.000527,0.000491,0.010063,0.000290,  37.219
   791.0,0.000510,0.000490,0.010177,0.000254,  37.217
   792.0,0.000524,0.000489,0.010244,0.000290,  37.209
   793.0,0.000516,0.000494,0.009716,0.000254,  37.204
   794.0,0.000501,0.000472,0.010140,0.000227,  37.193
   795.0,0.000498,0.000471,0.010066,0.000276,  37.188
   796.0,0.000501,0.000479,0.010037,0.000254,  37.186
   797.0,0.000503,0.000480,0.010053,0.000241,  37.174
   798.0,0.000496,0.000467,0.010045,0.000276,  37.171
   799.0,0.000493,0.000464,0.009993,0.000254,  37.172
   800.0,0.000491,0.000466,0.009954,0.000241,  37.168
   801.0,0.000491,0.000466,0.009911,0.000276,  37.169
   802.0,0.000491,0.000473,0.010022,0.000241,  37.165
   803.0,0.000485,0.000466,0.009879,0.000250,  37.177
   804.0,0.000489,0.000461,0.009371,0.000227,  37.166
   805.0,0.000447,0.000434,0.009677,0.000201,  37.165
   806.0,0.000473,0.000439,0.009801,0.000250,  37.169
   807.0,0.000478,0.000448,0.009842,0.000227,  37.162
   808.0,0.000495,0.000450,0.009760,0.000214,  37.165
