Run Name,Run 4
Run Date,03:14:47 PM   02-01-11
Method Name,5%B-Isocrat
Export Format Version, 1.00
Method ID,  284
Points/Second, 1.00
Number of Records,   1452
Offset from Run Start Time,00:00:00
Run End Time,00:24:12
Time,Second
QuadTec 1, (280.0 nm), AU
QuadTec 2, (260.0 nm), AU
Gradient Pump,<Not Selected>
QuadTec 3, (214.0 nm), AU
QuadTec 4, (405.0 nm), AU
Conductivity,mS/cm
Trace 6,<Not Available>
GP Pressure,<Not Selected>
Volume,<Not Selected>
Fraction,<Not Available>
Time,QuadTec 1,QuadTec 2,QuadTec 3,QuadTec 4,Conductivity
     0.0,0.000064,0.000047,-0.000965,0.000000,  28.680
     1.0,0.000000,0.000000,0.000000,0.000000,  28.689
     2.0,0.000000,0.000000,0.000000,0.000000,  28.694
     3.0,0.000000,0.000000,0.000000,0.000000,  28.706
     4.0,0.000000,0.000000,0.000000,0.000000,  28.719
     5.0,-0.000008,0.000010,-0.000070,0.000027,  28.726
     6.0,-0.000002,0.000018,-0.000186,-0.000009,  28.728
     7.0,-0.000003,0.000031,-0.000259,0.000040,  28.731
     8.0,0.000002,0.000029,-0.000218,0.000018,  28.735
     9.0,0.000006,0.000033,-0.000316,-0.000004,  28.735
    10.0,-0.000000,0.000031,-0.000270,-0.000053,  28.734
    11.0,0.000003,0.000021,-0.000229,-0.000040,  28.737
    12.0,-0.000003,0.000014,-0.000267,-0.000076,  28.738
    13.0,-0.000013,0.000008,-0.000263,-0.000040,  28.734
    14.0,-0.000012,-0.000001,-0.000256,-0.000076,  28.733
    15.0,-0.000012,0.000002,-0.000653,-0.000062,  28.721
    16.0,-0.000010,0.000008,-0.000465,-0.000040,  28.717
    17.0,0.000009,0.000022,-0.000233,-0.000049,  28.698
    18.0,0.000012,0.000018,-0.000212,-0.000098,  28.683
    19.0,-0.000002,0.000005,-0.000505,-0.000062,  28.665
    20.0,-0.000012,0.000003,-0.000280,-0.000049,  28.661
    21.0,-0.000018,-0.000001,-0.000358,-0.000071,  28.656
    22.0,-0.000023,-0.000009,-0.000705,-0.000049,  28.648
    23.0,-0.000026,-0.000006,-0.000356,-0.000049,  28.637
    24.0,-0.000028,-0.000004,-0.000413,-0.000049,  28.638
    25.0,-0.000037,-0.000005,-0.000278,-0.000084,  28.646
    26.0,-0.000042,-0.000006,-0.000354,-0.000107,  28.642
    27.0,-0.000037,-0.000012,-0.000320,-0.000084,  28.655
    28.0,-0.000032,0.000003,-0.000261,-0.000107,  28.653
    29.0,-0.000029,0.000001,-0.000581,-0.000093,  28.663
    30.0,-0.000029,-0.000001,-0.000419,-0.000071,  28.670
    31.0,-0.000024,0.000006,-0.000410,-0.000093,  28.675
    32.0,-0.000030,0.000011,-0.000183,-0.000093,  28.685
    33.0,-0.000027,0.000002,-0.000255,-0.000058,  28.686
    34.0,-0.000024,0.000003,-0.000249,-0.000080,  28.696
    35.0,-0.000027,0.000001,-0.000268,-0.000058,  28.703
    36.0,-0.000029,0.000000,-0.000371,-0.000093,  28.708
    37.0,-0.000038,0.000000,-0.000362,-0.000080,  28.708
    38.0,-0.000037,0.000005,-0.000298,-0.000080,  28.712
    39.0,-0.000034,0.000006,-0.000263,-0.000066,  28.725
    40.0,-0.000039,-0.000003,-0.000378,-0.000080,  28.732
    41.0,-0.000045,-0.000004,-0.000381,-0.000093,  28.737
    42.0,-0.000042,-0.000005,-0.000571,-0.000093,  28.733
    43.0,-0.000045,-0.000005,-0.000608,-0.000093,  28.732
    44.0,-0.000053,-0.000007,-0.000515,-0.000093,  28.733
    45.0,-0.000047,-0.000002,-0.000492,-0.000093,  28.726
    46.0,-0.000039,-0.000003,-0.000504,-0.000107,  28.728
    47.0,-0.000037,0.000001,-0.001027,-0.000093,  28.723
    48.0,-0.000048,-0.000004,-0.000965,-0.000080,  28.728
    49.0,-0.000048,-0.000010,-0.001067,-0.000107,  28.725
    50.0,-0.000053,-0.000006,-0.000897,-0.000093,  28.723
    51.0,-0.000051,-0.000012,-0.000607,-0.000080,  28.723
    52.0,-0.000043,-0.000001,-0.000492,-0.000093,  28.725
    53.0,-0.000044,0.000002,-0.000590,-0.000129,  28.724
    54.0,-0.000051,-0.000006,-0.000519,-0.000093,  28.716
    55.0,-0.000060,-0.000008,-0.000505,-0.000093,  28.719
    56.0,-0.000051,-0.000004,-0.000536,-0.000093,  28.712
    57.0,-0.000051,-0.000010,-0.000913,-0.000093,  28.708
    58.0,-0.000054,0.000002,-0.000675,-0.000093,  28.707
    59.0,-0.000066,0.000006,-0.000669,-0.000066,  28.708
    60.0,-0.000057,0.000013,-0.000657,-0.000071,  28.712
    61.0,-0.000055,0.000012,-0.000591,-0.000093,  28.712
    62.0,-0.000051,0.000004,-0.000859,-0.000093,  28.711
    63.0,-0.000043,0.000003,-0.000790,-0.000093,  28.719
    64.0,-0.000046,0.000005,-0.000779,-0.000080,  28.719
    65.0,-0.000038,0.000015,-0.000531,-0.000093,  28.722
    66.0,-0.000035,0.000010,-0.000589,-0.000080,  28.726
    67.0,-0.000044,0.000008,-0.000552,-0.000080,  28.721
    68.0,-0.000048,0.000007,-0.000894,-0.000093,  28.718
    69.0,-0.000043,0.000008,-0.000584,-0.000093,  28.725
    70.0,-0.000046,0.000005,-0.000595,-0.000093,  28.724
    71.0,-0.000038,0.000011,-0.000569,-0.000107,  28.729
    72.0,-0.000041,0.000017,-0.000562,-0.000115,  28.730
    73.0,-0.000041,0.000007,-0.000557,-0.000093,  28.731
    74.0,-0.000039,0.000011,-0.000588,-0.000093,  28.731
    75.0,-0.000041,0.000015,-0.000623,-0.000080,  28.736
    76.0,-0.000030,0.000016,-0.000513,-0.000093,  28.737
    77.0,-0.000038,0.000014,-0.000675,-0.000093,  28.733
    78.0,-0.000044,0.000012,-0.000901,-0.000080,  28.733
    79.0,-0.000038,0.000005,-0.000583,-0.000080,  28.728
    80.0,-0.000044,0.000011,-0.000565,-0.000093,  28.723
    81.0,-0.000038,0.000010,-0.000493,-0.000080,  28.708
    82.0,-0.000035,0.000006,-0.000571,-0.000107,  28.704
    83.0,-0.000041,0.000014,-0.000566,-0.000080,  28.701
    84.0,-0.000038,0.000008,-0.000531,-0.000080,  28.696
    85.0,-0.000044,0.000009,-0.000606,-0.000066,  28.693
    86.0,-0.000041,0.000017,-0.000570,-0.000066,  28.683
    87.0,-0.000030,0.000019,-0.000468,-0.000080,  28.681
    88.0,-0.000025,0.000016,-0.000289,-0.000066,  28.678
    89.0,-0.000011,0.000019,-0.000272,-0.000066,  28.669
    90.0,0.000005,0.000038,-0.000012,-0.000080,  28.668
    91.0,0.000028,0.000055,0.000287,-0.000066,  28.666
    92.0,0.000061,0.000079,0.000732,-0.000080,  28.662
    93.0,0.000107,0.000102,0.001163,-0.000066,  28.665
    94.0,0.000176,0.000138,0.001771,-0.000066,  28.667
    95.0,0.000255,0.000183,0.002574,-0.000080,  28.666
    96.0,0.000351,0.000221,0.003537,-0.000066,  28.669
    97.0,0.000473,0.000293,0.004654,-0.000080,  28.673
    98.0,0.000614,0.000375,0.006137,-0.000093,  28.673
    99.0,0.000778,0.000469,0.007837,-0.000093,  28.678
   100.0,0.000945,0.000593,0.010095,-0.000066,  28.672
   101.0,0.001179,0.000723,0.012416,-0.000066,  28.673
   102.0,0.001452,0.000871,0.014861,-0.000066,  28.681
   103.0,0.001745,0.001057,0.017544,-0.000066,  28.674
   104.0,0.002071,0.001254,0.020876,-0.000053,  28.681
   105.0,0.002471,0.001481,0.024815,-0.000053,  28.686
   106.0,0.002906,0.001681,0.028810,-0.000053,  28.697
   107.0,0.003372,0.001949,0.033727,-0.000053,  28.707
   108.0,0.003934,0.002266,0.038959,-0.000040,  28.718
   109.0,0.004544,0.002617,0.045236,-0.000017,  28.722
   110.0,0.005074,0.002985,0.051409,-0.000040,  28.731
   111.0,0.005822,0.003427,0.058529,-0.000040,  28.740
   112.0,0.006634,0.003896,0.066234,-0.000013,  28.744
   113.0,0.007496,0.004395,0.072781,0.000014,  28.748
   114.0,0.008416,0.004943,0.081646,0.000001,  28.753
   115.0,0.009455,0.005517,0.091046,0.000014,  28.760
   116.0,0.010489,0.006025,0.100832,0.000028,  28.756
   117.0,0.011654,0.006703,0.111850,0.000041,  28.765
   118.0,0.012904,0.007425,0.123200,0.000081,  28.774
   119.0,0.014045,0.008167,0.134297,0.000081,  28.773
   120.0,0.015219,0.008946,0.147318,0.000095,  28.772
   121.0,0.016629,0.009790,0.160450,0.000086,  28.778
   122.0,0.018019,0.010608,0.172828,0.000135,  28.772
   123.0,0.019589,0.011524,0.184539,0.000162,  28.766
   124.0,0.021194,0.012473,0.199491,0.000189,  28.755
   125.0,0.022737,0.013315,0.213867,0.000216,  28.750
   126.0,0.024427,0.014197,0.229073,0.000256,  28.739
   127.0,0.026152,0.015200,0.244288,0.000247,  28.727
   128.0,0.027824,0.016201,0.259441,0.000274,  28.711
   129.0,0.029392,0.017269,0.275627,0.000314,  28.698
   130.0,0.031062,0.018348,0.291959,0.000341,  28.678
   131.0,0.032875,0.019375,0.307922,0.000368,  28.668
   132.0,0.034668,0.020445,0.321105,0.000395,  28.653
   133.0,0.036542,0.021563,0.337846,0.000444,  28.630
   134.0,0.038381,0.022616,0.353827,0.000471,  28.618
   135.0,0.040335,0.023633,0.372169,0.000498,  28.592
   136.0,0.042230,0.024663,0.388857,0.000484,  28.570
   137.0,0.044011,0.025690,0.404707,0.000498,  28.544
   138.0,0.046019,0.026858,0.423865,0.000484,  28.513
   139.0,0.047636,0.028005,0.442533,0.000457,  28.488
   140.0,0.049520,0.029046,0.459795,0.000457,  28.454
   141.0,0.051631,0.030248,0.480254,0.000417,  28.403
   142.0,0.053735,0.031412,0.498147,0.000377,  28.358
   143.0,0.055835,0.032588,0.515800,0.000296,  28.313
   144.0,0.058152,0.033831,0.537232,0.000229,  28.257
   145.0,0.060647,0.034919,0.559926,0.000148,  28.192
   146.0,0.063253,0.036351,0.583634,0.000068,  28.122
   147.0,0.066262,0.037911,0.610372,-0.000013,  28.046
   148.0,0.069490,0.039652,0.639269,-0.000080,  27.962
   149.0,0.072241,0.041503,0.670825,-0.000160,  27.868
   150.0,0.076348,0.043700,0.706497,-0.000201,  27.759
   151.0,0.080907,0.046218,0.745318,-0.000227,  27.633
   152.0,0.085760,0.048820,0.779317,-0.000241,  27.505
   153.0,0.091422,0.051904,0.828075,-0.000254,  27.358
   154.0,0.097494,0.055229,0.879870,-0.000227,  27.199
   155.0,0.103937,0.057966,0.933712,-0.000201,  27.040
   156.0,0.110795,0.061743,0.992217,-0.000120,  26.863
   157.0,0.117763,0.065546,1.052622,-0.000053,  26.688
   158.0,0.124680,0.069406,1.113228,0.000014,  26.530
   159.0,0.130397,0.073248,1.173985,0.000108,  26.367
   160.0,0.137222,0.076892,1.231578,0.000175,  26.223
   161.0,0.143602,0.080356,1.283464,0.000256,  26.110
   162.0,0.149471,0.083508,1.327118,0.000336,  26.021
   163.0,0.154728,0.086329,1.373046,0.000350,  25.954
   164.0,0.159258,0.088722,1.413301,0.000404,  25.934
   165.0,0.163235,0.090460,1.447429,0.000408,  25.939
   166.0,0.166478,0.092263,1.476701,0.000408,  25.981
   167.0,0.169068,0.093668,1.498402,0.000422,  26.060
   168.0,0.170947,0.094734,1.517407,0.000408,  26.168
   169.0,0.172262,0.095514,1.531547,0.000395,  26.285
   170.0,0.173324,0.096014,1.540708,0.000359,  26.434
   171.0,0.173913,0.096269,1.545380,0.000368,  26.605
   172.0,0.174129,0.096337,1.547919,0.000354,  26.782
   173.0,0.173965,0.096169,1.547272,0.000354,  26.963
   174.0,0.173526,0.095955,1.544935,0.000301,  27.146
   175.0,0.172848,0.095532,1.539873,0.000301,  27.325
   176.0,0.171853,0.094968,1.532175,0.000247,  27.495
   177.0,0.170733,0.094308,1.523781,0.000260,  27.657
   178.0,0.169655,0.093549,1.513216,0.000260,  27.805
   179.0,0.168124,0.092685,1.501136,0.000260,  27.942
   180.0,0.166519,0.091757,1.488408,0.000247,  28.062
   181.0,0.164782,0.090801,1.477382,0.000247,  28.176
   182.0,0.162896,0.089735,1.462570,0.000234,  28.274
   183.0,0.160918,0.088649,1.447004,0.000234,  28.350
   184.0,0.158882,0.087711,1.431033,0.000291,  28.424
   185.0,0.156730,0.086487,1.414050,0.000242,  28.485
   186.0,0.154543,0.085291,1.396397,0.000242,  28.545
   187.0,0.152480,0.084053,1.378827,0.000229,  28.584
   188.0,0.150421,0.082742,1.359693,0.000229,  28.622
   189.0,0.148070,0.081444,1.341229,0.000242,  28.652
   190.0,0.145729,0.080133,1.321617,0.000229,  28.677
   191.0,0.143230,0.078771,1.306405,0.000242,  28.696
   192.0,0.140794,0.077409,1.285821,0.000229,  28.708
   193.0,0.138404,0.076062,1.267158,0.000229,  28.722
   194.0,0.135845,0.074929,1.246863,0.000242,  28.734
   195.0,0.133316,0.073528,1.226958,0.000229,  28.742
   196.0,0.130857,0.072155,1.206826,0.000229,  28.743
   197.0,0.128326,0.070758,1.185880,0.000216,  28.746
   198.0,0.126345,0.069366,1.166124,0.000216,  28.747
   199.0,0.123815,0.067995,1.146669,0.000202,  28.750
   200.0,0.121263,0.066590,1.126509,0.000202,  28.752
   201.0,0.118782,0.065232,1.109231,0.000189,  28.752
   202.0,0.116373,0.063901,1.091612,0.000175,  28.755
   203.0,0.113880,0.062521,1.071796,0.000189,  28.752
   204.0,0.111465,0.061488,1.052126,0.000175,  28.748
   205.0,0.109128,0.060188,1.033541,0.000189,  28.750
   206.0,0.106709,0.058839,1.014597,0.000189,  28.750
   207.0,0.104411,0.057545,0.996205,0.000189,  28.743
   208.0,0.102527,0.056284,0.977932,0.000162,  28.742
   209.0,0.100199,0.055006,0.959053,0.000175,  28.731
   210.0,0.097906,0.053750,0.941918,0.000175,  28.733
   211.0,0.095699,0.052535,0.928032,0.000175,  28.731
   212.0,0.093502,0.051321,0.910776,0.000175,  28.728
   213.0,0.091351,0.050165,0.893990,0.000175,  28.727
   214.0,0.089262,0.049231,0.877509,0.000175,  28.734
   215.0,0.087191,0.048055,0.861765,0.000175,  28.730
   216.0,0.085171,0.046935,0.846013,0.000175,  28.737
   217.0,0.083353,0.045869,0.830861,0.000175,  28.735
   218.0,0.081649,0.044791,0.816065,0.000175,  28.739
   219.0,0.079750,0.043748,0.801362,0.000140,  28.740
   220.0,0.077938,0.042748,0.786785,0.000162,  28.745
   221.0,0.076104,0.041740,0.776249,0.000175,  28.745
   222.0,0.074323,0.040759,0.763204,0.000175,  28.755
   223.0,0.072612,0.039873,0.750033,0.000162,  28.752
   224.0,0.070905,0.039056,0.737559,0.000175,  28.753
   225.0,0.069268,0.038160,0.725200,0.000175,  28.759
   226.0,0.067637,0.037261,0.713388,0.000162,  28.754
   227.0,0.066292,0.036408,0.702235,0.000175,  28.761
   228.0,0.064894,0.035578,0.691241,0.000175,  28.760
   229.0,0.063422,0.034769,0.680673,0.000184,  28.763
   230.0,0.061983,0.033974,0.672643,0.000162,  28.761
   231.0,0.060623,0.033213,0.662914,0.000184,  28.764
   232.0,0.059288,0.032474,0.653380,0.000148,  28.775
   233.0,0.057986,0.031854,0.644413,0.000162,  28.775
   234.0,0.056725,0.031212,0.635297,0.000184,  28.776
   235.0,0.055521,0.030541,0.626790,0.000148,  28.773
   236.0,0.054338,0.029886,0.618694,0.000162,  28.777
   237.0,0.053432,0.029263,0.611946,0.000148,  28.782
   238.0,0.052340,0.028651,0.604512,0.000148,  28.777
   239.0,0.051255,0.028058,0.597697,0.000148,  28.777
   240.0,0.050246,0.027490,0.591931,0.000148,  28.776
   241.0,0.049249,0.026948,0.586172,0.000162,  28.777
   242.0,0.048276,0.026411,0.580391,0.000162,  28.779
   243.0,0.047375,0.026013,0.574759,0.000148,  28.777
   244.0,0.046466,0.025509,0.569070,0.000162,  28.786
   245.0,0.045619,0.025029,0.564459,0.000162,  28.784
   246.0,0.044816,0.024585,0.559921,0.000175,  28.780
   247.0,0.044193,0.024152,0.555798,0.000175,  28.782
   248.0,0.043418,0.023717,0.551226,0.000162,  28.780
   249.0,0.042695,0.023322,0.547880,0.000175,  28.780
   250.0,0.041997,0.022937,0.544733,0.000162,  28.778
   251.0,0.041336,0.022566,0.541092,0.000175,  28.779
   252.0,0.040698,0.022220,0.538574,0.000175,  28.773
   253.0,0.040077,0.021944,0.535071,0.000162,  28.778
   254.0,0.039510,0.021618,0.532686,0.000175,  28.779
   255.0,0.038956,0.021304,0.530446,0.000175,  28.779
   256.0,0.038425,0.021005,0.528239,0.000162,  28.777
   257.0,0.038011,0.020718,0.526449,0.000175,  28.783
   258.0,0.037514,0.020448,0.524388,0.000162,  28.782
   259.0,0.037044,0.020173,0.522968,0.000162,  28.783
   260.0,0.036612,0.019938,0.521904,0.000175,  28.782
   261.0,0.036201,0.019714,0.520482,0.000175,  28.785
   262.0,0.035798,0.019492,0.519455,0.000175,  28.782
   263.0,0.035429,0.019317,0.518649,0.000175,  28.785
   264.0,0.035085,0.019124,0.518409,0.000162,  28.783
   265.0,0.034753,0.018940,0.517959,0.000175,  28.784
   266.0,0.034457,0.018758,0.517426,0.000175,  28.780
   267.0,0.034203,0.018590,0.517530,0.000162,  28.775
   268.0,0.033903,0.018421,0.517391,0.000140,  28.780
   269.0,0.033627,0.018264,0.517078,0.000162,  28.783
   270.0,0.033387,0.018129,0.516721,0.000175,  28.778
   271.0,0.033130,0.017985,0.517267,0.000175,  28.778
   272.0,0.032915,0.017880,0.517507,0.000175,  28.777
   273.0,0.032714,0.017771,0.518230,0.000175,  28.778
   274.0,0.032504,0.017651,0.518535,0.000175,  28.776
   275.0,0.032328,0.017550,0.519965,0.000162,  28.780
   276.0,0.032202,0.017456,0.520702,0.000148,  28.777
   277.0,0.032042,0.017358,0.521688,0.000162,  28.776
   278.0,0.031902,0.017272,0.522685,0.000162,  28.770
   279.0,0.031762,0.017192,0.523392,0.000175,  28.765
   280.0,0.031627,0.017110,0.524338,0.000184,  28.765
   281.0,0.031503,0.017044,0.525417,0.000148,  28.766
   282.0,0.031396,0.016997,0.526714,0.000162,  28.765
   283.0,0.031305,0.016942,0.527431,0.000148,  28.767
   284.0,0.031211,0.016879,0.528867,0.000162,  28.768
   285.0,0.031125,0.016837,0.529603,0.000175,  28.775
   286.0,0.031063,0.016779,0.531540,0.000184,  28.779
   287.0,0.031012,0.016746,0.533326,0.000162,  28.785
   288.0,0.030945,0.016709,0.534771,0.000162,  28.788
   289.0,0.030891,0.016672,0.536022,0.000175,  28.791
   290.0,0.030849,0.016647,0.537428,0.000175,  28.787
   291.0,0.030811,0.016625,0.538875,0.000162,  28.796
   292.0,0.030767,0.016598,0.540279,0.000175,  28.791
   293.0,0.030742,0.016583,0.542060,0.000175,  28.788
   294.0,0.030709,0.016563,0.543614,0.000162,  28.788
   295.0,0.030690,0.016543,0.544840,0.000175,  28.789
   296.0,0.030679,0.016530,0.546185,0.000175,  28.790
   297.0,0.030649,0.016521,0.547995,0.000162,  28.786
   298.0,0.030643,0.016513,0.549564,0.000175,  28.792
   299.0,0.030636,0.016504,0.550907,0.000175,  28.792
   300.0,0.030631,0.016494,0.552355,0.000175,  28.787
   301.0,0.030630,0.016504,0.553901,0.000175,  28.786
   302.0,0.030632,0.016498,0.555130,0.000175,  28.785
   303.0,0.030636,0.016492,0.556507,0.000175,  28.791
   304.0,0.030635,0.016496,0.558070,0.000175,  28.793
   305.0,0.030661,0.016499,0.559510,0.000184,  28.789
   306.0,0.030663,0.016493,0.560992,0.000175,  28.789
   307.0,0.030665,0.016495,0.562601,0.000197,  28.795
   308.0,0.030682,0.016502,0.563738,0.000197,  28.799
   309.0,0.030682,0.016500,0.563974,0.000175,  28.795
   310.0,0.030690,0.016506,0.565872,0.000162,  28.790
   311.0,0.030712,0.016515,0.567241,0.000175,  28.788
   312.0,0.030718,0.016511,0.568442,0.000189,  28.790
   313.0,0.030723,0.016515,0.569584,0.000175,  28.787
   314.0,0.030746,0.016520,0.570755,0.000175,  28.790
   315.0,0.030743,0.016522,0.571777,0.000175,  28.786
   316.0,0.030757,0.016526,0.572426,0.000175,  28.787
   317.0,0.030762,0.016524,0.573377,0.000140,  28.788
   318.0,0.030759,0.016526,0.574426,0.000162,  28.792
   319.0,0.030768,0.016520,0.575131,0.000175,  28.791
   320.0,0.030781,0.016542,0.575450,0.000175,  28.790
   321.0,0.030792,0.016530,0.576499,0.000175,  28.795
   322.0,0.030795,0.016537,0.577355,0.000175,  28.800
   323.0,0.030808,0.016548,0.578169,0.000175,  28.798
   324.0,0.030808,0.016543,0.578646,0.000175,  28.801
   325.0,0.030811,0.016546,0.579284,0.000175,  28.800
   326.0,0.030802,0.016543,0.579790,0.000175,  28.801
   327.0,0.030803,0.016545,0.579689,0.000175,  28.806
   328.0,0.030809,0.016543,0.579968,0.000175,  28.803
   329.0,0.030806,0.016547,0.580562,0.000175,  28.799
   330.0,0.030806,0.016531,0.580000,0.000175,  28.798
   331.0,0.030794,0.016533,0.581139,0.000175,  28.800
   332.0,0.030780,0.016533,0.581216,0.000175,  28.796
   333.0,0.030770,0.016518,0.581354,0.000175,  28.796
   334.0,0.030757,0.016512,0.581555,0.000175,  28.794
   335.0,0.030752,0.016504,0.581640,0.000162,  28.796
   336.0,0.030729,0.016500,0.581489,0.000175,  28.802
   337.0,0.030713,0.016487,0.581255,0.000175,  28.799
   338.0,0.030700,0.016472,0.581170,0.000175,  28.800
   339.0,0.030669,0.016466,0.580603,0.000175,  28.805
   340.0,0.030638,0.016440,0.580270,0.000175,  28.808
   341.0,0.030620,0.016439,0.579976,0.000175,  28.801
   342.0,0.030587,0.016414,0.579385,0.000175,  28.804
   343.0,0.030548,0.016404,0.579136,0.000175,  28.804
   344.0,0.030513,0.016381,0.578585,0.000175,  28.809
   345.0,0.030474,0.016350,0.577752,0.000175,  28.818
   346.0,0.030433,0.016337,0.577177,0.000197,  28.812
   347.0,0.030391,0.016321,0.576329,0.000211,  28.811
   348.0,0.030350,0.016299,0.575657,0.000211,  28.805
   349.0,0.030300,0.016277,0.574873,0.000175,  28.819
   350.0,0.030254,0.016244,0.573858,0.000175,  28.813
   351.0,0.030199,0.016221,0.573042,0.000175,  28.809
   352.0,0.030159,0.016203,0.571121,0.000175,  28.810
   353.0,0.030107,0.016185,0.570490,0.000175,  28.804
   354.0,0.030050,0.016146,0.569377,0.000148,  28.806
   355.0,0.029985,0.016124,0.568298,0.000162,  28.815
   356.0,0.029928,0.016087,0.566899,0.000189,  28.812
   357.0,0.029871,0.016053,0.565652,0.000189,  28.819
   358.0,0.029799,0.016019,0.563472,0.000189,  28.816
   359.0,0.029728,0.015976,0.562884,0.000175,  28.820
   360.0,0.029652,0.015936,0.561494,0.000175,  28.823
   361.0,0.029572,0.015909,0.560120,0.000175,  28.823
   362.0,0.029498,0.015865,0.558774,0.000175,  28.824
   363.0,0.029428,0.015836,0.556851,0.000175,  28.826
   364.0,0.029354,0.015785,0.555124,0.000175,  28.833
   365.0,0.029272,0.015743,0.553838,0.000162,  28.832
   366.0,0.029196,0.015701,0.551688,0.000140,  28.838
   367.0,0.029110,0.015657,0.548673,0.000175,  28.840
   368.0,0.029023,0.015606,0.548114,0.000175,  28.841
   369.0,0.028921,0.015565,0.546516,0.000175,  28.840
   370.0,0.028823,0.015512,0.544587,0.000162,  28.844
   371.0,0.028728,0.015463,0.542772,0.000162,  28.845
   372.0,0.028623,0.015412,0.539877,0.000175,  28.846
   373.0,0.028531,0.015378,0.536867,0.000162,  28.847
   374.0,0.028455,0.015324,0.535606,0.000175,  28.845
   375.0,0.028361,0.015274,0.534142,0.000175,  28.845
   376.0,0.028264,0.015228,0.532107,0.000162,  28.851
   377.0,0.028158,0.015161,0.530421,0.000175,  28.835
   378.0,0.028049,0.015102,0.527799,0.000162,  28.841
   379.0,0.027942,0.015052,0.525366,0.000175,  28.827
   380.0,0.027833,0.014994,0.523614,0.000162,  28.817
   381.0,0.027718,0.014954,0.521054,0.000148,  28.811
   382.0,0.027607,0.014905,0.518600,0.000148,  28.808
   383.0,0.027494,0.014841,0.516357,0.000162,  28.790
   384.0,0.027381,0.014774,0.513751,0.000148,  28.783
   385.0,0.027294,0.014722,0.511468,0.000148,  28.779
   386.0,0.027179,0.014667,0.508955,0.000148,  28.778
   387.0,0.027062,0.014608,0.506571,0.000148,  28.781
   388.0,0.026949,0.014546,0.504527,0.000162,  28.785
   389.0,0.026817,0.014485,0.501920,0.000148,  28.779
   390.0,0.026698,0.014418,0.499160,0.000148,  28.783
   391.0,0.026576,0.014377,0.496455,0.000162,  28.792
   392.0,0.026450,0.014301,0.493809,0.000148,  28.791
   393.0,0.026332,0.014248,0.490992,0.000148,  28.798
   394.0,0.026220,0.014178,0.488181,0.000162,  28.804
   395.0,0.026100,0.014109,0.485854,0.000148,  28.808
   396.0,0.025972,0.014059,0.482573,0.000171,  28.812
   397.0,0.025847,0.013992,0.480071,0.000184,  28.823
   398.0,0.025728,0.013925,0.478069,0.000148,  28.823
   399.0,0.025607,0.013868,0.474456,0.000162,  28.830
   400.0,0.025482,0.013806,0.471974,0.000148,  28.831
   401.0,0.025358,0.013752,0.469493,0.000148,  28.828
   402.0,0.025228,0.013691,0.466432,0.000162,  28.833
   403.0,0.025097,0.013618,0.463771,0.000135,  28.831
   404.0,0.024974,0.013555,0.460902,0.000148,  28.830
   405.0,0.024844,0.013486,0.457933,0.000162,  28.830
   406.0,0.024721,0.013414,0.454667,0.000148,  28.828
   407.0,0.024579,0.013350,0.451955,0.000162,  28.823
   408.0,0.024449,0.013284,0.449612,0.000148,  28.819
   409.0,0.024320,0.013213,0.446788,0.000148,  28.825
   410.0,0.024179,0.013158,0.442947,0.000162,  28.825
   411.0,0.024044,0.013094,0.440504,0.000135,  28.829
   412.0,0.023912,0.013033,0.437791,0.000148,  28.830
   413.0,0.023768,0.012949,0.434379,0.000148,  28.830
   414.0,0.023673,0.012873,0.431815,0.000157,  28.829
   415.0,0.023551,0.012819,0.428925,0.000122,  28.838
   416.0,0.023410,0.012745,0.426002,0.000122,  28.836
   417.0,0.023282,0.012683,0.423287,0.000122,  28.837
   418.0,0.023146,0.012621,0.420096,0.000135,  28.846
   419.0,0.023008,0.012554,0.417547,0.000122,  28.847
   420.0,0.022888,0.012507,0.414723,0.000122,  28.851
   421.0,0.022761,0.012437,0.410970,0.000148,  28.854
   422.0,0.022628,0.012376,0.408328,0.000135,  28.858
   423.0,0.022500,0.012319,0.405666,0.000148,  28.862
   424.0,0.022395,0.012248,0.402825,0.000148,  28.862
   425.0,0.022246,0.012178,0.399900,0.000135,  28.870
   426.0,0.022114,0.012109,0.396754,0.000099,  28.872
   427.0,0.021990,0.012044,0.394410,0.000135,  28.871
   428.0,0.021858,0.011977,0.391472,0.000148,  28.872
   429.0,0.021724,0.011913,0.388534,0.000148,  28.881
   430.0,0.021600,0.011848,0.385704,0.000135,  28.880
   431.0,0.021477,0.011804,0.382316,0.000148,  28.874
   432.0,0.021348,0.011739,0.379347,0.000148,  28.877
   433.0,0.021233,0.011678,0.376843,0.000135,  28.875
   434.0,0.021134,0.011623,0.373868,0.000148,  28.870
   435.0,0.021008,0.011553,0.371094,0.000148,  28.869
   436.0,0.020887,0.011489,0.368127,0.000148,  28.871
   437.0,0.020764,0.011432,0.365915,0.000148,  28.872
   438.0,0.020635,0.011372,0.362646,0.000135,  28.875
   439.0,0.020509,0.011304,0.360054,0.000148,  28.875
   440.0,0.020374,0.011245,0.357408,0.000148,  28.880
   441.0,0.020246,0.011186,0.353801,0.000135,  28.878
   442.0,0.020125,0.011134,0.351356,0.000135,  28.876
   443.0,0.020011,0.011072,0.348586,0.000135,  28.873
   444.0,0.019923,0.011008,0.345779,0.000122,  28.875
   445.0,0.019805,0.010959,0.342953,0.000122,  28.873
   446.0,0.019687,0.010902,0.340001,0.000135,  28.873
   447.0,0.019583,0.010851,0.337524,0.000135,  28.875
   448.0,0.019466,0.010786,0.335314,0.000135,  28.868
   449.0,0.019345,0.010726,0.332341,0.000122,  28.868
   450.0,0.019230,0.010680,0.328871,0.000122,  28.863
   451.0,0.019113,0.010616,0.326607,0.000135,  28.862
   452.0,0.018992,0.010561,0.324018,0.000122,  28.858
   453.0,0.018886,0.010509,0.321358,0.000122,  28.858
   454.0,0.018806,0.010449,0.318921,0.000108,  28.853
   455.0,0.018694,0.010397,0.316204,0.000108,  28.851
   456.0,0.018584,0.010349,0.313414,0.000108,  28.851
   457.0,0.018479,0.010303,0.311106,0.000108,  28.851
   458.0,0.018382,0.010256,0.308477,0.000108,  28.853
   459.0,0.018272,0.010208,0.306069,0.000095,  28.855
   460.0,0.018157,0.010161,0.303533,0.000095,  28.852
   461.0,0.018062,0.010104,0.300993,0.000095,  28.855
   462.0,0.017960,0.010057,0.298473,0.000095,  28.858
   463.0,0.017863,0.010003,0.295969,0.000095,  28.854
   464.0,0.017777,0.009959,0.293473,0.000095,  28.861
   465.0,0.017675,0.009918,0.290940,0.000081,  28.859
   466.0,0.017580,0.009856,0.288846,0.000081,  28.864
   467.0,0.017494,0.009819,0.286529,0.000095,  28.863
   468.0,0.017401,0.009776,0.283806,0.000095,  28.868
   469.0,0.017303,0.009727,0.281445,0.000095,  28.867
   470.0,0.017212,0.009701,0.279077,0.000095,  28.865
   471.0,0.017124,0.009664,0.276907,0.000108,  28.872
   472.0,0.017029,0.009615,0.274553,0.000108,  28.868
   473.0,0.016957,0.009582,0.272119,0.000095,  28.870
   474.0,0.016891,0.009542,0.269959,0.000095,  28.871
   475.0,0.016798,0.009492,0.267644,0.000059,  28.867
   476.0,0.016715,0.009457,0.265445,0.000095,  28.872
   477.0,0.016644,0.009422,0.263701,0.000095,  28.864
   478.0,0.016548,0.009374,0.261451,0.000095,  28.864
   479.0,0.016471,0.009348,0.259265,0.000095,  28.865
   480.0,0.016397,0.009314,0.257058,0.000095,  28.867
   481.0,0.016302,0.009271,0.254997,0.000095,  28.864
   482.0,0.016217,0.009238,0.252772,0.000095,  28.862
   483.0,0.016168,0.009216,0.250572,0.000095,  28.859
   484.0,0.016085,0.009172,0.248632,0.000095,  28.862
   485.0,0.016028,0.009139,0.246429,0.000095,  28.856
   486.0,0.015954,0.009112,0.244577,0.000059,  28.858
   487.0,0.015882,0.009081,0.242931,0.000059,  28.860
   488.0,0.015824,0.009045,0.240786,0.000059,  28.861
   489.0,0.015745,0.009020,0.238909,0.000130,  28.862
   490.0,0.015663,0.008983,0.236951,0.000095,  28.861
   491.0,0.015613,0.008957,0.235085,0.000095,  28.859
   492.0,0.015561,0.008942,0.232691,0.000081,  28.862
   493.0,0.015506,0.008894,0.231164,0.000095,  28.859
   494.0,0.015442,0.008876,0.229369,0.000095,  28.863
   495.0,0.015383,0.008858,0.227571,0.000095,  28.858
   496.0,0.015326,0.008821,0.226152,0.000095,  28.857
   497.0,0.015270,0.008808,0.224169,0.000081,  28.863
   498.0,0.015211,0.008786,0.222514,0.000095,  28.861
   499.0,0.015153,0.008764,0.220593,0.000095,  28.855
   500.0,0.015103,0.008738,0.218911,0.000095,  28.850
   501.0,0.015041,0.008713,0.217369,0.000095,  28.854
   502.0,0.014990,0.008689,0.215486,0.000095,  28.854
   503.0,0.014966,0.008673,0.213967,0.000081,  28.849
   504.0,0.014916,0.008649,0.212163,0.000081,  28.853
   505.0,0.014854,0.008632,0.210651,0.000068,  28.854
   506.0,0.014797,0.008604,0.209028,0.000068,  28.855
   507.0,0.014769,0.008596,0.207502,0.000068,  28.853
   508.0,0.014705,0.008569,0.206020,0.000068,  28.856
   509.0,0.014676,0.008559,0.204433,0.000081,  28.848
   510.0,0.014642,0.008549,0.203134,0.000095,  28.853
   511.0,0.014592,0.008522,0.201558,0.000095,  28.855
   512.0,0.014563,0.008517,0.200087,0.000117,  28.850
   513.0,0.014539,0.008511,0.198787,0.000095,  28.854
   514.0,0.014485,0.008485,0.197258,0.000117,  28.850
   515.0,0.014465,0.008485,0.195377,0.000117,  28.850
   516.0,0.014437,0.008469,0.194563,0.000081,  28.855
   517.0,0.014394,0.008450,0.193125,0.000117,  28.863
   518.0,0.014373,0.008448,0.191903,0.000095,  28.867
   519.0,0.014350,0.008440,0.190790,0.000081,  28.865
   520.0,0.014315,0.008426,0.188979,0.000081,  28.865
   521.0,0.014297,0.008420,0.187952,0.000095,  28.859
   522.0,0.014276,0.008420,0.186792,0.000068,  28.858
   523.0,0.014244,0.008405,0.185667,0.000068,  28.858
   524.0,0.014207,0.008392,0.184407,0.000032,  28.858
   525.0,0.014198,0.008399,0.183224,0.000068,  28.859
   526.0,0.014170,0.008389,0.182067,0.000095,  28.857
   527.0,0.014159,0.008391,0.180482,0.000081,  28.858
   528.0,0.014143,0.008399,0.179705,0.000095,  28.858
   529.0,0.014125,0.008395,0.178825,0.000095,  28.855
   530.0,0.014109,0.008387,0.177772,0.000108,  28.860
   531.0,0.014074,0.008392,0.176715,0.000095,  28.860
   532.0,0.014060,0.008377,0.175744,0.000095,  28.864
   533.0,0.014050,0.008385,0.174698,0.000095,  28.865
   534.0,0.014043,0.008390,0.173338,0.000095,  28.870
   535.0,0.014032,0.008374,0.172400,0.000095,  28.870
   536.0,0.014019,0.008381,0.171682,0.000081,  28.873
   537.0,0.014020,0.008379,0.170787,0.000095,  28.864
   538.0,0.014014,0.008392,0.169912,0.000081,  28.864
   539.0,0.013998,0.008395,0.169041,0.000068,  28.868
   540.0,0.013999,0.008399,0.168133,0.000068,  28.864
   541.0,0.013988,0.008396,0.166997,0.000068,  28.865
   542.0,0.013982,0.008404,0.166348,0.000081,  28.862
   543.0,0.013982,0.008402,0.165463,0.000095,  28.861
   544.0,0.013988,0.008410,0.164609,0.000081,  28.856
   545.0,0.013982,0.008420,0.164023,0.000095,  28.863
   546.0,0.013969,0.008411,0.162677,0.000081,  28.864
   547.0,0.013962,0.008435,0.162029,0.000081,  28.865
   548.0,0.013982,0.008435,0.161447,0.000095,  28.865
   549.0,0.013973,0.008435,0.160488,0.000081,  28.862
   550.0,0.013987,0.008457,0.160057,0.000081,  28.865
   551.0,0.013998,0.008467,0.159309,0.000095,  28.863
   552.0,0.014003,0.008474,0.158708,0.000081,  28.864
   553.0,0.014009,0.008484,0.158043,0.000081,  28.861
   554.0,0.014017,0.008491,0.156914,0.000081,  28.861
   555.0,0.014008,0.008491,0.156581,0.000081,  28.854
   556.0,0.014038,0.008514,0.156213,0.000095,  28.848
   557.0,0.014030,0.008522,0.155563,0.000081,  28.844
   558.0,0.014030,0.008517,0.154297,0.000081,  28.833
   559.0,0.014046,0.008528,0.153935,0.000068,  28.831
   560.0,0.014059,0.008551,0.153574,0.000068,  28.833
   561.0,0.014056,0.008554,0.152763,0.000068,  28.827
   562.0,0.014069,0.008568,0.152429,0.000068,  28.826
   563.0,0.014095,0.008599,0.151991,0.000068,  28.829
   564.0,0.014112,0.008607,0.151141,0.000068,  28.833
   565.0,0.014135,0.008630,0.151043,0.000068,  28.829
   566.0,0.014158,0.008650,0.150722,0.000068,  28.835
   567.0,0.014170,0.008661,0.150086,0.000068,  28.841
   568.0,0.014189,0.008688,0.149734,0.000068,  28.836
   569.0,0.014208,0.008711,0.149067,0.000068,  28.841
   570.0,0.014226,0.008717,0.148655,0.000068,  28.840
   571.0,0.014248,0.008724,0.148360,0.000041,  28.844
   572.0,0.014278,0.008743,0.147989,0.000041,  28.851
   573.0,0.014297,0.008754,0.147320,0.000032,  28.849
   574.0,0.014316,0.008780,0.146519,0.000054,  28.849
   575.0,0.014349,0.008803,0.146650,0.000054,  28.850
   576.0,0.014356,0.008828,0.146524,0.000081,  28.845
   577.0,0.014372,0.008834,0.145618,0.000068,  28.855
   578.0,0.014415,0.008863,0.145673,0.000068,  28.847
   579.0,0.014439,0.008875,0.145577,0.000068,  28.845
   580.0,0.014470,0.008897,0.145385,0.000068,  28.842
   581.0,0.014505,0.008927,0.145027,0.000041,  28.840
   582.0,0.014519,0.008944,0.144658,0.000054,  28.836
   583.0,0.014552,0.008970,0.144430,0.000068,  28.834
   584.0,0.014573,0.008990,0.144120,0.000081,  28.831
   585.0,0.014586,0.009005,0.143671,0.000068,  28.831
   586.0,0.014641,0.009035,0.143514,0.000068,  28.829
   587.0,0.014670,0.009066,0.143420,0.000068,  28.831
   588.0,0.014697,0.009072,0.143309,0.000068,  28.835
   589.0,0.014734,0.009100,0.143065,0.000095,  28.840
   590.0,0.014771,0.009133,0.142875,0.000081,  28.838
   591.0,0.014793,0.009142,0.142594,0.000090,  28.840
   592.0,0.014825,0.009176,0.142632,0.000054,  28.843
   593.0,0.014866,0.009211,0.142439,0.000054,  28.840
   594.0,0.014909,0.009239,0.142205,0.000068,  28.848
   595.0,0.014940,0.009268,0.141406,0.000068,  28.858
   596.0,0.014977,0.009285,0.141759,0.000068,  28.853
   597.0,0.015010,0.009305,0.141821,0.000068,  28.857
   598.0,0.015060,0.009336,0.141876,0.000068,  28.861
   599.0,0.015100,0.009361,0.141861,0.000068,  28.862
   600.0,0.015127,0.009376,0.141238,0.000068,  28.867
   601.0,0.015175,0.009412,0.141469,0.000068,  28.867
   602.0,0.015214,0.009441,0.141484,0.000068,  28.872
   603.0,0.015218,0.009460,0.141283,0.000032,  28.870
   604.0,0.015282,0.009501,0.141438,0.000068,  28.874
   605.0,0.015333,0.009527,0.141425,0.000068,  28.871
   606.0,0.015356,0.009550,0.141326,0.000068,  28.869
   607.0,0.015395,0.009572,0.141102,0.000068,  28.869
   608.0,0.015457,0.009606,0.141236,0.000068,  28.872
   609.0,0.015500,0.009633,0.141346,0.000068,  28.873
   610.0,0.015547,0.009673,0.141340,0.000068,  28.866
   611.0,0.015592,0.009708,0.141452,0.000068,  28.878
   612.0,0.015615,0.009729,0.141457,0.000054,  28.878
   613.0,0.015674,0.009767,0.141562,0.000068,  28.878
   614.0,0.015716,0.009795,0.141517,0.000054,  28.877
   615.0,0.015740,0.009818,0.141023,0.000054,  28.874
   616.0,0.015810,0.009855,0.141355,0.000054,  28.871
   617.0,0.015847,0.009883,0.141507,0.000054,  28.869
   618.0,0.015880,0.009896,0.141593,0.000054,  28.867
   619.0,0.015932,0.009935,0.141581,0.000054,  28.862
   620.0,0.015983,0.009969,0.141497,0.000081,  28.860
   621.0,0.016028,0.010002,0.141761,0.000068,  28.861
   622.0,0.016075,0.010032,0.141829,0.000005,  28.860
   623.0,0.016119,0.010076,0.141897,0.000019,  28.857
   624.0,0.016172,0.010105,0.142085,0.000019,  28.857
   625.0,0.016225,0.010137,0.142212,0.000090,  28.850
   626.0,0.016281,0.010181,0.142328,0.000068,  28.838
   627.0,0.016334,0.010197,0.142456,0.000068,  28.841
   628.0,0.016390,0.010246,0.142617,0.000068,  28.840
   629.0,0.016435,0.010281,0.142789,0.000068,  28.831
   630.0,0.016481,0.010308,0.142747,0.000068,  28.836
   631.0,0.016531,0.010351,0.142806,0.000068,  28.836
   632.0,0.016577,0.010380,0.143214,0.000068,  28.832
   633.0,0.016633,0.010421,0.143363,0.000081,  28.840
   634.0,0.016677,0.010443,0.143666,0.000068,  28.835
   635.0,0.016731,0.010484,0.143701,0.000068,  28.845
   636.0,0.016778,0.010523,0.143980,0.000081,  28.846
   637.0,0.016831,0.010549,0.144169,0.000081,  28.856
   638.0,0.016871,0.010577,0.144217,0.000095,  28.853
   639.0,0.016940,0.010609,0.144560,0.000081,  28.858
   640.0,0.016999,0.010651,0.144812,0.000068,  28.860
   641.0,0.017036,0.010680,0.144959,0.000068,  28.851
   642.0,0.017089,0.010720,0.145113,0.000068,  28.844
   643.0,0.017153,0.010760,0.145356,0.000068,  28.840
   644.0,0.017195,0.010784,0.145473,0.000081,  28.835
   645.0,0.017246,0.010825,0.145510,0.000081,  28.829
   646.0,0.017317,0.010861,0.145922,0.000095,  28.828
   647.0,0.017357,0.010883,0.145986,0.000081,  28.826
   648.0,0.017400,0.010910,0.146322,0.000068,  28.823
   649.0,0.017458,0.010951,0.146632,0.000068,  28.820
   650.0,0.017482,0.010981,0.146613,0.000068,  28.818
   651.0,0.017541,0.011016,0.147021,0.000081,  28.815
   652.0,0.017594,0.011049,0.147201,0.000059,  28.822
   653.0,0.017642,0.011081,0.147354,0.000081,  28.822
   654.0,0.017712,0.011125,0.147689,0.000095,  28.822
   655.0,0.017780,0.011174,0.148006,0.000081,  28.824
   656.0,0.017826,0.011199,0.147973,0.000095,  28.827
   657.0,0.017893,0.011230,0.148183,0.000095,  28.827
   658.0,0.017946,0.011273,0.148309,0.000095,  28.830
   659.0,0.017988,0.011298,0.148741,0.000095,  28.831
   660.0,0.018045,0.011333,0.149020,0.000095,  28.833
   661.0,0.018098,0.011388,0.148988,0.000095,  28.836
   662.0,0.018150,0.011401,0.149216,0.000095,  28.839
   663.0,0.018199,0.011444,0.149822,0.000095,  28.842
   664.0,0.018257,0.011484,0.149987,0.000095,  28.852
   665.0,0.018300,0.011503,0.150139,0.000095,  28.846
   666.0,0.018361,0.011538,0.150774,0.000095,  28.849
   667.0,0.018417,0.011569,0.151111,0.000095,  28.857
   668.0,0.018463,0.011597,0.151176,0.000095,  28.861
   669.0,0.018530,0.011644,0.151738,0.000095,  28.868
   670.0,0.018581,0.011683,0.151997,0.000081,  28.864
   671.0,0.018623,0.011722,0.152068,0.000095,  28.860
   672.0,0.018684,0.011755,0.152530,0.000081,  28.862
   673.0,0.018740,0.011792,0.152756,0.000095,  28.868
   674.0,0.018788,0.011820,0.153074,0.000081,  28.865
   675.0,0.018850,0.011856,0.152991,0.000081,  28.860
   676.0,0.018907,0.011890,0.153347,0.000095,  28.860
   677.0,0.018951,0.011922,0.153628,0.000081,  28.851
   678.0,0.019013,0.011958,0.154220,0.000095,  28.849
   679.0,0.019078,0.011997,0.154438,0.000095,  28.851
   680.0,0.019115,0.012031,0.154754,0.000095,  28.849
   681.0,0.019185,0.012083,0.155249,0.000095,  28.854
   682.0,0.019236,0.012117,0.155433,0.000095,  28.861
   683.0,0.019261,0.012129,0.155252,0.000095,  28.857
   684.0,0.019343,0.012172,0.155838,0.000095,  28.870
   685.0,0.019401,0.012221,0.156476,0.000095,  28.874
   686.0,0.019449,0.012247,0.156751,0.000095,  28.877
   687.0,0.019519,0.012289,0.156607,0.000122,  28.877
   688.0,0.019581,0.012323,0.157421,0.000108,  28.884
   689.0,0.019628,0.012358,0.157679,0.000108,  28.890
   690.0,0.019683,0.012397,0.158178,0.000122,  28.895
   691.0,0.019719,0.012425,0.158575,0.000108,  28.901
   692.0,0.019778,0.012462,0.158672,0.000108,  28.913
   693.0,0.019825,0.012492,0.159048,0.000108,  28.915
   694.0,0.019884,0.012535,0.159055,0.000108,  28.918
   695.0,0.019936,0.012564,0.159228,0.000122,  28.918
   696.0,0.019981,0.012593,0.159791,0.000108,  28.914
   697.0,0.020026,0.012616,0.160314,0.000108,  28.918
   698.0,0.020061,0.012631,0.160571,0.000108,  28.910
   699.0,0.020118,0.012663,0.160917,0.000046,  28.913
   700.0,0.020169,0.012702,0.161277,0.000046,  28.907
   701.0,0.020214,0.012733,0.161528,0.000095,  28.907
   702.0,0.020272,0.012766,0.161776,0.000095,  28.908
   703.0,0.020333,0.012807,0.162024,0.000095,  28.908
   704.0,0.020381,0.012836,0.162203,0.000095,  28.915
   705.0,0.020430,0.012873,0.162734,0.000095,  28.919
   706.0,0.020474,0.012897,0.162867,0.000095,  28.915
   707.0,0.020519,0.012922,0.163232,0.000095,  28.917
   708.0,0.020564,0.012951,0.163580,0.000046,  28.910
   709.0,0.020613,0.012982,0.163950,0.000059,  28.914
   710.0,0.020664,0.013007,0.164234,0.000046,  28.908
   711.0,0.020715,0.013048,0.164392,0.000046,  28.911
   712.0,0.020763,0.013081,0.164889,0.000046,  28.907
   713.0,0.020814,0.013114,0.165127,0.000059,  28.907
   714.0,0.020868,0.013153,0.165461,0.000130,  28.902
   715.0,0.020916,0.013175,0.165827,0.000095,  28.904
   716.0,0.020972,0.013204,0.166133,0.000095,  28.895
   717.0,0.021029,0.013236,0.166399,0.000095,  28.896
   718.0,0.021058,0.013262,0.166656,0.000095,  28.891
   719.0,0.021112,0.013299,0.167007,0.000095,  28.882
   720.0,0.021155,0.013329,0.167350,0.000095,  28.877
   721.0,0.021184,0.013351,0.167519,0.000081,  28.870
   722.0,0.021249,0.013380,0.167916,0.000081,  28.864
   723.0,0.021301,0.013413,0.167612,0.000081,  28.858
   724.0,0.021340,0.013434,0.168358,0.000081,  28.851
   725.0,0.021395,0.013475,0.168805,0.000095,  28.847
   726.0,0.021443,0.013497,0.169070,0.000081,  28.840
   727.0,0.021480,0.013527,0.169366,0.000081,  28.833
   728.0,0.021529,0.013558,0.169761,0.000081,  28.834
   729.0,0.021580,0.013587,0.170129,0.000081,  28.829
   730.0,0.021624,0.013619,0.170374,0.000081,  28.820
   731.0,0.021669,0.013655,0.170657,0.000059,  28.823
   732.0,0.021706,0.013685,0.171014,0.000095,  28.821
   733.0,0.021758,0.013714,0.171360,0.000095,  28.814
   734.0,0.021806,0.013742,0.171485,0.000081,  28.814
   735.0,0.021848,0.013769,0.171821,0.000095,  28.815
   736.0,0.021880,0.013783,0.171975,0.000095,  28.809
   737.0,0.021936,0.013824,0.172447,0.000095,  28.823
   738.0,0.021985,0.013839,0.172672,0.000095,  28.816
   739.0,0.022013,0.013855,0.172795,0.000095,  28.816
   740.0,0.022050,0.013896,0.173239,0.000095,  28.814
   741.0,0.022104,0.013930,0.173300,0.000095,  28.813
   742.0,0.022139,0.013951,0.173577,0.000095,  28.818
   743.0,0.022178,0.013982,0.173966,0.000108,  28.819
   744.0,0.022231,0.014007,0.174261,0.000122,  28.820
   745.0,0.022262,0.014027,0.174553,0.000108,  28.822
   746.0,0.022311,0.014051,0.174630,0.000108,  28.826
   747.0,0.022360,0.014081,0.174888,0.000095,  28.823
   748.0,0.022389,0.014107,0.175305,0.000095,  28.826
   749.0,0.022422,0.014130,0.175823,0.000095,  28.834
   750.0,0.022468,0.014157,0.176043,0.000095,  28.835
   751.0,0.022497,0.014170,0.176309,0.000081,  28.840
   752.0,0.022546,0.014199,0.176366,0.000095,  28.842
   753.0,0.022574,0.014227,0.176549,0.000095,  28.850
   754.0,0.022609,0.014255,0.176906,0.000081,  28.851
   755.0,0.022663,0.014282,0.177364,0.000095,  28.853
   756.0,0.022698,0.014309,0.177554,0.000081,  28.860
   757.0,0.022730,0.014323,0.177765,0.000081,  28.866
   758.0,0.022777,0.014346,0.178095,0.000095,  28.872
   759.0,0.022798,0.014371,0.178316,0.000095,  28.877
   760.0,0.022833,0.014392,0.178655,0.000095,  28.878
   761.0,0.022873,0.014417,0.178866,0.000095,  28.874
   762.0,0.022917,0.014431,0.179086,0.000095,  28.877
   763.0,0.022944,0.014456,0.179273,0.000095,  28.871
   764.0,0.022987,0.014482,0.179573,0.000095,  28.874
   765.0,0.023016,0.014502,0.179773,0.000095,  28.873
   766.0,0.023049,0.014520,0.180089,0.000095,  28.867
   767.0,0.023090,0.014535,0.179902,0.000095,  28.867
   768.0,0.023119,0.014559,0.180316,0.000095,  28.869
   769.0,0.023146,0.014588,0.180754,0.000095,  28.865
   770.0,0.023175,0.014605,0.180976,0.000095,  28.860
   771.0,0.023216,0.014634,0.181037,0.000095,  28.857
   772.0,0.023237,0.014643,0.181171,0.000108,  28.855
   773.0,0.023273,0.014667,0.181508,0.000095,  28.856
   774.0,0.023311,0.014689,0.181885,0.000095,  28.851
   775.0,0.023334,0.014700,0.182034,0.000095,  28.854
   776.0,0.023377,0.014735,0.182161,0.000095,  28.850
   777.0,0.023416,0.014752,0.182253,0.000095,  28.854
   778.0,0.023443,0.014760,0.182374,0.000095,  28.852
   779.0,0.023467,0.014778,0.182855,0.000095,  28.851
   780.0,0.023497,0.014807,0.183108,0.000059,  28.848
   781.0,0.023518,0.014823,0.183266,0.000095,  28.850
   782.0,0.023548,0.014841,0.183431,0.000095,  28.847
   783.0,0.023583,0.014852,0.183635,0.000095,  28.844
   784.0,0.023593,0.014863,0.183733,0.000095,  28.847
   785.0,0.023618,0.014881,0.183806,0.000095,  28.847
   786.0,0.023642,0.014890,0.183850,0.000095,  28.849
   787.0,0.023666,0.014900,0.184110,0.000095,  28.855
   788.0,0.023693,0.014920,0.184340,0.000095,  28.857
   789.0,0.023714,0.014932,0.184584,0.000081,  28.858
   790.0,0.023745,0.014951,0.184724,0.000081,  28.870
   791.0,0.023768,0.014967,0.184851,0.000081,  28.874
   792.0,0.023798,0.014984,0.185198,0.000095,  28.882
   793.0,0.023835,0.015012,0.185351,0.000095,  28.880
   794.0,0.023867,0.015026,0.185500,0.000095,  28.884
   795.0,0.023883,0.015046,0.185575,0.000095,  28.884
   796.0,0.023913,0.015058,0.185744,0.000095,  28.875
   797.0,0.023932,0.015077,0.185616,0.000095,  28.875
   798.0,0.023959,0.015092,0.185471,0.000095,  28.866
   799.0,0.023983,0.015111,0.186287,0.000095,  28.847
   800.0,0.024001,0.015135,0.185910,0.000095,  28.848
   801.0,0.024035,0.015149,0.186410,0.000108,  28.838
   802.0,0.024053,0.015153,0.186549,0.000108,  28.835
   803.0,0.024064,0.015164,0.186923,0.000108,  28.830
   804.0,0.024091,0.015176,0.187010,0.000095,  28.832
   805.0,0.024101,0.015176,0.187188,0.000095,  28.829
   806.0,0.024109,0.015190,0.187152,0.000095,  28.829
   807.0,0.024140,0.015204,0.187286,0.000095,  28.833
   808.0,0.024159,0.015214,0.187593,0.000095,  28.829
   809.0,0.024175,0.015226,0.187715,0.000095,  28.824
   810.0,0.024185,0.015242,0.187673,0.000059,  28.818
   811.0,0.024203,0.015255,0.187779,0.000095,  28.815
   812.0,0.024222,0.015269,0.187919,0.000122,  28.812
   813.0,0.024244,0.015276,0.187999,0.000108,  28.810
   814.0,0.024266,0.015284,0.188211,0.000108,  28.812
   815.0,0.024280,0.015296,0.188287,0.000122,  28.809
   816.0,0.024287,0.015306,0.188417,0.000108,  28.819
   817.0,0.024309,0.015319,0.188505,0.000108,  28.817
   818.0,0.024323,0.015327,0.188750,0.000122,  28.828
   819.0,0.024322,0.015333,0.188643,0.000108,  28.827
   820.0,0.024353,0.015339,0.188717,0.000095,  28.828
   821.0,0.024372,0.015353,0.188870,0.000108,  28.829
   822.0,0.024377,0.015359,0.188519,0.000108,  28.832
   823.0,0.024391,0.015362,0.188790,0.000122,  28.836
   824.0,0.024407,0.015363,0.188756,0.000108,  28.831
   825.0,0.024407,0.015372,0.189082,0.000108,  28.835
   826.0,0.024424,0.015376,0.189202,0.000122,  28.838
   827.0,0.024420,0.015380,0.188649,0.000108,  28.840
   828.0,0.024434,0.015390,0.188765,0.000122,  28.839
   829.0,0.024441,0.015403,0.189138,0.000122,  28.833
   830.0,0.024452,0.015408,0.189373,0.000108,  28.838
   831.0,0.024464,0.015420,0.189617,0.000122,  28.835
   832.0,0.024468,0.015423,0.189578,0.000108,  28.832
   833.0,0.024479,0.015430,0.189565,0.000108,  28.828
   834.0,0.024490,0.015433,0.189681,0.000122,  28.823
   835.0,0.024495,0.015439,0.189167,0.000108,  28.826
   836.0,0.024501,0.015450,0.189650,0.000108,  28.834
   837.0,0.024522,0.015443,0.189843,0.000122,  28.824
   838.0,0.024512,0.015440,0.189903,0.000108,  28.840
   839.0,0.024510,0.015446,0.190004,0.000108,  28.843
   840.0,0.024512,0.015449,0.189905,0.000108,  28.851
   841.0,0.024517,0.015443,0.189890,0.000095,  28.848
   842.0,0.024529,0.015447,0.189950,0.000095,  28.850
   843.0,0.024536,0.015453,0.190083,0.000095,  28.850
   844.0,0.024531,0.015451,0.189901,0.000095,  28.856
   845.0,0.024547,0.015464,0.189975,0.000095,  28.857
   846.0,0.024553,0.015470,0.190090,0.000095,  28.846
   847.0,0.024556,0.015462,0.190011,0.000095,  28.848
   848.0,0.024553,0.015471,0.190149,0.000095,  28.847
   849.0,0.024555,0.015469,0.190155,0.000095,  28.845
   850.0,0.024552,0.015463,0.190086,0.000095,  28.839
   851.0,0.024547,0.015457,0.190081,0.000081,  28.838
   852.0,0.024544,0.015455,0.189571,0.000081,  28.833
   853.0,0.024541,0.015449,0.189599,0.000095,  28.823
   854.0,0.024541,0.015450,0.189704,0.000081,  28.824
   855.0,0.024544,0.015455,0.189813,0.000081,  28.822
   856.0,0.024550,0.015463,0.189840,0.000095,  28.822
   857.0,0.024547,0.015462,0.189170,0.000068,  28.816
   858.0,0.024553,0.015460,0.189529,0.000081,  28.815
   859.0,0.024545,0.015458,0.189669,0.000059,  28.820
   860.0,0.024545,0.015450,0.189445,0.000081,  28.818
   861.0,0.024542,0.015449,0.189164,0.000095,  28.819
   862.0,0.024528,0.015446,0.189393,0.000095,  28.823
   863.0,0.024525,0.015444,0.189488,0.000095,  28.822
   864.0,0.024529,0.015444,0.189033,0.000095,  28.823
   865.0,0.024522,0.015442,0.189253,0.000095,  28.819
   866.0,0.024520,0.015434,0.189541,0.000081,  28.826
   867.0,0.024515,0.015438,0.189585,0.000095,  28.824
   868.0,0.024512,0.015433,0.189626,0.000081,  28.826
   869.0,0.024504,0.015430,0.189243,0.000081,  28.828
   870.0,0.024498,0.015432,0.189381,0.000095,  28.824
   871.0,0.024490,0.015424,0.189243,0.000095,  28.828
   872.0,0.024487,0.015419,0.189287,0.000095,  28.839
   873.0,0.024485,0.015412,0.189108,0.000095,  28.842
   874.0,0.024466,0.015410,0.189051,0.000095,  28.846
   875.0,0.024455,0.015406,0.189055,0.000095,  28.844
   876.0,0.024447,0.015402,0.189135,0.000095,  28.841
   877.0,0.024440,0.015382,0.188926,0.000117,  28.846
   878.0,0.024428,0.015382,0.188860,0.000095,  28.849
   879.0,0.024417,0.015377,0.188707,0.000117,  28.851
   880.0,0.024418,0.015379,0.188687,0.000117,  28.860
   881.0,0.024398,0.015368,0.188635,0.000081,  28.855
   882.0,0.024387,0.015360,0.188474,0.000104,  28.857
   883.0,0.024388,0.015351,0.188382,0.000081,  28.849
   884.0,0.024371,0.015361,0.188264,0.000081,  28.850
   885.0,0.024368,0.015348,0.188098,0.000081,  28.848
   886.0,0.024358,0.015346,0.187977,0.000095,  28.850
   887.0,0.024361,0.015337,0.187931,0.000081,  28.848
   888.0,0.024348,0.015331,0.187992,0.000081,  28.852
   889.0,0.024329,0.015324,0.187788,0.000059,  28.850
   890.0,0.024309,0.015310,0.187759,0.000081,  28.852
   891.0,0.024299,0.015298,0.187680,0.000095,  28.853
   892.0,0.024274,0.015287,0.187503,0.000095,  28.851
   893.0,0.024257,0.015285,0.187464,0.000095,  28.856
   894.0,0.024256,0.015278,0.187234,0.000095,  28.849
   895.0,0.024248,0.015267,0.187204,0.000095,  28.853
   896.0,0.024215,0.015253,0.186955,0.000081,  28.852
   897.0,0.024205,0.015239,0.186878,0.000095,  28.852
   898.0,0.024171,0.015222,0.186734,0.000081,  28.856
   899.0,0.024164,0.015212,0.186504,0.000081,  28.854
   900.0,0.024141,0.015206,0.186523,0.000081,  28.854
   901.0,0.024125,0.015190,0.186336,0.000081,  28.861
   902.0,0.024118,0.015175,0.186107,0.000095,  28.855
   903.0,0.024099,0.015173,0.185954,0.000081,  28.855
   904.0,0.024068,0.015155,0.185746,0.000081,  28.849
   905.0,0.024073,0.015156,0.185685,0.000095,  28.857
   906.0,0.024045,0.015140,0.185505,0.000095,  28.859
   907.0,0.024023,0.015118,0.185392,0.000117,  28.856
   908.0,0.024001,0.015116,0.185338,0.000095,  28.858
   909.0,0.023985,0.015107,0.185166,0.000095,  28.856
   910.0,0.023978,0.015101,0.184970,0.000095,  28.858
   911.0,0.023959,0.015087,0.184823,0.000068,  28.856
   912.0,0.023920,0.015061,0.184554,0.000081,  28.858
   913.0,0.023899,0.015046,0.184360,0.000095,  28.863
   914.0,0.023878,0.015036,0.184199,0.000081,  28.862
   915.0,0.023850,0.015026,0.183822,0.000081,  28.864
   916.0,0.023838,0.015012,0.183483,0.000095,  28.864
   917.0,0.023820,0.015001,0.183361,0.000081,  28.862
   918.0,0.023799,0.014983,0.183351,0.000095,  28.861
   919.0,0.023775,0.014969,0.182994,0.000095,  28.855
   920.0,0.023750,0.014954,0.182650,0.000095,  28.856
   921.0,0.023731,0.014942,0.182843,0.000095,  28.857
   922.0,0.023693,0.014924,0.182706,0.000095,  28.857
   923.0,0.023669,0.014911,0.182591,0.000095,  28.848
   924.0,0.023645,0.014893,0.182229,0.000095,  28.846
   925.0,0.023623,0.014874,0.182103,0.000095,  28.852
   926.0,0.023610,0.014862,0.182001,0.000117,  28.847
   927.0,0.023577,0.014840,0.181850,0.000095,  28.852
   928.0,0.023536,0.014815,0.181486,0.000117,  28.858
   929.0,0.023523,0.014809,0.181255,0.000117,  28.860
   930.0,0.023485,0.014783,0.181040,0.000095,  28.857
   931.0,0.023458,0.014766,0.180907,0.000095,  28.854
   932.0,0.023448,0.014751,0.180621,0.000095,  28.856
   933.0,0.023410,0.014740,0.180428,0.000095,  28.858
   934.0,0.023377,0.014724,0.180109,0.000095,  28.850
   935.0,0.023362,0.014708,0.179596,0.000095,  28.843
   936.0,0.023329,0.014688,0.179615,0.000095,  28.845
   937.0,0.023296,0.014665,0.179463,0.000095,  28.847
   938.0,0.023272,0.014656,0.179360,0.000059,  28.843
   939.0,0.023250,0.014643,0.179197,0.000095,  28.841
   940.0,0.023221,0.014619,0.178988,0.000095,  28.845
   941.0,0.023196,0.014605,0.178770,0.000095,  28.843
   942.0,0.023156,0.014587,0.178500,0.000081,  28.843
   943.0,0.023113,0.014562,0.178164,0.000095,  28.846
   944.0,0.023091,0.014535,0.178028,0.000081,  28.846
   945.0,0.023051,0.014511,0.177636,0.000081,  28.844
   946.0,0.023013,0.014485,0.177255,0.000095,  28.844
   947.0,0.022989,0.014469,0.177179,0.000081,  28.855
   948.0,0.022954,0.014452,0.176801,0.000081,  28.853
   949.0,0.022924,0.014428,0.176643,0.000081,  28.856
   950.0,0.022892,0.014400,0.176390,0.000081,  28.854
   951.0,0.022862,0.014387,0.176204,0.000095,  28.852
   952.0,0.022824,0.014368,0.175869,0.000081,  28.852
   953.0,0.022795,0.014348,0.175409,0.000081,  28.848
   954.0,0.022762,0.014326,0.174974,0.000095,  28.849
   955.0,0.022730,0.014307,0.174804,0.000081,  28.850
   956.0,0.022705,0.014295,0.174864,0.000095,  28.847
   957.0,0.022668,0.014277,0.174421,0.000095,  28.850
   958.0,0.022645,0.014249,0.174220,0.000095,  28.849
   959.0,0.022601,0.014230,0.174155,0.000095,  28.855
   960.0,0.022558,0.014202,0.173694,0.000081,  28.852
   961.0,0.022525,0.014176,0.173539,0.000081,  28.858
   962.0,0.022491,0.014161,0.173153,0.000095,  28.860
   963.0,0.022452,0.014131,0.172533,0.000095,  28.855
   964.0,0.022429,0.014120,0.172634,0.000095,  28.857
   965.0,0.022383,0.014094,0.172263,0.000023,  28.860
   966.0,0.022356,0.014063,0.172124,0.000059,  28.862
   967.0,0.022321,0.014049,0.171868,0.000059,  28.863
   968.0,0.022289,0.014029,0.171466,0.000059,  28.865
   969.0,0.022248,0.014012,0.171194,0.000059,  28.865
   970.0,0.022213,0.013979,0.170837,0.000059,  28.868
   971.0,0.022176,0.013954,0.170599,0.000046,  28.877
   972.0,0.022130,0.013933,0.170319,0.000046,  28.870
   973.0,0.022084,0.013907,0.170031,0.000059,  28.868
   974.0,0.022049,0.013889,0.169660,0.000081,  28.872
   975.0,0.022009,0.013859,0.169432,0.000068,  28.869
   976.0,0.021974,0.013835,0.169209,0.000081,  28.875
   977.0,0.021931,0.013798,0.168840,0.000081,  28.877
   978.0,0.021891,0.013770,0.168523,0.000081,  28.882
   979.0,0.021848,0.013753,0.168206,0.000081,  28.884
   980.0,0.021802,0.013726,0.167890,0.000068,  28.885
   981.0,0.021770,0.013699,0.167599,0.000068,  28.879
   982.0,0.021732,0.013687,0.167394,0.000068,  28.880
   983.0,0.021692,0.013650,0.166927,0.000081,  28.867
   984.0,0.021661,0.013630,0.166636,0.000095,  28.855
   985.0,0.021634,0.013607,0.166353,0.000081,  28.855
   986.0,0.021596,0.013580,0.166162,0.000081,  28.846
   987.0,0.021544,0.013559,0.165727,0.000059,  28.838
   988.0,0.021490,0.013518,0.165474,0.000081,  28.828
   989.0,0.021453,0.013495,0.165106,0.000095,  28.823
   990.0,0.021401,0.013468,0.164796,0.000095,  28.824
   991.0,0.021369,0.013441,0.164538,0.000059,  28.824
   992.0,0.021332,0.013427,0.163945,0.000059,  28.828
   993.0,0.021289,0.013401,0.163921,0.000046,  28.828
   994.0,0.021257,0.013385,0.163512,0.000046,  28.827
   995.0,0.021222,0.013357,0.163089,0.000059,  28.822
   996.0,0.021181,0.013341,0.162858,0.000059,  28.827
   997.0,0.021144,0.013312,0.162329,0.000046,  28.831
   998.0,0.021098,0.013276,0.161979,0.000046,  28.832
   999.0,0.021061,0.013255,0.161785,0.000059,  28.832
  1000.0,0.021024,0.013242,0.161578,0.000059,  28.829
  1001.0,0.020984,0.013222,0.161253,0.000059,  28.833
  1002.0,0.020932,0.013189,0.160918,0.000046,  28.834
  1003.0,0.020876,0.013141,0.160628,0.000059,  28.834
  1004.0,0.020816,0.013111,0.160148,0.000046,  28.832
  1005.0,0.020785,0.013078,0.159830,0.000046,  28.830
  1006.0,0.020733,0.013054,0.159329,0.000059,  28.827
  1007.0,0.020690,0.013019,0.158948,0.000059,  28.823
  1008.0,0.020656,0.012999,0.158787,0.000059,  28.818
  1009.0,0.020613,0.012980,0.158545,0.000059,  28.813
  1010.0,0.020567,0.012948,0.158062,0.000059,  28.817
  1011.0,0.020519,0.012927,0.157770,0.000059,  28.816
  1012.0,0.020492,0.012901,0.157595,0.000059,  28.822
  1013.0,0.020436,0.012866,0.157118,0.000059,  28.823
  1014.0,0.020402,0.012842,0.156701,0.000130,  28.830
  1015.0,0.020375,0.012815,0.156451,0.000081,  28.835
  1016.0,0.020315,0.012790,0.156034,0.000081,  28.844
  1017.0,0.020264,0.012753,0.155565,0.000081,  28.852
  1018.0,0.020225,0.012727,0.155408,0.000081,  28.860
  1019.0,0.020160,0.012696,0.154924,0.000095,  28.859
  1020.0,0.020111,0.012663,0.154742,0.000081,  28.865
  1021.0,0.020079,0.012645,0.154406,0.000081,  28.865
  1022.0,0.020028,0.012611,0.154028,0.000095,  28.864
  1023.0,0.019977,0.012583,0.153728,0.000081,  28.856
  1024.0,0.019948,0.012560,0.153388,0.000081,  28.855
  1025.0,0.019886,0.012521,0.152931,0.000095,  28.846
  1026.0,0.019830,0.012484,0.152376,0.000081,  28.846
  1027.0,0.019787,0.012455,0.152155,0.000081,  28.841
  1028.0,0.019728,0.012418,0.151767,0.000081,  28.847
  1029.0,0.019681,0.012377,0.151224,0.000081,  28.847
  1030.0,0.019638,0.012346,0.150890,0.000095,  28.848
  1031.0,0.019585,0.012327,0.150413,0.000068,  28.847
  1032.0,0.019533,0.012297,0.149660,0.000068,  28.851
  1033.0,0.019480,0.012259,0.149765,0.000068,  28.854
  1034.0,0.019425,0.012224,0.149383,0.000068,  28.845
  1035.0,0.019391,0.012200,0.149127,0.000068,  28.838
  1036.0,0.019347,0.012173,0.148623,0.000032,  28.840
  1037.0,0.019290,0.012143,0.148269,0.000068,  28.835
  1038.0,0.019242,0.012105,0.147877,0.000068,  28.839
  1039.0,0.019213,0.012079,0.147590,0.000068,  28.841
  1040.0,0.019157,0.012050,0.147238,0.000068,  28.845
  1041.0,0.019095,0.012017,0.146700,0.000041,  28.852
  1042.0,0.019046,0.011986,0.146416,0.000054,  28.852
  1043.0,0.018991,0.011946,0.145977,0.000054,  28.856
  1044.0,0.018943,0.011910,0.145505,0.000054,  28.857
  1045.0,0.018908,0.011888,0.144646,0.000054,  28.854
  1046.0,0.018854,0.011866,0.144511,0.000068,  28.858
  1047.0,0.018814,0.011835,0.144300,0.000054,  28.865
  1048.0,0.018767,0.011797,0.144138,0.000054,  28.864
  1049.0,0.018714,0.011767,0.143588,0.000068,  28.871
  1050.0,0.018667,0.011748,0.143317,0.000068,  28.876
  1051.0,0.018615,0.011722,0.142915,0.000068,  28.870
  1052.0,0.018569,0.011686,0.142476,0.000068,  28.873
  1053.0,0.018521,0.011655,0.141865,-0.000003,  28.869
  1054.0,0.018479,0.011627,0.141806,0.000032,  28.873
  1055.0,0.018428,0.011599,0.141348,0.000032,  28.880
  1056.0,0.018369,0.011563,0.140919,0.000068,  28.878
  1057.0,0.018324,0.011537,0.140774,0.000068,  28.880
  1058.0,0.018276,0.011503,0.140297,0.000041,  28.879
  1059.0,0.018223,0.011462,0.139573,0.000054,  28.877
  1060.0,0.018181,0.011445,0.138876,0.000054,  28.882
  1061.0,0.018124,0.011414,0.139008,0.000054,  28.883
  1062.0,0.018090,0.011396,0.138771,0.000054,  28.890
  1063.0,0.018042,0.011357,0.138338,0.000054,  28.887
  1064.0,0.017997,0.011322,0.137656,0.000054,  28.886
  1065.0,0.017946,0.011290,0.137453,0.000077,  28.882
  1066.0,0.017876,0.011250,0.137136,0.000090,  28.877
  1067.0,0.017820,0.011211,0.136801,0.000054,  28.871
  1068.0,0.017767,0.011186,0.136507,0.000054,  28.865
  1069.0,0.017719,0.011149,0.136149,0.000054,  28.856
  1070.0,0.017677,0.011118,0.135665,0.000054,  28.855
  1071.0,0.017626,0.011094,0.135167,0.000054,  28.852
  1072.0,0.017570,0.011062,0.134787,0.000054,  28.849
  1073.0,0.017520,0.011030,0.134299,0.000054,  28.850
  1074.0,0.017478,0.010994,0.134077,0.000054,  28.857
  1075.0,0.017418,0.010964,0.133533,0.000041,  28.855
  1076.0,0.017373,0.010934,0.133247,0.000041,  28.859
  1077.0,0.017331,0.010912,0.133104,0.000054,  28.852
  1078.0,0.017275,0.010881,0.132590,0.000054,  28.849
  1079.0,0.017222,0.010843,0.132138,0.000054,  28.842
  1080.0,0.017166,0.010818,0.131704,0.000054,  28.841
  1081.0,0.017118,0.010780,0.131272,0.000054,  28.836
  1082.0,0.017070,0.010752,0.131052,0.000054,  28.832
  1083.0,0.017019,0.010722,0.130535,0.000054,  28.839
  1084.0,0.016980,0.010683,0.130154,0.000019,  28.845
  1085.0,0.016926,0.010656,0.129699,-0.000017,  28.855
  1086.0,0.016865,0.010611,0.129425,0.000054,  28.854
  1087.0,0.016824,0.010588,0.129136,0.000054,  28.861
  1088.0,0.016770,0.010554,0.128721,0.000054,  28.864
  1089.0,0.016719,0.010524,0.128396,0.000054,  28.862
  1090.0,0.016664,0.010490,0.127858,0.000054,  28.865
  1091.0,0.016610,0.010457,0.127315,0.000054,  28.869
  1092.0,0.016568,0.010425,0.126735,0.000054,  28.867
  1093.0,0.016517,0.010403,0.126541,0.000054,  28.868
  1094.0,0.016467,0.010367,0.126157,0.000054,  28.867
  1095.0,0.016419,0.010336,0.125782,0.000068,  28.871
  1096.0,0.016361,0.010293,0.125513,0.000054,  28.867
  1097.0,0.016308,0.010262,0.125131,0.000054,  28.866
  1098.0,0.016262,0.010238,0.124671,0.000054,  28.870
  1099.0,0.016209,0.010212,0.124271,0.000054,  28.869
  1100.0,0.016154,0.010179,0.123999,0.000054,  28.870
  1101.0,0.016103,0.010142,0.123698,0.000054,  28.875
  1102.0,0.016048,0.010100,0.123062,0.000054,  28.875
  1103.0,0.016010,0.010085,0.122660,0.000054,  28.876
  1104.0,0.015955,0.010045,0.122198,0.000054,  28.868
  1105.0,0.015904,0.010006,0.121912,0.000054,  28.880
  1106.0,0.015857,0.009978,0.121506,0.000054,  28.880
  1107.0,0.015809,0.009948,0.121261,0.000054,  28.870
  1108.0,0.015751,0.009906,0.120489,0.000028,  28.874
  1109.0,0.015693,0.009881,0.120264,0.000054,  28.874
  1110.0,0.015645,0.009852,0.119912,0.000054,  28.871
  1111.0,0.015580,0.009820,0.119614,0.000041,  28.874
  1112.0,0.015533,0.009789,0.119005,0.000054,  28.873
  1113.0,0.015485,0.009756,0.118586,0.000054,  28.872
  1114.0,0.015440,0.009731,0.118277,0.000041,  28.872
  1115.0,0.015400,0.009705,0.117744,0.000032,  28.873
  1116.0,0.015352,0.009666,0.117281,0.000054,  28.869
  1117.0,0.015292,0.009622,0.117136,0.000054,  28.872
  1118.0,0.015236,0.009584,0.116812,0.000054,  28.862
  1119.0,0.015188,0.009548,0.116352,0.000041,  28.866
  1120.0,0.015125,0.009517,0.115918,0.000054,  28.857
  1121.0,0.015077,0.009494,0.115611,0.000054,  28.853
  1122.0,0.015030,0.009465,0.115202,0.000041,  28.853
  1123.0,0.014990,0.009432,0.114885,0.000054,  28.850
  1124.0,0.014926,0.009397,0.114336,0.000054,  28.844
  1125.0,0.014881,0.009368,0.113623,0.000041,  28.844
  1126.0,0.014823,0.009327,0.113376,0.000041,  28.847
  1127.0,0.014764,0.009294,0.113245,0.000028,  28.831
  1128.0,0.014722,0.009269,0.112168,0.000054,  28.833
  1129.0,0.014674,0.009245,0.112254,0.000054,  28.838
  1130.0,0.014636,0.009213,0.111953,0.000041,  28.838
  1131.0,0.014583,0.009185,0.111228,0.000054,  28.837
  1132.0,0.014528,0.009141,0.111082,0.000054,  28.835
  1133.0,0.014480,0.009118,0.110704,0.000041,  28.841
  1134.0,0.014446,0.009087,0.110432,0.000054,  28.839
  1135.0,0.014379,0.009057,0.110032,0.000041,  28.850
  1136.0,0.014326,0.009028,0.109658,0.000054,  28.851
  1137.0,0.014286,0.009002,0.109359,0.000054,  28.855
  1138.0,0.014236,0.008958,0.108970,0.000041,  28.855
  1139.0,0.014178,0.008930,0.108516,0.000054,  28.856
  1140.0,0.014131,0.008900,0.108117,0.000054,  28.860
  1141.0,0.014086,0.008875,0.107745,0.000041,  28.868
  1142.0,0.014034,0.008841,0.107300,0.000054,  28.872
  1143.0,0.013999,0.008807,0.107061,0.000054,  28.869
  1144.0,0.013939,0.008769,0.106291,0.000041,  28.872
  1145.0,0.013894,0.008744,0.105997,0.000054,  28.869
  1146.0,0.013844,0.008705,0.105779,0.000041,  28.873
  1147.0,0.013785,0.008663,0.105316,0.000054,  28.877
  1148.0,0.013735,0.008644,0.105088,-0.000017,  28.872
  1149.0,0.013676,0.008611,0.104700,0.000005,  28.874
  1150.0,0.013626,0.008574,0.104243,0.000019,  28.880
  1151.0,0.013576,0.008554,0.103794,0.000019,  28.872
  1152.0,0.013532,0.008523,0.103490,0.000005,  28.868
  1153.0,0.013501,0.008494,0.103229,0.000019,  28.870
  1154.0,0.013445,0.008463,0.102791,0.000019,  28.867
  1155.0,0.013395,0.008421,0.102344,0.000054,  28.867
  1156.0,0.013348,0.008396,0.102053,0.000054,  28.865
  1157.0,0.013303,0.008379,0.101791,0.000041,  28.868
  1158.0,0.013258,0.008344,0.101240,0.000054,  28.868
  1159.0,0.013197,0.008314,0.100896,0.000054,  28.868
  1160.0,0.013150,0.008277,0.100548,0.000041,  28.873
  1161.0,0.013100,0.008252,0.100207,-0.000017,  28.875
  1162.0,0.013052,0.008220,0.099811,0.000019,  28.871
  1163.0,0.013021,0.008193,0.098966,0.000019,  28.873
  1164.0,0.012981,0.008170,0.098969,-0.000017,  28.869
  1165.0,0.012923,0.008133,0.098569,0.000019,  28.872
  1166.0,0.012879,0.008106,0.098318,0.000019,  28.871
  1167.0,0.012829,0.008073,0.097913,0.000019,  28.875
  1168.0,0.012781,0.008054,0.097668,0.000019,  28.873
  1169.0,0.012733,0.008030,0.097232,0.000019,  28.876
  1170.0,0.012668,0.007987,0.096914,0.000019,  28.881
  1171.0,0.012619,0.007957,0.096452,0.000019,  28.885
  1172.0,0.012571,0.007926,0.096170,0.000019,  28.882
  1173.0,0.012530,0.007897,0.095687,0.000019,  28.892
  1174.0,0.012482,0.007863,0.095328,0.000032,  28.887
  1175.0,0.012434,0.007834,0.095107,0.000019,  28.893
  1176.0,0.012396,0.007800,0.094678,0.000019,  28.894
  1177.0,0.012340,0.007771,0.094166,0.000019,  28.901
  1178.0,0.012302,0.007749,0.093679,0.000019,  28.896
  1179.0,0.012244,0.007717,0.093420,0.000019,  28.899
  1180.0,0.012183,0.007683,0.093170,0.000019,  28.901
  1181.0,0.012142,0.007642,0.092783,0.000005,  28.898
  1182.0,0.012099,0.007621,0.091909,-0.000008,  28.899
  1183.0,0.012042,0.007591,0.091902,-0.000008,  28.898
  1184.0,0.012009,0.007563,0.091053,-0.000008,  28.897
  1185.0,0.011955,0.007518,0.091058,-0.000008,  28.901
  1186.0,0.011899,0.007494,0.090928,0.000005,  28.900
  1187.0,0.011850,0.007458,0.090614,-0.000008,  28.903
  1188.0,0.011802,0.007431,0.090163,-0.000008,  28.913
  1189.0,0.011752,0.007404,0.089645,0.000005,  28.913
  1190.0,0.011716,0.007375,0.089402,-0.000022,  28.917
  1191.0,0.011664,0.007352,0.089087,-0.000008,  28.916
  1192.0,0.011621,0.007321,0.088673,0.000005,  28.919
  1193.0,0.011579,0.007292,0.088453,-0.000008,  28.917
  1194.0,0.011536,0.007271,0.088111,-0.000044,  28.927
  1195.0,0.011492,0.007233,0.087764,-0.000008,  28.925
  1196.0,0.011453,0.007215,0.087348,-0.000008,  28.925
  1197.0,0.011398,0.007176,0.086867,0.000005,  28.911
  1198.0,0.011340,0.007151,0.086730,-0.000022,  28.919
  1199.0,0.011296,0.007115,0.086454,-0.000008,  28.912
  1200.0,0.011246,0.007086,0.085979,-0.000008,  28.915
  1201.0,0.011198,0.007047,0.085554,-0.000022,  28.912
  1202.0,0.011164,0.007022,0.085396,-0.000008,  28.912
  1203.0,0.011106,0.006987,0.084859,-0.000035,  28.910
  1204.0,0.011062,0.006961,0.084506,-0.000022,  28.909
  1205.0,0.011023,0.006936,0.083722,-0.000008,  28.909
  1206.0,0.010981,0.006902,0.083520,-0.000022,  28.913
  1207.0,0.010934,0.006885,0.083159,-0.000008,  28.912
  1208.0,0.010894,0.006869,0.083146,0.000005,  28.906
  1209.0,0.010841,0.006833,0.082782,-0.000008,  28.909
  1210.0,0.010796,0.006807,0.082380,-0.000008,  28.908
  1211.0,0.010759,0.006775,0.081650,-0.000008,  28.909
  1212.0,0.010715,0.006745,0.081216,-0.000022,  28.910
  1213.0,0.010662,0.006722,0.081068,-0.000008,  28.910
  1214.0,0.010628,0.006696,0.081096,-0.000022,  28.910
  1215.0,0.010573,0.006659,0.080667,-0.000035,  28.913
  1216.0,0.010526,0.006626,0.080257,-0.000022,  28.909
  1217.0,0.010493,0.006608,0.080000,-0.000022,  28.917
  1218.0,0.010448,0.006590,0.079708,-0.000008,  28.919
  1219.0,0.010410,0.006560,0.079359,-0.000008,  28.919
  1220.0,0.010365,0.006536,0.079075,-0.000022,  28.917
  1221.0,0.010328,0.006505,0.078689,-0.000008,  28.922
  1222.0,0.010300,0.006486,0.078425,-0.000008,  28.922
  1223.0,0.010253,0.006453,0.078065,-0.000008,  28.918
  1224.0,0.010216,0.006435,0.077641,-0.000008,  28.921
  1225.0,0.010170,0.006400,0.077383,-0.000008,  28.923
  1226.0,0.010120,0.006363,0.077150,-0.000008,  28.919
  1227.0,0.010073,0.006337,0.076796,0.000005,  28.913
  1228.0,0.010031,0.006314,0.076349,-0.000008,  28.917
  1229.0,0.009984,0.006296,0.076091,-0.000008,  28.917
  1230.0,0.009930,0.006260,0.075868,0.000005,  28.917
  1231.0,0.009895,0.006234,0.075141,-0.000022,  28.908
  1232.0,0.009858,0.006210,0.074918,-0.000008,  28.904
  1233.0,0.009800,0.006181,0.074695,-0.000022,  28.901
  1234.0,0.009763,0.006144,0.074107,-0.000022,  28.900
  1235.0,0.009734,0.006123,0.073681,-0.000008,  28.894
  1236.0,0.009681,0.006088,0.073735,-0.000022,  28.894
  1237.0,0.009644,0.006077,0.073535,-0.000008,  28.893
  1238.0,0.009597,0.006049,0.072830,-0.000008,  28.891
  1239.0,0.009550,0.006013,0.072578,-0.000022,  28.888
  1240.0,0.009511,0.005989,0.072333,-0.000008,  28.890
  1241.0,0.009471,0.005968,0.071766,-0.000008,  28.885
  1242.0,0.009448,0.005951,0.071592,-0.000008,  28.884
  1243.0,0.009413,0.005931,0.071338,-0.000008,  28.889
  1244.0,0.009374,0.005914,0.071288,-0.000008,  28.890
  1245.0,0.009327,0.005878,0.070817,-0.000008,  28.899
  1246.0,0.009286,0.005848,0.070634,0.000005,  28.895
  1247.0,0.009244,0.005821,0.070350,-0.000008,  28.904
  1248.0,0.009200,0.005802,0.069941,-0.000008,  28.901
  1249.0,0.009166,0.005778,0.069825,0.000005,  28.903
  1250.0,0.009120,0.005757,0.069361,-0.000008,  28.911
  1251.0,0.009083,0.005731,0.069075,0.000005,  28.922
  1252.0,0.009049,0.005706,0.068755,0.000019,  28.926
  1253.0,0.009005,0.005677,0.068416,0.000005,  28.925
  1254.0,0.008966,0.005646,0.068112,0.000019,  28.929
  1255.0,0.008930,0.005624,0.067943,0.000005,  28.931
  1256.0,0.008886,0.005596,0.067603,0.000019,  28.934
  1257.0,0.008846,0.005579,0.067215,0.000019,  28.934
  1258.0,0.008815,0.005554,0.067006,-0.000008,  28.932
  1259.0,0.008781,0.005543,0.066734,-0.000008,  28.932
  1260.0,0.008731,0.005511,0.066325,0.000005,  28.930
  1261.0,0.008695,0.005483,0.066078,-0.000008,  28.932
  1262.0,0.008656,0.005455,0.065591,-0.000008,  28.940
  1263.0,0.008617,0.005442,0.065333,-0.000008,  28.935
  1264.0,0.008572,0.005403,0.064632,0.000005,  28.939
  1265.0,0.008533,0.005384,0.064628,0.000005,  28.938
  1266.0,0.008486,0.005348,0.064485,-0.000022,  28.937
  1267.0,0.008447,0.005327,0.063764,-0.000008,  28.938
  1268.0,0.008397,0.005308,0.063592,-0.000008,  28.931
  1269.0,0.008369,0.005288,0.063601,-0.000022,  28.930
  1270.0,0.008341,0.005265,0.063324,-0.000022,  28.930
  1271.0,0.008304,0.005238,0.063033,-0.000008,  28.925
  1272.0,0.008268,0.005207,0.062625,-0.000022,  28.920
  1273.0,0.008232,0.005183,0.062401,-0.000057,  28.917
  1274.0,0.008187,0.005161,0.061923,-0.000022,  28.918
  1275.0,0.008148,0.005136,0.061751,-0.000022,  28.912
  1276.0,0.008112,0.005109,0.061539,-0.000022,  28.915
  1277.0,0.008072,0.005089,0.061284,-0.000035,  28.912
  1278.0,0.008028,0.005067,0.060848,-0.000035,  28.907
  1279.0,0.007994,0.005044,0.060652,-0.000022,  28.913
  1280.0,0.007959,0.005009,0.060184,0.000001,  28.912
  1281.0,0.007922,0.004993,0.059990,0.000001,  28.912
  1282.0,0.007896,0.004963,0.059638,0.000014,  28.908
  1283.0,0.007855,0.004949,0.059354,0.000001,  28.894
  1284.0,0.007823,0.004923,0.059258,0.000001,  28.885
  1285.0,0.007789,0.004912,0.059045,0.000001,  28.870
  1286.0,0.007743,0.004879,0.058331,0.000028,  28.850
  1287.0,0.007706,0.004857,0.058317,0.000028,  28.835
  1288.0,0.007662,0.004820,0.057732,0.000014,  28.831
  1289.0,0.007620,0.004793,0.057527,0.000014,  28.816
  1290.0,0.007576,0.004758,0.056996,0.000001,  28.813
  1291.0,0.007545,0.004736,0.057021,-0.000026,  28.809
  1292.0,0.007508,0.004712,0.056689,-0.000026,  28.805
  1293.0,0.007475,0.004697,0.056399,-0.000026,  28.805
  1294.0,0.007447,0.004680,0.056079,-0.000013,  28.809
  1295.0,0.007412,0.004664,0.055898,0.000014,  28.811
  1296.0,0.007378,0.004649,0.055758,0.000001,  28.811
  1297.0,0.007358,0.004636,0.055532,0.000001,  28.814
  1298.0,0.007313,0.004612,0.055174,0.000001,  28.822
  1299.0,0.007291,0.004597,0.054604,0.000001,  28.828
  1300.0,0.007254,0.004579,0.054462,0.000001,  28.826
  1301.0,0.007223,0.004549,0.054317,0.000014,  28.832
  1302.0,0.007178,0.004524,0.054052,0.000001,  28.842
  1303.0,0.007147,0.004506,0.053847,-0.000022,  28.848
  1304.0,0.007113,0.004493,0.053634,0.000001,  28.852
  1305.0,0.007077,0.004467,0.053400,0.000001,  28.859
  1306.0,0.007041,0.004439,0.052785,0.000014,  28.862
  1307.0,0.007009,0.004419,0.052690,-0.000013,  28.866
  1308.0,0.006984,0.004399,0.052581,0.000001,  28.866
  1309.0,0.006952,0.004384,0.051820,-0.000013,  28.869
  1310.0,0.006919,0.004355,0.051874,0.000001,  28.873
  1311.0,0.006893,0.004344,0.051928,0.000001,  28.878
  1312.0,0.006867,0.004327,0.051578,0.000014,  28.883
  1313.0,0.006841,0.004312,0.051320,0.000014,  28.894
  1314.0,0.006809,0.004299,0.051215,0.000028,  28.893
  1315.0,0.006783,0.004284,0.051064,0.000014,  28.890
  1316.0,0.006750,0.004259,0.050703,0.000028,  28.889
  1317.0,0.006711,0.004241,0.050504,0.000028,  28.886
  1318.0,0.006668,0.004218,0.050413,0.000001,  28.881
  1319.0,0.006628,0.004198,0.049920,0.000001,  28.888
  1320.0,0.006593,0.004167,0.049580,0.000014,  28.889
  1321.0,0.006568,0.004145,0.049323,0.000001,  28.889
  1322.0,0.006534,0.004126,0.049079,0.000001,  28.891
  1323.0,0.006506,0.004100,0.049017,0.000001,  28.889
  1324.0,0.006469,0.004075,0.048639,0.000001,  28.889
  1325.0,0.006438,0.004056,0.048238,0.000014,  28.887
  1326.0,0.006396,0.004030,0.048141,-0.000013,  28.886
  1327.0,0.006371,0.004021,0.048044,0.000001,  28.885
  1328.0,0.006345,0.004005,0.047717,0.000014,  28.871
  1329.0,0.006314,0.003982,0.047440,0.000001,  28.870
  1330.0,0.006290,0.003969,0.047171,0.000001,  28.862
  1331.0,0.006262,0.003948,0.046859,0.000014,  28.863
  1332.0,0.006226,0.003928,0.046811,0.000014,  28.866
  1333.0,0.006200,0.003913,0.046412,0.000014,  28.861
  1334.0,0.006171,0.003894,0.046241,0.000001,  28.860
  1335.0,0.006135,0.003868,0.045674,0.000001,  28.859
  1336.0,0.006098,0.003847,0.045729,0.000028,  28.857
  1337.0,0.006064,0.003832,0.045643,0.000014,  28.859
  1338.0,0.006038,0.003808,0.045365,0.000028,  28.861
  1339.0,0.006022,0.003791,0.045131,0.000028,  28.861
  1340.0,0.005987,0.003769,0.044920,-0.000013,  28.862
  1341.0,0.005955,0.003759,0.044785,0.000001,  28.860
  1342.0,0.005932,0.003740,0.044524,-0.000013,  28.852
  1343.0,0.005898,0.003721,0.044254,0.000001,  28.856
  1344.0,0.005872,0.003705,0.044173,-0.000013,  28.856
  1345.0,0.005850,0.003693,0.043882,-0.000013,  28.855
  1346.0,0.005822,0.003677,0.043544,0.000001,  28.855
  1347.0,0.005782,0.003654,0.043274,0.000001,  28.863
  1348.0,0.005754,0.003631,0.043100,0.000001,  28.860
  1349.0,0.005726,0.003613,0.042984,0.000001,  28.864
  1350.0,0.005700,0.003595,0.042882,0.000001,  28.869
  1351.0,0.005672,0.003579,0.042543,-0.000013,  28.866
  1352.0,0.005635,0.003561,0.042248,-0.000035,  28.866
  1353.0,0.005614,0.003552,0.042110,0.000001,  28.873
  1354.0,0.005594,0.003527,0.041946,0.000028,  28.876
  1355.0,0.005562,0.003511,0.041672,0.000028,  28.870
  1356.0,0.005534,0.003503,0.041459,0.000014,  28.875
  1357.0,0.005505,0.003485,0.041294,0.000028,  28.876
  1358.0,0.005482,0.003468,0.041059,0.000028,  28.873
  1359.0,0.005456,0.003443,0.040851,0.000014,  28.878
  1360.0,0.005428,0.003430,0.040627,0.000014,  28.878
  1361.0,0.005387,0.003411,0.040386,0.000014,  28.881
  1362.0,0.005375,0.003392,0.040109,0.000001,  28.891
  1363.0,0.005343,0.003378,0.039927,0.000014,  28.889
  1364.0,0.005321,0.003371,0.039730,0.000001,  28.891
  1365.0,0.005307,0.003350,0.039734,0.000001,  28.897
  1366.0,0.005270,0.003330,0.039467,0.000014,  28.898
  1367.0,0.005239,0.003314,0.039255,0.000001,  28.903
  1368.0,0.005214,0.003298,0.038992,0.000001,  28.907
  1369.0,0.005178,0.003281,0.038711,0.000014,  28.910
  1370.0,0.005156,0.003262,0.038562,0.000001,  28.912
  1371.0,0.005130,0.003243,0.038469,0.000001,  28.907
  1372.0,0.005102,0.003217,0.038201,0.000001,  28.910
  1373.0,0.005068,0.003196,0.037924,0.000001,  28.906
  1374.0,0.005045,0.003181,0.037529,0.000014,  28.901
  1375.0,0.005016,0.003159,0.037221,-0.000026,  28.899
  1376.0,0.004987,0.003161,0.036757,0.000001,  28.892
  1377.0,0.004955,0.003140,0.036867,-0.000013,  28.889
  1378.0,0.004945,0.003119,0.036607,0.000001,  28.875
  1379.0,0.004920,0.003102,0.036467,0.000001,  28.873
  1380.0,0.004907,0.003098,0.036562,0.000014,  28.870
  1381.0,0.004878,0.003078,0.036301,0.000001,  28.863
  1382.0,0.004845,0.003062,0.035709,-0.000022,  28.863
  1383.0,0.004821,0.003050,0.035802,0.000028,  28.865
  1384.0,0.004803,0.003041,0.035708,0.000028,  28.852
  1385.0,0.004774,0.003017,0.035573,0.000028,  28.857
  1386.0,0.004748,0.003004,0.035472,-0.000022,  28.856
  1387.0,0.004721,0.002981,0.034607,-0.000008,  28.856
  1388.0,0.004695,0.002963,0.034724,-0.000008,  28.858
  1389.0,0.004665,0.002943,0.034752,-0.000035,  28.852
  1390.0,0.004636,0.002938,0.034524,-0.000035,  28.855
  1391.0,0.004622,0.002920,0.034531,-0.000048,  28.854
  1392.0,0.004606,0.002904,0.034229,-0.000048,  28.859
  1393.0,0.004572,0.002890,0.034164,-0.000022,  28.851
  1394.0,0.004554,0.002880,0.033905,-0.000035,  28.857
  1395.0,0.004529,0.002869,0.033691,-0.000035,  28.851
  1396.0,0.004511,0.002851,0.033579,-0.000022,  28.855
  1397.0,0.004473,0.002831,0.033288,-0.000035,  28.855
  1398.0,0.004447,0.002807,0.033184,-0.000035,  28.862
  1399.0,0.004424,0.002787,0.032837,-0.000035,  28.870
  1400.0,0.004386,0.002779,0.032787,-0.000048,  28.867
  1401.0,0.004360,0.002758,0.031990,-0.000035,  28.865
  1402.0,0.004346,0.002738,0.032099,-0.000062,  28.874
  1403.0,0.004323,0.002733,0.031935,-0.000035,  28.876
  1404.0,0.004307,0.002708,0.031845,-0.000048,  28.876
  1405.0,0.004271,0.002702,0.031718,-0.000048,  28.880
  1406.0,0.004245,0.002687,0.031433,-0.000062,  28.879
  1407.0,0.004215,0.002665,0.031272,-0.000062,  28.877
  1408.0,0.004214,0.002660,0.030987,-0.000062,  28.882
  1409.0,0.004199,0.002646,0.030849,-0.000062,  28.880
  1410.0,0.004183,0.002636,0.030718,-0.000062,  28.883
  1411.0,0.004155,0.002616,0.030813,-0.000062,  28.899
  1412.0,0.004133,0.002596,0.030645,-0.000062,  28.902
  1413.0,0.004109,0.002586,0.030525,-0.000062,  28.902
  1414.0,0.004084,0.002569,0.029804,-0.000062,  28.907
  1415.0,0.004054,0.002557,0.029796,-0.000062,  28.908
  1416.0,0.004041,0.002554,0.029769,-0.000062,  28.912
  1417.0,0.004029,0.002539,0.029615,-0.000062,  28.908
  1418.0,0.004008,0.002526,0.029508,-0.000048,  28.908
  1419.0,0.003987,0.002512,0.029070,-0.000048,  28.908
  1420.0,0.003972,0.002501,0.029013,-0.000035,  28.910
  1421.0,0.003946,0.002484,0.029133,-0.000075,  28.908
  1422.0,0.003928,0.002475,0.028916,-0.000026,  28.910
  1423.0,0.003912,0.002455,0.028839,-0.000026,  28.910
  1424.0,0.003882,0.002432,0.028400,-0.000026,  28.908
  1425.0,0.003864,0.002430,0.028280,-0.000026,  28.903
  1426.0,0.003841,0.002422,0.028220,-0.000026,  28.903
  1427.0,0.003817,0.002411,0.027877,-0.000026,  28.896
  1428.0,0.003794,0.002401,0.027774,-0.000026,  28.892
  1429.0,0.003777,0.002386,0.027802,-0.000026,  28.892
  1430.0,0.003754,0.002371,0.027762,-0.000026,  28.893
  1431.0,0.003728,0.002360,0.027456,-0.000048,  28.888
  1432.0,0.003708,0.002337,0.027302,-0.000013,  28.890
  1433.0,0.003688,0.002322,0.027225,-0.000026,  28.894
  1434.0,0.003667,0.002308,0.026997,-0.000026,  28.898
  1435.0,0.003649,0.002300,0.026713,-0.000026,  28.899
  1436.0,0.003624,0.002287,0.026717,-0.000026,  28.905
  1437.0,0.003603,0.002273,0.026553,-0.000026,  28.903
  1438.0,0.003582,0.002258,0.026211,-0.000040,  28.905
  1439.0,0.003570,0.002253,0.026173,-0.000026,  28.904
  1440.0,0.003559,0.002245,0.026061,-0.000026,  28.901
  1441.0,0.003546,0.002238,0.025909,-0.000013,  28.896
  1442.0,0.003516,0.002219,0.025854,-0.000026,  28.893
  1443.0,0.003507,0.002206,0.025467,-0.000026,  28.895
  1444.0,0.003487,0.002201,0.025258,-0.000026,  28.895
  1445.0,0.003477,0.002192,0.025322,-0.000040,  28.900
  1446.0,0.003466,0.002190,0.025272,0.000010,  28.897
  1447.0,0.003461,0.002197,0.025203,0.000014,  28.904
  1448.0,0.003455,0.002192,0.025243,0.000028,  28.903
  1449.0,0.003428,0.002169,0.025066,-0.000013,  28.903
  1450.0,0.003402,0.002153,0.024875,0.000001,  28.901
  1451.0,0.003373,0.002125,0.024712,-0.000013,  28.899
