Run Name,Group4Run30%
Run Date,02:05:18 PM   04-15-11
Method Name,30%B-Isocrat.1 SVS
Export Format Version, 1.00
Method ID, 1285
Points/Second, 1.00
Number of Records,   1173
Offset from Run Start Time,00:00:00
Run End Time,00:19:36
Time,Second
QuadTec 1, (280.0 nm), AU
QuadTec 2, (260.0 nm), AU
Gradient Pump,<Not Selected>
QuadTec 3, (214.0 nm), AU
QuadTec 4, (405.0 nm), AU
Conductivity,mS/cm
Trace 6,<Not Available>
GP Pressure,<Not Selected>
Volume,<Not Selected>
Fraction,<Not Available>
Time,QuadTec 1,QuadTec 2,QuadTec 3,QuadTec 4,Conductivity
     0.0,0.000213,-0.000135,0.001463,0.000000,  31.491
     1.0,0.000208,-0.000141,0.000000,0.000000,  31.497
     2.0,0.000203,-0.000142,0.000000,0.000000,  31.497
     3.0,0.000197,0.000000,0.000000,0.000000,  31.506
     4.0,0.000000,0.000000,-0.000372,-0.000036,  31.508
     5.0,0.000000,0.000000,-0.000114,-0.000058,  31.514
     6.0,0.000000,0.000000,-0.000041,-0.000058,  31.522
     7.0,0.000008,0.000000,-0.000073,-0.000058,  31.523
     8.0,0.000012,0.000003,-0.000069,-0.000080,  31.525
     9.0,0.000009,0.000008,-0.000116,-0.000031,  31.528
    10.0,0.000003,-0.000002,-0.000066,-0.000031,  31.532
    11.0,0.000004,0.000003,0.000047,-0.000053,  31.534
    12.0,0.000008,0.000005,0.000058,-0.000004,  31.536
    13.0,-0.000001,0.000004,0.000098,-0.000053,  31.540
    14.0,0.000018,0.000012,0.000145,-0.000088,  31.536
    15.0,0.000029,0.000016,0.000195,-0.000053,  31.534
    16.0,0.000030,0.000015,0.000230,-0.000053,  31.521
    17.0,0.000027,0.000021,0.000260,-0.000053,  31.519
    18.0,0.000024,0.000027,0.000110,-0.000039,  31.515
    19.0,0.000027,0.000023,0.000227,-0.000026,  31.501
    20.0,0.000033,0.000030,0.000233,-0.000061,  31.486
    21.0,0.000041,0.000038,0.000372,-0.000053,  31.481
    22.0,0.000038,0.000039,0.000438,-0.000110,  31.474
    23.0,0.000036,0.000043,0.000214,-0.000075,  31.460
    24.0,0.000044,0.000053,0.000236,-0.000075,  31.449
    25.0,0.000042,0.000040,0.000169,-0.000075,  31.438
    26.0,0.000036,0.000029,0.000375,-0.000075,  31.433
    27.0,0.000034,0.000030,0.000240,-0.000097,  31.429
    28.0,0.000031,0.000025,0.000291,-0.000097,  31.427
    29.0,0.000017,0.000022,0.000276,-0.000075,  31.425
    30.0,0.000021,0.000016,0.000315,-0.000097,  31.420
    31.0,0.000020,0.000013,0.000231,-0.000061,  31.421
    32.0,0.000026,0.000022,0.000226,-0.000097,  31.424
    33.0,0.000036,0.000039,0.000270,-0.000097,  31.424
    34.0,0.000033,0.000039,0.000240,-0.000075,  31.422
    35.0,0.000033,0.000035,0.000277,-0.000097,  31.428
    36.0,0.000021,0.000028,0.000352,-0.000097,  31.427
    37.0,0.000014,0.000026,0.000266,-0.000061,  31.428
    38.0,0.000023,0.000022,-0.000000,-0.000097,  31.434
    39.0,0.000013,0.000019,0.000176,-0.000061,  31.438
    40.0,0.000010,0.000019,0.000213,-0.000061,  31.442
    41.0,0.000013,0.000020,-0.000002,-0.000105,  31.446
    42.0,0.000009,0.000009,0.000002,-0.000070,  31.453
    43.0,0.000019,0.000009,0.000140,-0.000083,  31.455
    44.0,0.000021,0.000014,0.000162,-0.000146,  31.464
    45.0,0.000023,0.000017,0.000137,-0.000097,  31.475
    46.0,0.000013,0.000018,0.000018,-0.000097,  31.484
    47.0,0.000007,0.000008,-0.000137,-0.000132,  31.486
    48.0,0.000005,0.000004,-0.000202,-0.000083,  31.488
    49.0,0.000005,0.000005,-0.000152,-0.000083,  31.487
    50.0,-0.000001,0.000004,-0.000018,-0.000097,  31.490
    51.0,-0.000001,-0.000003,-0.000053,-0.000097,  31.493
    52.0,-0.000006,-0.000004,-0.000006,-0.000119,  31.492
    53.0,-0.000009,-0.000004,0.000041,-0.000151,  31.493
    54.0,-0.000001,-0.000002,0.000274,-0.000137,  31.492
    55.0,0.000005,0.000002,0.000229,-0.000110,  31.497
    56.0,0.000007,0.000008,0.000206,-0.000083,  31.496
    57.0,-0.000026,-0.000011,0.000078,-0.000056,  31.501
    58.0,0.000003,0.000008,0.000179,-0.000056,  31.507
    59.0,0.000019,0.000022,-0.000052,-0.000056,  31.507
    60.0,0.000026,0.000031,-0.000358,-0.000078,  31.514
    61.0,0.000036,0.000042,-0.000008,-0.000056,  31.512
    62.0,0.000036,0.000044,0.000048,-0.000056,  31.512
    63.0,0.000027,0.000036,0.000194,-0.000105,  31.510
    64.0,0.000038,0.000046,0.000280,-0.000056,  31.509
    65.0,0.000042,0.000042,0.000282,-0.000056,  31.508
    66.0,0.000045,0.000042,0.000208,-0.000056,  31.510
    67.0,0.000050,0.000050,0.000278,-0.000065,  31.499
    68.0,0.000042,0.000049,0.000258,-0.000087,  31.490
    69.0,0.000041,0.000045,-0.000027,-0.000065,  31.487
    70.0,0.000064,0.000058,0.000128,-0.000100,  31.486
    71.0,0.000064,0.000055,0.000190,-0.000114,  31.480
    72.0,0.000053,0.000053,0.000148,-0.000056,  31.480
    73.0,0.000053,0.000058,0.000034,-0.000029,  31.468
    74.0,0.000055,0.000052,0.000170,-0.000043,  31.460
    75.0,0.000055,0.000050,0.000238,-0.000029,  31.456
    76.0,0.000057,0.000051,0.000263,-0.000051,  31.453
    77.0,0.000050,0.000048,0.000173,-0.000029,  31.445
    78.0,0.000050,0.000046,0.000015,-0.000029,  31.440
    79.0,0.000050,0.000052,0.000201,-0.000051,  31.439
    80.0,0.000049,0.000049,0.000206,-0.000029,  31.431
    81.0,0.000050,0.000052,0.000071,-0.000029,  31.429
    82.0,0.000036,0.000049,0.000161,-0.000065,  31.424
    83.0,0.000041,0.000039,0.000158,-0.000078,  31.413
    84.0,0.000046,0.000042,0.000210,-0.000065,  31.410
    85.0,0.000040,0.000040,0.000208,-0.000029,  31.410
    86.0,0.000061,0.000051,0.000246,-0.000029,  31.405
    87.0,0.000063,0.000054,0.000264,-0.000051,  31.400
    88.0,0.000071,0.000066,0.000367,-0.000029,  31.393
    89.0,0.000090,0.000077,0.000489,-0.000029,  31.391
    90.0,0.000089,0.000084,0.000550,-0.000038,  31.387
    91.0,0.000098,0.000090,0.000962,-0.000038,  31.384
    92.0,0.000112,0.000100,0.001393,-0.000024,  31.381
    93.0,0.000135,0.000120,0.001859,0.000011,  31.377
    94.0,0.000185,0.000169,0.002554,0.000025,  31.372
    95.0,0.000224,0.000210,0.003313,-0.000011,  31.362
    96.0,0.000274,0.000226,0.004383,0.000006,  31.368
    97.0,0.000321,0.000249,0.005627,-0.000002,  31.363
    98.0,0.000365,0.000272,0.007259,-0.000038,  31.358
    99.0,0.000445,0.000306,0.009210,-0.000016,  31.356
   100.0,0.000562,0.000373,0.011426,-0.000016,  31.350
   101.0,0.000668,0.000439,0.013798,-0.000016,  31.343
   102.0,0.000828,0.000510,0.016908,-0.000002,  31.336
   103.0,0.001018,0.000609,0.020257,-0.000038,  31.335
   104.0,0.001258,0.000745,0.024455,-0.000002,  31.323
   105.0,0.001579,0.000910,0.029483,-0.000011,  31.322
   106.0,0.001887,0.001093,0.034784,0.000003,  31.317
   107.0,0.002271,0.001260,0.040851,0.000038,  31.320
   108.0,0.002771,0.001533,0.047688,0.000011,  31.321
   109.0,0.003279,0.001819,0.054482,0.000025,  31.323
   110.0,0.003743,0.002135,0.061023,0.000025,  31.324
   111.0,0.004417,0.002501,0.072430,-0.000033,  31.325
   112.0,0.005040,0.002830,0.082808,0.000003,  31.337
   113.0,0.005856,0.003281,0.093872,-0.000019,  31.339
   114.0,0.006966,0.003900,0.106709,-0.000006,  31.343
   115.0,0.007986,0.004425,0.119863,0.000030,  31.349
   116.0,0.009110,0.004957,0.135233,0.000021,  31.354
   117.0,0.010431,0.005690,0.151032,0.000057,  31.366
   118.0,0.011722,0.006394,0.165920,0.000084,  31.368
   119.0,0.013021,0.007259,0.180870,0.000062,  31.373
   120.0,0.014649,0.008164,0.199889,0.000084,  31.375
   121.0,0.016295,0.009066,0.218487,0.000075,  31.373
   122.0,0.018120,0.010066,0.238084,0.000048,  31.373
   123.0,0.020101,0.011082,0.259406,0.000070,  31.378
   124.0,0.022020,0.012002,0.279501,0.000048,  31.378
   125.0,0.024084,0.013091,0.304137,0.000057,  31.374
   126.0,0.026133,0.014267,0.328875,0.000043,  31.366
   127.0,0.027960,0.015382,0.347083,0.000008,  31.364
   128.0,0.030370,0.016786,0.370573,0.000016,  31.359
   129.0,0.032967,0.018192,0.397030,-0.000046,  31.341
   130.0,0.035313,0.019486,0.422145,-0.000046,  31.325
   131.0,0.037813,0.020847,0.446567,-0.000065,  31.316
   132.0,0.040467,0.022008,0.472977,-0.000078,  31.286
   133.0,0.043166,0.023462,0.497071,-0.000132,  31.267
   134.0,0.045727,0.024846,0.522096,-0.000146,  31.241
   135.0,0.048096,0.026300,0.543843,-0.000173,  31.219
   136.0,0.050546,0.027723,0.569297,-0.000178,  31.184
   137.0,0.053220,0.029160,0.595320,-0.000192,  31.155
   138.0,0.055951,0.030708,0.620418,-0.000241,  31.113
   139.0,0.058698,0.032118,0.649389,-0.000219,  31.075
   140.0,0.061175,0.033241,0.677267,-0.000232,  31.035
   141.0,0.063835,0.034600,0.705973,-0.000268,  30.980
   142.0,0.066977,0.036284,0.734103,-0.000246,  30.932
   143.0,0.069481,0.037837,0.762258,-0.000317,  30.878
   144.0,0.072114,0.039401,0.788212,-0.000281,  30.808
   145.0,0.075100,0.041010,0.820497,-0.000290,  30.736
   146.0,0.078037,0.042607,0.853113,-0.000222,  30.646
   147.0,0.081494,0.044446,0.890018,-0.000146,  30.547
   148.0,0.084862,0.046201,0.929092,-0.000114,  30.426
   149.0,0.088361,0.047761,0.969451,0.000035,  30.300
   150.0,0.092500,0.049943,1.014686,0.000111,  30.155
   151.0,0.096931,0.052272,1.065300,0.000197,  29.999
   152.0,0.100488,0.054781,1.111187,0.000287,  29.818
   153.0,0.105818,0.057576,1.166943,0.000449,  29.635
   154.0,0.111477,0.060572,1.229613,0.000563,  29.445
   155.0,0.117641,0.063876,1.294023,0.000720,  29.254
   156.0,0.124793,0.067553,1.361261,0.000807,  29.064
   157.0,0.132331,0.070764,1.428329,0.000951,  28.884
   158.0,0.140103,0.074903,1.493508,0.001019,  28.735
   159.0,0.148361,0.079245,1.553424,0.001064,  28.603
   160.0,0.155926,0.083474,1.601798,0.001086,  28.512
   161.0,0.163006,0.087682,1.649112,0.001037,  28.459
   162.0,0.170442,0.091521,1.691702,0.001024,  28.451
   163.0,0.177425,0.095046,1.726546,0.001005,  28.472
   164.0,0.183729,0.098229,1.754871,0.000915,  28.539
   165.0,0.188916,0.100526,1.776966,0.000834,  28.644
   166.0,0.193039,0.102455,1.793135,0.000761,  28.776
   167.0,0.196408,0.104236,1.803167,0.000720,  28.933
   168.0,0.198723,0.105438,1.806039,0.000688,  29.101
   169.0,0.200603,0.106402,1.805539,0.000621,  29.289
   170.0,0.201617,0.106784,1.805528,0.000495,  29.481
   171.0,0.201584,0.106654,1.800713,0.000463,  29.687
   172.0,0.201000,0.106289,1.790316,0.000373,  29.869
   173.0,0.200457,0.106005,1.778339,0.000306,  30.054
   174.0,0.199335,0.105424,1.768019,0.000287,  30.218
   175.0,0.197660,0.104503,1.751924,0.000224,  30.373
   176.0,0.195624,0.103316,1.740464,0.000233,  30.511
   177.0,0.194099,0.102279,1.725331,0.000184,  30.634
   178.0,0.191659,0.100949,1.706707,0.000143,  30.746
   179.0,0.189353,0.099677,1.688277,0.000165,  30.841
   180.0,0.186904,0.098331,1.670179,0.000102,  30.921
   181.0,0.183933,0.096751,1.648100,0.000102,  31.000
   182.0,0.181011,0.095538,1.625176,0.000165,  31.058
   183.0,0.178695,0.094161,1.604832,0.000165,  31.112
   184.0,0.175324,0.092522,1.581651,0.000187,  31.149
   185.0,0.172538,0.090630,1.564650,0.000187,  31.190
   186.0,0.169290,0.088938,1.542958,0.000138,  31.212
   187.0,0.165898,0.087153,1.517034,0.000174,  31.244
   188.0,0.162688,0.085433,1.496139,0.000187,  31.259
   189.0,0.159627,0.083821,1.475709,0.000138,  31.270
   190.0,0.155917,0.082233,1.452792,0.000174,  31.288
   191.0,0.152943,0.080541,1.430978,0.000187,  31.292
   192.0,0.149920,0.078968,1.410227,0.000174,  31.296
   193.0,0.146675,0.077244,1.389705,0.000102,  31.301
   194.0,0.144173,0.075585,1.371486,0.000062,  31.304
   195.0,0.141147,0.074071,1.353936,0.000125,  31.298
   196.0,0.137904,0.072313,1.329830,0.000116,  31.296
   197.0,0.134983,0.070781,1.309289,0.000116,  31.297
   198.0,0.132248,0.069418,1.290433,0.000138,  31.294
   199.0,0.128740,0.067780,1.268798,0.000116,  31.293
   200.0,0.125686,0.066145,1.248401,0.000138,  31.286
   201.0,0.122952,0.064689,1.231856,0.000165,  31.283
   202.0,0.120647,0.063143,1.218561,0.000116,  31.283
   203.0,0.117794,0.061692,1.201836,0.000152,  31.283
   204.0,0.114984,0.060193,1.185930,0.000116,  31.276
   205.0,0.112348,0.058768,1.169143,0.000130,  31.275
   206.0,0.109697,0.057438,1.154499,0.000152,  31.278
   207.0,0.107249,0.056401,1.140766,0.000116,  31.281
   208.0,0.104884,0.055125,1.126722,0.000102,  31.268
   209.0,0.102594,0.053939,1.115290,0.000125,  31.270
   210.0,0.100334,0.052722,1.101669,0.000089,  31.268
   211.0,0.098593,0.051515,1.091036,0.000125,  31.267
   212.0,0.096499,0.050436,1.078513,0.000116,  31.265
   213.0,0.094190,0.049216,1.067813,0.000102,  31.265
   214.0,0.092069,0.048087,1.057909,0.000138,  31.262
   215.0,0.090007,0.047061,1.047141,0.000116,  31.259
   216.0,0.088164,0.046258,1.038132,0.000116,  31.254
   217.0,0.086365,0.045292,1.030101,0.000152,  31.250
   218.0,0.084423,0.044265,1.021293,0.000152,  31.246
   219.0,0.082901,0.043369,1.015215,0.000201,  31.249
   220.0,0.081580,0.042577,1.009577,0.000214,  31.247
   221.0,0.079951,0.041708,1.002434,0.000152,  31.246
   222.0,0.078534,0.040933,0.996569,0.000174,  31.246
   223.0,0.077275,0.040291,0.993318,0.000187,  31.248
   224.0,0.075757,0.039559,0.986356,0.000138,  31.254
   225.0,0.074482,0.038931,0.981979,0.000174,  31.259
   226.0,0.073404,0.038348,0.977985,0.000187,  31.265
   227.0,0.071965,0.037581,0.973438,0.000174,  31.265
   228.0,0.071034,0.036962,0.970891,0.000174,  31.266
   229.0,0.069931,0.036396,0.968598,0.000125,  31.271
   230.0,0.068787,0.035762,0.964858,0.000160,  31.271
   231.0,0.067829,0.035265,0.963457,0.000098,  31.272
   232.0,0.066891,0.034770,0.961858,0.000089,  31.279
   233.0,0.065881,0.034319,0.959787,0.000125,  31.276
   234.0,0.065150,0.033906,0.958736,0.000116,  31.288
   235.0,0.064411,0.033506,0.957536,0.000125,  31.290
   236.0,0.063591,0.033029,0.956238,0.000138,  31.287
   237.0,0.063086,0.032741,0.957510,0.000089,  31.285
   238.0,0.062393,0.032343,0.956791,0.000125,  31.284
   239.0,0.061699,0.031948,0.955170,0.000089,  31.274
   240.0,0.061160,0.031691,0.955212,0.000075,  31.271
   241.0,0.060552,0.031376,0.955874,0.000125,  31.268
   242.0,0.059894,0.031051,0.955769,0.000116,  31.263
   243.0,0.059357,0.030772,0.956775,0.000138,  31.260
   244.0,0.058909,0.030504,0.956606,0.000138,  31.260
   245.0,0.058507,0.030235,0.957234,0.000089,  31.257
   246.0,0.058087,0.030019,0.959458,0.000125,  31.252
   247.0,0.057662,0.029789,0.960308,0.000062,  31.245
   248.0,0.057303,0.029572,0.960861,0.000075,  31.241
   249.0,0.056995,0.029425,0.961485,0.000098,  31.239
   250.0,0.056658,0.029270,0.963024,0.000075,  31.235
   251.0,0.056351,0.029122,0.964831,0.000075,  31.222
   252.0,0.056032,0.028925,0.964825,0.000125,  31.217
   253.0,0.055810,0.028777,0.965040,0.000089,  31.221
   254.0,0.055555,0.028616,0.965659,0.000125,  31.210
   255.0,0.055285,0.028482,0.966775,0.000062,  31.216
   256.0,0.054985,0.028320,0.968593,0.000075,  31.208
   257.0,0.054721,0.028187,0.969363,0.000111,  31.209
   258.0,0.054514,0.028081,0.968593,0.000075,  31.207
   259.0,0.054338,0.027992,0.970662,0.000075,  31.208
   260.0,0.054152,0.027893,0.972420,0.000111,  31.206
   261.0,0.053922,0.027763,0.973110,0.000075,  31.200
   262.0,0.053826,0.027692,0.974661,0.000111,  31.197
   263.0,0.053736,0.027632,0.974905,0.000075,  31.196
   264.0,0.053536,0.027544,0.974465,0.000075,  31.191
   265.0,0.053428,0.027504,0.976034,0.000084,  31.188
   266.0,0.053312,0.027422,0.976132,0.000075,  31.187
   267.0,0.053121,0.027325,0.974460,0.000075,  31.190
   268.0,0.053010,0.027235,0.975042,0.000111,  31.188
   269.0,0.052867,0.027192,0.975032,0.000075,  31.175
   270.0,0.052673,0.027062,0.973773,0.000111,  31.172
   271.0,0.052527,0.027005,0.974426,0.000075,  31.169
   272.0,0.052444,0.026933,0.973208,0.000075,  31.165
   273.0,0.052274,0.026865,0.971972,0.000098,  31.166
   274.0,0.052173,0.026807,0.973541,0.000048,  31.156
   275.0,0.052015,0.026729,0.973828,0.000062,  31.156
   276.0,0.051854,0.026635,0.972148,0.000070,  31.155
   277.0,0.051830,0.026617,0.970880,0.000048,  31.151
   278.0,0.051744,0.026569,0.969558,0.000084,  31.154
   279.0,0.051589,0.026502,0.967455,0.000048,  31.159
   280.0,0.051532,0.026460,0.968435,0.000062,  31.164
   281.0,0.051413,0.026394,0.964954,0.000084,  31.163
   282.0,0.051214,0.026290,0.961405,0.000048,  31.163
   283.0,0.051161,0.026276,0.959963,0.000062,  31.161
   284.0,0.050938,0.026186,0.958049,0.000084,  31.161
   285.0,0.050727,0.026082,0.955033,0.000048,  31.160
   286.0,0.050603,0.025996,0.952753,0.000070,  31.163
   287.0,0.050507,0.025941,0.950887,0.000070,  31.163
   288.0,0.050338,0.025847,0.948552,0.000048,  31.168
   289.0,0.050178,0.025785,0.946823,0.000070,  31.168
   290.0,0.050039,0.025710,0.944857,0.000048,  31.171
   291.0,0.049897,0.025647,0.940685,0.000048,  31.170
   292.0,0.049772,0.025587,0.938155,0.000035,  31.171
   293.0,0.049660,0.025543,0.935394,0.000048,  31.168
   294.0,0.049482,0.025471,0.932666,0.000035,  31.167
   295.0,0.049307,0.025371,0.926915,-0.000001,  31.177
   296.0,0.049168,0.025278,0.923266,0.000048,  31.178
   297.0,0.049032,0.025229,0.918824,0.000070,  31.181
   298.0,0.048775,0.025100,0.915740,0.000048,  31.185
   299.0,0.048565,0.025017,0.912152,0.000048,  31.187
   300.0,0.048350,0.024906,0.906675,0.000070,  31.187
   301.0,0.048202,0.024838,0.901796,0.000048,  31.196
   302.0,0.048028,0.024751,0.898918,0.000062,  31.192
   303.0,0.047769,0.024651,0.893787,0.000070,  31.196
   304.0,0.047568,0.024550,0.890296,0.000035,  31.196
   305.0,0.047430,0.024473,0.887369,0.000057,  31.198
   306.0,0.047206,0.024370,0.882503,0.000021,  31.197
   307.0,0.047038,0.024291,0.876446,0.000035,  31.204
   308.0,0.046876,0.024209,0.875210,0.000057,  31.203
   309.0,0.046615,0.024101,0.863507,0.000021,  31.208
   310.0,0.046379,0.024007,0.859689,0.000035,  31.203
   311.0,0.046279,0.023955,0.855685,0.000057,  31.204
   312.0,0.045959,0.023827,0.849985,0.000035,  31.207
   313.0,0.045724,0.023698,0.845080,0.000070,  31.204
   314.0,0.045536,0.023584,0.840633,0.000048,  31.211
   315.0,0.045316,0.023475,0.833776,0.000062,  31.221
   316.0,0.045052,0.023372,0.823790,0.000098,  31.224
   317.0,0.044818,0.023272,0.822487,0.000075,  31.227
   318.0,0.044563,0.023152,0.817365,0.000075,  31.227
   319.0,0.044332,0.023071,0.812078,0.000098,  31.227
   320.0,0.044133,0.022969,0.807273,0.000062,  31.230
   321.0,0.043908,0.022876,0.800469,0.000084,  31.225
   322.0,0.043709,0.022766,0.797909,0.000048,  31.225
   323.0,0.043475,0.022657,0.791151,0.000062,  31.222
   324.0,0.043266,0.022544,0.783431,0.000084,  31.214
   325.0,0.043041,0.022449,0.776068,0.000048,  31.196
   326.0,0.042784,0.022325,0.770670,0.000048,  31.191
   327.0,0.042481,0.022229,0.765013,0.000070,  31.183
   328.0,0.042184,0.022076,0.758053,0.000048,  31.179
   329.0,0.041934,0.021962,0.751614,0.000070,  31.176
   330.0,0.041727,0.021863,0.746487,0.000070,  31.170
   331.0,0.041489,0.021746,0.740632,0.000048,  31.166
   332.0,0.041242,0.021619,0.734277,0.000084,  31.154
   333.0,0.041030,0.021515,0.729222,0.000035,  31.145
   334.0,0.040754,0.021399,0.722568,0.000048,  31.143
   335.0,0.040510,0.021287,0.716640,0.000057,  31.138
   336.0,0.040325,0.021231,0.712339,0.000035,  31.140
   337.0,0.040044,0.021114,0.699895,0.000062,  31.144
   338.0,0.039826,0.021005,0.695297,0.000070,  31.150
   339.0,0.039641,0.020923,0.690433,0.000035,  31.147
   340.0,0.039433,0.020807,0.684794,0.000070,  31.155
   341.0,0.039153,0.020676,0.679231,0.000048,  31.151
   342.0,0.038890,0.020566,0.673678,0.000048,  31.156
   343.0,0.038609,0.020437,0.665032,0.000048,  31.152
   344.0,0.038410,0.020359,0.659480,0.000062,  31.160
   345.0,0.038194,0.020274,0.654301,0.000075,  31.153
   346.0,0.037906,0.020140,0.647259,0.000062,  31.151
   347.0,0.037681,0.020039,0.642073,0.000013,  31.153
   348.0,0.037516,0.019954,0.637891,0.000035,  31.157
   349.0,0.037278,0.019839,0.630432,0.000048,  31.160
   350.0,0.037093,0.019763,0.625597,0.000048,  31.164
   351.0,0.036898,0.019689,0.620562,0.000035,  31.167
   352.0,0.036679,0.019574,0.612185,0.000048,  31.166
   353.0,0.036454,0.019494,0.606122,0.000062,  31.176
   354.0,0.036299,0.019437,0.600795,0.000035,  31.174
   355.0,0.036033,0.019330,0.593747,0.000084,  31.186
   356.0,0.035823,0.019238,0.588812,0.000084,  31.189
   357.0,0.035654,0.019153,0.582740,0.000075,  31.194
   358.0,0.035459,0.019065,0.577003,0.000075,  31.189
   359.0,0.035253,0.018987,0.571996,0.000098,  31.196
   360.0,0.035049,0.018894,0.566935,0.000048,  31.200
   361.0,0.034849,0.018824,0.560777,0.000048,  31.196
   362.0,0.034663,0.018748,0.555814,0.000057,  31.193
   363.0,0.034506,0.018680,0.550319,0.000048,  31.191
   364.0,0.034346,0.018613,0.544745,0.000070,  31.189
   365.0,0.034217,0.018565,0.542119,0.000048,  31.186
   366.0,0.034036,0.018481,0.535464,0.000075,  31.192
   367.0,0.033848,0.018410,0.529536,0.000098,  31.185
   368.0,0.033745,0.018365,0.524297,0.000075,  31.186
   369.0,0.033565,0.018305,0.519330,0.000075,  31.182
   370.0,0.033396,0.018251,0.514051,0.000098,  31.181
   371.0,0.033223,0.018185,0.508359,0.000075,  31.181
   372.0,0.033066,0.018112,0.503927,0.000098,  31.191
   373.0,0.032946,0.018056,0.500496,0.000084,  31.187
   374.0,0.032787,0.017989,0.496145,0.000062,  31.193
   375.0,0.032636,0.017931,0.491656,0.000084,  31.194
   376.0,0.032528,0.017894,0.487390,0.000062,  31.200
   377.0,0.032417,0.017861,0.482381,0.000075,  31.208
   378.0,0.032303,0.017823,0.478422,0.000098,  31.209
   379.0,0.032204,0.017794,0.473822,0.000075,  31.202
   380.0,0.032052,0.017734,0.468264,0.000062,  31.215
   381.0,0.031913,0.017678,0.463922,0.000026,  31.212
   382.0,0.031874,0.017656,0.460316,0.000075,  31.214
   383.0,0.031740,0.017626,0.455436,0.000048,  31.208
   384.0,0.031627,0.017582,0.451734,0.000062,  31.199
   385.0,0.031539,0.017560,0.447554,0.000075,  31.199
   386.0,0.031416,0.017510,0.443024,0.000062,  31.185
   387.0,0.031331,0.017485,0.438977,0.000075,  31.189
   388.0,0.031275,0.017485,0.434293,0.000075,  31.178
   389.0,0.031155,0.017457,0.431548,0.000040,  31.166
   390.0,0.031073,0.017428,0.429825,0.000062,  31.161
   391.0,0.031047,0.017424,0.426190,0.000035,  31.154
   392.0,0.030982,0.017390,0.422347,0.000048,  31.156
   393.0,0.030896,0.017387,0.419485,0.000035,  31.149
   394.0,0.030837,0.017373,0.414986,0.000048,  31.145
   395.0,0.030766,0.017360,0.410984,0.000048,  31.145
   396.0,0.030729,0.017351,0.404939,0.000062,  31.142
   397.0,0.030698,0.017356,0.403775,0.000098,  31.149
   398.0,0.030627,0.017337,0.401084,0.000075,  31.150
   399.0,0.030579,0.017329,0.398639,0.000075,  31.150
   400.0,0.030548,0.017341,0.395369,0.000075,  31.152
   401.0,0.030494,0.017342,0.392394,0.000075,  31.154
   402.0,0.030468,0.017339,0.390141,0.000098,  31.153
   403.0,0.030446,0.017353,0.387614,0.000075,  31.154
   404.0,0.030391,0.017352,0.385117,0.000075,  31.151
   405.0,0.030389,0.017351,0.382222,0.000111,  31.148
   406.0,0.030386,0.017369,0.379947,0.000075,  31.144
   407.0,0.030366,0.017401,0.377716,0.000125,  31.143
   408.0,0.030372,0.017414,0.375075,0.000089,  31.142
   409.0,0.030375,0.017447,0.372135,0.000089,  31.145
   410.0,0.030361,0.017465,0.369311,0.000089,  31.142
   411.0,0.030369,0.017471,0.367016,0.000089,  31.146
   412.0,0.030358,0.017480,0.365053,0.000089,  31.143
   413.0,0.030338,0.017506,0.362440,0.000089,  31.136
   414.0,0.030352,0.017521,0.360035,0.000053,  31.126
   415.0,0.030361,0.017540,0.358581,0.000089,  31.129
   416.0,0.030389,0.017589,0.356737,0.000089,  31.121
   417.0,0.030395,0.017610,0.354621,0.000075,  31.119
   418.0,0.030406,0.017636,0.353349,0.000075,  31.117
   419.0,0.030434,0.017667,0.351357,0.000075,  31.114
   420.0,0.030463,0.017693,0.349540,0.000062,  31.112
   421.0,0.030485,0.017722,0.347917,0.000098,  31.111
   422.0,0.030533,0.017775,0.345907,0.000075,  31.114
   423.0,0.030573,0.017812,0.343844,0.000098,  31.121
   424.0,0.030593,0.017831,0.342393,0.000075,  31.125
   425.0,0.030652,0.017876,0.340909,0.000075,  31.129
   426.0,0.030675,0.017912,0.339389,0.000062,  31.132
   427.0,0.030686,0.017945,0.338124,0.000075,  31.133
   428.0,0.030777,0.017993,0.336444,0.000075,  31.132
   429.0,0.030817,0.018034,0.334978,0.000062,  31.142
   430.0,0.030894,0.018084,0.334100,0.000075,  31.147
   431.0,0.030950,0.018145,0.333060,0.000075,  31.151
   432.0,0.030990,0.018185,0.332263,0.000062,  31.159
   433.0,0.031037,0.018240,0.330989,0.000062,  31.163
   434.0,0.031151,0.018302,0.330054,0.000062,  31.163
   435.0,0.031200,0.018361,0.328955,0.000075,  31.168
   436.0,0.031317,0.018415,0.328202,0.000075,  31.176
   437.0,0.031390,0.018476,0.326881,0.000062,  31.179
   438.0,0.031433,0.018505,0.326143,0.000075,  31.188
   439.0,0.031521,0.018576,0.324834,0.000075,  31.203
   440.0,0.031615,0.018650,0.324285,0.000040,  31.203
   441.0,0.031646,0.018697,0.323300,0.000075,  31.211
   442.0,0.031740,0.018761,0.322435,0.000098,  31.222
   443.0,0.031840,0.018832,0.321788,0.000075,  31.221
   444.0,0.031913,0.018887,0.321312,0.000075,  31.226
   445.0,0.032007,0.018949,0.320978,0.000111,  31.227
   446.0,0.032110,0.019014,0.320482,0.000089,  31.227
   447.0,0.032183,0.019063,0.319595,0.000062,  31.230
   448.0,0.032294,0.019144,0.319122,0.000111,  31.230
   449.0,0.032371,0.019227,0.318779,0.000075,  31.231
   450.0,0.032505,0.019292,0.318680,0.000111,  31.228
   451.0,0.032582,0.019346,0.317944,0.000075,  31.226
   452.0,0.032661,0.019412,0.317399,0.000075,  31.225
   453.0,0.032761,0.019487,0.316493,0.000111,  31.224
   454.0,0.032858,0.019558,0.316362,0.000089,  31.215
   455.0,0.032964,0.019622,0.316222,0.000089,  31.217
   456.0,0.033066,0.019673,0.315714,0.000125,  31.212
   457.0,0.033180,0.019753,0.315594,0.000089,  31.209
   458.0,0.033277,0.019845,0.315761,0.000125,  31.205
   459.0,0.033386,0.019919,0.315640,0.000089,  31.205
   460.0,0.033497,0.020012,0.315428,0.000089,  31.203
   461.0,0.033614,0.020089,0.315526,0.000125,  31.199
   462.0,0.033754,0.020160,0.314880,0.000089,  31.198
   463.0,0.033851,0.020230,0.314766,0.000089,  31.199
   464.0,0.033999,0.020310,0.315542,0.000125,  31.197
   465.0,0.034091,0.020360,0.314624,0.000089,  31.197
   466.0,0.034167,0.020422,0.314489,0.000089,  31.193
   467.0,0.034285,0.020513,0.314504,0.000089,  31.200
   468.0,0.034379,0.020566,0.314425,0.000089,  31.193
   469.0,0.034456,0.020630,0.314681,0.000075,  31.194
   470.0,0.034591,0.020716,0.314914,0.000075,  31.191
   471.0,0.034694,0.020777,0.314550,0.000075,  31.188
   472.0,0.034808,0.020849,0.314910,0.000098,  31.185
   473.0,0.034938,0.020940,0.315301,0.000075,  31.190
   474.0,0.035069,0.021018,0.315110,0.000098,  31.191
   475.0,0.035164,0.021095,0.315210,0.000075,  31.193
   476.0,0.035315,0.021187,0.315412,0.000075,  31.196
   477.0,0.035430,0.021254,0.315334,0.000098,  31.195
   478.0,0.035565,0.021341,0.316320,0.000075,  31.191
   479.0,0.035642,0.021400,0.315872,0.000075,  31.198
   480.0,0.035792,0.021459,0.315642,0.000111,  31.204
   481.0,0.035906,0.021543,0.315928,0.000075,  31.205
   482.0,0.036013,0.021620,0.316472,0.000120,  31.215
   483.0,0.036093,0.021677,0.316670,0.000075,  31.220
   484.0,0.036171,0.021740,0.316984,0.000075,  31.225
   485.0,0.036291,0.021814,0.316963,0.000098,  31.239
   486.0,0.036417,0.021894,0.317419,0.000075,  31.243
   487.0,0.036533,0.021974,0.317902,0.000075,  31.248
   488.0,0.036638,0.022038,0.318459,0.000098,  31.245
   489.0,0.036800,0.022106,0.318822,0.000075,  31.251
   490.0,0.036906,0.022183,0.318795,0.000075,  31.253
   491.0,0.037024,0.022267,0.319096,0.000075,  31.251
   492.0,0.037139,0.022367,0.319944,0.000062,  31.253
   493.0,0.037217,0.022405,0.319660,0.000084,  31.250
   494.0,0.037338,0.022480,0.319738,0.000048,  31.249
   495.0,0.037470,0.022574,0.319723,0.000062,  31.247
   496.0,0.037554,0.022618,0.320360,0.000062,  31.250
   497.0,0.037620,0.022651,0.321021,0.000075,  31.245
   498.0,0.037738,0.022722,0.321306,0.000075,  31.245
   499.0,0.037830,0.022785,0.320968,0.000062,  31.241
   500.0,0.037948,0.022879,0.321450,0.000075,  31.234
   501.0,0.038087,0.022963,0.321964,0.000098,  31.229
   502.0,0.038145,0.023002,0.322541,0.000075,  31.220
   503.0,0.038251,0.023070,0.323189,0.000075,  31.215
   504.0,0.038387,0.023144,0.323710,0.000111,  31.193
   505.0,0.038465,0.023207,0.323587,0.000075,  31.185
   506.0,0.038583,0.023274,0.322210,0.000075,  31.175
   507.0,0.038690,0.023348,0.324237,0.000111,  31.162
   508.0,0.038785,0.023396,0.324184,0.000089,  31.147
   509.0,0.038869,0.023469,0.324695,0.000125,  31.147
   510.0,0.039048,0.023573,0.325410,0.000089,  31.142
   511.0,0.039019,0.023572,0.325485,0.000048,  31.138
   512.0,0.039109,0.023617,0.326190,0.000098,  31.139
   513.0,0.039233,0.023673,0.326222,0.000075,  31.143
   514.0,0.039279,0.023703,0.326179,0.000075,  31.143
   515.0,0.039392,0.023772,0.327170,0.000098,  31.145
   516.0,0.039476,0.023826,0.327938,0.000062,  31.150
   517.0,0.039508,0.023863,0.327992,0.000098,  31.153
   518.0,0.039650,0.023945,0.328405,0.000075,  31.160
   519.0,0.039762,0.024039,0.328793,0.000075,  31.161
   520.0,0.039832,0.024081,0.329234,0.000111,  31.158
   521.0,0.039954,0.024132,0.329968,0.000075,  31.157
   522.0,0.040065,0.024186,0.329768,0.000075,  31.160
   523.0,0.040094,0.024209,0.329380,0.000111,  31.154
   524.0,0.040230,0.024310,0.330146,0.000075,  31.162
   525.0,0.040221,0.024310,0.330438,0.000098,  31.161
   526.0,0.040224,0.024312,0.330524,0.000111,  31.159
   527.0,0.040336,0.024374,0.330356,0.000111,  31.157
   528.0,0.040432,0.024445,0.331027,0.000098,  31.165
   529.0,0.040475,0.024458,0.331660,0.000075,  31.163
   530.0,0.040542,0.024499,0.332191,0.000075,  31.176
   531.0,0.040632,0.024553,0.332620,0.000098,  31.170
   532.0,0.040713,0.024603,0.332881,0.000075,  31.156
   533.0,0.040850,0.024679,0.332783,0.000098,  31.158
   534.0,0.040923,0.024732,0.333185,0.000048,  31.150
   535.0,0.040983,0.024738,0.334018,0.000062,  31.142
   536.0,0.041009,0.024771,0.333371,0.000098,  31.130
   537.0,0.041050,0.024816,0.333114,0.000075,  31.124
   538.0,0.041175,0.024877,0.333217,0.000075,  31.108
   539.0,0.041131,0.024867,0.333598,0.000098,  31.106
   540.0,0.041169,0.024885,0.334197,0.000075,  31.101
   541.0,0.041230,0.024911,0.333735,0.000062,  31.102
   542.0,0.041285,0.024958,0.334116,0.000075,  31.104
   543.0,0.041363,0.024997,0.334869,0.000075,  31.108
   544.0,0.041381,0.025011,0.335191,0.000062,  31.107
   545.0,0.041431,0.025039,0.335153,0.000062,  31.113
   546.0,0.041532,0.025109,0.335682,0.000062,  31.118
   547.0,0.041579,0.025142,0.335561,0.000098,  31.125
   548.0,0.041637,0.025157,0.335830,0.000075,  31.131
   549.0,0.041713,0.025208,0.337277,0.000111,  31.140
   550.0,0.041733,0.025226,0.336729,0.000075,  31.144
   551.0,0.041759,0.025243,0.335748,0.000075,  31.143
   552.0,0.041957,0.025381,0.335988,0.000111,  31.137
   553.0,0.041905,0.025336,0.336399,0.000089,  31.133
   554.0,0.041849,0.025310,0.334477,0.000089,  31.128
   555.0,0.041901,0.025328,0.335815,0.000125,  31.130
   556.0,0.041925,0.025356,0.336261,0.000075,  31.119
   557.0,0.041966,0.025361,0.336398,0.000111,  31.114
   558.0,0.042004,0.025406,0.336969,0.000111,  31.096
   559.0,0.042001,0.025414,0.337216,0.000075,  31.093
   560.0,0.042038,0.025420,0.336726,0.000098,  31.089
   561.0,0.042094,0.025461,0.337111,0.000075,  31.078
   562.0,0.042134,0.025477,0.337275,0.000075,  31.084
   563.0,0.042134,0.025475,0.337687,0.000098,  31.080
   564.0,0.042152,0.025499,0.337276,0.000075,  31.077
   565.0,0.042196,0.025503,0.336684,0.000075,  31.072
   566.0,0.042341,0.025584,0.336317,0.000040,  31.068
   567.0,0.042312,0.025566,0.336843,0.000075,  31.066
   568.0,0.042221,0.025517,0.336799,0.000075,  31.063
   569.0,0.042178,0.025492,0.336163,0.000075,  31.057
   570.0,0.042216,0.025521,0.336043,0.000075,  31.056
   571.0,0.042245,0.025533,0.336585,0.000098,  31.064
   572.0,0.042225,0.025524,0.336295,0.000075,  31.059
   573.0,0.042207,0.025505,0.336651,0.000075,  31.060
   574.0,0.042280,0.025553,0.336897,0.000098,  31.062
   575.0,0.042251,0.025542,0.336250,0.000075,  31.062
   576.0,0.042283,0.025566,0.336268,0.000098,  31.065
   577.0,0.042344,0.025587,0.337018,0.000075,  31.063
   578.0,0.042271,0.025566,0.336036,0.000075,  31.061
   579.0,0.042280,0.025561,0.335605,0.000098,  31.062
   580.0,0.042452,0.025668,0.335600,0.000075,  31.061
   581.0,0.042359,0.025626,0.335091,0.000089,  31.058
   582.0,0.042268,0.025564,0.335217,0.000111,  31.055
   583.0,0.042274,0.025557,0.335080,0.000089,  31.055
   584.0,0.042219,0.025536,0.333918,0.000125,  31.058
   585.0,0.042228,0.025555,0.334540,0.000089,  31.058
   586.0,0.042260,0.025573,0.335146,0.000089,  31.054
   587.0,0.042137,0.025488,0.334573,0.000111,  31.048
   588.0,0.042216,0.025539,0.334497,0.000075,  31.045
   589.0,0.042245,0.025566,0.334535,0.000075,  31.053
   590.0,0.042172,0.025527,0.333898,0.000111,  31.048
   591.0,0.042193,0.025519,0.334356,0.000075,  31.048
   592.0,0.042167,0.025521,0.334247,0.000098,  31.045
   593.0,0.042094,0.025458,0.332962,0.000075,  31.046
   594.0,0.042143,0.025507,0.332071,0.000048,  31.051
   595.0,0.042225,0.025522,0.332293,0.000098,  31.048
   596.0,0.042015,0.025402,0.331594,0.000075,  31.048
   597.0,0.041946,0.025367,0.331350,0.000075,  31.046
   598.0,0.041957,0.025385,0.330734,0.000098,  31.057
   599.0,0.041893,0.025348,0.330365,0.000075,  31.056
   600.0,0.041884,0.025325,0.330593,0.000084,  31.062
   601.0,0.041803,0.025278,0.330626,0.000048,  31.061
   602.0,0.041809,0.025270,0.330091,0.000075,  31.070
   603.0,0.041782,0.025276,0.329843,0.000098,  31.076
   604.0,0.041768,0.025268,0.329784,0.000075,  31.085
   605.0,0.041762,0.025236,0.329568,0.000075,  31.087
   606.0,0.041692,0.025228,0.329752,0.000098,  31.101
   607.0,0.041678,0.025209,0.328378,0.000075,  31.106
   608.0,0.041704,0.025206,0.327492,0.000075,  31.106
   609.0,0.041716,0.025234,0.327170,0.000111,  31.112
   610.0,0.041562,0.025118,0.326876,0.000075,  31.107
   611.0,0.041465,0.025061,0.326458,0.000098,  31.109
   612.0,0.041414,0.025041,0.322566,0.000075,  31.106
   613.0,0.041405,0.025031,0.324365,0.000075,  31.108
   614.0,0.041364,0.025002,0.325047,0.000098,  31.104
   615.0,0.041187,0.024904,0.324631,0.000075,  31.098
   616.0,0.041169,0.024890,0.322364,0.000075,  31.091
   617.0,0.041196,0.024909,0.323732,0.000084,  31.082
   618.0,0.041126,0.024874,0.323216,0.000062,  31.067
   619.0,0.041157,0.024882,0.323179,0.000084,  31.059
   620.0,0.041123,0.024878,0.324306,0.000075,  31.047
   621.0,0.040974,0.024791,0.322175,0.000075,  31.040
   622.0,0.040960,0.024783,0.321571,0.000111,  31.035
   623.0,0.041085,0.024861,0.321360,0.000075,  31.018
   624.0,0.040838,0.024724,0.320393,0.000075,  31.019
   625.0,0.040766,0.024661,0.320097,0.000098,  31.018
   626.0,0.040719,0.024645,0.319391,0.000075,  31.016
   627.0,0.040612,0.024563,0.318156,0.000098,  31.016
   628.0,0.040586,0.024540,0.318402,0.000048,  31.024
   629.0,0.040490,0.024482,0.318056,0.000075,  31.022
   630.0,0.040319,0.024390,0.316794,0.000084,  31.021
   631.0,0.040360,0.024407,0.317070,0.000048,  31.026
   632.0,0.040331,0.024399,0.316453,0.000062,  31.028
   633.0,0.040226,0.024322,0.315262,0.000070,  31.029
   634.0,0.040189,0.024306,0.316368,0.000048,  31.034
   635.0,0.040093,0.024243,0.314635,0.000070,  31.044
   636.0,0.039966,0.024165,0.313034,0.000048,  31.051
   637.0,0.040084,0.024258,0.312501,0.000048,  31.053
   638.0,0.039922,0.024133,0.312343,0.000070,  31.060
   639.0,0.039696,0.023973,0.310923,0.000048,  31.062
   640.0,0.039641,0.023971,0.310498,0.000048,  31.070
   641.0,0.039601,0.023949,0.309889,0.000057,  31.070
   642.0,0.039465,0.023870,0.309147,0.000021,  31.079
   643.0,0.039381,0.023823,0.308547,0.000057,  31.078
   644.0,0.039306,0.023760,0.308382,0.000057,  31.081
   645.0,0.039245,0.023709,0.307695,0.000048,  31.091
   646.0,0.039190,0.023682,0.306841,0.000070,  31.096
   647.0,0.039156,0.023646,0.306410,0.000048,  31.102
   648.0,0.039011,0.023587,0.306564,0.000062,  31.103
   649.0,0.038907,0.023528,0.304793,0.000084,  31.103
   650.0,0.038867,0.023510,0.303491,0.000048,  31.108
   651.0,0.038893,0.023512,0.302280,0.000062,  31.112
   652.0,0.038684,0.023400,0.301707,0.000084,  31.110
   653.0,0.038543,0.023293,0.301399,0.000062,  31.117
   654.0,0.038393,0.023212,0.300258,0.000070,  31.119
   655.0,0.038330,0.023172,0.298787,0.000048,  31.116
   656.0,0.038278,0.023143,0.298966,0.000048,  31.117
   657.0,0.038133,0.023053,0.298567,0.000070,  31.121
   658.0,0.037966,0.022966,0.297615,0.000048,  31.121
   659.0,0.037960,0.022958,0.297430,0.000048,  31.118
   660.0,0.037871,0.022918,0.296187,0.000070,  31.119
   661.0,0.037767,0.022839,0.294986,0.000062,  31.116
   662.0,0.037718,0.022814,0.295299,0.000084,  31.114
   663.0,0.037609,0.022745,0.294295,0.000048,  31.115
   664.0,0.037477,0.022654,0.292133,0.000062,  31.114
   665.0,0.037502,0.022689,0.291501,0.000070,  31.112
   666.0,0.037332,0.022582,0.290366,0.000048,  31.110
   667.0,0.037102,0.022443,0.289432,0.000048,  31.118
   668.0,0.037004,0.022385,0.289019,0.000070,  31.114
   669.0,0.036898,0.022327,0.287592,0.000035,  31.118
   670.0,0.036803,0.022247,0.286841,0.000070,  31.119
   671.0,0.036743,0.022210,0.287061,0.000048,  31.120
   672.0,0.036567,0.022100,0.286291,0.000048,  31.128
   673.0,0.036435,0.022038,0.285018,0.000070,  31.126
   674.0,0.036426,0.022027,0.284494,0.000048,  31.124
   675.0,0.036309,0.021961,0.283537,0.000048,  31.129
   676.0,0.036180,0.021880,0.282641,0.000057,  31.125
   677.0,0.036099,0.021844,0.282244,0.000021,  31.122
   678.0,0.035976,0.021765,0.280263,0.000057,  31.122
   679.0,0.035902,0.021698,0.278831,0.000021,  31.126
   680.0,0.035887,0.021671,0.278173,0.000048,  31.126
   681.0,0.035631,0.021504,0.277331,0.000106,  31.126
   682.0,0.035443,0.021415,0.275860,0.000048,  31.123
   683.0,0.035391,0.021387,0.274948,0.000048,  31.125
   684.0,0.035299,0.021355,0.274508,0.000070,  31.132
   685.0,0.035116,0.021237,0.273603,0.000070,  31.133
   686.0,0.034970,0.021148,0.273129,0.000070,  31.139
   687.0,0.034915,0.021112,0.272706,0.000048,  31.143
   688.0,0.034780,0.021044,0.271159,0.000048,  31.146
   689.0,0.034700,0.020986,0.270424,0.000070,  31.150
   690.0,0.034631,0.020940,0.269830,0.000048,  31.156
   691.0,0.034446,0.020825,0.269313,0.000048,  31.159
   692.0,0.034328,0.020756,0.267238,0.000070,  31.172
   693.0,0.034289,0.020727,0.266146,0.000048,  31.178
   694.0,0.034176,0.020696,0.264620,0.000070,  31.179
   695.0,0.033942,0.020547,0.263927,0.000070,  31.186
   696.0,0.033828,0.020465,0.263352,0.000070,  31.186
   697.0,0.033671,0.020365,0.261682,0.000057,  31.193
   698.0,0.033601,0.020314,0.260661,0.000021,  31.197
   699.0,0.033486,0.020247,0.260767,0.000035,  31.195
   700.0,0.033220,0.020104,0.259372,0.000070,  31.192
   701.0,0.033123,0.020042,0.258189,0.000048,  31.194
   702.0,0.033106,0.020041,0.256943,0.000048,  31.198
   703.0,0.032921,0.019936,0.256251,0.000084,  31.204
   704.0,0.032864,0.019887,0.255346,0.000048,  31.206
   705.0,0.032796,0.019833,0.256150,0.000057,  31.206
   706.0,0.032588,0.019700,0.253704,0.000048,  31.206
   707.0,0.032483,0.019643,0.251968,0.000062,  31.209
   708.0,0.032497,0.019668,0.251285,0.000084,  31.214
   709.0,0.032204,0.019478,0.249748,0.000062,  31.214
   710.0,0.032042,0.019395,0.248887,0.000075,  31.208
   711.0,0.031939,0.019330,0.247975,0.000098,  31.218
   712.0,0.031771,0.019229,0.246704,0.000062,  31.218
   713.0,0.031686,0.019170,0.246282,0.000084,  31.214
   714.0,0.031524,0.019087,0.245634,0.000048,  31.216
   715.0,0.031357,0.018961,0.244616,0.000048,  31.219
   716.0,0.031260,0.018921,0.243748,0.000043,  31.216
   717.0,0.031195,0.018879,0.243005,0.000021,  31.217
   718.0,0.031056,0.018797,0.241370,0.000048,  31.209
   719.0,0.030922,0.018719,0.241499,0.000070,  31.213
   720.0,0.030781,0.018629,0.239618,0.000035,  31.208
   721.0,0.030676,0.018548,0.238111,0.000070,  31.210
   722.0,0.030671,0.018548,0.236861,0.000048,  31.200
   723.0,0.030463,0.018412,0.236013,0.000048,  31.192
   724.0,0.030234,0.018280,0.234798,0.000070,  31.188
   725.0,0.030084,0.018194,0.233579,0.000048,  31.176
   726.0,0.029979,0.018136,0.232233,0.000048,  31.158
   727.0,0.029843,0.018080,0.231805,0.000057,  31.154
   728.0,0.029646,0.017965,0.230770,0.000035,  31.146
   729.0,0.029504,0.017864,0.230083,0.000057,  31.143
   730.0,0.029445,0.017810,0.229461,0.000021,  31.143
   731.0,0.029286,0.017711,0.227829,0.000035,  31.141
   732.0,0.029184,0.017651,0.226832,0.000070,  31.147
   733.0,0.029106,0.017593,0.226908,0.000048,  31.146
   734.0,0.028857,0.017444,0.224516,0.000048,  31.147
   735.0,0.028784,0.017401,0.223075,0.000070,  31.147
   736.0,0.028809,0.017434,0.222173,0.000048,  31.147
   737.0,0.028530,0.017275,0.220655,0.000084,  31.140
   738.0,0.028320,0.017148,0.219857,0.000084,  31.138
   739.0,0.028199,0.017073,0.219244,0.000048,  31.132
   740.0,0.028024,0.016945,0.217140,0.000057,  31.122
   741.0,0.027948,0.016901,0.214802,0.000021,  31.110
   742.0,0.027808,0.016823,0.215430,0.000035,  31.100
   743.0,0.027571,0.016660,0.214408,0.000057,  31.093
   744.0,0.027487,0.016622,0.213861,0.000021,  31.094
   745.0,0.027389,0.016574,0.213259,0.000048,  31.090
   746.0,0.027214,0.016467,0.211365,0.000070,  31.085
   747.0,0.027158,0.016441,0.211345,0.000035,  31.086
   748.0,0.027023,0.016344,0.210433,0.000057,  31.084
   749.0,0.026852,0.016231,0.208074,0.000021,  31.083
   750.0,0.026801,0.016234,0.206979,0.000035,  31.085
   751.0,0.026700,0.016142,0.206131,0.000057,  31.085
   752.0,0.026417,0.015967,0.204735,0.000035,  31.089
   753.0,0.026276,0.015891,0.203761,0.000048,  31.094
   754.0,0.026157,0.015833,0.201735,0.000093,  31.094
   755.0,0.026006,0.015743,0.200737,0.000093,  31.099
   756.0,0.025886,0.015674,0.200615,0.000079,  31.103
   757.0,0.025754,0.015576,0.200006,0.000057,  31.106
   758.0,0.025594,0.015466,0.198705,0.000008,  31.111
   759.0,0.025487,0.015417,0.198225,0.000043,  31.111
   760.0,0.025384,0.015356,0.196934,0.000021,  31.110
   761.0,0.025236,0.015264,0.196037,0.000035,  31.111
   762.0,0.025079,0.015186,0.195387,0.000057,  31.105
   763.0,0.024976,0.015121,0.193421,0.000057,  31.099
   764.0,0.024866,0.015052,0.191910,0.000057,  31.101
   765.0,0.024783,0.015015,0.191079,0.000057,  31.095
   766.0,0.024590,0.014874,0.190229,0.000035,  31.096
   767.0,0.024374,0.014742,0.189122,0.000057,  31.099
   768.0,0.024240,0.014661,0.187644,0.000021,  31.100
   769.0,0.024137,0.014596,0.186867,0.000035,  31.103
   770.0,0.023963,0.014484,0.186066,0.000043,  31.111
   771.0,0.023785,0.014390,0.184917,0.000021,  31.114
   772.0,0.023690,0.014334,0.183844,0.000008,  31.115
   773.0,0.023559,0.014267,0.183131,0.000043,  31.119
   774.0,0.023452,0.014200,0.181971,0.000035,  31.122
   775.0,0.023379,0.014137,0.181506,0.000057,  31.121
   776.0,0.023212,0.014043,0.180786,0.000021,  31.110
   777.0,0.023053,0.013949,0.177939,0.000035,  31.105
   778.0,0.022968,0.013921,0.177224,0.000043,  31.098
   779.0,0.022931,0.013893,0.176483,0.000021,  31.088
   780.0,0.022676,0.013744,0.175315,0.000008,  31.076
   781.0,0.022506,0.013639,0.172702,0.000030,  31.066
   782.0,0.022351,0.013544,0.172737,-0.000006,  31.064
   783.0,0.022256,0.013455,0.171726,0.000043,  31.061
   784.0,0.022141,0.013403,0.171543,0.000021,  31.061
   785.0,0.021989,0.013280,0.170537,0.000008,  31.057
   786.0,0.021814,0.013197,0.169398,0.000043,  31.055
   787.0,0.021745,0.013162,0.169124,-0.000006,  31.056
   788.0,0.021627,0.013088,0.168080,-0.000006,  31.056
   789.0,0.021486,0.013007,0.166756,0.000003,  31.062
   790.0,0.021364,0.012952,0.166672,-0.000006,  31.068
   791.0,0.021242,0.012872,0.164553,0.000016,  31.071
   792.0,0.021101,0.012786,0.163096,-0.000006,  31.077
   793.0,0.021115,0.012783,0.162579,-0.000019,  31.077
   794.0,0.020903,0.012637,0.161629,0.000016,  31.095
   795.0,0.020691,0.012510,0.160417,-0.000006,  31.107
   796.0,0.020577,0.012453,0.159355,-0.000006,  31.112
   797.0,0.020463,0.012401,0.158427,0.000030,  31.120
   798.0,0.020314,0.012311,0.155230,-0.000006,  31.129
   799.0,0.020170,0.012222,0.156064,0.000030,  31.135
   800.0,0.020079,0.012147,0.155757,0.000030,  31.148
   801.0,0.019946,0.012073,0.155053,-0.000019,  31.154
   802.0,0.019862,0.012025,0.153999,0.000016,  31.156
   803.0,0.019763,0.011950,0.153229,-0.000006,  31.161
   804.0,0.019589,0.011869,0.152738,-0.000019,  31.160
   805.0,0.019454,0.011785,0.150189,0.000016,  31.163
   806.0,0.019364,0.011732,0.149425,-0.000006,  31.165
   807.0,0.019309,0.011701,0.148572,-0.000019,  31.161
   808.0,0.019131,0.011598,0.147698,0.000016,  31.159
   809.0,0.018974,0.011484,0.147034,-0.000019,  31.155
   810.0,0.018800,0.011387,0.145788,0.000016,  31.152
   811.0,0.018712,0.011329,0.144666,-0.000006,  31.150
   812.0,0.018609,0.011271,0.144328,-0.000019,  31.150
   813.0,0.018442,0.011167,0.143405,0.000003,  31.139
   814.0,0.018321,0.011085,0.142547,-0.000033,  31.127
   815.0,0.018232,0.011051,0.142096,-0.000033,  31.114
   816.0,0.018100,0.010967,0.140676,0.000003,  31.113
   817.0,0.018006,0.010910,0.139651,-0.000019,  31.103
   818.0,0.017929,0.010863,0.139676,0.000003,  31.096
   819.0,0.017776,0.010762,0.138363,-0.000006,  31.083
   820.0,0.017656,0.010698,0.136778,-0.000019,  31.068
   821.0,0.017634,0.010684,0.136124,0.000016,  31.071
   822.0,0.017467,0.010568,0.134745,-0.000006,  31.067
   823.0,0.017296,0.010478,0.133997,-0.000006,  31.060
   824.0,0.017164,0.010407,0.133224,0.000030,  31.060
   825.0,0.017032,0.010328,0.131974,-0.000006,  31.057
   826.0,0.016955,0.010279,0.131252,0.000016,  31.063
   827.0,0.016873,0.010219,0.130965,-0.000006,  31.066
   828.0,0.016703,0.010094,0.130023,-0.000033,  31.069
   829.0,0.016581,0.010040,0.129142,0.000003,  31.073
   830.0,0.016510,0.010002,0.128425,-0.000033,  31.075
   831.0,0.016395,0.009929,0.127417,-0.000033,  31.082
   832.0,0.016277,0.009863,0.126789,0.000003,  31.086
   833.0,0.016190,0.009820,0.126129,-0.000033,  31.102
   834.0,0.016058,0.009740,0.124393,0.000003,  31.106
   835.0,0.016018,0.009700,0.123716,-0.000033,  31.109
   836.0,0.015940,0.009640,0.122972,-0.000033,  31.112
   837.0,0.015742,0.009524,0.122404,0.000003,  31.119
   838.0,0.015601,0.009444,0.121175,-0.000033,  31.119
   839.0,0.015529,0.009400,0.120177,-0.000033,  31.122
   840.0,0.015408,0.009344,0.119473,0.000003,  31.130
   841.0,0.015282,0.009267,0.118618,-0.000019,  31.144
   842.0,0.015142,0.009183,0.118002,0.000016,  31.145
   843.0,0.015047,0.009125,0.117498,0.000016,  31.145
   844.0,0.014977,0.009077,0.116735,-0.000019,  31.149
   845.0,0.014897,0.009028,0.115840,0.000016,  31.148
   846.0,0.014807,0.008966,0.115195,-0.000006,  31.153
   847.0,0.014687,0.008893,0.113430,-0.000019,  31.157
   848.0,0.014578,0.008824,0.112809,0.000016,  31.162
   849.0,0.014528,0.008807,0.112191,-0.000006,  31.164
   850.0,0.014423,0.008758,0.111325,-0.000019,  31.164
   851.0,0.014260,0.008664,0.110578,0.000003,  31.166
   852.0,0.014148,0.008584,0.109897,-0.000019,  31.169
   853.0,0.014045,0.008501,0.108795,0.000016,  31.172
   854.0,0.013961,0.008451,0.108348,-0.000006,  31.171
   855.0,0.013865,0.008395,0.107852,-0.000019,  31.175
   856.0,0.013698,0.008309,0.106848,0.000016,  31.170
   857.0,0.013638,0.008282,0.106272,-0.000006,  31.172
   858.0,0.013564,0.008244,0.105700,0.000003,  31.168
   859.0,0.013461,0.008158,0.104716,0.000016,  31.176
   860.0,0.013375,0.008111,0.104231,-0.000019,  31.176
   861.0,0.013319,0.008071,0.104208,0.000016,  31.174
   862.0,0.013187,0.007993,0.102385,-0.000019,  31.175
   863.0,0.013132,0.007965,0.101594,-0.000033,  31.175
   864.0,0.013110,0.007944,0.100924,0.000003,  31.176
   865.0,0.012918,0.007819,0.099858,-0.000033,  31.179
   866.0,0.012776,0.007749,0.099597,-0.000060,  31.179
   867.0,0.012682,0.007696,0.098668,-0.000011,  31.177
   868.0,0.012569,0.007619,0.097582,-0.000046,  31.178
   869.0,0.012494,0.007578,0.097186,-0.000011,  31.182
   870.0,0.012408,0.007522,0.096611,-0.000046,  31.183
   871.0,0.012293,0.007454,0.095727,-0.000046,  31.181
   872.0,0.012220,0.007417,0.095408,-0.000011,  31.178
   873.0,0.012147,0.007363,0.094666,-0.000046,  31.177
   874.0,0.012024,0.007297,0.093737,-0.000046,  31.180
   875.0,0.011959,0.007272,0.093590,-0.000011,  31.174
   876.0,0.011875,0.007208,0.092477,-0.000033,  31.180
   877.0,0.011782,0.007158,0.091317,-0.000011,  31.184
   878.0,0.011767,0.007137,0.090856,-0.000046,  31.182
   879.0,0.011648,0.007061,0.090176,-0.000046,  31.184
   880.0,0.011501,0.006964,0.089523,-0.000011,  31.181
   881.0,0.011420,0.006920,0.088806,-0.000046,  31.182
   882.0,0.011346,0.006882,0.088149,-0.000046,  31.177
   883.0,0.011248,0.006842,0.087531,-0.000024,  31.179
   884.0,0.011143,0.006768,0.086947,-0.000046,  31.177
   885.0,0.011053,0.006715,0.086255,-0.000011,  31.179
   886.0,0.010986,0.006671,0.085881,0.000003,  31.175
   887.0,0.010923,0.006626,0.085324,-0.000046,  31.176
   888.0,0.010839,0.006581,0.084670,-0.000011,  31.181
   889.0,0.010776,0.006540,0.084502,-0.000046,  31.177
   890.0,0.010667,0.006475,0.083307,-0.000046,  31.175
   891.0,0.010602,0.006435,0.082431,-0.000011,  31.170
   892.0,0.010571,0.006422,0.081788,-0.000046,  31.169
   893.0,0.010444,0.006345,0.080909,-0.000046,  31.166
   894.0,0.010333,0.006266,0.080470,0.000003,  31.165
   895.0,0.010261,0.006216,0.080024,-0.000046,  31.159
   896.0,0.010174,0.006165,0.078886,-0.000011,  31.159
   897.0,0.010104,0.006119,0.079007,-0.000046,  31.161
   898.0,0.010012,0.006065,0.078347,-0.000046,  31.153
   899.0,0.009912,0.006010,0.077496,-0.000011,  31.153
   900.0,0.009863,0.005992,0.077138,-0.000024,  31.154
   901.0,0.009792,0.005956,0.075263,-0.000024,  31.153
   902.0,0.009706,0.005898,0.075053,-0.000024,  31.150
   903.0,0.009649,0.005871,0.075561,-0.000046,  31.140
   904.0,0.009571,0.005796,0.075223,-0.000024,  31.135
   905.0,0.009480,0.005745,0.074097,-0.000046,  31.132
   906.0,0.009452,0.005740,0.073417,-0.000046,  31.130
   907.0,0.009387,0.005703,0.072887,-0.000024,  31.130
   908.0,0.009263,0.005625,0.072185,-0.000046,  31.125
   909.0,0.009201,0.005594,0.071581,-0.000046,  31.127
   910.0,0.009130,0.005545,0.070960,-0.000024,  31.121
   911.0,0.009045,0.005498,0.070575,-0.000073,  31.128
   912.0,0.008960,0.005448,0.070269,-0.000038,  31.121
   913.0,0.008880,0.005384,0.069803,-0.000073,  31.125
   914.0,0.008808,0.005353,0.066824,-0.000073,  31.123
   915.0,0.008764,0.005318,0.067831,-0.000051,  31.116
   916.0,0.008706,0.005274,0.067533,-0.000073,  31.118
   917.0,0.008617,0.005240,0.067422,-0.000073,  31.119
   918.0,0.008525,0.005182,0.067218,-0.000038,  31.112
   919.0,0.008474,0.005145,0.066534,-0.000073,  31.111
   920.0,0.008421,0.005117,0.065760,-0.000038,  31.103
   921.0,0.008417,0.005114,0.065352,-0.000073,  31.097
   922.0,0.008322,0.005069,0.065185,-0.000060,  31.082
   923.0,0.008233,0.005012,0.064511,-0.000038,  31.074
   924.0,0.008172,0.004969,0.063805,-0.000073,  31.071
   925.0,0.008098,0.004933,0.063369,-0.000060,  31.068
   926.0,0.008015,0.004888,0.062793,-0.000002,  31.065
   927.0,0.007948,0.004841,0.061965,-0.000002,  31.056
   928.0,0.007899,0.004807,0.061838,-0.000002,  31.060
   929.0,0.007835,0.004765,0.061600,-0.000024,  31.063
   930.0,0.007792,0.004739,0.061047,-0.000024,  31.063
   931.0,0.007732,0.004709,0.061016,0.000011,  31.063
   932.0,0.007661,0.004656,0.060565,0.000025,  31.056
   933.0,0.007598,0.004632,0.059437,-0.000024,  31.060
   934.0,0.007560,0.004609,0.058960,-0.000029,  31.057
   935.0,0.007521,0.004596,0.058508,-0.000002,  31.054
   936.0,0.007407,0.004517,0.058152,-0.000002,  31.047
   937.0,0.007343,0.004472,0.057768,-0.000024,  31.045
   938.0,0.007295,0.004427,0.057164,-0.000011,  31.048
   939.0,0.007241,0.004401,0.056669,0.000011,  31.044
   940.0,0.007194,0.004364,0.056341,0.000025,  31.051
   941.0,0.007116,0.004318,0.055849,-0.000011,  31.047
   942.0,0.007037,0.004283,0.055453,0.000011,  31.048
   943.0,0.006995,0.004263,0.055317,0.000011,  31.045
   944.0,0.006941,0.004230,0.054669,-0.000002,  31.051
   945.0,0.006896,0.004205,0.054237,-0.000024,  31.052
   946.0,0.006847,0.004165,0.054233,-0.000024,  31.053
   947.0,0.006773,0.004126,0.053328,-0.000002,  31.051
   948.0,0.006721,0.004097,0.052606,-0.000002,  31.058
   949.0,0.006706,0.004093,0.052269,-0.000038,  31.067
   950.0,0.006613,0.004033,0.051828,-0.000016,  31.069
   951.0,0.006552,0.003993,0.051418,-0.000002,  31.063
   952.0,0.006501,0.003956,0.050930,-0.000038,  31.060
   953.0,0.006439,0.003914,0.050441,-0.000038,  31.060
   954.0,0.006394,0.003882,0.050100,-0.000046,  31.064
   955.0,0.006326,0.003845,0.049797,-0.000024,  31.064
   956.0,0.006271,0.003803,0.049467,-0.000060,  31.063
   957.0,0.006223,0.003782,0.049150,-0.000060,  31.066
   958.0,0.006182,0.003759,0.048684,-0.000038,  31.062
   959.0,0.006133,0.003734,0.048281,-0.000073,  31.075
   960.0,0.006076,0.003707,0.048097,-0.000060,  31.080
   961.0,0.006017,0.003684,0.047434,-0.000038,  31.087
   962.0,0.005967,0.003653,0.046987,-0.000060,  31.097
   963.0,0.005969,0.003638,0.046624,-0.000024,  31.097
   964.0,0.005908,0.003603,0.046302,-0.000046,  31.104
   965.0,0.005843,0.003566,0.045967,-0.000046,  31.109
   966.0,0.005784,0.003531,0.045434,-0.000011,  31.112
   967.0,0.005745,0.003511,0.043568,-0.000046,  31.114
   968.0,0.005697,0.003484,0.044390,-0.000046,  31.121
   969.0,0.005640,0.003454,0.044525,-0.000024,  31.124
   970.0,0.005598,0.003432,0.044116,-0.000046,  31.125
   971.0,0.005560,0.003409,0.043871,-0.000024,  31.126
   972.0,0.005512,0.003374,0.043476,-0.000002,  31.129
   973.0,0.005462,0.003343,0.042570,-0.000046,  31.123
   974.0,0.005413,0.003311,0.042711,-0.000016,  31.128
   975.0,0.005354,0.003266,0.042287,-0.000002,  31.114
   976.0,0.005316,0.003254,0.041816,-0.000038,  31.106
   977.0,0.005311,0.003245,0.041444,-0.000051,  31.100
   978.0,0.005238,0.003205,0.040910,-0.000073,  31.098
   979.0,0.005161,0.003159,0.040574,-0.000038,  31.086
   980.0,0.005119,0.003120,0.040414,-0.000073,  31.080
   981.0,0.005062,0.003093,0.040020,-0.000060,  31.071
   982.0,0.005036,0.003077,0.039575,-0.000038,  31.051
   983.0,0.005012,0.003060,0.039259,-0.000073,  31.048
   984.0,0.004942,0.003020,0.038915,-0.000060,  31.034
   985.0,0.004905,0.003009,0.038856,-0.000038,  31.028
   986.0,0.004882,0.002995,0.038379,-0.000060,  31.024
   987.0,0.004837,0.002968,0.038094,-0.000038,  31.027
   988.0,0.004802,0.002941,0.038078,-0.000046,  31.022
   989.0,0.004762,0.002923,0.037675,-0.000060,  31.024
   990.0,0.004712,0.002892,0.037180,-0.000038,  31.033
   991.0,0.004702,0.002883,0.036864,-0.000046,  31.035
   992.0,0.004664,0.002867,0.036617,-0.000046,  31.041
   993.0,0.004597,0.002830,0.036258,-0.000024,  31.050
   994.0,0.004549,0.002800,0.035910,-0.000002,  31.057
   995.0,0.004507,0.002784,0.035517,-0.000016,  31.057
   996.0,0.004470,0.002751,0.035180,-0.000038,  31.060
   997.0,0.004441,0.002724,0.034931,-0.000046,  31.063
   998.0,0.004390,0.002689,0.034687,-0.000038,  31.065
   999.0,0.004345,0.002654,0.034407,-0.000073,  31.070
  1000.0,0.004313,0.002639,0.034191,-0.000073,  31.071
  1001.0,0.004281,0.002626,0.033874,-0.000051,  31.073
  1002.0,0.004241,0.002607,0.033716,-0.000073,  31.083
  1003.0,0.004189,0.002580,0.033427,-0.000060,  31.084
  1004.0,0.004157,0.002558,0.033045,-0.000024,  31.087
  1005.0,0.004153,0.002555,0.032674,-0.000046,  31.093
  1006.0,0.004133,0.002542,0.032583,-0.000024,  31.092
  1007.0,0.004081,0.002517,0.032119,-0.000060,  31.094
  1008.0,0.004041,0.002492,0.032058,-0.000060,  31.095
  1009.0,0.004009,0.002480,0.031585,-0.000024,  31.082
  1010.0,0.003987,0.002469,0.031458,-0.000046,  31.077
  1011.0,0.003948,0.002437,0.030938,-0.000046,  31.083
  1012.0,0.003902,0.002406,0.030896,-0.000011,  31.067
  1013.0,0.003881,0.002399,0.030780,-0.000033,  31.080
  1014.0,0.003857,0.002388,0.030680,-0.000024,  31.084
  1015.0,0.003823,0.002360,0.030228,-0.000046,  31.085
  1016.0,0.003793,0.002342,0.029982,-0.000046,  31.087
  1017.0,0.003745,0.002323,0.029841,-0.000011,  31.092
  1018.0,0.003700,0.002287,0.029111,-0.000046,  31.089
  1019.0,0.003682,0.002278,0.029060,-0.000046,  31.098
  1020.0,0.003657,0.002265,0.028752,-0.000011,  31.093
  1021.0,0.003607,0.002230,0.028556,-0.000046,  31.091
  1022.0,0.003586,0.002204,0.028497,0.000003,  31.092
  1023.0,0.003570,0.002202,0.028281,-0.000033,  31.080
  1024.0,0.003540,0.002195,0.028085,-0.000046,  31.062
  1025.0,0.003516,0.002174,0.027805,0.000038,  31.065
  1026.0,0.003482,0.002152,0.027721,0.000038,  31.049
  1027.0,0.003442,0.002140,0.027439,0.000003,  31.041
  1028.0,0.003422,0.002142,0.027393,0.000011,  31.040
  1029.0,0.003404,0.002132,0.027084,0.000025,  31.037
  1030.0,0.003366,0.002101,0.026821,0.000003,  31.022
  1031.0,0.003343,0.002094,0.026625,-0.000033,  31.021
  1032.0,0.003304,0.002068,0.026585,-0.000033,  31.019
  1033.0,0.003281,0.002045,0.026301,0.000038,  31.023
  1034.0,0.003285,0.002039,0.026164,0.000038,  31.026
  1035.0,0.003255,0.002026,0.025859,-0.000033,  31.028
  1036.0,0.003215,0.002006,0.025556,0.000003,  31.031
  1037.0,0.003194,0.002000,0.025294,-0.000046,  31.047
  1038.0,0.003157,0.001961,0.024858,-0.000046,  31.052
  1039.0,0.003108,0.001937,0.024692,0.000003,  31.061
  1040.0,0.003079,0.001919,0.024540,-0.000046,  31.066
  1041.0,0.003046,0.001897,0.024364,-0.000024,  31.075
  1042.0,0.003019,0.001873,0.024156,-0.000073,  31.081
  1043.0,0.002995,0.001849,0.023796,-0.000060,  31.096
  1044.0,0.002954,0.001822,0.023601,-0.000024,  31.099
  1045.0,0.002928,0.001807,0.023500,-0.000046,  31.108
  1046.0,0.002896,0.001789,0.023047,-0.000046,  31.111
  1047.0,0.002874,0.001768,0.022917,-0.000024,  31.119
  1048.0,0.002872,0.001778,0.022739,-0.000073,  31.127
  1049.0,0.002840,0.001764,0.022598,-0.000024,  31.134
  1050.0,0.002811,0.001734,0.022528,-0.000046,  31.144
  1051.0,0.002778,0.001719,0.022183,-0.000046,  31.151
  1052.0,0.002768,0.001715,0.021870,-0.000024,  31.150
  1053.0,0.002749,0.001709,0.021703,-0.000046,  31.148
  1054.0,0.002715,0.001696,0.021520,-0.000046,  31.146
  1055.0,0.002691,0.001677,0.021506,-0.000011,  31.153
  1056.0,0.002681,0.001668,0.021480,-0.000060,  31.157
  1057.0,0.002660,0.001659,0.021202,-0.000024,  31.159
  1058.0,0.002638,0.001644,0.021082,-0.000046,  31.164
  1059.0,0.002636,0.001647,0.021125,-0.000019,  31.175
  1060.0,0.002600,0.001622,0.020947,0.000003,  31.172
  1061.0,0.002593,0.001619,0.020622,-0.000033,  31.178
  1062.0,0.002596,0.001617,0.020397,-0.000033,  31.179
  1063.0,0.002558,0.001608,0.020291,0.000003,  31.185
  1064.0,0.002528,0.001580,0.019956,-0.000033,  31.190
  1065.0,0.002508,0.001578,0.019979,0.000016,  31.197
  1066.0,0.002498,0.001561,0.019905,-0.000006,  31.198
  1067.0,0.002472,0.001562,0.019752,-0.000019,  31.201
  1068.0,0.002456,0.001554,0.019528,0.000016,  31.204
  1069.0,0.002433,0.001538,0.019480,-0.000006,  31.209
  1070.0,0.002414,0.001527,0.019437,-0.000019,  31.208
  1071.0,0.002403,0.001517,0.019172,0.000016,  31.216
  1072.0,0.002383,0.001509,0.018858,-0.000006,  31.219
  1073.0,0.002359,0.001499,0.018194,-0.000019,  31.220
  1074.0,0.002338,0.001477,0.018563,-0.000011,  31.223
  1075.0,0.002321,0.001472,0.018597,-0.000033,  31.223
  1076.0,0.002305,0.001461,0.018514,0.000011,  31.231
  1077.0,0.002292,0.001457,0.018123,0.000038,  31.236
  1078.0,0.002254,0.001437,0.018215,0.000016,  31.239
  1079.0,0.002230,0.001416,0.017928,0.000038,  31.241
  1080.0,0.002221,0.001414,0.017838,0.000003,  31.240
  1081.0,0.002208,0.001396,0.017519,-0.000033,  31.242
  1082.0,0.002183,0.001380,0.017492,0.000016,  31.245
  1083.0,0.002171,0.001374,0.017505,-0.000019,  31.244
  1084.0,0.002166,0.001375,0.017544,0.000016,  31.244
  1085.0,0.002150,0.001371,0.017258,-0.000006,  31.239
  1086.0,0.002134,0.001360,0.017158,-0.000019,  31.241
  1087.0,0.002109,0.001346,0.017011,0.000003,  31.236
  1088.0,0.002072,0.001324,0.016864,-0.000046,  31.232
  1089.0,0.002047,0.001313,0.016557,-0.000046,  31.229
  1090.0,0.002037,0.001292,0.016337,-0.000011,  31.225
  1091.0,0.002015,0.001271,0.016083,-0.000046,  31.222
  1092.0,0.001982,0.001257,0.015915,-0.000011,  31.220
  1093.0,0.001965,0.001237,0.015818,-0.000046,  31.218
  1094.0,0.001937,0.001217,0.015549,-0.000046,  31.213
  1095.0,0.001924,0.001208,0.015499,-0.000011,  31.213
  1096.0,0.001915,0.001199,0.015454,-0.000046,  31.210
  1097.0,0.001884,0.001186,0.015217,-0.000046,  31.198
  1098.0,0.001868,0.001174,0.014982,-0.000011,  31.191
  1099.0,0.001865,0.001173,0.014808,-0.000046,  31.197
  1100.0,0.001837,0.001156,0.014680,-0.000002,  31.196
  1101.0,0.001818,0.001140,0.014668,0.000025,  31.195
  1102.0,0.001799,0.001124,0.014495,-0.000046,  31.190
  1103.0,0.001776,0.001116,0.014387,-0.000011,  31.191
  1104.0,0.001770,0.001110,0.014078,-0.000033,  31.195
  1105.0,0.001773,0.001117,0.014178,-0.000060,  31.200
  1106.0,0.001743,0.001105,0.013988,-0.000011,  31.201
  1107.0,0.001733,0.001101,0.013695,-0.000046,  31.200
  1108.0,0.001717,0.001083,0.013371,-0.000046,  31.209
  1109.0,0.001695,0.001067,0.013396,0.000003,  31.206
  1110.0,0.001682,0.001061,0.013294,-0.000046,  31.213
  1111.0,0.001661,0.001058,0.013188,-0.000011,  31.211
  1112.0,0.001645,0.001038,0.013207,-0.000046,  31.213
  1113.0,0.001642,0.001036,0.013121,-0.000046,  31.204
  1114.0,0.001627,0.001017,0.013038,-0.000024,  31.187
  1115.0,0.001607,0.001012,0.012936,-0.000046,  31.179
  1116.0,0.001588,0.001000,0.012923,-0.000019,  31.166
  1117.0,0.001566,0.000993,0.012805,0.000003,  31.160
  1118.0,0.001562,0.000989,0.012699,-0.000033,  31.160
  1119.0,0.001569,0.000995,0.012548,-0.000033,  31.159
  1120.0,0.001562,0.000989,0.012321,-0.000033,  31.155
  1121.0,0.001534,0.000975,0.012253,-0.000033,  31.150
  1122.0,0.001520,0.000964,0.012134,-0.000011,  31.155
  1123.0,0.001514,0.000961,0.012100,-0.000046,  31.149
  1124.0,0.001492,0.000950,0.012084,-0.000046,  31.157
  1125.0,0.001487,0.000943,0.011898,-0.000011,  31.152
  1126.0,0.001479,0.000946,0.011872,-0.000033,  31.151
  1127.0,0.001477,0.000937,0.011841,0.000003,  31.151
  1128.0,0.001469,0.000932,0.011700,-0.000033,  31.152
  1129.0,0.001461,0.000926,0.011597,-0.000033,  31.153
  1130.0,0.001451,0.000918,0.011588,-0.000033,  31.155
  1131.0,0.001424,0.000915,0.011248,-0.000033,  31.156
  1132.0,0.001404,0.000905,0.011109,-0.000060,  31.159
  1133.0,0.001402,0.000893,0.010910,-0.000011,  31.161
  1134.0,0.001387,0.000887,0.010935,-0.000033,  31.162
  1135.0,0.001379,0.000874,0.010906,0.000003,  31.166
  1136.0,0.001377,0.000868,0.010729,-0.000033,  31.179
  1137.0,0.001351,0.000871,0.010859,-0.000033,  31.173
  1138.0,0.001354,0.000875,0.010784,0.000003,  31.183
  1139.0,0.001343,0.000867,0.010697,-0.000006,  31.186
  1140.0,0.001318,0.000851,0.010586,-0.000033,  31.187
  1141.0,0.001313,0.000854,0.010762,0.000003,  31.196
  1142.0,0.001312,0.000850,0.010600,-0.000033,  31.200
  1143.0,0.001301,0.000832,0.010409,0.000003,  31.204
  1144.0,0.001302,0.000834,0.010468,-0.000033,  31.202
  1145.0,0.001280,0.000829,0.010424,-0.000019,  31.204
  1146.0,0.001272,0.000824,0.010254,-0.000006,  31.199
  1147.0,0.001278,0.000829,0.010194,0.000008,  31.197
  1148.0,0.001261,0.000819,0.009966,-0.000019,  31.189
  1149.0,0.001231,0.000810,0.009702,-0.000019,  31.183
  1150.0,0.001238,0.000811,0.009834,-0.000006,  31.176
  1151.0,0.001229,0.000799,0.009737,-0.000019,  31.171
  1152.0,0.001228,0.000793,0.009508,-0.000006,  31.171
  1153.0,0.001214,0.000792,0.009571,-0.000019,  31.172
  1154.0,0.001192,0.000777,0.009484,-0.000019,  31.167
  1155.0,0.001183,0.000761,0.009462,-0.000019,  31.168
  1156.0,0.001166,0.000761,0.009418,-0.000033,  31.171
  1157.0,0.001153,0.000755,0.009295,-0.000019,  31.174
  1158.0,0.001152,0.000743,0.009136,-0.000019,  31.171
  1159.0,0.001129,0.000744,0.009206,-0.000019,  31.171
  1160.0,0.001127,0.000728,0.009088,-0.000019,  31.175
  1161.0,0.001130,0.000727,0.009036,-0.000019,  31.178
  1162.0,0.001134,0.000726,0.008901,0.000003,  31.184
  1163.0,0.001121,0.000723,0.008778,-0.000033,  31.189
  1164.0,0.001104,0.000713,0.008762,-0.000033,  31.189
  1165.0,0.001099,0.000713,0.008656,0.000003,  31.196
  1166.0,0.001088,0.000707,0.008536,-0.000033,  31.199
  1167.0,0.001075,0.000701,0.008487,-0.000033,  31.211
  1168.0,0.001058,0.000695,0.008399,0.000003,  31.217
  1169.0,0.001051,0.000687,0.008370,-0.000046,  31.216
  1170.0,0.001049,0.000681,0.008414,-0.000011,  31.224
  1171.0,0.001044,0.000675,0.008237,-0.000046,  31.225
  1172.0,0.001030,0.000674,0.008154,-0.000046,  31.224
