Run Name,Group4Run50%
Run Date,12:59:06 PM   04-15-11
Method Name,50%B-Isocrat SVS
Export Format Version, 1.00
Method ID, 1283
Points/Second, 1.00
Number of Records,    362
Offset from Run Start Time,00:00:00
Run End Time,00:06:05
Time,Second
QuadTec 1, (280.0 nm), AU
QuadTec 2, (260.0 nm), AU
Gradient Pump,<Not Selected>
QuadTec 3, (214.0 nm), AU
QuadTec 4, (405.0 nm), AU
Conductivity,mS/cm
Trace 6,<Not Available>
GP Pressure,<Not Selected>
Volume,<Not Selected>
Fraction,<Not Available>
Time,QuadTec 1,QuadTec 2,QuadTec 3,QuadTec 4,Conductivity
     0.0,0.006535,-0.351703,0.135703,0.000000,  46.485
     1.0,0.006538,-0.351698,0.000000,0.000000,  46.484
     2.0,0.000000,-0.351699,0.000000,0.000000,  46.484
     3.0,0.000000,0.000000,0.000000,0.000000,  46.485
     4.0,0.000000,0.000000,0.000000,0.000000,  46.480
     5.0,0.000000,0.000000,0.000084,0.000022,  46.482
     6.0,0.000000,0.000000,0.000097,0.000000,  46.480
     7.0,0.000003,0.000000,0.000132,-0.000022,  46.481
     8.0,-0.000014,0.000000,0.000137,-0.000036,  46.473
     9.0,-0.000025,0.000003,0.000200,-0.000071,  46.473
    10.0,-0.000032,0.000002,0.000203,-0.000022,  46.472
    11.0,-0.000041,-0.000013,0.000256,-0.000022,  46.474
    12.0,-0.000039,-0.000017,0.000316,-0.000044,  46.474
    13.0,-0.000015,-0.000018,0.000382,0.000027,  46.475
    14.0,-0.000018,-0.000000,0.000513,0.000027,  46.479
    15.0,-0.000020,-0.000005,0.000496,0.000027,  46.480
    16.0,-0.000011,-0.000008,0.000539,0.000027,  46.478
    17.0,-0.000008,0.000002,0.000369,0.000027,  46.478
    18.0,-0.000016,0.000009,0.000472,0.000027,  46.480
    19.0,-0.000004,0.000011,0.000539,0.000013,  46.481
    20.0,-0.000014,0.000010,0.000398,0.000027,  46.477
    21.0,-0.000020,0.000011,0.000400,0.000013,  46.473
    22.0,-0.000019,0.000024,0.000424,0.000009,  46.473
    23.0,-0.000022,0.000011,0.000416,0.000036,  46.474
    24.0,-0.000013,-0.000005,0.000471,0.000009,  46.473
    25.0,-0.000020,0.000002,0.000337,0.000036,  46.477
    26.0,-0.000028,0.000014,0.000477,0.000009,  46.481
    27.0,-0.000031,0.000005,0.000446,0.000022,  46.483
    28.0,-0.000026,-0.000001,0.000530,0.000036,  46.481
    29.0,-0.000020,0.000002,0.000624,0.000022,  46.482
    30.0,-0.000022,-0.000005,0.000701,0.000022,  46.478
    31.0,-0.000020,0.000002,0.000749,0.000036,  46.475
    32.0,-0.000017,0.000000,0.000787,0.000036,  46.477
    33.0,-0.000020,0.000006,0.000747,0.000049,  46.475
    34.0,-0.000017,0.000008,0.000766,0.000049,  46.482
    35.0,-0.000022,0.000001,0.000828,0.000036,  46.481
    36.0,-0.000023,0.000006,0.000778,0.000036,  46.489
    37.0,-0.000020,0.000000,0.000715,0.000049,  46.494
    38.0,-0.000023,0.000005,0.000805,0.000036,  46.494
    39.0,-0.000020,0.000004,0.000874,0.000036,  46.501
    40.0,-0.000014,0.000008,0.000765,0.000036,  46.503
    41.0,-0.000014,0.000007,0.000728,0.000049,  46.506
    42.0,-0.000011,0.000010,0.000826,0.000049,  46.509
    43.0,-0.000013,0.000014,0.000881,0.000044,  46.514
    44.0,-0.000019,0.000002,0.001204,0.000022,  46.523
    45.0,-0.000001,-0.000011,0.000979,0.000022,  46.524
    46.0,-0.000006,-0.000001,0.000898,0.000044,  46.535
    47.0,-0.000010,0.000009,0.000916,0.000022,  46.538
    48.0,-0.000013,0.000010,0.000912,0.000022,  46.545
    49.0,-0.000001,0.000001,0.000922,0.000058,  46.552
    50.0,-0.000015,0.000018,0.000976,0.000022,  46.575
    51.0,-0.000012,0.000015,0.000967,0.000058,  46.619
    52.0,-0.000006,0.000009,0.000958,0.000036,  46.606
    53.0,-0.000004,0.000012,0.001163,-0.000032,  46.581
    54.0,0.000014,0.000014,0.001626,-0.000077,  46.573
    55.0,0.000051,0.000025,0.001381,-0.000072,  46.567
    56.0,-0.000092,0.000036,0.001134,-0.000032,  46.559
    57.0,-0.000103,-0.000028,0.000904,0.000017,  46.558
    58.0,-0.000064,-0.000085,0.000946,0.000022,  46.547
    59.0,-0.000038,-0.000056,0.001075,0.000098,  46.530
    60.0,0.000017,-0.000022,0.001044,0.000062,  46.513
    61.0,0.000081,0.000040,0.000904,0.000076,  46.529
    62.0,0.000081,0.000103,0.000908,0.000071,  46.533
    63.0,0.000070,0.000091,0.000991,0.000107,  46.533
    64.0,0.000022,0.000094,0.001043,0.000085,  46.535
    65.0,0.000064,0.000061,0.001030,0.000085,  46.534
    66.0,0.000060,0.000093,0.001031,0.000062,  46.534
    67.0,0.000080,0.000082,0.001041,0.000098,  46.535
    68.0,0.000079,0.000092,0.001101,0.000062,  46.533
    69.0,0.000076,0.000107,0.001066,0.000076,  46.538
    70.0,0.000095,0.000109,-0.000685,0.000098,  46.539
    71.0,0.000094,0.000109,0.000569,0.000062,  46.528
    72.0,0.000086,0.000118,0.000974,0.000062,  46.534
    73.0,0.000105,0.000113,0.001007,0.000115,  46.526
    74.0,0.000114,0.000124,0.001015,0.000120,  46.516
    75.0,0.000107,0.000117,0.001212,0.000134,  46.511
    76.0,0.000101,0.000119,0.001292,0.000134,  46.514
    77.0,0.000117,0.000112,0.001323,0.000112,  46.511
    78.0,0.000123,0.000111,0.001248,0.000134,  46.497
    79.0,0.000119,0.000111,0.001357,0.000161,  46.504
    80.0,0.000127,0.000123,0.001313,0.000125,  46.500
    81.0,0.000145,0.000128,0.001387,0.000161,  46.506
    82.0,0.000156,0.000141,0.001356,0.000161,  46.498
    83.0,0.000150,0.000160,0.001389,0.000161,  46.504
    84.0,0.000157,0.000163,0.001230,0.000174,  46.501
    85.0,0.000164,0.000172,0.001391,0.000152,  46.503
    86.0,0.000170,0.000183,0.001490,0.000201,  46.505
    87.0,0.000190,0.000199,0.001558,0.000201,  46.504
    88.0,0.000214,0.000207,0.001700,0.000165,  46.508
    89.0,0.000234,0.000222,0.002015,0.000201,  46.509
    90.0,0.000239,0.000239,0.002507,0.000214,  46.512
    91.0,0.000254,0.000240,0.003561,0.000309,  46.510
    92.0,0.000328,0.000253,0.005395,0.000479,  46.514
    93.0,0.000499,0.000333,0.007400,0.000605,  46.517
    94.0,0.000826,0.000528,0.010210,0.000721,  46.522
    95.0,0.001189,0.000868,0.013933,0.000659,  46.522
    96.0,0.001470,0.001214,0.018465,0.000529,  46.527
    97.0,0.001583,0.001443,0.024321,0.000430,  46.531
    98.0,0.001646,0.001450,0.032130,0.000349,  46.539
    99.0,0.001793,0.001378,0.041767,0.000260,  46.542
   100.0,0.002136,0.001326,0.053663,0.000268,  46.545
   101.0,0.002540,0.001386,0.068236,0.000268,  46.553
   102.0,0.003321,0.001605,0.082901,0.000255,  46.565
   103.0,0.004399,0.001998,0.103696,0.000255,  46.588
   104.0,0.005785,0.002562,0.130145,0.000219,  46.592
   105.0,0.007541,0.003280,0.160191,0.000255,  46.603
   106.0,0.009865,0.004230,0.195068,0.000282,  46.607
   107.0,0.012584,0.005302,0.236393,0.000260,  46.603
   108.0,0.015781,0.006628,0.281121,0.000295,  46.604
   109.0,0.019377,0.008270,0.333071,0.000322,  46.602
   110.0,0.023008,0.010293,0.383645,0.000309,  46.590
   111.0,0.027873,0.012519,0.441793,0.000335,  46.579
   112.0,0.033278,0.015109,0.510350,0.000340,  46.568
   113.0,0.039217,0.017995,0.586758,0.000403,  46.543
   114.0,0.045928,0.021163,0.664939,0.000457,  46.528
   115.0,0.053298,0.024713,0.749702,0.000421,  46.516
   116.0,0.060707,0.027780,0.837112,0.000506,  46.509
   117.0,0.068831,0.031754,0.926794,0.000510,  46.499
   118.0,0.075474,0.035987,1.020653,0.000560,  46.496
   119.0,0.083910,0.040376,1.110358,0.000524,  46.496
   120.0,0.092757,0.044880,1.194161,0.000524,  46.495
   121.0,0.101745,0.049509,1.293904,0.000560,  46.494
   122.0,0.110876,0.054216,1.391326,0.000551,  46.489
   123.0,0.120438,0.059044,1.486120,0.000537,  46.491
   124.0,0.129576,0.063013,1.580681,0.000560,  46.483
   125.0,0.138537,0.067945,1.668444,0.000564,  46.468
   126.0,0.145884,0.072671,1.753865,0.000600,  46.463
   127.0,0.154383,0.077491,1.817033,0.000524,  46.438
   128.0,0.162870,0.081945,1.894961,0.000524,  46.439
   129.0,0.171096,0.086435,1.967142,0.000560,  46.429
   130.0,0.178881,0.090690,2.035068,0.000497,  46.426
   131.0,0.186480,0.094796,2.091588,0.000470,  46.418
   132.0,0.193781,0.098558,2.144207,0.000465,  46.412
   133.0,0.200295,0.101984,2.189228,0.000376,  46.405
   134.0,0.206462,0.105436,2.230631,0.000371,  46.399
   135.0,0.211161,0.108790,2.265465,0.000317,  46.392
   136.0,0.216518,0.111845,2.293203,0.000228,  46.383
   137.0,0.221583,0.114631,2.322822,0.000183,  46.380
   138.0,0.226161,0.117292,2.348108,0.000107,  46.364
   139.0,0.230243,0.119658,2.368095,0.000026,  46.332
   140.0,0.234148,0.121865,2.387229,-0.000019,  46.311
   141.0,0.237476,0.123549,2.403562,-0.000135,  46.279
   142.0,0.240475,0.125375,2.418588,-0.000176,  46.224
   143.0,0.243014,0.126970,2.434180,-0.000180,  46.177
   144.0,0.245272,0.128565,2.446266,-0.000194,  46.121
   145.0,0.247843,0.129926,2.456582,-0.000207,  46.034
   146.0,0.250271,0.131378,2.469252,-0.000216,  45.935
   147.0,0.252577,0.132780,2.477938,-0.000149,  45.817
   148.0,0.255164,0.134124,2.491323,-0.000046,  45.677
   149.0,0.257958,0.135631,2.500483,0.000053,  45.510
   150.0,0.260848,0.136985,2.510121,0.000187,  45.334
   151.0,0.264259,0.138734,2.524322,0.000411,  45.120
   152.0,0.267101,0.140753,2.531981,0.000578,  44.894
   153.0,0.271239,0.142989,2.544309,0.000775,  44.624
   154.0,0.275829,0.145506,2.554623,0.000968,  44.365
   155.0,0.280795,0.148338,2.562469,0.001171,  44.082
   156.0,0.286056,0.151360,2.573227,0.001422,  43.820
   157.0,0.291902,0.154608,2.581516,0.001521,  43.559
   158.0,0.297723,0.157710,2.589938,0.001670,  43.325
   159.0,0.303524,0.161109,2.598549,0.001836,  43.115
   160.0,0.308866,0.164688,2.598544,0.001854,  42.942
   161.0,0.313431,0.168322,2.604400,0.001903,  42.805
   162.0,0.318312,0.171666,2.604384,0.001890,  42.743
   163.0,0.322445,0.174776,2.607360,0.001773,  42.713
   164.0,0.325982,0.177500,2.610336,0.001719,  42.746
   165.0,0.328856,0.179843,2.610298,0.001589,  42.843
   166.0,0.330808,0.181846,2.607323,0.001467,  42.988
   167.0,0.331818,0.183256,2.610293,0.001368,  43.158
   168.0,0.332315,0.184107,2.604363,0.001282,  43.366
   169.0,0.331993,0.184832,2.598544,0.001174,  43.593
   170.0,0.331355,0.185081,2.595632,0.001080,  43.850
   171.0,0.329952,0.185018,2.589912,0.000950,  44.099
   172.0,0.328054,0.184561,2.587120,0.000856,  44.354
   173.0,0.325842,0.183833,2.578757,0.000726,  44.607
   174.0,0.322993,0.182919,2.567788,0.000632,  44.837
   175.0,0.319782,0.181663,2.557108,0.000600,  45.057
   176.0,0.316360,0.180460,2.546706,0.000524,  45.264
   177.0,0.312711,0.178857,2.534070,0.000510,  45.454
   178.0,0.309415,0.177161,2.519384,0.000492,  45.627
   179.0,0.305824,0.175295,2.505101,0.000443,  45.774
   180.0,0.301582,0.173394,2.491291,0.000452,  45.894
   181.0,0.297272,0.171282,2.473573,0.000434,  46.005
   182.0,0.292853,0.169094,2.452373,0.000411,  46.091
   183.0,0.288055,0.166857,2.428256,0.000420,  46.159
   184.0,0.283298,0.164478,2.403525,0.000420,  46.230
   185.0,0.278518,0.162478,2.376695,0.000371,  46.271
   186.0,0.273641,0.159940,2.348166,0.000407,  46.322
   187.0,0.270092,0.157389,2.318290,0.000385,  46.347
   188.0,0.265018,0.154972,2.293166,0.000393,  46.367
   189.0,0.260020,0.152341,2.257396,0.000393,  46.379
   190.0,0.255106,0.149672,2.219488,0.000344,  46.407
   191.0,0.249897,0.147053,2.182432,0.000366,  46.418
   192.0,0.244651,0.144200,2.138674,0.000366,  46.423
   193.0,0.239556,0.141743,2.101758,0.000331,  46.427
   194.0,0.234401,0.139162,2.062044,0.000366,  46.428
   195.0,0.229711,0.136346,2.018792,0.000366,  46.430
   196.0,0.225455,0.133606,1.980866,0.000366,  46.431
   197.0,0.220291,0.130908,1.940829,0.000380,  46.436
   198.0,0.215277,0.128065,1.893805,0.000309,  46.435
   199.0,0.210281,0.125244,1.847757,0.000331,  46.441
   200.0,0.205067,0.122459,1.801975,0.000268,  46.445
   201.0,0.199946,0.119527,1.755919,0.000282,  46.449
   202.0,0.194989,0.117285,1.713140,0.000304,  46.443
   203.0,0.190057,0.114442,1.662477,0.000282,  46.434
   204.0,0.186258,0.111659,1.619139,0.000304,  46.425
   205.0,0.181427,0.109034,1.585198,0.000282,  46.424
   206.0,0.176731,0.106263,1.539171,0.000282,  46.420
   207.0,0.172036,0.103548,1.494311,0.000326,  46.421
   208.0,0.167263,0.100886,1.449789,0.000326,  46.429
   209.0,0.162470,0.098185,1.406757,0.000290,  46.429
   210.0,0.157905,0.095653,1.362905,0.000299,  46.425
   211.0,0.153367,0.093361,1.324657,0.000299,  46.423
   212.0,0.149030,0.090740,1.283327,0.000277,  46.427
   213.0,0.145300,0.088256,1.243406,0.000312,  46.430
   214.0,0.141317,0.085824,1.211969,0.000290,  46.445
   215.0,0.137200,0.083316,1.171897,0.000299,  46.448
   216.0,0.132978,0.080911,1.133950,0.000299,  46.462
   217.0,0.128818,0.078503,1.095747,0.000299,  46.461
   218.0,0.124765,0.076078,1.059981,0.000321,  46.453
   219.0,0.120843,0.073806,1.026147,0.000299,  46.454
   220.0,0.117009,0.071925,0.991028,0.000250,  46.447
   221.0,0.113351,0.069662,0.957581,0.000286,  46.454
   222.0,0.110447,0.067521,0.925354,0.000250,  46.457
   223.0,0.106840,0.065362,0.896976,0.000272,  46.461
   224.0,0.103384,0.063303,0.867417,0.000272,  46.467
   225.0,0.099766,0.061279,0.837262,0.000237,  46.473
   226.0,0.096365,0.059201,0.806880,0.000272,  46.475
   227.0,0.093105,0.057196,0.779049,0.000272,  46.476
   228.0,0.089892,0.055518,0.751599,0.000223,  46.475
   229.0,0.086893,0.053746,0.724105,0.000259,  46.480
   230.0,0.084092,0.051965,0.698184,0.000259,  46.484
   231.0,0.081506,0.050199,0.675906,0.000281,  46.490
   232.0,0.078651,0.048447,0.652495,0.000259,  46.485
   233.0,0.075816,0.046798,0.627903,0.000281,  46.494
   234.0,0.073039,0.045106,0.604712,0.000281,  46.497
   235.0,0.070332,0.043478,0.582559,0.000245,  46.494
   236.0,0.067762,0.042069,0.561101,0.000254,  46.499
   237.0,0.065265,0.040668,0.539830,0.000267,  46.497
   238.0,0.063160,0.039195,0.520578,0.000281,  46.492
   239.0,0.061053,0.037806,0.504508,0.000267,  46.494
   240.0,0.058763,0.036398,0.484115,0.000232,  46.495
   241.0,0.056587,0.035063,0.465351,0.000267,  46.505
   242.0,0.054377,0.033769,0.447620,0.000267,  46.505
   243.0,0.052297,0.032448,0.428778,0.000267,  46.517
   244.0,0.050263,0.031378,0.413767,0.000267,  46.524
   245.0,0.048308,0.030267,0.398384,0.000254,  46.533
   246.0,0.046585,0.029095,0.382834,0.000254,  46.541
   247.0,0.045073,0.028004,0.370154,0.000254,  46.542
   248.0,0.043249,0.026941,0.356627,0.000232,  46.544
   249.0,0.041566,0.025870,0.342232,0.000267,  46.560
   250.0,0.039945,0.024876,0.328621,0.000267,  46.558
   251.0,0.038329,0.023895,0.315684,0.000232,  46.568
   252.0,0.036770,0.022947,0.303401,0.000267,  46.568
   253.0,0.035289,0.022209,0.291849,0.000240,  46.571
   254.0,0.033890,0.021319,0.280105,0.000205,  46.563
   255.0,0.032819,0.020468,0.269121,0.000240,  46.563
   256.0,0.031489,0.019687,0.259228,0.000205,  46.564
   257.0,0.030210,0.018882,0.249785,0.000254,  46.561
   258.0,0.028981,0.018118,0.239604,0.000240,  46.559
   259.0,0.027791,0.017402,0.229906,0.000205,  46.563
   260.0,0.026625,0.016685,0.220744,0.000254,  46.558
   261.0,0.025524,0.016042,0.212069,0.000254,  46.559
   262.0,0.024439,0.015463,0.204153,0.000218,  46.554
   263.0,0.023478,0.014815,0.195613,0.000240,  46.561
   264.0,0.022701,0.014206,0.188176,0.000218,  46.539
   265.0,0.021720,0.013634,0.181571,0.000240,  46.536
   266.0,0.020825,0.013052,0.174125,0.000227,  46.541
   267.0,0.019943,0.012510,0.166890,0.000205,  46.539
   268.0,0.019083,0.011984,0.160192,0.000249,  46.534
   269.0,0.018264,0.011485,0.153833,0.000262,  46.531
   270.0,0.017493,0.011096,0.147940,0.000262,  46.534
   271.0,0.016765,0.010628,0.141853,0.000262,  46.524
   272.0,0.016168,0.010181,0.136118,0.000262,  46.530
   273.0,0.015536,0.009771,0.131627,0.000262,  46.529
   274.0,0.014883,0.009352,0.126383,0.000249,  46.525
   275.0,0.014238,0.008957,0.120807,0.000249,  46.522
   276.0,0.013599,0.008578,0.115243,0.000236,  46.526
   277.0,0.013001,0.008207,0.111271,0.000236,  46.522
   278.0,0.012441,0.007861,0.106923,0.000249,  46.521
   279.0,0.011894,0.007583,0.102845,0.000236,  46.518
   280.0,0.011416,0.007250,0.099007,0.000222,  46.517
   281.0,0.011029,0.006966,0.095080,0.000236,  46.526
   282.0,0.010550,0.006668,0.091764,0.000222,  46.526
   283.0,0.010103,0.006376,0.087782,0.000222,  46.523
   284.0,0.009653,0.006105,0.084377,0.000222,  46.527
   285.0,0.009228,0.005827,0.080953,0.000222,  46.519
   286.0,0.008822,0.005573,0.078020,0.000222,  46.525
   287.0,0.008435,0.005369,0.075026,0.000209,  46.528
   288.0,0.008094,0.005152,0.072194,0.000209,  46.529
   289.0,0.007785,0.004948,0.069206,0.000209,  46.533
   290.0,0.007479,0.004739,0.066906,0.000209,  46.541
   291.0,0.007161,0.004533,0.064278,0.000222,  46.549
   292.0,0.006847,0.004350,0.061837,0.000209,  46.556
   293.0,0.006549,0.004156,0.059353,0.000209,  46.556
   294.0,0.006261,0.003972,0.057008,0.000222,  46.552
   295.0,0.005984,0.003800,0.054905,0.000209,  46.545
   296.0,0.005741,0.003673,0.052976,0.000195,  46.545
   297.0,0.005515,0.003518,0.050886,0.000195,  46.536
   298.0,0.005326,0.003380,0.049006,0.000195,  46.533
   299.0,0.005089,0.003228,0.047566,0.000195,  46.527
   300.0,0.004869,0.003090,0.045643,0.000195,  46.525
   301.0,0.004665,0.002961,0.043871,0.000195,  46.528
   302.0,0.004456,0.002831,0.042346,0.000195,  46.527
   303.0,0.004262,0.002723,0.040841,0.000195,  46.525
   304.0,0.004085,0.002608,0.039289,0.000195,  46.529
   305.0,0.003914,0.002525,0.037819,0.000195,  46.531
   306.0,0.003756,0.002412,0.036526,0.000195,  46.535
   307.0,0.003617,0.002321,0.035071,0.000222,  46.542
   308.0,0.003452,0.002218,0.034075,0.000209,  46.546
   309.0,0.003326,0.002125,0.032937,0.000182,  46.544
   310.0,0.003182,0.002035,0.031769,0.000209,  46.551
   311.0,0.003041,0.001954,0.030590,0.000195,  46.547
   312.0,0.002906,0.001871,0.029644,0.000195,  46.548
   313.0,0.002790,0.001804,0.028563,0.000209,  46.552
   314.0,0.002689,0.001740,0.027672,0.000209,  46.556
   315.0,0.002579,0.001674,0.026718,0.000195,  46.569
   316.0,0.002492,0.001607,0.025972,0.000173,  46.576
   317.0,0.002391,0.001541,0.025097,0.000173,  46.606
   318.0,0.002290,0.001482,0.024182,0.000138,  46.599
   319.0,0.002202,0.001429,0.023375,0.000173,  46.599
   320.0,0.002125,0.001375,0.022740,0.000173,  46.604
   321.0,0.002039,0.001319,0.022026,0.000151,  46.599
   322.0,0.001957,0.001282,0.021303,0.000173,  46.597
   323.0,0.001884,0.001223,0.020677,0.000209,  46.594
   324.0,0.001822,0.001170,0.019927,0.000209,  46.591
   325.0,0.001760,0.001129,0.019505,0.000209,  46.594
   326.0,0.001682,0.001084,0.018930,0.000222,  46.592
   327.0,0.001610,0.001051,0.018366,0.000195,  46.597
   328.0,0.001550,0.001004,0.017784,0.000195,  46.597
   329.0,0.001490,0.000963,0.017225,0.000182,  46.599
   330.0,0.001442,0.000927,0.016788,0.000217,  46.597
   331.0,0.001392,0.000910,0.016240,0.000217,  46.601
   332.0,0.001350,0.000885,0.015862,0.000217,  46.603
   333.0,0.001311,0.000853,0.015486,0.000231,  46.607
   334.0,0.001271,0.000828,0.015086,0.000195,  46.614
   335.0,0.001220,0.000795,0.014710,0.000231,  46.620
   336.0,0.001182,0.000762,0.014321,0.000244,  46.622
   337.0,0.001138,0.000744,0.012780,0.000222,  46.628
   338.0,0.001089,0.000727,0.013186,0.000209,  46.632
   339.0,0.001058,0.000702,0.013028,0.000209,  46.628
   340.0,0.001026,0.000680,0.012769,0.000222,  46.630
   341.0,0.000995,0.000658,0.012553,0.000195,  46.635
   342.0,0.000957,0.000637,0.012054,0.000231,  46.634
   343.0,0.000928,0.000619,0.011987,0.000244,  46.634
   344.0,0.000899,0.000598,0.011626,0.000231,  46.635
   345.0,0.000876,0.000573,0.011357,0.000195,  46.637
   346.0,0.000836,0.000562,0.011100,0.000231,  46.642
   347.0,0.000812,0.000540,0.010933,0.000231,  46.640
   348.0,0.000782,0.000529,0.010610,0.000195,  46.637
   349.0,0.000753,0.000513,0.010314,0.000195,  46.642
   350.0,0.000740,0.000494,0.010088,0.000222,  46.645
   351.0,0.000724,0.000485,0.009977,0.000209,  46.652
   352.0,0.000710,0.000471,0.009671,0.000209,  46.655
   353.0,0.000688,0.000459,0.009258,0.000222,  46.654
   354.0,0.000667,0.000457,0.009252,0.000173,  46.654
   355.0,0.000655,0.000432,0.009090,0.000173,  46.666
   356.0,0.000630,0.000427,0.008908,0.000222,  46.657
   357.0,0.000618,0.000422,0.009086,0.000209,  46.658
   358.0,0.000608,0.000410,0.008765,0.000195,  46.654
   359.0,0.000601,0.000404,0.008604,0.000195,  46.652
   360.0,0.000585,0.000387,0.008366,0.000231,  46.654
   361.0,0.000566,0.000378,0.008003,0.000195,  46.649
