Run Name,group12_run6_28.6
Run Date,04:08:03 PM   03-03-11
Method Name,27%B-Isocrat.1
Export Format Version, 1.00
Method ID, 1209
Points/Second, 1.00
Number of Records,   1392
Offset from Run Start Time,00:00:00
Run End Time,00:23:12
Time,Second
QuadTec 1, (280.0 nm), AU
QuadTec 2, (260.0 nm), AU
Gradient Pump,<Not Selected>
QuadTec 3, (214.0 nm), AU
QuadTec 4, (405.0 nm), AU
Conductivity,mS/cm
Trace 6,<Not Available>
GP Pressure,<Not Selected>
Volume,<Not Selected>
Fraction,<Not Available>
Time,QuadTec 1,QuadTec 2,QuadTec 3,QuadTec 4,Conductivity
     0.0,0.000215,-0.000041,0.000235,0.000000,  28.590
     1.0,0.000000,0.000000,0.000000,0.000000,  28.591
     2.0,0.000000,0.000000,0.000000,0.000000,  28.590
     3.0,0.000000,0.000000,0.000000,0.000000,  28.595
     4.0,0.000000,0.000000,0.000000,0.000000,  28.595
     5.0,-0.000011,0.000000,-0.000183,-0.000036,  28.588
     6.0,0.000003,0.000016,-0.000184,-0.000044,  28.588
     7.0,-0.000006,0.000018,-0.000319,-0.000044,  28.583
     8.0,-0.000015,0.000003,-0.000706,-0.000018,  28.584
     9.0,-0.000016,0.000006,-0.000692,-0.000018,  28.581
    10.0,-0.000024,-0.000006,-0.001329,-0.000031,  28.582
    11.0,-0.000032,-0.000013,-0.000686,-0.000067,  28.584
    12.0,-0.000038,-0.000021,-0.000604,-0.000053,  28.582
    13.0,-0.000035,-0.000027,-0.000746,-0.000067,  28.589
    14.0,-0.000045,-0.000032,-0.000686,-0.000089,  28.591
    15.0,-0.000054,-0.000034,-0.000674,-0.000053,  28.595
    16.0,-0.000051,-0.000035,-0.000678,-0.000053,  28.601
    17.0,-0.000036,-0.000031,-0.000592,-0.000089,  28.600
    18.0,-0.000041,-0.000021,-0.000552,-0.000089,  28.602
    19.0,-0.000024,-0.000020,-0.000887,-0.000075,  28.606
    20.0,-0.000033,-0.000016,-0.000700,-0.000075,  28.597
    21.0,-0.000027,-0.000014,-0.000643,-0.000089,  28.594
    22.0,-0.000022,-0.000017,-0.000977,-0.000089,  28.593
    23.0,-0.000023,-0.000010,-0.000567,-0.000147,  28.586
    24.0,-0.000024,-0.000006,-0.000469,-0.000111,  28.581
    25.0,-0.000021,-0.000014,-0.000777,-0.000133,  28.586
    26.0,-0.000024,-0.000010,-0.000889,-0.000133,  28.584
    27.0,-0.000039,-0.000008,-0.000635,-0.000098,  28.580
    28.0,-0.000036,-0.000009,-0.000940,-0.000133,  28.588
    29.0,-0.000036,-0.000008,-0.000744,-0.000147,  28.592
    30.0,-0.000033,-0.000014,-0.000680,-0.000098,  28.599
    31.0,-0.000030,-0.000017,-0.000501,-0.000106,  28.602
    32.0,-0.000029,-0.000007,-0.000572,-0.000071,  28.601
    33.0,-0.000016,0.000002,-0.000393,-0.000106,  28.603
    34.0,-0.000017,0.000004,-0.001515,-0.000106,  28.604
    35.0,-0.000026,0.000002,-0.000866,-0.000084,  28.607
    36.0,-0.000023,-0.000001,-0.000687,-0.000120,  28.613
    37.0,-0.000025,0.000005,-0.001388,-0.000106,  28.607
    38.0,-0.000019,0.000007,-0.001921,-0.000084,  28.616
    39.0,-0.000025,-0.000004,-0.001082,-0.000120,  28.622
    40.0,-0.000026,0.000000,-0.001101,-0.000106,  28.625
    41.0,-0.000009,0.000006,-0.000827,-0.000106,  28.635
    42.0,-0.000020,0.000007,-0.000466,-0.000129,  28.636
    43.0,-0.000011,0.000003,-0.001946,-0.000106,  28.632
    44.0,-0.000010,0.000002,-0.000867,-0.000106,  28.632
    45.0,-0.000021,0.000001,-0.000606,-0.000129,  28.636
    46.0,-0.000027,-0.000000,-0.000629,-0.000106,  28.638
    47.0,-0.000030,-0.000007,-0.000603,-0.000129,  28.634
    48.0,-0.000034,-0.000010,-0.000437,-0.000106,  28.637
    49.0,-0.000028,-0.000010,-0.000688,-0.000106,  28.635
    50.0,-0.000023,0.000001,-0.000822,-0.000115,  28.638
    51.0,-0.000023,0.000008,-0.000578,-0.000093,  28.634
    52.0,-0.000015,0.000016,-0.000632,-0.000080,  28.636
    53.0,-0.000015,0.000017,-0.000589,-0.000115,  28.633
    54.0,-0.000025,0.000014,-0.000559,-0.000106,  28.634
    55.0,-0.000023,0.000006,-0.000593,-0.000106,  28.636
    56.0,-0.000029,0.000008,-0.000527,-0.000106,  28.637
    57.0,-0.000028,0.000002,-0.000504,-0.000080,  28.636
    58.0,-0.000030,0.000000,-0.000554,-0.000115,  28.641
    59.0,-0.000017,-0.000002,-0.000475,-0.000093,  28.641
    60.0,-0.000014,-0.000006,-0.000573,-0.000080,  28.643
    61.0,-0.000028,-0.000003,-0.000561,-0.000115,  28.645
    62.0,-0.000036,-0.000008,-0.000667,-0.000093,  28.647
    63.0,-0.000033,-0.000006,-0.000542,-0.000080,  28.657
    64.0,-0.000034,-0.000003,-0.000621,-0.000093,  28.658
    65.0,-0.000036,0.000004,-0.000520,-0.000093,  28.661
    66.0,-0.000033,-0.000005,-0.000565,-0.000115,  28.657
    67.0,-0.000029,0.000000,-0.000586,-0.000093,  28.660
    68.0,-0.000023,-0.000000,-0.000704,-0.000106,  28.657
    69.0,-0.000027,0.000003,-0.000704,-0.000115,  28.662
    70.0,-0.000030,-0.000000,-0.000638,-0.000093,  28.662
    71.0,-0.000019,-0.000002,-0.000520,-0.000080,  28.661
    72.0,-0.000018,0.000002,-0.000858,-0.000115,  28.656
    73.0,-0.000018,0.000012,-0.000978,-0.000066,  28.651
    74.0,-0.000017,0.000018,-0.000768,-0.000129,  28.651
    75.0,-0.000026,0.000011,-0.000831,-0.000080,  28.644
    76.0,-0.000020,0.000013,-0.000491,-0.000093,  28.649
    77.0,-0.000023,0.000009,-0.001460,-0.000093,  28.644
    78.0,-0.000028,0.000006,-0.000910,-0.000093,  28.637
    79.0,-0.000030,-0.000004,-0.000805,-0.000080,  28.634
    80.0,-0.000022,0.000002,-0.000859,-0.000129,  28.629
    81.0,-0.000032,-0.000004,-0.000591,-0.000106,  28.624
    82.0,-0.000041,-0.000010,-0.000636,-0.000115,  28.621
    83.0,-0.000019,-0.000002,-0.000885,-0.000071,  28.613
    84.0,-0.000028,-0.000005,-0.000879,-0.000080,  28.614
    85.0,-0.000029,-0.000011,-0.000768,-0.000151,  28.610
    86.0,-0.000024,-0.000007,-0.001396,-0.000129,  28.610
    87.0,-0.000022,-0.000004,-0.001372,-0.000151,  28.605
    88.0,-0.000015,-0.000006,-0.000956,-0.000151,  28.605
    89.0,0.000004,0.000009,-0.000527,-0.000129,  28.607
    90.0,0.000014,0.000020,-0.000249,-0.000151,  28.605
    91.0,0.000036,0.000022,0.000158,-0.000129,  28.603
    92.0,0.000079,0.000042,0.000542,-0.000164,  28.601
    93.0,0.000129,0.000060,0.001224,-0.000115,  28.598
    94.0,0.000194,0.000096,0.001503,-0.000093,  28.596
    95.0,0.000283,0.000135,0.002779,-0.000080,  28.593
    96.0,0.000386,0.000175,0.003709,-0.000115,  28.594
    97.0,0.000492,0.000225,0.004861,-0.000115,  28.595
    98.0,0.000592,0.000298,0.006341,-0.000138,  28.591
    99.0,0.000742,0.000374,0.007934,-0.000151,  28.593
   100.0,0.000914,0.000469,0.009860,-0.000080,  28.600
   101.0,0.001123,0.000570,0.011614,-0.000088,  28.598
   102.0,0.001346,0.000689,0.013924,-0.000066,  28.593
   103.0,0.001618,0.000820,0.016968,-0.000066,  28.594
   104.0,0.001916,0.000954,0.019858,-0.000102,  28.594
   105.0,0.002228,0.001122,0.022103,-0.000066,  28.582
   106.0,0.002530,0.001312,0.026401,-0.000138,  28.583
   107.0,0.002899,0.001526,0.030523,-0.000138,  28.582
   108.0,0.003348,0.001758,0.034432,-0.000111,  28.577
   109.0,0.003840,0.002022,0.039196,-0.000124,  28.585
   110.0,0.004387,0.002320,0.044729,-0.000088,  28.583
   111.0,0.004989,0.002655,0.050886,-0.000111,  28.585
   112.0,0.005639,0.003005,0.056237,-0.000097,  28.584
   113.0,0.006350,0.003319,0.063851,-0.000061,  28.585
   114.0,0.007111,0.003749,0.071835,-0.000084,  28.584
   115.0,0.007743,0.004206,0.079835,-0.000057,  28.581
   116.0,0.008641,0.004677,0.088579,-0.000035,  28.581
   117.0,0.009564,0.005214,0.097555,-0.000043,  28.587
   118.0,0.010548,0.005777,0.105679,0.000006,  28.581
   119.0,0.011628,0.006382,0.115651,-0.000003,  28.581
   120.0,0.012752,0.007026,0.126231,0.000010,  28.582
   121.0,0.013922,0.007585,0.137331,0.000060,  28.586
   122.0,0.015148,0.008305,0.147560,0.000051,  28.585
   123.0,0.016302,0.009052,0.160323,0.000078,  28.579
   124.0,0.017445,0.009802,0.172822,0.000140,  28.583
   125.0,0.018824,0.010608,0.185801,0.000154,  28.579
   126.0,0.020226,0.011466,0.198962,0.000167,  28.572
   127.0,0.021711,0.012321,0.209760,0.000172,  28.572
   128.0,0.023197,0.013224,0.223991,0.000212,  28.561
   129.0,0.024709,0.014147,0.237846,0.000261,  28.561
   130.0,0.026276,0.014862,0.252225,0.000266,  28.553
   131.0,0.027843,0.015839,0.267020,0.000293,  28.544
   132.0,0.029422,0.016814,0.281751,0.000342,  28.524
   133.0,0.030756,0.017791,0.295462,0.000333,  28.511
   134.0,0.032444,0.018810,0.311022,0.000383,  28.485
   135.0,0.034156,0.019813,0.326635,0.000374,  28.469
   136.0,0.035835,0.020835,0.340672,0.000374,  28.453
   137.0,0.037560,0.021864,0.356805,0.000410,  28.426
   138.0,0.039305,0.022888,0.373223,0.000374,  28.400
   139.0,0.041118,0.023704,0.390559,0.000374,  28.376
   140.0,0.042947,0.024755,0.407803,0.000418,  28.345
   141.0,0.044589,0.025828,0.425036,0.000391,  28.308
   142.0,0.046428,0.026896,0.443833,0.000356,  28.274
   143.0,0.048513,0.028041,0.462718,0.000324,  28.227
   144.0,0.050680,0.029228,0.482382,0.000235,  28.181
   145.0,0.053129,0.030442,0.501123,0.000203,  28.127
   146.0,0.055666,0.031777,0.525010,0.000149,  28.057
   147.0,0.058470,0.033165,0.548962,0.000060,  27.988
   148.0,0.061775,0.034488,0.577600,0.000028,  27.903
   149.0,0.065428,0.036150,0.609182,-0.000026,  27.813
   150.0,0.068793,0.038090,0.645424,-0.000156,  27.704
   151.0,0.073906,0.040399,0.688266,-0.000160,  27.583
   152.0,0.079560,0.043163,0.735443,-0.000196,  27.451
   153.0,0.086121,0.046227,0.781942,-0.000147,  27.293
   154.0,0.093570,0.049822,0.838979,-0.000133,  27.125
   155.0,0.102015,0.053918,0.906990,-0.000142,  26.936
   156.0,0.111347,0.057900,0.982092,-0.000039,  26.740
   157.0,0.121594,0.062607,1.064760,0.000055,  26.526
   158.0,0.132251,0.068160,1.152271,0.000086,  26.313
   159.0,0.141102,0.073985,1.244982,0.000216,  26.085
   160.0,0.152303,0.080042,1.339147,0.000311,  25.878
   161.0,0.163422,0.086202,1.431699,0.000378,  25.684
   162.0,0.173945,0.092241,1.500913,0.000459,  25.509
   163.0,0.184040,0.097995,1.584622,0.000504,  25.366
   164.0,0.193169,0.103458,1.660486,0.000566,  25.263
   165.0,0.201514,0.108426,1.730206,0.000607,  25.200
   166.0,0.209066,0.112048,1.790954,0.000598,  25.182
   167.0,0.215525,0.116285,1.840557,0.000620,  25.207
   168.0,0.220493,0.119851,1.886256,0.000634,  25.280
   169.0,0.224999,0.122997,1.923546,0.000576,  25.407
   170.0,0.229008,0.125540,1.953014,0.000571,  25.556
   171.0,0.232309,0.127690,1.975592,0.000522,  25.741
   172.0,0.234935,0.129409,1.988519,0.000544,  25.939
   173.0,0.236935,0.130784,2.003424,0.000455,  26.161
   174.0,0.238463,0.131778,2.014835,0.000455,  26.380
   175.0,0.239441,0.132401,2.021426,0.000450,  26.600
   176.0,0.239975,0.132904,2.024713,0.000387,  26.815
   177.0,0.240129,0.133191,2.025400,0.000374,  27.033
   178.0,0.239951,0.133265,2.024027,0.000383,  27.236
   179.0,0.239454,0.133102,2.020106,0.000356,  27.427
   180.0,0.238643,0.132762,2.016160,0.000364,  27.607
   181.0,0.237576,0.132257,2.007772,0.000364,  27.760
   182.0,0.236248,0.131616,1.998218,0.000315,  27.897
   183.0,0.234672,0.130945,1.988356,0.000324,  28.018
   184.0,0.232941,0.130101,1.975689,0.000324,  28.130
   185.0,0.230993,0.129119,1.962764,0.000239,  28.221
   186.0,0.229297,0.128035,1.947961,0.000275,  28.297
   187.0,0.227046,0.126829,1.931089,0.000239,  28.362
   188.0,0.224624,0.125542,1.913384,0.000248,  28.412
   189.0,0.222113,0.124210,1.897598,0.000212,  28.459
   190.0,0.219406,0.122769,1.881497,0.000212,  28.493
   191.0,0.216619,0.121261,1.862301,0.000243,  28.524
   192.0,0.213707,0.119824,1.841728,0.000257,  28.549
   193.0,0.210706,0.118394,1.820769,0.000221,  28.570
   194.0,0.207693,0.116741,1.799176,0.000216,  28.595
   195.0,0.204926,0.115072,1.776090,0.000194,  28.609
   196.0,0.201965,0.113316,1.752383,0.000185,  28.626
   197.0,0.198718,0.111541,1.727241,0.000158,  28.635
   198.0,0.195318,0.109734,1.708398,0.000145,  28.635
   199.0,0.192017,0.107845,1.683913,0.000181,  28.650
   200.0,0.188661,0.105979,1.659399,0.000158,  28.656
   201.0,0.185199,0.104192,1.633501,0.000158,  28.661
   202.0,0.181755,0.102640,1.608262,0.000181,  28.666
   203.0,0.178288,0.100715,1.580549,0.000132,  28.670
   204.0,0.175577,0.098824,1.555043,0.000132,  28.677
   205.0,0.172048,0.096862,1.528572,0.000167,  28.670
   206.0,0.168570,0.094972,1.500939,0.000145,  28.677
   207.0,0.165102,0.093039,1.477933,0.000181,  28.683
   208.0,0.161618,0.091139,1.451715,0.000145,  28.688
   209.0,0.158217,0.089198,1.426577,0.000132,  28.697
   210.0,0.154788,0.087527,1.401052,0.000167,  28.703
   211.0,0.151401,0.085779,1.372482,0.000132,  28.712
   212.0,0.148286,0.083903,1.347027,0.000132,  28.714
   213.0,0.145279,0.082049,1.321532,0.000167,  28.715
   214.0,0.141955,0.080160,1.295286,0.000167,  28.717
   215.0,0.138646,0.078330,1.269013,0.000154,  28.720
   216.0,0.135445,0.076517,1.249738,0.000132,  28.727
   217.0,0.132283,0.074725,1.224522,0.000118,  28.736
   218.0,0.129115,0.072990,1.199651,0.000154,  28.730
   219.0,0.126028,0.071611,1.172967,0.000132,  28.739
   220.0,0.123006,0.069882,1.150862,0.000118,  28.736
   221.0,0.120059,0.068210,1.127563,0.000189,  28.737
   222.0,0.117670,0.066515,1.104124,0.000132,  28.734
   223.0,0.114722,0.064883,1.081854,0.000154,  28.731
   224.0,0.111858,0.063283,1.060639,0.000132,  28.733
   225.0,0.109038,0.061709,1.041793,0.000118,  28.722
   226.0,0.106317,0.060172,1.020568,0.000140,  28.726
   227.0,0.103636,0.058764,0.999451,0.000105,  28.727
   228.0,0.101030,0.057461,0.979203,0.000105,  28.732
   229.0,0.098512,0.056031,0.958812,0.000140,  28.730
   230.0,0.096436,0.054582,0.939101,0.000132,  28.737
   231.0,0.093930,0.053192,0.919976,0.000154,  28.739
   232.0,0.091521,0.051819,0.902659,0.000118,  28.739
   233.0,0.089181,0.050490,0.887051,0.000105,  28.747
   234.0,0.086934,0.049190,0.869192,0.000163,  28.749
   235.0,0.084745,0.048020,0.852290,0.000163,  28.764
   236.0,0.082549,0.046972,0.833613,0.000127,  28.761
   237.0,0.080523,0.045774,0.818457,0.000127,  28.766
   238.0,0.078871,0.044607,0.803804,0.000105,  28.769
   239.0,0.076849,0.043481,0.789306,0.000154,  28.775
   240.0,0.074908,0.042364,0.774918,0.000118,  28.779
   241.0,0.073041,0.041313,0.763689,0.000105,  28.787
   242.0,0.071224,0.040293,0.749890,0.000140,  28.791
   243.0,0.069469,0.039279,0.737136,0.000105,  28.798
   244.0,0.067758,0.038511,0.724250,0.000105,  28.798
   245.0,0.066100,0.037549,0.712373,0.000140,  28.802
   246.0,0.064713,0.036615,0.700447,0.000105,  28.798
   247.0,0.063273,0.035721,0.689111,0.000118,  28.793
   248.0,0.061757,0.034872,0.678684,0.000118,  28.796
   249.0,0.060327,0.034045,0.667847,0.000105,  28.791
   250.0,0.058958,0.033255,0.660647,0.000140,  28.799
   251.0,0.057620,0.032492,0.651071,0.000118,  28.792
   252.0,0.056331,0.031782,0.641859,0.000118,  28.801
   253.0,0.055079,0.031193,0.633411,0.000118,  28.801
   254.0,0.053873,0.030491,0.625497,0.000132,  28.799
   255.0,0.052959,0.029805,0.617937,0.000118,  28.807
   256.0,0.051804,0.029153,0.611347,0.000105,  28.811
   257.0,0.050754,0.028521,0.604161,0.000105,  28.815
   258.0,0.049726,0.027929,0.598214,0.000105,  28.814
   259.0,0.048735,0.027362,0.592264,0.000105,  28.815
   260.0,0.047784,0.026821,0.586408,0.000105,  28.813
   261.0,0.046848,0.026355,0.580991,0.000140,  28.811
   262.0,0.045971,0.025877,0.576078,0.000105,  28.807
   263.0,0.045203,0.025386,0.571175,0.000105,  28.813
   264.0,0.044503,0.024916,0.566729,0.000140,  28.804
   265.0,0.043717,0.024458,0.562566,0.000140,  28.809
   266.0,0.042993,0.024047,0.559315,0.000140,  28.809
   267.0,0.042299,0.023639,0.556153,0.000118,  28.809
   268.0,0.041638,0.023249,0.552951,0.000118,  28.809
   269.0,0.041012,0.022874,0.548927,0.000154,  28.821
   270.0,0.040418,0.022591,0.546506,0.000132,  28.828
   271.0,0.039845,0.022251,0.544855,0.000118,  28.834
   272.0,0.039398,0.021930,0.542888,0.000154,  28.831
   273.0,0.038883,0.021618,0.540976,0.000132,  28.836
   274.0,0.038394,0.021340,0.539655,0.000154,  28.842
   275.0,0.037931,0.021060,0.538394,0.000132,  28.840
   276.0,0.037499,0.020793,0.537516,0.000118,  28.838
   277.0,0.037084,0.020559,0.536680,0.000140,  28.840
   278.0,0.036697,0.020344,0.536406,0.000132,  28.839
   279.0,0.036338,0.020147,0.535426,0.000140,  28.836
   280.0,0.035995,0.019948,0.535097,0.000203,  28.835
   281.0,0.035730,0.019739,0.534763,0.000167,  28.840
   282.0,0.035446,0.019555,0.534821,0.000154,  28.835
   283.0,0.035175,0.019399,0.535311,0.000118,  28.837
   284.0,0.034905,0.019230,0.535896,0.000118,  28.836
   285.0,0.034673,0.019091,0.536693,0.000154,  28.842
   286.0,0.034457,0.018963,0.537493,0.000132,  28.852
   287.0,0.034256,0.018871,0.538644,0.000132,  28.851
   288.0,0.034085,0.018752,0.539579,0.000167,  28.854
   289.0,0.033945,0.018642,0.540827,0.000132,  28.855
   290.0,0.033796,0.018542,0.540405,0.000132,  28.855
   291.0,0.033647,0.018451,0.543312,0.000203,  28.859
   292.0,0.033529,0.018352,0.545193,0.000194,  28.863
   293.0,0.033411,0.018294,0.546851,0.000194,  28.866
   294.0,0.033335,0.018231,0.548880,0.000158,  28.868
   295.0,0.033246,0.018177,0.551134,0.000145,  28.866
   296.0,0.033161,0.018125,0.552061,0.000181,  28.880
   297.0,0.033111,0.018068,0.554819,0.000158,  28.878
   298.0,0.033074,0.018040,0.556288,0.000132,  28.886
   299.0,0.033035,0.018005,0.559275,0.000167,  28.891
   300.0,0.033027,0.017979,0.561482,0.000167,  28.891
   301.0,0.032996,0.017968,0.563836,0.000167,  28.893
   302.0,0.032990,0.017938,0.566806,0.000145,  28.895
   303.0,0.033003,0.017927,0.570080,0.000145,  28.894
   304.0,0.033013,0.017934,0.572791,0.000181,  28.905
   305.0,0.033056,0.017934,0.575262,0.000158,  28.910
   306.0,0.033080,0.017942,0.577925,0.000158,  28.917
   307.0,0.033109,0.017955,0.581256,0.000181,  28.924
   308.0,0.033153,0.017970,0.584501,0.000158,  28.930
   309.0,0.033201,0.017994,0.587571,0.000181,  28.932
   310.0,0.033251,0.018018,0.590069,0.000145,  28.935
   311.0,0.033310,0.018041,0.593008,0.000132,  28.939
   312.0,0.033380,0.018061,0.596357,0.000181,  28.948
   313.0,0.033450,0.018085,0.599403,0.000158,  28.948
   314.0,0.033532,0.018106,0.601306,0.000145,  28.952
   315.0,0.033622,0.018143,0.605600,0.000181,  28.950
   316.0,0.033692,0.018187,0.608140,0.000158,  28.951
   317.0,0.033779,0.018242,0.611829,0.000158,  28.953
   318.0,0.033883,0.018281,0.615677,0.000172,  28.946
   319.0,0.033967,0.018334,0.618292,0.000145,  28.944
   320.0,0.034066,0.018374,0.621195,0.000181,  28.938
   321.0,0.034181,0.018417,0.624456,0.000158,  28.933
   322.0,0.034282,0.018463,0.627706,0.000145,  28.929
   323.0,0.034398,0.018519,0.628886,0.000181,  28.927
   324.0,0.034502,0.018577,0.633760,0.000158,  28.930
   325.0,0.034600,0.018637,0.637229,0.000172,  28.925
   326.0,0.034713,0.018687,0.640979,0.000158,  28.927
   327.0,0.034837,0.018748,0.643629,0.000158,  28.924
   328.0,0.034941,0.018812,0.646564,0.000181,  28.929
   329.0,0.035059,0.018861,0.649690,0.000158,  28.928
   330.0,0.035183,0.018922,0.650142,0.000158,  28.929
   331.0,0.035308,0.018971,0.654037,0.000181,  28.932
   332.0,0.035426,0.019027,0.657840,0.000145,  28.934
   333.0,0.035516,0.019088,0.661617,0.000132,  28.935
   334.0,0.035646,0.019157,0.664644,0.000181,  28.934
   335.0,0.035770,0.019220,0.667967,0.000158,  28.939
   336.0,0.035885,0.019282,0.670302,0.000145,  28.941
   337.0,0.036004,0.019333,0.672916,0.000145,  28.944
   338.0,0.036126,0.019402,0.675616,0.000145,  28.943
   339.0,0.036250,0.019453,0.678631,0.000145,  28.950
   340.0,0.036354,0.019515,0.678603,0.000158,  28.955
   341.0,0.036459,0.019570,0.683268,0.000145,  28.952
   342.0,0.036576,0.019627,0.686225,0.000132,  28.954
   343.0,0.036674,0.019695,0.689013,0.000132,  28.955
   344.0,0.036799,0.019747,0.691505,0.000132,  28.957
   345.0,0.036907,0.019802,0.693586,0.000132,  28.957
   346.0,0.037011,0.019850,0.696073,0.000132,  28.959
   347.0,0.037121,0.019915,0.699212,0.000145,  28.959
   348.0,0.037226,0.019964,0.701410,0.000145,  28.957
   349.0,0.037325,0.020021,0.703390,0.000132,  28.958
   350.0,0.037439,0.020069,0.705458,0.000140,  28.952
   351.0,0.037506,0.020123,0.707533,0.000132,  28.958
   352.0,0.037594,0.020164,0.709597,0.000167,  28.959
   353.0,0.037697,0.020208,0.711498,0.000145,  28.958
   354.0,0.037784,0.020260,0.712956,0.000132,  28.958
   355.0,0.037872,0.020312,0.713858,0.000167,  28.959
   356.0,0.037963,0.020361,0.715858,0.000132,  28.957
   357.0,0.038051,0.020401,0.718174,0.000132,  28.953
   358.0,0.038136,0.020443,0.719970,0.000132,  28.956
   359.0,0.038198,0.020490,0.721726,0.000132,  28.953
   360.0,0.038254,0.020533,0.723547,0.000132,  28.954
   361.0,0.038328,0.020571,0.724840,0.000118,  28.951
   362.0,0.038400,0.020611,0.726107,0.000118,  28.955
   363.0,0.038477,0.020639,0.727133,0.000140,  28.951
   364.0,0.038545,0.020672,0.727876,0.000118,  28.954
   365.0,0.038610,0.020705,0.728543,0.000118,  28.960
   366.0,0.038664,0.020746,0.730507,0.000154,  28.959
   367.0,0.038713,0.020774,0.731828,0.000132,  28.963
   368.0,0.038764,0.020804,0.732832,0.000118,  28.964
   369.0,0.038789,0.020818,0.733754,0.000140,  28.968
   370.0,0.038835,0.020837,0.731694,0.000140,  28.965
   371.0,0.038877,0.020866,0.734310,0.000154,  28.973
   372.0,0.038914,0.020890,0.733776,0.000118,  28.980
   373.0,0.038954,0.020912,0.734905,0.000105,  28.976
   374.0,0.038994,0.020929,0.735096,0.000140,  28.981
   375.0,0.039014,0.020948,0.732963,0.000078,  28.977
   376.0,0.039037,0.020954,0.736481,0.000091,  28.982
   377.0,0.039054,0.020961,0.737761,0.000140,  28.985
   378.0,0.039071,0.020978,0.738203,0.000105,  28.982
   379.0,0.039076,0.020990,0.738321,0.000140,  28.987
   380.0,0.039076,0.020992,0.738478,0.000118,  28.985
   381.0,0.039085,0.020992,0.736924,0.000078,  28.985
   382.0,0.039096,0.020996,0.737989,0.000127,  28.978
   383.0,0.039099,0.021004,0.738394,0.000091,  28.976
   384.0,0.039093,0.021006,0.738467,0.000091,  28.975
   385.0,0.039112,0.021002,0.737409,0.000091,  28.974
   386.0,0.039097,0.021005,0.737491,0.000091,  28.971
   387.0,0.039077,0.020999,0.737386,0.000091,  28.970
   388.0,0.039066,0.020999,0.733356,0.000091,  28.970
   389.0,0.039046,0.020985,0.735132,0.000091,  28.965
   390.0,0.039026,0.020979,0.735271,0.000127,  28.964
   391.0,0.039000,0.020962,0.734835,0.000091,  28.961
   392.0,0.038954,0.020964,0.734177,0.000091,  28.956
   393.0,0.038926,0.020941,0.733621,0.000113,  28.954
   394.0,0.038897,0.020922,0.733005,0.000091,  28.951
   395.0,0.038872,0.020916,0.731986,0.000091,  28.954
   396.0,0.038829,0.020886,0.730077,0.000064,  28.949
   397.0,0.038786,0.020869,0.729806,0.000064,  28.949
   398.0,0.038741,0.020853,0.728729,0.000064,  28.949
   399.0,0.038693,0.020836,0.728043,0.000078,  28.952
   400.0,0.038641,0.020812,0.726512,0.000091,  28.955
   401.0,0.038588,0.020794,0.725423,0.000078,  28.954
   402.0,0.038529,0.020766,0.723985,0.000064,  28.954
   403.0,0.038457,0.020734,0.722765,0.000078,  28.957
   404.0,0.038394,0.020692,0.721170,0.000064,  28.957
   405.0,0.038329,0.020655,0.719785,0.000064,  28.961
   406.0,0.038264,0.020619,0.717888,0.000064,  28.958
   407.0,0.038187,0.020580,0.716697,0.000037,  28.962
   408.0,0.038110,0.020539,0.714909,0.000051,  28.960
   409.0,0.038042,0.020509,0.712663,0.000086,  28.959
   410.0,0.037960,0.020480,0.710460,0.000064,  28.956
   411.0,0.037880,0.020459,0.708193,0.000064,  28.956
   412.0,0.037801,0.020412,0.707290,0.000100,  28.955
   413.0,0.037719,0.020368,0.705676,0.000064,  28.952
   414.0,0.037637,0.020318,0.703973,0.000064,  28.947
   415.0,0.037532,0.020275,0.701025,0.000064,  28.944
   416.0,0.037435,0.020224,0.699970,0.000024,  28.941
   417.0,0.037333,0.020166,0.698062,0.000073,  28.936
   418.0,0.037231,0.020116,0.695548,0.000037,  28.938
   419.0,0.037141,0.020067,0.693400,0.000051,  28.939
   420.0,0.037053,0.020029,0.689335,0.000073,  28.937
   421.0,0.036958,0.019987,0.687515,0.000037,  28.931
   422.0,0.036867,0.019939,0.686240,0.000051,  28.933
   423.0,0.036750,0.019891,0.684173,0.000073,  28.930
   424.0,0.036645,0.019832,0.681874,0.000037,  28.928
   425.0,0.036547,0.019785,0.679778,0.000073,  28.927
   426.0,0.036431,0.019725,0.677318,0.000037,  28.929
   427.0,0.036321,0.019668,0.674674,0.000051,  28.923
   428.0,0.036199,0.019621,0.672178,0.000073,  28.924
   429.0,0.036081,0.019570,0.669690,0.000037,  28.920
   430.0,0.035968,0.019512,0.667256,0.000051,  28.920
   431.0,0.035855,0.019446,0.664492,0.000073,  28.914
   432.0,0.035730,0.019388,0.658663,0.000100,  28.914
   433.0,0.035606,0.019316,0.658398,0.000086,  28.913
   434.0,0.035465,0.019250,0.656354,0.000037,  28.917
   435.0,0.035343,0.019174,0.653510,0.000051,  28.911
   436.0,0.035209,0.019109,0.649168,0.000073,  28.920
   437.0,0.035083,0.019059,0.647131,0.000037,  28.921
   438.0,0.034944,0.018991,0.644465,0.000051,  28.920
   439.0,0.034817,0.018922,0.639806,0.000073,  28.925
   440.0,0.034702,0.018861,0.638342,0.000037,  28.924
   441.0,0.034561,0.018785,0.635755,0.000073,  28.926
   442.0,0.034423,0.018715,0.633150,0.000024,  28.935
   443.0,0.034270,0.018651,0.630893,0.000024,  28.934
   444.0,0.034155,0.018576,0.627710,0.000060,  28.931
   445.0,0.034002,0.018510,0.624577,0.000046,  28.926
   446.0,0.033858,0.018446,0.621673,0.000010,  28.925
   447.0,0.033736,0.018372,0.618064,0.000046,  28.925
   448.0,0.033583,0.018308,0.614855,0.000010,  28.920
   449.0,0.033482,0.018239,0.611556,0.000024,  28.921
   450.0,0.033336,0.018170,0.608655,0.000060,  28.911
   451.0,0.033177,0.018098,0.605773,0.000024,  28.908
   452.0,0.033041,0.018028,0.603031,0.000046,  28.909
   453.0,0.032901,0.017956,0.599750,0.000010,  28.902
   454.0,0.032740,0.017888,0.596944,0.000010,  28.910
   455.0,0.032580,0.017824,0.593635,0.000046,  28.912
   456.0,0.032426,0.017750,0.590049,0.000010,  28.913
   457.0,0.032318,0.017666,0.587041,0.000010,  28.908
   458.0,0.032158,0.017583,0.583503,0.000046,  28.914
   459.0,0.032006,0.017505,0.580024,0.000010,  28.908
   460.0,0.031862,0.017433,0.577288,0.000046,  28.910
   461.0,0.031722,0.017365,0.573827,0.000037,  28.917
   462.0,0.031576,0.017299,0.570567,0.000010,  28.913
   463.0,0.031419,0.017229,0.567394,0.000046,  28.914
   464.0,0.031271,0.017164,0.563875,0.000010,  28.917
   465.0,0.031131,0.017082,0.560450,0.000010,  28.916
   466.0,0.031003,0.017009,0.557137,0.000033,  28.919
   467.0,0.030832,0.016931,0.550661,0.000046,  28.915
   468.0,0.030688,0.016857,0.549264,0.000055,  28.917
   469.0,0.030544,0.016776,0.547216,0.000082,  28.921
   470.0,0.030401,0.016700,0.543988,0.000046,  28.914
   471.0,0.030250,0.016632,0.541242,0.000082,  28.920
   472.0,0.030103,0.016571,0.537858,0.000082,  28.913
   473.0,0.029950,0.016494,0.534005,0.000010,  28.913
   474.0,0.029824,0.016429,0.529680,0.000046,  28.911
   475.0,0.029674,0.016351,0.527148,0.000010,  28.906
   476.0,0.029521,0.016271,0.523705,0.000046,  28.907
   477.0,0.029374,0.016197,0.520644,0.000010,  28.907
   478.0,0.029226,0.016116,0.517816,0.000010,  28.908
   479.0,0.029070,0.016042,0.514019,0.000046,  28.908
   480.0,0.028920,0.015975,0.510664,0.000010,  28.907
   481.0,0.028776,0.015912,0.506572,0.000010,  28.902
   482.0,0.028611,0.015835,0.503538,0.000046,  28.903
   483.0,0.028484,0.015760,0.500430,0.000010,  28.905
   484.0,0.028354,0.015688,0.496784,0.000010,  28.903
   485.0,0.028210,0.015612,0.493538,0.000010,  28.899
   486.0,0.028071,0.015540,0.491055,0.000010,  28.901
   487.0,0.027926,0.015474,0.487191,0.000046,  28.896
   488.0,0.027786,0.015407,0.484285,0.000010,  28.898
   489.0,0.027632,0.015335,0.480969,0.000010,  28.903
   490.0,0.027489,0.015277,0.476420,0.000046,  28.905
   491.0,0.027339,0.015204,0.472382,0.000010,  28.904
   492.0,0.027209,0.015134,0.470463,-0.000003,  28.906
   493.0,0.027098,0.015067,0.466927,0.000033,  28.908
   494.0,0.026963,0.014997,0.464157,0.000046,  28.911
   495.0,0.026819,0.014928,0.461079,0.000033,  28.905
   496.0,0.026678,0.014855,0.458507,0.000010,  28.906
   497.0,0.026540,0.014790,0.455040,0.000019,  28.908
   498.0,0.026404,0.014732,0.452096,0.000068,  28.917
   499.0,0.026275,0.014678,0.448810,0.000082,  28.916
   500.0,0.026142,0.014608,0.445375,0.000046,  28.917
   501.0,0.026012,0.014543,0.441816,0.000046,  28.923
   502.0,0.025905,0.014476,0.438520,0.000010,  28.926
   503.0,0.025772,0.014418,0.434895,0.000046,  28.934
   504.0,0.025645,0.014350,0.432877,-0.000003,  28.940
   505.0,0.025506,0.014294,0.430252,0.000010,  28.944
   506.0,0.025375,0.014229,0.427100,0.000046,  28.945
   507.0,0.025242,0.014163,0.423786,0.000046,  28.945
   508.0,0.025118,0.014112,0.420425,0.000033,  28.941
   509.0,0.025001,0.014051,0.415897,0.000046,  28.937
   510.0,0.024888,0.013982,0.414295,0.000010,  28.925
   511.0,0.024773,0.013921,0.411263,0.000010,  28.920
   512.0,0.024649,0.013861,0.408254,0.000010,  28.915
   513.0,0.024516,0.013809,0.405388,-0.000003,  28.908
   514.0,0.024403,0.013749,0.402116,0.000033,  28.904
   515.0,0.024270,0.013688,0.399889,0.000010,  28.893
   516.0,0.024152,0.013630,0.397308,-0.000003,  28.883
   517.0,0.024040,0.013590,0.394184,0.000033,  28.869
   518.0,0.023931,0.013541,0.391429,0.000010,  28.858
   519.0,0.023849,0.013484,0.388244,0.000033,  28.857
   520.0,0.023738,0.013432,0.385368,0.000082,  28.850
   521.0,0.023614,0.013385,0.382865,0.000060,  28.841
   522.0,0.023513,0.013326,0.380477,0.000060,  28.834
   523.0,0.023395,0.013272,0.377387,0.000037,  28.828
   524.0,0.023279,0.013220,0.374834,0.000010,  28.829
   525.0,0.023170,0.013168,0.371829,0.000033,  28.834
   526.0,0.023060,0.013113,0.368811,-0.000003,  28.830
   527.0,0.022967,0.013069,0.365998,-0.000016,  28.837
   528.0,0.022880,0.013013,0.362098,0.000019,  28.843
   529.0,0.022772,0.012973,0.360345,0.000019,  28.857
   530.0,0.022677,0.012924,0.357412,0.000033,  28.863
   531.0,0.022589,0.012881,0.355682,0.000010,  28.868
   532.0,0.022482,0.012831,0.353339,0.000010,  28.877
   533.0,0.022384,0.012785,0.350381,0.000046,  28.883
   534.0,0.022285,0.012752,0.347847,0.000010,  28.893
   535.0,0.022192,0.012712,0.345387,0.000010,  28.902
   536.0,0.022125,0.012662,0.342438,0.000033,  28.909
   537.0,0.022036,0.012621,0.339922,0.000010,  28.914
   538.0,0.021949,0.012587,0.337762,0.000046,  28.920
   539.0,0.021858,0.012547,0.335742,0.000010,  28.925
   540.0,0.021777,0.012515,0.333693,0.000010,  28.942
   541.0,0.021687,0.012476,0.330766,0.000033,  28.956
   542.0,0.021605,0.012429,0.328419,0.000010,  28.959
   543.0,0.021519,0.012406,0.326060,0.000010,  28.964
   544.0,0.021441,0.012372,0.323572,0.000033,  28.971
   545.0,0.021370,0.012317,0.321423,0.000010,  28.985
   546.0,0.021291,0.012277,0.319077,0.000033,  28.987
   547.0,0.021203,0.012246,0.316521,-0.000016,  28.995
   548.0,0.021126,0.012220,0.314912,-0.000043,  28.994
   549.0,0.021061,0.012175,0.312580,0.000006,  29.001
   550.0,0.020990,0.012147,0.310588,-0.000030,  29.005
   551.0,0.020916,0.012122,0.308001,-0.000003,  29.010
   552.0,0.020862,0.012087,0.305305,0.000033,  29.013
   553.0,0.020797,0.012077,0.303705,0.000033,  29.009
   554.0,0.020742,0.012043,0.301549,-0.000003,  29.008
   555.0,0.020677,0.012018,0.299543,-0.000003,  29.004
   556.0,0.020612,0.011988,0.297515,-0.000016,  29.007
   557.0,0.020544,0.011958,0.295955,0.000019,  29.002
   558.0,0.020478,0.011931,0.293557,-0.000016,  28.999
   559.0,0.020415,0.011906,0.291129,-0.000030,  28.998
   560.0,0.020358,0.011887,0.289360,0.000019,  28.991
   561.0,0.020298,0.011857,0.285909,-0.000016,  28.981
   562.0,0.020255,0.011837,0.285287,-0.000016,  28.978
   563.0,0.020209,0.011818,0.283570,0.000019,  28.969
   564.0,0.020160,0.011800,0.281661,-0.000003,  28.970
   565.0,0.020105,0.011783,0.279853,0.000033,  28.964
   566.0,0.020053,0.011768,0.278560,-0.000003,  28.959
   567.0,0.020003,0.011743,0.276930,-0.000016,  28.959
   568.0,0.019958,0.011732,0.273606,0.000019,  28.961
   569.0,0.019917,0.011707,0.272146,-0.000016,  28.959
   570.0,0.019875,0.011700,0.271096,-0.000016,  28.966
   571.0,0.019838,0.011693,0.269321,0.000033,  28.969
   572.0,0.019798,0.011670,0.267611,0.000010,  28.972
   573.0,0.019757,0.011657,0.266465,0.000033,  28.983
   574.0,0.019719,0.011643,0.265067,0.000010,  28.984
   575.0,0.019688,0.011624,0.262795,-0.000003,  28.984
   576.0,0.019653,0.011628,0.261601,0.000033,  28.992
   577.0,0.019617,0.011616,0.260113,-0.000003,  28.990
   578.0,0.019579,0.011611,0.258601,-0.000016,  28.989
   579.0,0.019539,0.011595,0.257046,0.000019,  28.990
   580.0,0.019511,0.011580,0.255045,-0.000008,  28.986
   581.0,0.019492,0.011569,0.253877,0.000019,  28.988
   582.0,0.019463,0.011557,0.252639,-0.000016,  28.991
   583.0,0.019435,0.011556,0.251366,-0.000016,  28.993
   584.0,0.019414,0.011549,0.249910,0.000019,  28.997
   585.0,0.019381,0.011550,0.248756,-0.000016,  28.996
   586.0,0.019364,0.011543,0.247290,-0.000016,  29.003
   587.0,0.019354,0.011549,0.245878,0.000033,  29.006
   588.0,0.019337,0.011545,0.244581,0.000010,  29.013
   589.0,0.019318,0.011538,0.242032,0.000006,  29.015
   590.0,0.019308,0.011540,0.241463,0.000033,  29.023
   591.0,0.019292,0.011543,0.240497,0.000010,  29.027
   592.0,0.019273,0.011547,0.239520,0.000033,  29.027
   593.0,0.019253,0.011543,0.238328,0.000010,  29.031
   594.0,0.019228,0.011540,0.237148,-0.000003,  29.028
   595.0,0.019218,0.011541,0.235946,0.000033,  29.027
   596.0,0.019206,0.011532,0.234537,0.000010,  29.031
   597.0,0.019200,0.011542,0.233564,-0.000003,  29.032
   598.0,0.019206,0.011539,0.232304,0.000033,  29.029
   599.0,0.019205,0.011546,0.230745,0.000010,  29.028
   600.0,0.019200,0.011556,0.230087,0.000033,  29.028
   601.0,0.019189,0.011560,0.229196,0.000010,  29.025
   602.0,0.019186,0.011568,0.227852,-0.000003,  29.030
   603.0,0.019172,0.011572,0.226833,-0.000003,  29.032
   604.0,0.019172,0.011566,0.225897,-0.000016,  29.028
   605.0,0.019163,0.011577,0.225058,-0.000016,  29.026
   606.0,0.019174,0.011588,0.224008,0.000033,  29.026
   607.0,0.019191,0.011595,0.223130,0.000010,  29.025
   608.0,0.019196,0.011626,0.222248,0.000033,  29.024
   609.0,0.019196,0.011640,0.220853,-0.000003,  29.022
   610.0,0.019207,0.011652,0.220520,-0.000003,  29.018
   611.0,0.019213,0.011658,0.219471,0.000033,  29.019
   612.0,0.019221,0.011664,0.218496,0.000010,  29.021
   613.0,0.019229,0.011671,0.217624,-0.000003,  29.022
   614.0,0.019240,0.011688,0.217039,0.000006,  29.025
   615.0,0.019248,0.011702,0.216262,0.000010,  29.031
   616.0,0.019264,0.011720,0.215481,0.000010,  29.028
   617.0,0.019277,0.011742,0.214692,0.000010,  29.031
   618.0,0.019288,0.011763,0.214017,-0.000003,  29.025
   619.0,0.019322,0.011780,0.213395,0.000033,  29.023
   620.0,0.019330,0.011801,0.212840,0.000010,  29.013
   621.0,0.019341,0.011802,0.211922,-0.000003,  29.009
   622.0,0.019368,0.011817,0.211083,0.000033,  29.006
   623.0,0.019376,0.011840,0.210480,0.000010,  29.001
   624.0,0.019389,0.011849,0.209837,0.000006,  28.994
   625.0,0.019416,0.011860,0.208515,0.000055,  28.992
   626.0,0.019430,0.011899,0.207825,0.000019,  28.993
   627.0,0.019466,0.011912,0.206939,0.000055,  28.986
   628.0,0.019493,0.011931,0.207261,0.000082,  28.987
   629.0,0.019523,0.011958,0.206482,0.000010,  28.978
   630.0,0.019544,0.011990,0.206199,0.000046,  28.965
   631.0,0.019571,0.012011,0.205683,0.000010,  28.952
   632.0,0.019601,0.012029,0.204777,-0.000003,  28.954
   633.0,0.019637,0.012053,0.204891,0.000046,  28.953
   634.0,0.019653,0.012079,0.204492,0.000010,  28.952
   635.0,0.019683,0.012101,0.203969,0.000033,  28.958
   636.0,0.019715,0.012124,0.203712,0.000033,  28.964
   637.0,0.019756,0.012161,0.203121,0.000033,  28.964
   638.0,0.019786,0.012185,0.202874,0.000068,  28.969
   639.0,0.019813,0.012208,0.202293,0.000082,  28.974
   640.0,0.019843,0.012226,0.201897,-0.000003,  28.978
   641.0,0.019884,0.012262,0.201617,0.000033,  28.987
   642.0,0.019909,0.012287,0.201087,0.000010,  28.992
   643.0,0.019944,0.012302,0.200862,0.000010,  28.996
   644.0,0.019974,0.012336,0.200002,0.000046,  28.999
   645.0,0.020009,0.012348,0.199925,0.000010,  29.000
   646.0,0.020050,0.012384,0.199849,0.000046,  29.007
   647.0,0.020083,0.012421,0.199649,0.000010,  29.016
   648.0,0.020139,0.012446,0.199430,-0.000003,  29.019
   649.0,0.020186,0.012484,0.197864,0.000033,  29.025
   650.0,0.020227,0.012516,0.197813,-0.000016,  29.029
   651.0,0.020270,0.012546,0.198176,-0.000003,  29.034
   652.0,0.020305,0.012585,0.198091,0.000019,  29.046
   653.0,0.020346,0.012615,0.197995,0.000033,  29.049
   654.0,0.020404,0.012642,0.198013,0.000033,  29.050
   655.0,0.020444,0.012685,0.197864,0.000010,  29.061
   656.0,0.020491,0.012710,0.197519,-0.000003,  29.057
   657.0,0.020545,0.012751,0.196840,0.000033,  29.065
   658.0,0.020578,0.012781,0.197069,0.000010,  29.067
   659.0,0.020627,0.012803,0.196944,0.000010,  29.066
   660.0,0.020682,0.012839,0.196959,0.000046,  29.061
   661.0,0.020722,0.012878,0.196850,0.000010,  29.063
   662.0,0.020778,0.012916,0.196006,0.000046,  29.061
   663.0,0.020832,0.012948,0.196132,0.000010,  29.056
   664.0,0.020883,0.012992,0.195911,0.000010,  29.060
   665.0,0.020930,0.013019,0.196185,0.000046,  29.060
   666.0,0.020988,0.013051,0.195847,0.000010,  29.064
   667.0,0.021031,0.013091,0.195357,-0.000003,  29.062
   668.0,0.021082,0.013124,0.195724,0.000033,  29.061
   669.0,0.021139,0.013161,0.196036,0.000010,  29.060
   670.0,0.021194,0.013203,0.195983,0.000010,  29.062
   671.0,0.021255,0.013246,0.195978,0.000010,  29.060
   672.0,0.021309,0.013273,0.196178,0.000010,  29.072
   673.0,0.021364,0.013326,0.195419,0.000046,  29.068
   674.0,0.021424,0.013364,0.195898,0.000037,  29.078
   675.0,0.021486,0.013399,0.195992,0.000024,  29.075
   676.0,0.021550,0.013434,0.196154,0.000046,  29.076
   677.0,0.021613,0.013481,0.196062,0.000024,  29.075
   678.0,0.021659,0.013523,0.196385,0.000010,  29.078
   679.0,0.021706,0.013565,0.196380,0.000033,  29.078
   680.0,0.021773,0.013598,0.196528,0.000010,  29.077
   681.0,0.021828,0.013644,0.196539,0.000033,  29.081
   682.0,0.021883,0.013681,0.196451,0.000010,  29.084
   683.0,0.021966,0.013723,0.196526,0.000010,  29.085
   684.0,0.022029,0.013761,0.196762,0.000046,  29.086
   685.0,0.022091,0.013810,0.196813,0.000010,  29.081
   686.0,0.022154,0.013847,0.197034,-0.000016,  29.084
   687.0,0.022209,0.013888,0.197020,0.000046,  29.080
   688.0,0.022268,0.013939,0.197257,0.000033,  29.079
   689.0,0.022326,0.013973,0.197317,0.000019,  29.082
   690.0,0.022387,0.014012,0.197505,0.000010,  29.082
   691.0,0.022444,0.014062,0.196965,-0.000003,  29.076
   692.0,0.022532,0.014098,0.197473,0.000033,  29.072
   693.0,0.022597,0.014146,0.196925,0.000010,  29.073
   694.0,0.022652,0.014190,0.197461,0.000010,  29.074
   695.0,0.022717,0.014230,0.198162,0.000033,  29.075
   696.0,0.022786,0.014295,0.198942,0.000010,  29.069
   697.0,0.022852,0.014331,0.198336,0.000046,  29.071
   698.0,0.022926,0.014371,0.198979,0.000010,  29.068
   699.0,0.022986,0.014426,0.199356,0.000010,  29.066
   700.0,0.023055,0.014465,0.199491,0.000046,  29.061
   701.0,0.023129,0.014502,0.199637,0.000010,  29.060
   702.0,0.023181,0.014552,0.199474,0.000010,  29.054
   703.0,0.023250,0.014590,0.199995,0.000046,  29.057
   704.0,0.023315,0.014630,0.200507,0.000010,  29.057
   705.0,0.023370,0.014672,0.200236,0.000010,  29.052
   706.0,0.023436,0.014709,0.200648,0.000010,  29.054
   707.0,0.023515,0.014762,0.200913,0.000010,  29.057
   708.0,0.023586,0.014816,0.201228,0.000046,  29.059
   709.0,0.023661,0.014865,0.201632,0.000010,  29.063
   710.0,0.023726,0.014904,0.201808,0.000010,  29.068
   711.0,0.023795,0.014936,0.202307,0.000046,  29.068
   712.0,0.023861,0.014978,0.200966,0.000010,  29.072
   713.0,0.023938,0.015035,0.202390,0.000010,  29.074
   714.0,0.024007,0.015087,0.203080,0.000046,  29.075
   715.0,0.024073,0.015135,0.203381,0.000010,  29.077
   716.0,0.024153,0.015180,0.203788,0.000046,  29.068
   717.0,0.024232,0.015238,0.204150,0.000037,  29.059
   718.0,0.024303,0.015283,0.204382,0.000024,  29.040
   719.0,0.024378,0.015335,0.204770,0.000046,  29.032
   720.0,0.024433,0.015378,0.204530,0.000010,  29.027
   721.0,0.024501,0.015412,0.205279,-0.000003,  29.021
   722.0,0.024562,0.015454,0.205537,0.000033,  29.013
   723.0,0.024617,0.015493,0.205854,0.000010,  29.006
   724.0,0.024702,0.015543,0.206087,-0.000003,  29.003
   725.0,0.024782,0.015595,0.206537,0.000010,  28.999
   726.0,0.024845,0.015634,0.206245,-0.000003,  28.996
   727.0,0.024939,0.015690,0.206645,0.000046,  28.995
   728.0,0.025011,0.015747,0.207525,0.000037,  28.995
   729.0,0.025079,0.015800,0.208017,0.000024,  28.997
   730.0,0.025170,0.015842,0.207820,0.000060,  28.994
   731.0,0.025219,0.015892,0.208799,0.000037,  28.997
   732.0,0.025291,0.015923,0.209303,0.000024,  28.998
   733.0,0.025363,0.015970,0.209786,0.000037,  28.992
   734.0,0.025432,0.016025,0.210021,0.000024,  28.995
   735.0,0.025509,0.016071,0.210424,0.000046,  28.993
   736.0,0.025592,0.016117,0.210874,0.000010,  28.997
   737.0,0.025658,0.016164,0.211139,0.000010,  28.998
   738.0,0.025727,0.016197,0.211538,0.000046,  28.999
   739.0,0.025804,0.016244,0.211886,0.000010,  28.999
   740.0,0.025877,0.016299,0.212343,0.000033,  28.998
   741.0,0.025934,0.016339,0.212655,0.000046,  29.004
   742.0,0.026022,0.016390,0.213107,0.000046,  29.010
   743.0,0.026097,0.016446,0.213590,0.000060,  29.014
   744.0,0.026152,0.016490,0.213703,0.000010,  29.011
   745.0,0.026235,0.016534,0.214156,0.000010,  29.008
   746.0,0.026298,0.016583,0.214568,0.000024,  28.995
   747.0,0.026376,0.016617,0.215115,0.000037,  28.995
   748.0,0.026461,0.016657,0.215595,0.000024,  28.990
   749.0,0.026511,0.016705,0.215962,0.000024,  28.984
   750.0,0.026599,0.016757,0.216438,0.000037,  28.980
   751.0,0.026688,0.016824,0.216977,0.000037,  28.973
   752.0,0.026760,0.016885,0.217256,0.000037,  28.956
   753.0,0.026834,0.016933,0.217651,0.000051,  28.950
   754.0,0.026903,0.016976,0.217920,0.000037,  28.940
   755.0,0.026967,0.017020,0.218293,0.000037,  28.935
   756.0,0.027050,0.017051,0.218955,0.000051,  28.925
   757.0,0.027117,0.017102,0.219277,0.000037,  28.925
   758.0,0.027172,0.017143,0.219721,0.000037,  28.928
   759.0,0.027247,0.017183,0.220201,0.000037,  28.932
   760.0,0.027311,0.017242,0.220782,0.000037,  28.928
   761.0,0.027379,0.017286,0.221127,0.000037,  28.927
   762.0,0.027471,0.017322,0.221504,0.000060,  28.924
   763.0,0.027557,0.017379,0.221105,0.000037,  28.923
   764.0,0.027618,0.017424,0.222115,0.000024,  28.928
   765.0,0.027684,0.017471,0.222683,0.000082,  28.925
   766.0,0.027748,0.017499,0.223204,0.000010,  28.927
   767.0,0.027806,0.017548,0.222724,0.000010,  28.929
   768.0,0.027873,0.017594,0.222732,0.000024,  28.932
   769.0,0.027945,0.017637,0.224042,0.000037,  28.929
   770.0,0.028014,0.017686,0.224672,0.000037,  28.932
   771.0,0.028089,0.017719,0.225189,0.000037,  28.935
   772.0,0.028155,0.017778,0.225222,0.000024,  28.939
   773.0,0.028219,0.017816,0.225960,0.000024,  28.941
   774.0,0.028309,0.017858,0.226538,0.000037,  28.948
   775.0,0.028370,0.017904,0.227037,0.000051,  28.946
   776.0,0.028422,0.017941,0.227370,0.000037,  28.950
   777.0,0.028499,0.017986,0.227934,0.000073,  28.949
   778.0,0.028572,0.018044,0.228306,0.000060,  28.953
   779.0,0.028650,0.018090,0.228781,0.000037,  28.952
   780.0,0.028724,0.018141,0.229336,0.000051,  28.956
   781.0,0.028794,0.018188,0.228953,0.000073,  28.952
   782.0,0.028872,0.018222,0.229822,0.000051,  28.942
   783.0,0.028938,0.018269,0.229104,0.000064,  28.924
   784.0,0.029000,0.018325,0.230416,0.000086,  28.906
   785.0,0.029056,0.018365,0.231055,0.000064,  28.895
   786.0,0.029124,0.018406,0.231688,0.000060,  28.886
   787.0,0.029186,0.018439,0.232113,0.000024,  28.862
   788.0,0.029250,0.018481,0.232582,0.000037,  28.858
   789.0,0.029334,0.018526,0.233175,0.000073,  28.846
   790.0,0.029397,0.018582,0.233130,0.000064,  28.836
   791.0,0.029461,0.018612,0.233833,0.000064,  28.819
   792.0,0.029534,0.018654,0.234330,0.000086,  28.812
   793.0,0.029584,0.018691,0.234735,0.000037,  28.809
   794.0,0.029645,0.018728,0.235205,0.000037,  28.802
   795.0,0.029715,0.018768,0.234980,0.000037,  28.790
   796.0,0.029764,0.018809,0.235705,0.000024,  28.791
   797.0,0.029832,0.018845,0.236365,0.000046,  28.792
   798.0,0.029901,0.018882,0.236942,0.000010,  28.796
   799.0,0.029954,0.018928,0.237167,0.000010,  28.798
   800.0,0.030030,0.018958,0.236769,0.000046,  28.805
   801.0,0.030097,0.019006,0.237258,0.000037,  28.808
   802.0,0.030150,0.019045,0.238163,0.000037,  28.805
   803.0,0.030222,0.019090,0.238846,0.000086,  28.810
   804.0,0.030292,0.019132,0.239344,0.000051,  28.815
   805.0,0.030353,0.019178,0.239703,0.000086,  28.821
   806.0,0.030426,0.019218,0.240186,0.000064,  28.830
   807.0,0.030478,0.019275,0.240376,0.000064,  28.829
   808.0,0.030543,0.019303,0.240381,0.000086,  28.842
   809.0,0.030612,0.019335,0.241331,0.000064,  28.848
   810.0,0.030664,0.019383,0.241708,0.000064,  28.849
   811.0,0.030723,0.019423,0.242378,0.000100,  28.858
   812.0,0.030791,0.019466,0.242795,0.000064,  28.869
   813.0,0.030850,0.019501,0.243107,0.000086,  28.868
   814.0,0.030905,0.019526,0.243083,0.000064,  28.877
   815.0,0.030964,0.019569,0.243717,0.000064,  28.875
   816.0,0.031011,0.019601,0.244006,0.000095,  28.885
   817.0,0.031064,0.019627,0.243039,0.000037,  28.887
   818.0,0.031134,0.019664,0.244440,0.000051,  28.890
   819.0,0.031190,0.019709,0.244596,0.000086,  28.890
   820.0,0.031235,0.019743,0.245322,0.000064,  28.892
   821.0,0.031299,0.019780,0.245935,0.000086,  28.887
   822.0,0.031355,0.019814,0.246163,0.000051,  28.894
   823.0,0.031402,0.019861,0.246628,0.000064,  28.897
   824.0,0.031466,0.019881,0.247215,0.000073,  28.898
   825.0,0.031523,0.019926,0.246934,0.000037,  28.902
   826.0,0.031581,0.019948,0.247767,0.000051,  28.911
   827.0,0.031634,0.019980,0.247276,0.000086,  28.912
   828.0,0.031673,0.020022,0.247739,0.000064,  28.911
   829.0,0.031718,0.020053,0.248846,0.000064,  28.911
   830.0,0.031777,0.020085,0.249293,0.000086,  28.912
   831.0,0.031824,0.020134,0.249721,0.000051,  28.901
   832.0,0.031886,0.020155,0.250108,0.000073,  28.895
   833.0,0.031939,0.020178,0.250558,0.000037,  28.889
   834.0,0.031983,0.020225,0.250876,0.000010,  28.881
   835.0,0.032054,0.020248,0.251246,0.000073,  28.880
   836.0,0.032107,0.020278,0.251645,0.000037,  28.873
   837.0,0.032153,0.020312,0.251912,0.000024,  28.865
   838.0,0.032192,0.020339,0.252162,0.000060,  28.860
   839.0,0.032230,0.020375,0.252535,0.000060,  28.862
   840.0,0.032283,0.020412,0.252885,0.000060,  28.859
   841.0,0.032331,0.020421,0.253140,0.000037,  28.846
   842.0,0.032382,0.020456,0.253564,0.000024,  28.840
   843.0,0.032438,0.020491,0.253669,0.000060,  28.841
   844.0,0.032494,0.020516,0.254090,0.000037,  28.842
   845.0,0.032540,0.020557,0.254456,0.000024,  28.840
   846.0,0.032578,0.020589,0.254869,0.000082,  28.843
   847.0,0.032631,0.020613,0.255324,0.000037,  28.844
   848.0,0.032670,0.020651,0.255594,0.000060,  28.849
   849.0,0.032712,0.020677,0.255830,0.000024,  28.846
   850.0,0.032753,0.020708,0.256041,0.000024,  28.846
   851.0,0.032801,0.020739,0.256091,0.000046,  28.845
   852.0,0.032846,0.020767,0.256392,0.000037,  28.843
   853.0,0.032899,0.020795,0.256228,0.000024,  28.845
   854.0,0.032939,0.020827,0.255861,0.000060,  28.840
   855.0,0.032987,0.020852,0.257247,0.000037,  28.840
   856.0,0.033034,0.020885,0.257945,0.000024,  28.839
   857.0,0.033082,0.020916,0.258263,0.000037,  28.837
   858.0,0.033130,0.020949,0.258448,0.000082,  28.837
   859.0,0.033166,0.020973,0.258881,0.000095,  28.833
   860.0,0.033203,0.021003,0.259073,0.000073,  28.833
   861.0,0.033245,0.021025,0.259457,0.000051,  28.833
   862.0,0.033296,0.021041,0.259850,0.000073,  28.825
   863.0,0.033321,0.021072,0.259894,0.000037,  28.815
   864.0,0.033349,0.021095,0.260217,0.000051,  28.811
   865.0,0.033385,0.021105,0.260151,0.000073,  28.810
   866.0,0.033422,0.021130,0.260728,0.000086,  28.807
   867.0,0.033461,0.021152,0.260994,0.000073,  28.799
   868.0,0.033503,0.021178,0.260914,0.000051,  28.805
   869.0,0.033528,0.021201,0.261155,0.000064,  28.800
   870.0,0.033573,0.021229,0.260868,0.000073,  28.801
   871.0,0.033601,0.021243,0.261269,0.000037,  28.796
   872.0,0.033641,0.021263,0.261439,0.000051,  28.794
   873.0,0.033675,0.021286,0.262174,0.000086,  28.793
   874.0,0.033720,0.021310,0.262755,0.000051,  28.795
   875.0,0.033745,0.021333,0.263202,0.000073,  28.796
   876.0,0.033770,0.021354,0.263316,0.000037,  28.801
   877.0,0.033812,0.021380,0.263365,0.000051,  28.795
   878.0,0.033843,0.021412,0.263610,0.000073,  28.797
   879.0,0.033883,0.021426,0.263961,0.000037,  28.798
   880.0,0.033911,0.021440,0.263977,0.000064,  28.806
   881.0,0.033936,0.021458,0.264245,0.000109,  28.806
   882.0,0.033976,0.021487,0.264598,0.000109,  28.807
   883.0,0.033989,0.021500,0.264717,0.000122,  28.809
   884.0,0.034017,0.021516,0.264702,0.000051,  28.800
   885.0,0.034047,0.021537,0.265067,0.000064,  28.794
   886.0,0.034076,0.021551,0.265145,0.000073,  28.791
   887.0,0.034099,0.021572,0.265373,0.000037,  28.789
   888.0,0.034123,0.021579,0.265624,0.000051,  28.785
   889.0,0.034158,0.021597,0.264101,0.000086,  28.788
   890.0,0.034181,0.021614,0.265481,0.000064,  28.787
   891.0,0.034203,0.021626,0.266003,0.000064,  28.785
   892.0,0.034231,0.021647,0.264835,0.000037,  28.787
   893.0,0.034256,0.021664,0.265915,0.000037,  28.785
   894.0,0.034295,0.021680,0.266374,0.000086,  28.789
   895.0,0.034321,0.021707,0.266897,0.000064,  28.786
   896.0,0.034346,0.021733,0.266748,0.000064,  28.790
   897.0,0.034372,0.021737,0.265837,0.000086,  28.788
   898.0,0.034391,0.021749,0.266949,0.000064,  28.781
   899.0,0.034402,0.021769,0.267356,0.000037,  28.781
   900.0,0.034425,0.021772,0.266985,0.000060,  28.778
   901.0,0.034448,0.021789,0.267282,0.000037,  28.769
   902.0,0.034461,0.021807,0.267755,0.000073,  28.771
   903.0,0.034484,0.021812,0.267971,0.000051,  28.775
   904.0,0.034501,0.021824,0.267977,0.000051,  28.770
   905.0,0.034521,0.021834,0.268216,0.000086,  28.774
   906.0,0.034543,0.021841,0.268180,0.000051,  28.771
   907.0,0.034563,0.021857,0.268393,0.000064,  28.778
   908.0,0.034583,0.021870,0.268498,0.000086,  28.778
   909.0,0.034597,0.021876,0.268706,0.000064,  28.783
   910.0,0.034611,0.021889,0.268320,0.000064,  28.782
   911.0,0.034622,0.021891,0.268869,0.000064,  28.784
   912.0,0.034636,0.021902,0.268913,0.000060,  28.784
   913.0,0.034656,0.021917,0.268927,0.000073,  28.788
   914.0,0.034670,0.021922,0.268439,0.000037,  28.786
   915.0,0.034687,0.021932,0.269158,0.000051,  28.784
   916.0,0.034695,0.021951,0.269293,0.000073,  28.780
   917.0,0.034707,0.021956,0.269516,0.000073,  28.777
   918.0,0.034721,0.021959,0.269492,0.000051,  28.773
   919.0,0.034733,0.021965,0.269649,0.000037,  28.766
   920.0,0.034747,0.021979,0.269742,0.000064,  28.767
   921.0,0.034751,0.021989,0.269759,0.000086,  28.769
   922.0,0.034766,0.022001,0.269886,0.000064,  28.763
   923.0,0.034786,0.022006,0.269971,0.000078,  28.767
   924.0,0.034794,0.022013,0.269997,0.000073,  28.767
   925.0,0.034801,0.022017,0.270057,0.000037,  28.770
   926.0,0.034802,0.022019,0.270124,0.000064,  28.770
   927.0,0.034802,0.022026,0.270242,0.000073,  28.763
   928.0,0.034800,0.022019,0.270105,0.000051,  28.766
   929.0,0.034805,0.022016,0.270054,0.000037,  28.766
   930.0,0.034811,0.022022,0.269956,0.000037,  28.762
   931.0,0.034821,0.022022,0.270082,0.000051,  28.767
   932.0,0.034828,0.022025,0.269868,0.000073,  28.765
   933.0,0.034837,0.022033,0.269425,0.000037,  28.761
   934.0,0.034836,0.022044,0.269579,0.000051,  28.768
   935.0,0.034842,0.022042,0.269587,0.000073,  28.773
   936.0,0.034850,0.022036,0.269881,0.000037,  28.764
   937.0,0.034856,0.022049,0.270109,0.000073,  28.772
   938.0,0.034865,0.022052,0.270168,0.000037,  28.771
   939.0,0.034871,0.022063,0.270331,0.000064,  28.776
   940.0,0.034875,0.022066,0.270208,0.000100,  28.778
   941.0,0.034880,0.022069,0.269707,0.000064,  28.788
   942.0,0.034868,0.022071,0.270064,0.000064,  28.792
   943.0,0.034868,0.022068,0.270227,0.000086,  28.799
   944.0,0.034876,0.022068,0.270172,0.000064,  28.797
   945.0,0.034879,0.022068,0.270203,0.000064,  28.798
   946.0,0.034876,0.022078,0.270235,0.000064,  28.799
   947.0,0.034876,0.022076,0.270221,0.000064,  28.802
   948.0,0.034871,0.022074,0.270188,0.000086,  28.797
   949.0,0.034868,0.022068,0.270255,0.000064,  28.800
   950.0,0.034865,0.022067,0.270024,0.000064,  28.797
   951.0,0.034847,0.022056,0.270057,0.000086,  28.797
   952.0,0.034842,0.022058,0.270034,0.000064,  28.794
   953.0,0.034842,0.022053,0.269910,0.000064,  28.798
   954.0,0.034837,0.022051,0.269865,0.000073,  28.794
   955.0,0.034837,0.022035,0.269749,0.000037,  28.802
   956.0,0.034825,0.022037,0.269783,0.000073,  28.799
   957.0,0.034819,0.022031,0.269700,0.000064,  28.800
   958.0,0.034808,0.022032,0.269706,0.000064,  28.799
   959.0,0.034800,0.022028,0.269519,0.000086,  28.800
   960.0,0.034786,0.022016,0.269497,0.000064,  28.806
   961.0,0.034779,0.022007,0.269276,0.000064,  28.803
   962.0,0.034765,0.022002,0.269220,0.000086,  28.799
   963.0,0.034754,0.021992,0.269089,0.000100,  28.805
   964.0,0.034742,0.021988,0.269113,0.000073,  28.805
   965.0,0.034741,0.021977,0.268867,0.000086,  28.801
   966.0,0.034724,0.021971,0.268404,0.000046,  28.804
   967.0,0.034710,0.021952,0.268766,0.000060,  28.802
   968.0,0.034698,0.021950,0.268208,0.000037,  28.801
   969.0,0.034681,0.021950,0.268444,0.000051,  28.801
   970.0,0.034659,0.021930,0.268295,0.000060,  28.809
   971.0,0.034650,0.021923,0.268322,0.000037,  28.807
   972.0,0.034634,0.021913,0.268302,0.000073,  28.807
   973.0,0.034622,0.021898,0.268041,0.000037,  28.808
   974.0,0.034605,0.021888,0.267929,0.000037,  28.807
   975.0,0.034588,0.021873,0.267211,0.000046,  28.817
   976.0,0.034574,0.021865,0.267246,0.000024,  28.819
   977.0,0.034551,0.021865,0.267407,0.000024,  28.811
   978.0,0.034543,0.021855,0.267357,0.000060,  28.810
   979.0,0.034532,0.021848,0.267145,0.000095,  28.812
   980.0,0.034518,0.021845,0.267205,0.000095,  28.810
   981.0,0.034490,0.021829,0.266824,0.000109,  28.809
   982.0,0.034459,0.021814,0.266777,0.000046,  28.808
   983.0,0.034442,0.021794,0.266512,0.000095,  28.806
   984.0,0.034420,0.021782,0.266369,0.000037,  28.799
   985.0,0.034400,0.021771,0.265850,0.000064,  28.798
   986.0,0.034388,0.021751,0.265815,0.000060,  28.795
   987.0,0.034364,0.021742,0.265857,0.000037,  28.789
   988.0,0.034344,0.021739,0.264819,0.000024,  28.778
   989.0,0.034316,0.021723,0.265238,0.000060,  28.777
   990.0,0.034285,0.021703,0.265360,0.000024,  28.770
   991.0,0.034251,0.021689,0.265110,0.000073,  28.768
   992.0,0.034214,0.021667,0.264794,0.000037,  28.763
   993.0,0.034194,0.021634,0.264739,0.000051,  28.759
   994.0,0.034166,0.021625,0.264434,0.000073,  28.756
   995.0,0.034141,0.021608,0.264211,0.000037,  28.748
   996.0,0.034109,0.021592,0.263954,0.000051,  28.742
   997.0,0.034090,0.021575,0.263801,0.000086,  28.750
   998.0,0.034053,0.021551,0.263499,0.000073,  28.739
   999.0,0.034019,0.021531,0.262751,0.000060,  28.740
  1000.0,0.034000,0.021505,0.262770,0.000037,  28.744
  1001.0,0.033966,0.021493,0.262639,0.000010,  28.740
  1002.0,0.033944,0.021480,0.262330,0.000046,  28.736
  1003.0,0.033922,0.021467,0.262253,0.000024,  28.738
  1004.0,0.033888,0.021449,0.262040,0.000024,  28.737
  1005.0,0.033854,0.021422,0.261555,0.000046,  28.734
  1006.0,0.033806,0.021391,0.261245,0.000024,  28.733
  1007.0,0.033781,0.021379,0.261207,0.000060,  28.728
  1008.0,0.033744,0.021354,0.260998,0.000037,  28.728
  1009.0,0.033716,0.021326,0.260840,0.000024,  28.729
  1010.0,0.033697,0.021321,0.260486,0.000060,  28.722
  1011.0,0.033648,0.021302,0.260101,0.000010,  28.720
  1012.0,0.033612,0.021278,0.259708,0.000010,  28.719
  1013.0,0.033581,0.021255,0.259657,0.000046,  28.719
  1014.0,0.033556,0.021245,0.259036,0.000010,  28.720
  1015.0,0.033530,0.021224,0.258908,0.000010,  28.717
  1016.0,0.033488,0.021201,0.258694,0.000037,  28.717
  1017.0,0.033449,0.021181,0.258602,0.000024,  28.712
  1018.0,0.033401,0.021154,0.258340,0.000046,  28.715
  1019.0,0.033362,0.021124,0.258066,0.000010,  28.723
  1020.0,0.033328,0.021103,0.257586,0.000024,  28.719
  1021.0,0.033289,0.021089,0.257539,0.000060,  28.716
  1022.0,0.033250,0.021053,0.257156,0.000037,  28.718
  1023.0,0.033219,0.021026,0.256780,0.000024,  28.717
  1024.0,0.033176,0.020998,0.256408,0.000024,  28.712
  1025.0,0.033131,0.020982,0.256270,0.000024,  28.710
  1026.0,0.033098,0.020965,0.255702,0.000024,  28.708
  1027.0,0.033072,0.020926,0.255332,0.000037,  28.708
  1028.0,0.033022,0.020909,0.255128,0.000024,  28.708
  1029.0,0.032992,0.020884,0.254930,0.000024,  28.704
  1030.0,0.032953,0.020863,0.254730,0.000037,  28.700
  1031.0,0.032913,0.020839,0.254251,0.000051,  28.696
  1032.0,0.032871,0.020811,0.254017,0.000037,  28.693
  1033.0,0.032826,0.020794,0.253504,0.000051,  28.689
  1034.0,0.032782,0.020765,0.252790,0.000037,  28.693
  1035.0,0.032736,0.020734,0.252798,0.000037,  28.689
  1036.0,0.032696,0.020696,0.252495,0.000024,  28.691
  1037.0,0.032644,0.020661,0.252225,0.000046,  28.694
  1038.0,0.032602,0.020645,0.252019,0.000037,  28.690
  1039.0,0.032551,0.020615,0.251671,0.000037,  28.696
  1040.0,0.032518,0.020587,0.251174,0.000073,  28.692
  1041.0,0.032467,0.020565,0.250501,0.000037,  28.692
  1042.0,0.032420,0.020531,0.249670,0.000073,  28.694
  1043.0,0.032364,0.020495,0.249647,0.000037,  28.692
  1044.0,0.032313,0.020468,0.249529,0.000037,  28.693
  1045.0,0.032263,0.020430,0.249282,0.000060,  28.694
  1046.0,0.032227,0.020398,0.248915,0.000037,  28.691
  1047.0,0.032182,0.020376,0.248473,0.000024,  28.691
  1048.0,0.032131,0.020348,0.248100,0.000068,  28.696
  1049.0,0.032098,0.020314,0.247956,0.000010,  28.698
  1050.0,0.032050,0.020292,0.246842,0.000046,  28.691
  1051.0,0.032014,0.020270,0.246991,0.000010,  28.698
  1052.0,0.031958,0.020233,0.246744,0.000024,  28.696
  1053.0,0.031916,0.020208,0.245941,0.000046,  28.695
  1054.0,0.031869,0.020180,0.245498,0.000010,  28.698
  1055.0,0.031810,0.020151,0.244762,0.000010,  28.696
  1056.0,0.031762,0.020118,0.244579,0.000046,  28.696
  1057.0,0.031708,0.020092,0.244794,0.000010,  28.697
  1058.0,0.031670,0.020059,0.244392,0.000010,  28.696
  1059.0,0.031633,0.020025,0.243752,0.000046,  28.697
  1060.0,0.031578,0.019998,0.243804,0.000010,  28.696
  1061.0,0.031527,0.019966,0.242986,0.000046,  28.694
  1062.0,0.031474,0.019930,0.242753,0.000010,  28.692
  1063.0,0.031421,0.019904,0.242463,0.000010,  28.697
  1064.0,0.031359,0.019874,0.242205,0.000046,  28.699
  1065.0,0.031294,0.019842,0.241976,0.000010,  28.694
  1066.0,0.031247,0.019806,0.241531,0.000010,  28.698
  1067.0,0.031205,0.019774,0.241053,0.000041,  28.698
  1068.0,0.031152,0.019733,0.240686,0.000060,  28.699
  1069.0,0.031102,0.019705,0.240064,0.000046,  28.691
  1070.0,0.031043,0.019666,0.239681,0.000010,  28.691
  1071.0,0.031001,0.019635,0.239341,0.000010,  28.695
  1072.0,0.030944,0.019603,0.238604,0.000046,  28.694
  1073.0,0.030891,0.019579,0.237997,0.000037,  28.698
  1074.0,0.030846,0.019540,0.236131,0.000024,  28.698
  1075.0,0.030789,0.019512,0.237054,0.000060,  28.697
  1076.0,0.030739,0.019486,0.237183,0.000037,  28.704
  1077.0,0.030686,0.019448,0.236908,0.000024,  28.704
  1078.0,0.030619,0.019410,0.236525,0.000037,  28.706
  1079.0,0.030557,0.019380,0.236052,0.000024,  28.707
  1080.0,0.030499,0.019340,0.235587,0.000046,  28.703
  1081.0,0.030438,0.019292,0.235238,0.000010,  28.702
  1082.0,0.030373,0.019256,0.234762,0.000010,  28.698
  1083.0,0.030318,0.019219,0.234173,0.000033,  28.703
  1084.0,0.030251,0.019173,0.233830,0.000010,  28.699
  1085.0,0.030206,0.019134,0.233503,-0.000003,  28.706
  1086.0,0.030154,0.019100,0.231572,-0.000003,  28.700
  1087.0,0.030096,0.019062,0.231903,-0.000003,  28.701
  1088.0,0.030037,0.019024,0.231615,0.000033,  28.701
  1089.0,0.029973,0.018987,0.231139,0.000010,  28.703
  1090.0,0.029902,0.018950,0.230766,0.000010,  28.703
  1091.0,0.029841,0.018924,0.230517,0.000033,  28.696
  1092.0,0.029789,0.018878,0.229944,0.000010,  28.697
  1093.0,0.029734,0.018845,0.229632,-0.000003,  28.694
  1094.0,0.029684,0.018796,0.229061,0.000033,  28.686
  1095.0,0.029628,0.018755,0.228694,0.000046,  28.683
  1096.0,0.029550,0.018720,0.228183,0.000033,  28.685
  1097.0,0.029497,0.018686,0.227833,0.000010,  28.685
  1098.0,0.029439,0.018651,0.227188,-0.000016,  28.685
  1099.0,0.029372,0.018616,0.226894,0.000033,  28.689
  1100.0,0.029311,0.018584,0.226278,-0.000016,  28.683
  1101.0,0.029238,0.018547,0.225710,-0.000003,  28.687
  1102.0,0.029186,0.018504,0.225205,0.000033,  28.695
  1103.0,0.029122,0.018462,0.224511,0.000010,  28.690
  1104.0,0.029055,0.018414,0.224159,0.000033,  28.682
  1105.0,0.028991,0.018370,0.223844,0.000010,  28.683
  1106.0,0.028935,0.018335,0.223354,-0.000003,  28.673
  1107.0,0.028872,0.018304,0.222844,0.000033,  28.679
  1108.0,0.028805,0.018263,0.222388,0.000010,  28.675
  1109.0,0.028735,0.018227,0.221426,0.000010,  28.676
  1110.0,0.028675,0.018183,0.221182,0.000046,  28.675
  1111.0,0.028628,0.018141,0.220791,0.000041,  28.677
  1112.0,0.028572,0.018097,0.220220,0.000055,  28.678
  1113.0,0.028502,0.018070,0.219756,0.000055,  28.683
  1114.0,0.028438,0.018030,0.219533,0.000019,  28.680
  1115.0,0.028375,0.017991,0.218792,0.000068,  28.675
  1116.0,0.028300,0.017943,0.218413,-0.000003,  28.677
  1117.0,0.028228,0.017896,0.217956,-0.000016,  28.676
  1118.0,0.028167,0.017859,0.217458,0.000019,  28.670
  1119.0,0.028100,0.017814,0.216903,0.000010,  28.666
  1120.0,0.028053,0.017770,0.215701,-0.000003,  28.667
  1121.0,0.027981,0.017737,0.215645,0.000033,  28.669
  1122.0,0.027920,0.017703,0.215134,-0.000016,  28.673
  1123.0,0.027848,0.017649,0.214846,0.000019,  28.671
  1124.0,0.027776,0.017599,0.213074,0.000010,  28.664
  1125.0,0.027711,0.017560,0.213023,-0.000003,  28.672
  1126.0,0.027648,0.017526,0.213076,0.000033,  28.669
  1127.0,0.027579,0.017483,0.212788,-0.000003,  28.668
  1128.0,0.027501,0.017450,0.212301,-0.000030,  28.670
  1129.0,0.027455,0.017408,0.211835,0.000006,  28.668
  1130.0,0.027388,0.017367,0.211190,0.000019,  28.672
  1131.0,0.027327,0.017321,0.210638,0.000006,  28.667
  1132.0,0.027260,0.017280,0.210261,-0.000030,  28.670
  1133.0,0.027196,0.017248,0.209848,-0.000030,  28.671
  1134.0,0.027135,0.017210,0.209303,0.000019,  28.672
  1135.0,0.027066,0.017170,0.208931,-0.000016,  28.667
  1136.0,0.026985,0.017140,0.208108,-0.000016,  28.673
  1137.0,0.026931,0.017089,0.207748,0.000033,  28.667
  1138.0,0.026879,0.017038,0.206529,0.000028,  28.667
  1139.0,0.026804,0.017000,0.206593,0.000055,  28.673
  1140.0,0.026726,0.016953,0.206153,-0.000016,  28.666
  1141.0,0.026669,0.016907,0.205779,-0.000016,  28.669
  1142.0,0.026606,0.016868,0.205204,0.000019,  28.665
  1143.0,0.026525,0.016819,0.204710,-0.000030,  28.667
  1144.0,0.026461,0.016780,0.204241,-0.000030,  28.664
  1145.0,0.026398,0.016738,0.203258,0.000019,  28.667
  1146.0,0.026320,0.016696,0.202627,0.000006,  28.667
  1147.0,0.026273,0.016645,0.201523,0.000006,  28.663
  1148.0,0.026191,0.016610,0.201680,0.000041,  28.667
  1149.0,0.026122,0.016560,0.201299,0.000006,  28.668
  1150.0,0.026058,0.016519,0.201097,0.000041,  28.665
  1151.0,0.025981,0.016474,0.200544,0.000055,  28.662
  1152.0,0.025928,0.016427,0.199604,0.000019,  28.663
  1153.0,0.025862,0.016408,0.199368,0.000055,  28.662
  1154.0,0.025790,0.016363,0.199143,0.000055,  28.665
  1155.0,0.025724,0.016310,0.198423,0.000006,  28.664
  1156.0,0.025661,0.016270,0.197942,0.000019,  28.662
  1157.0,0.025600,0.016220,0.197263,0.000019,  28.663
  1158.0,0.025539,0.016191,0.196926,0.000019,  28.664
  1159.0,0.025465,0.016154,0.196466,-0.000016,  28.664
  1160.0,0.025396,0.016109,0.195840,-0.000016,  28.663
  1161.0,0.025322,0.016055,0.195404,0.000006,  28.666
  1162.0,0.025247,0.016018,0.194361,-0.000003,  28.669
  1163.0,0.025181,0.015972,0.192650,-0.000016,  28.668
  1164.0,0.025115,0.015919,0.193232,0.000041,  28.672
  1165.0,0.025055,0.015884,0.193114,0.000068,  28.677
  1166.0,0.024986,0.015837,0.192725,0.000055,  28.666
  1167.0,0.024909,0.015791,0.192095,0.000041,  28.669
  1168.0,0.024840,0.015753,0.191674,0.000006,  28.672
  1169.0,0.024777,0.015703,0.190977,0.000041,  28.671
  1170.0,0.024697,0.015669,0.190517,0.000041,  28.671
  1171.0,0.024622,0.015626,0.190030,0.000006,  28.670
  1172.0,0.024556,0.015575,0.188246,0.000041,  28.666
  1173.0,0.024499,0.015529,0.187987,0.000041,  28.666
  1174.0,0.024422,0.015481,0.187908,0.000041,  28.659
  1175.0,0.024350,0.015439,0.187657,0.000041,  28.659
  1176.0,0.024281,0.015394,0.187341,0.000006,  28.652
  1177.0,0.024215,0.015353,0.186385,0.000028,  28.655
  1178.0,0.024130,0.015306,0.185677,0.000041,  28.656
  1179.0,0.024056,0.015260,0.185650,0.000006,  28.656
  1180.0,0.023976,0.015219,0.185148,0.000028,  28.654
  1181.0,0.023908,0.015168,0.184025,0.000041,  28.651
  1182.0,0.023858,0.015123,0.183743,-0.000008,  28.658
  1183.0,0.023779,0.015075,0.183399,0.000015,  28.660
  1184.0,0.023707,0.015024,0.182621,-0.000008,  28.656
  1185.0,0.023638,0.014981,0.181514,0.000015,  28.653
  1186.0,0.023564,0.014950,0.181328,0.000015,  28.656
  1187.0,0.023497,0.014902,0.181101,-0.000008,  28.660
  1188.0,0.023433,0.014862,0.180656,0.000015,  28.663
  1189.0,0.023348,0.014816,0.180125,0.000028,  28.663
  1190.0,0.023276,0.014770,0.179614,0.000006,  28.660
  1191.0,0.023222,0.014721,0.179088,0.000028,  28.662
  1192.0,0.023148,0.014671,0.177910,0.000041,  28.661
  1193.0,0.023082,0.014629,0.177553,0.000028,  28.661
  1194.0,0.023013,0.014589,0.177405,0.000041,  28.658
  1195.0,0.022935,0.014545,0.176801,0.000006,  28.655
  1196.0,0.022875,0.014498,0.176368,0.000028,  28.656
  1197.0,0.022799,0.014458,0.175812,0.000041,  28.657
  1198.0,0.022734,0.014430,0.175227,0.000006,  28.652
  1199.0,0.022654,0.014380,0.174639,0.000028,  28.656
  1200.0,0.022593,0.014334,0.173899,0.000041,  28.653
  1201.0,0.022537,0.014289,0.173461,0.000041,  28.658
  1202.0,0.022454,0.014253,0.172528,0.000041,  28.660
  1203.0,0.022377,0.014202,0.172510,0.000006,  28.660
  1204.0,0.022306,0.014157,0.171926,0.000028,  28.660
  1205.0,0.022233,0.014099,0.171483,0.000041,  28.661
  1206.0,0.022150,0.014064,0.171000,-0.000008,  28.662
  1207.0,0.022084,0.014017,0.169514,0.000050,  28.659
  1208.0,0.022027,0.013980,0.169145,0.000041,  28.662
  1209.0,0.021961,0.013939,0.169079,-0.000008,  28.663
  1210.0,0.021885,0.013890,0.168552,-0.000021,  28.662
  1211.0,0.021814,0.013834,0.167717,-0.000043,  28.661
  1212.0,0.021752,0.013798,0.167495,-0.000008,  28.665
  1213.0,0.021680,0.013753,0.167093,-0.000030,  28.670
  1214.0,0.021609,0.013707,0.166585,-0.000030,  28.660
  1215.0,0.021533,0.013669,0.165780,-0.000008,  28.669
  1216.0,0.021467,0.013626,0.165220,-0.000030,  28.672
  1217.0,0.021406,0.013586,0.164933,-0.000030,  28.669
  1218.0,0.021346,0.013536,0.164271,-0.000008,  28.664
  1219.0,0.021269,0.013487,0.163152,-0.000008,  28.662
  1220.0,0.021189,0.013447,0.163034,-0.000008,  28.655
  1221.0,0.021118,0.013399,0.162751,-0.000030,  28.653
  1222.0,0.021039,0.013346,0.162134,-0.000030,  28.653
  1223.0,0.020968,0.013301,0.161675,-0.000008,  28.653
  1224.0,0.020900,0.013270,0.160599,-0.000030,  28.648
  1225.0,0.020821,0.013223,0.160488,-0.000030,  28.653
  1226.0,0.020756,0.013169,0.159472,-0.000021,  28.649
  1227.0,0.020692,0.013128,0.159050,-0.000057,  28.647
  1228.0,0.020622,0.013079,0.158625,-0.000021,  28.651
  1229.0,0.020557,0.013033,0.158510,-0.000057,  28.651
  1230.0,0.020477,0.012996,0.157919,-0.000057,  28.651
  1231.0,0.020414,0.012953,0.157339,-0.000021,  28.653
  1232.0,0.020346,0.012922,0.156923,-0.000057,  28.655
  1233.0,0.020261,0.012880,0.154902,-0.000057,  28.659
  1234.0,0.020199,0.012832,0.155210,-0.000035,  28.656
  1235.0,0.020139,0.012782,0.154950,-0.000057,  28.657
  1236.0,0.020066,0.012735,0.153666,-0.000035,  28.658
  1237.0,0.019998,0.012691,0.153769,-0.000035,  28.657
  1238.0,0.019924,0.012639,0.153533,-0.000035,  28.659
  1239.0,0.019848,0.012592,0.153090,-0.000026,  28.661
  1240.0,0.019783,0.012550,0.152530,0.000001,  28.660
  1241.0,0.019715,0.012520,0.152021,-0.000021,  28.660
  1242.0,0.019647,0.012464,0.151059,0.000001,  28.659
  1243.0,0.019586,0.012424,0.150899,0.000015,  28.660
  1244.0,0.019530,0.012397,0.150341,-0.000043,  28.661
  1245.0,0.019459,0.012351,0.149881,-0.000021,  28.656
  1246.0,0.019391,0.012306,0.149192,-0.000021,  28.660
  1247.0,0.019318,0.012258,0.148888,-0.000021,  28.661
  1248.0,0.019241,0.012218,0.148222,-0.000030,  28.655
  1249.0,0.019170,0.012175,0.147691,-0.000030,  28.654
  1250.0,0.019100,0.012148,0.147179,-0.000021,  28.649
  1251.0,0.019016,0.012088,0.146675,-0.000057,  28.648
  1252.0,0.018963,0.012036,0.146130,-0.000057,  28.652
  1253.0,0.018890,0.012000,0.145680,-0.000035,  28.652
  1254.0,0.018819,0.011955,0.144996,-0.000070,  28.655
  1255.0,0.018763,0.011911,0.144680,-0.000035,  28.656
  1256.0,0.018698,0.011868,0.144237,-0.000070,  28.656
  1257.0,0.018619,0.011829,0.143731,-0.000070,  28.652
  1258.0,0.018560,0.011795,0.143071,-0.000012,  28.648
  1259.0,0.018495,0.011752,0.142565,-0.000012,  28.644
  1260.0,0.018421,0.011703,0.141989,-0.000057,  28.647
  1261.0,0.018364,0.011660,0.141336,-0.000035,  28.643
  1262.0,0.018285,0.011613,0.140802,-0.000035,  28.644
  1263.0,0.018237,0.011571,0.140453,0.000001,  28.646
  1264.0,0.018164,0.011538,0.139982,0.000015,  28.646
  1265.0,0.018087,0.011493,0.139441,-0.000021,  28.645
  1266.0,0.018028,0.011453,0.138800,0.000001,  28.649
  1267.0,0.017955,0.011424,0.137937,0.000015,  28.647
  1268.0,0.017882,0.011376,0.136903,-0.000021,  28.637
  1269.0,0.017828,0.011323,0.136974,0.000001,  28.637
  1270.0,0.017758,0.011273,0.136621,0.000015,  28.638
  1271.0,0.017690,0.011233,0.136201,0.000001,  28.640
  1272.0,0.017616,0.011186,0.135778,-0.000012,  28.635
  1273.0,0.017547,0.011143,0.135338,-0.000075,  28.632
  1274.0,0.017468,0.011096,0.134932,-0.000026,  28.630
  1275.0,0.017405,0.011054,0.134711,-0.000012,  28.628
  1276.0,0.017350,0.011020,0.133833,-0.000061,  28.634
  1277.0,0.017290,0.010989,0.133267,-0.000012,  28.637
  1278.0,0.017232,0.010943,0.132734,-0.000012,  28.645
  1279.0,0.017170,0.010908,0.132057,-0.000048,  28.652
  1280.0,0.017108,0.010868,0.131617,0.000001,  28.660
  1281.0,0.017048,0.010828,0.131129,-0.000021,  28.670
  1282.0,0.016986,0.010786,0.130570,0.000001,  28.677
  1283.0,0.016914,0.010749,0.130081,-0.000021,  28.686
  1284.0,0.016854,0.010705,0.129825,-0.000043,  28.692
  1285.0,0.016786,0.010675,0.129321,-0.000035,  28.697
  1286.0,0.016717,0.010634,0.128780,-0.000035,  28.703
  1287.0,0.016663,0.010600,0.128301,-0.000008,  28.705
  1288.0,0.016602,0.010558,0.127891,0.000001,  28.706
  1289.0,0.016523,0.010513,0.127326,-0.000035,  28.711
  1290.0,0.016465,0.010463,0.126940,-0.000012,  28.713
  1291.0,0.016390,0.010406,0.126515,-0.000021,  28.721
  1292.0,0.016308,0.010366,0.125545,-0.000057,  28.727
  1293.0,0.016249,0.010327,0.125232,-0.000048,  28.722
  1294.0,0.016187,0.010290,0.124728,-0.000048,  28.730
  1295.0,0.016142,0.010251,0.124252,-0.000070,  28.732
  1296.0,0.016086,0.010224,0.123010,-0.000035,  28.730
  1297.0,0.016009,0.010184,0.123086,-0.000048,  28.726
  1298.0,0.015942,0.010128,0.122590,-0.000026,  28.731
  1299.0,0.015881,0.010080,0.121721,-0.000012,  28.724
  1300.0,0.015813,0.010038,0.121670,-0.000061,  28.728
  1301.0,0.015751,0.009992,0.121247,-0.000012,  28.729
  1302.0,0.015689,0.009961,0.120942,-0.000012,  28.720
  1303.0,0.015632,0.009927,0.120560,-0.000048,  28.711
  1304.0,0.015575,0.009896,0.119943,-0.000026,  28.711
  1305.0,0.015509,0.009858,0.119296,-0.000012,  28.701
  1306.0,0.015448,0.009814,0.118970,-0.000026,  28.700
  1307.0,0.015386,0.009773,0.118587,-0.000012,  28.700
  1308.0,0.015315,0.009743,0.118110,-0.000061,  28.695
  1309.0,0.015251,0.009703,0.117516,-0.000026,  28.694
  1310.0,0.015200,0.009669,0.117159,-0.000012,  28.692
  1311.0,0.015146,0.009637,0.116753,-0.000021,  28.694
  1312.0,0.015092,0.009598,0.116302,-0.000012,  28.694
  1313.0,0.015030,0.009560,0.114930,0.000001,  28.689
  1314.0,0.014966,0.009526,0.115049,-0.000012,  28.684
  1315.0,0.014894,0.009480,0.114348,-0.000070,  28.679
  1316.0,0.014826,0.009431,0.114150,-0.000035,  28.671
  1317.0,0.014764,0.009382,0.113883,-0.000012,  28.658
  1318.0,0.014703,0.009341,0.113363,0.000015,  28.650
  1319.0,0.014651,0.009313,0.112800,-0.000021,  28.646
  1320.0,0.014598,0.009283,0.111238,-0.000012,  28.638
  1321.0,0.014525,0.009255,0.111276,-0.000012,  28.638
  1322.0,0.014471,0.009213,0.111273,-0.000075,  28.631
  1323.0,0.014410,0.009169,0.111059,-0.000026,  28.634
  1324.0,0.014343,0.009118,0.110734,-0.000061,  28.630
  1325.0,0.014281,0.009073,0.110305,-0.000039,  28.624
  1326.0,0.014224,0.009033,0.109633,-0.000012,  28.620
  1327.0,0.014169,0.009005,0.108973,-0.000061,  28.627
  1328.0,0.014103,0.008963,0.108764,-0.000026,  28.635
  1329.0,0.014050,0.008924,0.108391,-0.000012,  28.644
  1330.0,0.013999,0.008889,0.107711,-0.000061,  28.650
  1331.0,0.013940,0.008849,0.107375,-0.000026,  28.656
  1332.0,0.013874,0.008821,0.106882,-0.000061,  28.661
  1333.0,0.013807,0.008785,0.106555,-0.000026,  28.672
  1334.0,0.013762,0.008740,0.106173,-0.000012,  28.678
  1335.0,0.013695,0.008713,0.105601,-0.000061,  28.689
  1336.0,0.013636,0.008683,0.104763,-0.000026,  28.693
  1337.0,0.013583,0.008637,0.104442,-0.000012,  28.697
  1338.0,0.013534,0.008609,0.104153,-0.000035,  28.704
  1339.0,0.013490,0.008575,0.103559,-0.000012,  28.708
  1340.0,0.013436,0.008533,0.102504,-0.000048,  28.713
  1341.0,0.013380,0.008503,0.102651,-0.000048,  28.716
  1342.0,0.013326,0.008463,0.102478,-0.000057,  28.720
  1343.0,0.013255,0.008433,0.102153,-0.000057,  28.724
  1344.0,0.013196,0.008403,0.101377,-0.000048,  28.723
  1345.0,0.013146,0.008373,0.101047,-0.000070,  28.728
  1346.0,0.013081,0.008331,0.100777,-0.000097,  28.731
  1347.0,0.013033,0.008291,0.100357,-0.000048,  28.732
  1348.0,0.012960,0.008247,0.099820,-0.000084,  28.739
  1349.0,0.012905,0.008209,0.099436,-0.000061,  28.735
  1350.0,0.012843,0.008170,0.098998,-0.000084,  28.728
  1351.0,0.012786,0.008132,0.098574,-0.000111,  28.731
  1352.0,0.012733,0.008102,0.098069,-0.000075,  28.728
  1353.0,0.012674,0.008069,0.097580,-0.000111,  28.728
  1354.0,0.012626,0.008038,0.097267,-0.000111,  28.727
  1355.0,0.012578,0.007999,0.096874,-0.000061,  28.722
  1356.0,0.012537,0.007973,0.095963,-0.000084,  28.716
  1357.0,0.012492,0.007945,0.095794,-0.000048,  28.714
  1358.0,0.012439,0.007919,0.095604,-0.000084,  28.712
  1359.0,0.012374,0.007895,0.095402,-0.000084,  28.710
  1360.0,0.012306,0.007843,0.094227,-0.000061,  28.706
  1361.0,0.012246,0.007801,0.094327,-0.000061,  28.705
  1362.0,0.012184,0.007765,0.093798,-0.000075,  28.705
  1363.0,0.012138,0.007722,0.093435,-0.000039,  28.701
  1364.0,0.012089,0.007686,0.093084,-0.000075,  28.705
  1365.0,0.012046,0.007657,0.092778,-0.000111,  28.702
  1366.0,0.012000,0.007621,0.092535,-0.000075,  28.706
  1367.0,0.011941,0.007598,0.091946,-0.000084,  28.700
  1368.0,0.011896,0.007564,0.091607,-0.000061,  28.696
  1369.0,0.011842,0.007535,0.091164,-0.000061,  28.699
  1370.0,0.011794,0.007508,0.090844,-0.000061,  28.700
  1371.0,0.011734,0.007483,0.089746,-0.000061,  28.695
  1372.0,0.011692,0.007447,0.089517,-0.000084,  28.697
  1373.0,0.011652,0.007417,0.089069,-0.000070,  28.703
  1374.0,0.011599,0.007382,0.088513,-0.000035,  28.709
  1375.0,0.011546,0.007352,0.088334,-0.000070,  28.709
  1376.0,0.011483,0.007318,0.088435,-0.000035,  28.717
  1377.0,0.011428,0.007290,0.087903,-0.000084,  28.728
  1378.0,0.011375,0.007246,0.087619,-0.000070,  28.729
  1379.0,0.011316,0.007217,0.087327,-0.000048,  28.738
  1380.0,0.011263,0.007181,0.086853,-0.000084,  28.740
  1381.0,0.011217,0.007151,0.086469,-0.000070,  28.745
  1382.0,0.011183,0.007124,0.086134,-0.000048,  28.743
  1383.0,0.011135,0.007088,0.085707,-0.000048,  28.754
  1384.0,0.011085,0.007072,0.085401,-0.000048,  28.749
  1385.0,0.011034,0.007033,0.085039,-0.000057,  28.755
  1386.0,0.010980,0.006993,0.084746,-0.000057,  28.751
  1387.0,0.010918,0.006959,0.084257,-0.000035,  28.748
  1388.0,0.010873,0.006932,0.083777,-0.000035,  28.743
  1389.0,0.010823,0.006907,0.083418,-0.000021,  28.743
  1390.0,0.010789,0.006881,0.083124,0.000001,  28.735
  1391.0,0.010730,0.006852,0.082670,-0.000021,  28.731
