Run Name,Lysozyme_36%Isocratic_Test1
Run Date,06:13:06 PM   02-05-23
Method Name,TA_IsocraticRun_36%
Export Format Version, 1.00
Method ID, 4031
Points/Second, 1.00
Number of Records,   1200
Offset from Run Start Time,00:00:00
Run End Time,00:20:00
Time,Second
QuadTec 1, (280.0 nm), AU
Trace 2,<Not Selected>
Gradient Pump,%B
Trace 3,<Not Selected>
Trace 4,<Not Selected>
Conductivity,mS/cm
Trace 6,<Not Available>
GP Pressure,<Not Selected>
Volume,ml
Fraction,<Not Available>
Time,QuadTec 1,Gradient Pump,Conductivity,Volume
     0.0,0.000845, 36,  38.643,     0.0
     1.0,0.000000, 36,  38.625,     0.0
     2.0,0.000000, 36,  38.604,     0.0
     3.0,0.000000, 36,  38.591,     0.1
     4.0,0.000000, 36,  38.591,     0.1
     5.0,0.000028, 36,  38.578,     0.1
     6.0,0.000046, 36,  38.577,     0.1
     7.0,0.000040, 36,  38.569,     0.1
     8.0,0.000045, 36,  38.561,     0.1
     9.0,0.000023, 36,  38.550,     0.2
    10.0,0.000015, 36,  38.546,     0.2
    11.0,0.000004, 36,  38.537,     0.2
    12.0,0.000009, 36,  38.533,     0.2
    13.0,0.000005, 36,  38.515,     0.2
    14.0,0.000005, 36,  38.515,     0.2
    15.0,0.000012, 36,  38.513,     0.3
    16.0,0.000042, 36,  38.513,     0.3
    17.0,0.000040, 36,  38.515,     0.3
    18.0,0.000040, 36,  38.515,     0.3
    19.0,0.000029, 36,  38.519,     0.3
    20.0,0.000014, 36,  38.523,     0.3
    21.0,0.000014, 36,  38.531,     0.3
    22.0,0.000037, 36,  38.544,     0.4
    23.0,0.000046, 36,  38.556,     0.4
    24.0,0.000048, 36,  38.562,     0.4
    25.0,0.000056, 36,  38.566,     0.4
    26.0,0.000062, 36,  38.573,     0.4
    27.0,0.000059, 36,  38.585,     0.4
    28.0,0.000057, 36,  38.589,     0.5
    29.0,0.000078, 36,  38.592,     0.5
    30.0,0.000063, 36,  38.600,     0.5
    31.0,0.000077, 36,  38.602,     0.5
    32.0,0.000065, 36,  38.606,     0.5
    33.0,0.000054, 36,  38.608,     0.6
    34.0,0.000043, 36,  38.621,     0.6
    35.0,0.000046, 36,  38.619,     0.6
    36.0,0.000057, 36,  38.621,     0.6
    37.0,0.000057, 36,  38.620,     0.6
    38.0,0.000046, 36,  38.610,     0.6
    39.0,0.000039, 36,  38.602,     0.6
    40.0,0.000023, 36,  38.605,     0.7
    41.0,0.000038, 36,  38.596,     0.7
    42.0,0.000069, 36,  38.595,     0.7
    43.0,0.000056, 36,  38.595,     0.7
    44.0,0.000059, 36,  38.586,     0.7
    45.0,0.000074, 36,  38.586,     0.8
    46.0,0.000093, 36,  38.580,     0.8
    47.0,0.000100, 36,  38.584,     0.8
    48.0,0.000085, 36,  38.583,     0.8
    49.0,0.000078, 36,  38.578,     0.8
    50.0,0.000082, 36,  38.578,     0.8
    51.0,0.000093, 36,  38.580,     0.9
    52.0,0.000091, 36,  38.570,     0.9
    53.0,0.000102, 36,  38.567,     0.9
    54.0,0.000102, 36,  38.563,     0.9
    55.0,0.000099, 36,  38.555,     0.9
    56.0,0.000082, 36,  38.555,     0.9
    57.0,0.000076, 36,  38.552,     0.9
    58.0,0.000071, 36,  38.548,     1.0
    59.0,0.000063, 36,  38.536,     1.0
    60.0,0.000052, 36,  38.539,     1.0
    61.0,0.000052, 36,  38.539,     1.0
    62.0,0.000052, 36,  38.538,     1.0
    63.0,0.000060, 36,  38.542,     1.0
    64.0,0.000059, 36,  38.542,     1.1
    65.0,0.000046, 36,  38.541,     1.1
    66.0,0.000050, 36,  38.556,     1.1
    67.0,0.000055, 36,  38.557,     1.1
    68.0,0.000062, 36,  38.564,     1.1
    69.0,0.000057, 36,  38.570,     1.1
    70.0,0.000071, 36,  38.573,     1.2
    71.0,0.000071, 36,  38.575,     1.2
    72.0,0.000082, 36,  38.579,     1.2
    73.0,0.000082, 36,  38.579,     1.2
    74.0,0.000100, 36,  38.580,     1.2
    75.0,0.000107, 36,  38.578,     1.3
    76.0,0.000091, 36,  38.573,     1.3
    77.0,0.000077, 36,  38.577,     1.3
    78.0,0.000082, 36,  38.571,     1.3
    79.0,0.000070, 36,  38.564,     1.3
    80.0,0.000073, 36,  38.563,     1.3
    81.0,0.000073, 36,  38.560,     1.4
    82.0,0.000081, 36,  38.558,     1.4
    83.0,0.000085, 36,  38.550,     1.4
    84.0,0.000077, 36,  38.548,     1.4
    85.0,0.000078, 36,  38.544,     1.4
    86.0,0.000076, 36,  38.544,     1.4
    87.0,0.000077, 36,  38.540,     1.5
    88.0,0.000057, 36,  38.531,     1.5
    89.0,0.000058, 36,  38.525,     1.5
    90.0,0.000043, 36,  38.527,     1.5
    91.0,0.000046, 36,  38.504,     1.5
    92.0,0.000039, 36,  38.502,     1.5
    93.0,0.000050, 36,  38.505,     1.5
    94.0,0.000048, 36,  38.513,     1.6
    95.0,0.000062, 36,  38.517,     1.6
    96.0,0.000059, 36,  38.535,     1.6
    97.0,0.000068, 36,  38.539,     1.6
    98.0,0.000057, 36,  38.557,     1.6
    99.0,0.000054, 36,  38.563,     1.6
   100.0,0.000052, 36,  38.570,     1.7
   101.0,0.000077, 36,  38.579,     1.7
   102.0,0.000076, 36,  38.581,     1.7
   103.0,0.000079, 36,  38.583,     1.7
   104.0,0.000076, 36,  38.587,     1.7
   105.0,0.000068, 36,  38.584,     1.8
   106.0,0.000062, 36,  38.583,     1.8
   107.0,0.000058, 36,  38.576,     1.8
   108.0,0.000066, 36,  38.573,     1.8
   109.0,0.000065, 36,  38.551,     1.8
   110.0,0.000051, 36,  38.540,     1.8
   111.0,0.000063, 36,  38.521,     1.9
   112.0,0.000074, 36,  38.505,     1.9
   113.0,0.000074, 36,  38.491,     1.9
   114.0,0.000082, 36,  38.485,     1.9
   115.0,0.000094, 36,  38.475,     1.9
   116.0,0.000091, 36,  38.480,     1.9
   117.0,0.000083, 36,  38.482,     2.0
   118.0,0.000090, 35,  38.488,     2.0
   119.0,0.000082, 35,  38.497,     2.0
   120.0,0.000074, 35,  38.507,     2.0
   121.0,0.000072, 35,  38.504,     2.0
   122.0,0.000070, 35,  38.509,     2.0
   123.0,0.000078, 35,  38.504,     2.0
   124.0,0.000063, 36,  38.494,     2.1
   125.0,0.000060, 36,  38.495,     2.1
   126.0,0.000056, 36,  38.484,     2.1
   127.0,0.000038, 36,  38.473,     2.1
   128.0,0.000044, 36,  38.475,     2.1
   129.0,0.000039, 36,  38.469,     2.2
   130.0,0.000043, 36,  38.462,     2.2
   131.0,0.000032, 36,  38.445,     2.2
   132.0,0.000017, 36,  38.435,     2.2
   133.0,0.000010, 36,  38.421,     2.2
   134.0,0.000010, 36,  38.409,     2.2
   135.0,0.000035, 36,  38.395,     2.3
   136.0,0.000061, 36,  38.376,     2.3
   137.0,0.000056, 36,  38.365,     2.3
   138.0,0.000052, 36,  38.352,     2.3
   139.0,0.000063, 36,  38.338,     2.3
   140.0,0.000063, 36,  38.327,     2.3
   141.0,0.000045, 36,  38.322,     2.4
   142.0,0.000039, 36,  38.312,     2.4
   143.0,0.000028, 36,  38.305,     2.4
   144.0,0.000010, 36,  38.284,     2.4
   145.0,0.000006, 36,  38.265,     2.4
   146.0,0.000021, 36,  38.261,     2.4
   147.0,0.000032, 36,  38.245,     2.5
   148.0,0.000051, 36,  38.234,     2.5
   149.0,0.000046, 36,  38.213,     2.5
   150.0,0.000054, 36,  38.200,     2.5
   151.0,0.000043, 36,  38.179,     2.5
   152.0,0.000065, 36,  38.170,     2.5
   153.0,0.000073, 36,  38.147,     2.5
   154.0,0.000085, 36,  38.122,     2.6
   155.0,0.000093, 36,  38.103,     2.6
   156.0,0.000093, 36,  38.083,     2.6
   157.0,0.000107, 36,  38.063,     2.6
   158.0,0.000100, 36,  38.049,     2.6
   159.0,0.000093, 36,  38.029,     2.7
   160.0,0.000106, 36,  38.020,     2.7
   161.0,0.000083, 36,  38.017,     2.7
   162.0,0.000098, 36,  38.008,     2.7
   163.0,0.000107, 36,  37.997,     2.7
   164.0,0.000104, 36,  38.002,     2.7
   165.0,0.000100, 36,  37.999,     2.8
   166.0,0.000112, 36,  37.999,     2.8
   167.0,0.000110, 36,  38.004,     2.8
   168.0,0.000090, 36,  38.006,     2.8
   169.0,0.000089, 36,  38.007,     2.8
   170.0,0.000100, 36,  38.015,     2.8
   171.0,0.000096, 36,  38.016,     2.9
   172.0,0.000096, 36,  38.028,     2.9
   173.0,0.000096, 36,  38.036,     2.9
   174.0,0.000073, 36,  38.041,     2.9
   175.0,0.000068, 36,  38.050,     2.9
   176.0,0.000068, 36,  38.059,     2.9
   177.0,0.000076, 36,  38.063,     3.0
   178.0,0.000068, 36,  38.079,     3.0
   179.0,0.000072, 36,  38.085,     3.0
   180.0,0.000087, 36,  38.089,     3.0
   181.0,0.000094, 36,  38.095,     3.0
   182.0,0.000105, 36,  38.109,     3.0
   183.0,0.000127, 36,  38.122,     3.0
   184.0,0.000121, 36,  38.133,     3.1
   185.0,0.000118, 36,  38.147,     3.1
   186.0,0.000118, 36,  38.173,     3.1
   187.0,0.000126, 36,  38.180,     3.1
   188.0,0.000118, 36,  38.195,     3.1
   189.0,0.000118, 36,  38.205,     3.2
   190.0,0.000121, 36,  38.220,     3.2
   191.0,0.000119, 36,  38.226,     3.2
   192.0,0.000099, 36,  38.236,     3.2
   193.0,0.000096, 36,  38.245,     3.2
   194.0,0.000093, 36,  38.263,     3.2
   195.0,0.000100, 36,  38.273,     3.3
   196.0,0.000118, 36,  38.283,     3.3
   197.0,0.000118, 36,  38.292,     3.3
   198.0,0.000100, 36,  38.301,     3.3
   199.0,0.000104, 36,  38.303,     3.3
   200.0,0.000105, 36,  38.311,     3.3
   201.0,0.000121, 36,  38.334,     3.4
   202.0,0.000121, 36,  38.348,     3.4
   203.0,0.000116, 36,  38.356,     3.4
   204.0,0.000129, 36,  38.361,     3.4
   205.0,0.000102, 36,  38.366,     3.4
   206.0,0.000094, 36,  38.372,     3.4
   207.0,0.000098, 36,  38.372,     3.5
   208.0,0.000115, 36,  38.380,     3.5
   209.0,0.000115, 36,  38.387,     3.5
   210.0,0.000115, 36,  38.389,     3.5
   211.0,0.000100, 36,  38.387,     3.5
   212.0,0.000089, 36,  38.390,     3.5
   213.0,0.000095, 36,  38.396,     3.5
   214.0,0.000100, 36,  38.400,     3.6
   215.0,0.000087, 36,  38.411,     3.6
   216.0,0.000074, 36,  38.411,     3.6
   217.0,0.000079, 36,  38.409,     3.6
   218.0,0.000068, 36,  38.412,     3.6
   219.0,0.000043, 36,  38.406,     3.7
   220.0,0.000010, 36,  38.389,     3.7
   221.0,-0.000022, 36,  38.371,     3.7
   222.0,-0.000063, 36,  38.350,     3.7
   223.0,-0.000111, 36,  38.320,     3.7
   224.0,-0.000116, 36,  38.262,     3.7
   225.0,-0.000142, 36,  38.201,     3.8
   226.0,-0.000164, 36,  38.123,     3.8
   227.0,-0.000195, 36,  38.042,     3.8
   228.0,-0.000232, 36,  37.941,     3.8
   229.0,-0.000254, 36,  37.806,     3.8
   230.0,-0.000262, 36,  37.664,     3.8
   231.0,-0.000258, 36,  37.476,     3.9
   232.0,-0.000254, 36,  37.278,     3.9
   233.0,-0.000216, 36,  37.046,     3.9
   234.0,-0.000209, 36,  36.769,     3.9
   235.0,-0.000162, 36,  36.487,     3.9
   236.0,-0.000096, 36,  36.181,     3.9
   237.0,0.000006, 36,  35.867,     4.0
   238.0,0.000112, 36,  35.526,     4.0
   239.0,0.000204, 36,  35.171,     4.0
   240.0,0.000306, 36,  34.815,     4.0
   241.0,0.000419, 36,  34.463,     4.0
   242.0,0.000518, 36,  34.141,     4.0
   243.0,0.000642, 36,  33.846,     4.1
   244.0,0.000763, 36,  33.602,     4.1
   245.0,0.000844, 36,  33.403,     4.1
   246.0,0.000928, 36,  33.269,     4.1
   247.0,0.001034, 36,  33.202,     4.1
   248.0,0.001113, 36,  33.192,     4.1
   249.0,0.001151, 36,  33.252,     4.2
   250.0,0.001206, 36,  33.373,     4.2
   251.0,0.001228, 36,  33.534,     4.2
   252.0,0.001231, 36,  33.762,     4.2
   253.0,0.001238, 36,  34.033,     4.2
   254.0,0.001260, 36,  34.329,     4.2
   255.0,0.001278, 36,  34.651,     4.3
   256.0,0.001271, 36,  34.991,     4.3
   257.0,0.001286, 36,  35.329,     4.3
   258.0,0.001282, 36,  35.658,     4.3
   259.0,0.001282, 36,  35.985,     4.3
   260.0,0.001332, 36,  36.304,     4.3
   261.0,0.001382, 36,  36.581,     4.3
   262.0,0.001413, 36,  36.855,     4.4
   263.0,0.001480, 36,  37.092,     4.4
   264.0,0.001525, 36,  37.308,     4.4
   265.0,0.001591, 36,  37.496,     4.4
   266.0,0.001662, 36,  37.670,     4.4
   267.0,0.001731, 36,  37.814,     4.4
   268.0,0.001812, 36,  37.932,     4.5
   269.0,0.001874, 36,  38.048,     4.5
   270.0,0.001947, 36,  38.133,     4.5
   271.0,0.002046, 36,  38.205,     4.5
   272.0,0.002148, 36,  38.255,     4.5
   273.0,0.002245, 36,  38.306,     4.6
   274.0,0.002334, 36,  38.349,     4.6
   275.0,0.002449, 36,  38.376,     4.6
   276.0,0.002559, 36,  38.395,     4.6
   277.0,0.002694, 36,  38.426,     4.6
   278.0,0.002812, 36,  38.446,     4.6
   279.0,0.002908, 36,  38.458,     4.7
   280.0,0.003025, 36,  38.472,     4.7
   281.0,0.003164, 36,  38.486,     4.7
   282.0,0.003327, 36,  38.496,     4.7
   283.0,0.003470, 36,  38.514,     4.7
   284.0,0.003650, 36,  38.528,     4.7
   285.0,0.003833, 36,  38.535,     4.8
   286.0,0.003996, 36,  38.544,     4.8
   287.0,0.004165, 36,  38.548,     4.8
   288.0,0.004331, 36,  38.544,     4.8
   289.0,0.004520, 36,  38.550,     4.8
   290.0,0.004705, 36,  38.551,     4.8
   291.0,0.004916, 36,  38.549,     4.8
   292.0,0.005126, 36,  38.549,     4.9
   293.0,0.005349, 36,  38.539,     4.9
   294.0,0.005568, 36,  38.537,     4.9
   295.0,0.005794, 36,  38.530,     4.9
   296.0,0.005994, 36,  38.526,     4.9
   297.0,0.006230, 36,  38.523,     4.9
   298.0,0.006498, 36,  38.524,     5.0
   299.0,0.006754, 36,  38.525,     5.0
   300.0,0.007013, 36,  38.528,     5.0
   301.0,0.007292, 36,  38.531,     5.0
   302.0,0.007582, 36,  38.530,     5.0
   303.0,0.007871, 36,  38.531,     5.1
   304.0,0.008167, 36,  38.525,     5.1
   305.0,0.008424, 36,  38.517,     5.1
   306.0,0.008699, 36,  38.515,     5.1
   307.0,0.009028, 36,  38.511,     5.1
   308.0,0.009349, 36,  38.506,     5.1
   309.0,0.009705, 36,  38.508,     5.2
   310.0,0.010031, 36,  38.513,     5.2
   311.0,0.010398, 36,  38.508,     5.2
   312.0,0.010772, 36,  38.511,     5.2
   313.0,0.011162, 36,  38.511,     5.2
   314.0,0.011446, 36,  38.513,     5.2
   315.0,0.011840, 36,  38.514,     5.3
   316.0,0.012230, 36,  38.522,     5.3
   317.0,0.012661, 36,  38.529,     5.3
   318.0,0.013063, 36,  38.538,     5.3
   319.0,0.013523, 36,  38.546,     5.3
   320.0,0.013953, 36,  38.554,     5.3
   321.0,0.014401, 36,  38.561,     5.3
   322.0,0.014854, 36,  38.566,     5.4
   323.0,0.015271, 36,  38.589,     5.4
   324.0,0.015727, 36,  38.590,     5.4
   325.0,0.016255, 36,  38.595,     5.4
   326.0,0.016726, 36,  38.605,     5.4
   327.0,0.017234, 36,  38.607,     5.4
   328.0,0.017730, 36,  38.609,     5.5
   329.0,0.018283, 36,  38.606,     5.5
   330.0,0.018794, 36,  38.609,     5.5
   331.0,0.019248, 36,  38.608,     5.5
   332.0,0.019778, 36,  38.604,     5.5
   333.0,0.020348, 36,  38.602,     5.6
   334.0,0.020919, 36,  38.606,     5.6
   335.0,0.021499, 36,  38.603,     5.6
   336.0,0.022095, 36,  38.595,     5.6
   337.0,0.022695, 36,  38.598,     5.6
   338.0,0.023276, 36,  38.597,     5.6
   339.0,0.023925, 36,  38.595,     5.7
   340.0,0.024452, 36,  38.592,     5.7
   341.0,0.025053, 36,  38.595,     5.7
   342.0,0.025688, 36,  38.596,     5.7
   343.0,0.026348, 36,  38.585,     5.7
   344.0,0.026966, 36,  38.584,     5.7
   345.0,0.027659, 36,  38.581,     5.8
   346.0,0.028352, 36,  38.572,     5.8
   347.0,0.029028, 36,  38.573,     5.8
   348.0,0.029680, 36,  38.561,     5.8
   349.0,0.030412, 36,  38.550,     5.8
   350.0,0.031006, 36,  38.554,     5.8
   351.0,0.031724, 36,  38.545,     5.8
   352.0,0.032429, 36,  38.539,     5.9
   353.0,0.033174, 36,  38.539,     5.9
   354.0,0.033865, 36,  38.528,     5.9
   355.0,0.034612, 36,  38.533,     5.9
   356.0,0.035353, 36,  38.522,     5.9
   357.0,0.036114, 36,  38.515,     5.9
   358.0,0.036725, 36,  38.516,     6.0
   359.0,0.037490, 36,  38.507,     6.0
   360.0,0.038259, 36,  38.494,     6.0
   361.0,0.039038, 36,  38.489,     6.0
   362.0,0.039770, 36,  38.492,     6.0
   363.0,0.040588, 36,  38.486,     6.1
   364.0,0.041368, 36,  38.492,     6.1
   365.0,0.042212, 36,  38.493,     6.1
   366.0,0.043006, 36,  38.489,     6.1
   367.0,0.043692, 36,  38.495,     6.1
   368.0,0.044412, 36,  38.503,     6.1
   369.0,0.045259, 36,  38.521,     6.2
   370.0,0.046058, 36,  38.522,     6.2
   371.0,0.046819, 36,  38.542,     6.2
   372.0,0.047646, 36,  38.545,     6.2
   373.0,0.048512, 36,  38.549,     6.2
   374.0,0.049293, 36,  38.561,     6.2
   375.0,0.050100, 36,  38.565,     6.3
   376.0,0.050765, 36,  38.573,     6.3
   377.0,0.051612, 36,  38.579,     6.3
   378.0,0.052403, 36,  38.587,     6.3
   379.0,0.053257, 36,  38.593,     6.3
   380.0,0.054059, 36,  38.593,     6.3
   381.0,0.054904, 36,  38.587,     6.3
   382.0,0.055705, 36,  38.565,     6.4
   383.0,0.056533, 36,  38.552,     6.4
   384.0,0.057274, 36,  38.539,     6.4
   385.0,0.058009, 36,  38.526,     6.4
   386.0,0.058799, 36,  38.510,     6.4
   387.0,0.059632, 36,  38.479,     6.4
   388.0,0.060442, 36,  38.474,     6.5
   389.0,0.061258, 36,  38.461,     6.5
   390.0,0.062058, 36,  38.440,     6.5
   391.0,0.062822, 36,  38.443,     6.5
   392.0,0.063600, 36,  38.430,     6.5
   393.0,0.064409, 36,  38.406,     6.6
   394.0,0.065024, 36,  38.409,     6.6
   395.0,0.065810, 36,  38.411,     6.6
   396.0,0.066597, 36,  38.410,     6.6
   397.0,0.067377, 36,  38.419,     6.6
   398.0,0.068069, 36,  38.421,     6.6
   399.0,0.068861, 36,  38.447,     6.7
   400.0,0.069611, 36,  38.455,     6.7
   401.0,0.070319, 36,  38.467,     6.7
   402.0,0.070895, 36,  38.468,     6.7
   403.0,0.071688, 36,  38.479,     6.7
   404.0,0.072395, 36,  38.496,     6.7
   405.0,0.073134, 36,  38.507,     6.8
   406.0,0.073843, 36,  38.515,     6.8
   407.0,0.074580, 36,  38.527,     6.8
   408.0,0.075280, 36,  38.530,     6.8
   409.0,0.075950, 36,  38.535,     6.8
   410.0,0.076551, 36,  38.527,     6.8
   411.0,0.077196, 36,  38.528,     6.8
   412.0,0.077860, 36,  38.531,     6.9
   413.0,0.078517, 36,  38.527,     6.9
   414.0,0.079152, 36,  38.523,     6.9
   415.0,0.079775, 36,  38.519,     6.9
   416.0,0.080377, 36,  38.518,     6.9
   417.0,0.081032, 36,  38.519,     6.9
   418.0,0.081641, 36,  38.519,     7.0
   419.0,0.082258, 36,  38.520,     7.0
   420.0,0.082731, 36,  38.528,     7.0
   421.0,0.083289, 36,  38.526,     7.0
   422.0,0.083834, 36,  38.513,     7.0
   423.0,0.084419, 36,  38.509,     7.1
   424.0,0.084970, 36,  38.500,     7.1
   425.0,0.085494, 36,  38.503,     7.1
   426.0,0.086042, 36,  38.500,     7.1
   427.0,0.086564, 36,  38.500,     7.1
   428.0,0.087067, 36,  38.506,     7.1
   429.0,0.087470, 36,  38.512,     7.2
   430.0,0.087980, 36,  38.500,     7.2
   431.0,0.088437, 36,  38.509,     7.2
   432.0,0.088890, 36,  38.499,     7.2
   433.0,0.089361, 36,  38.494,     7.2
   434.0,0.089805, 36,  38.486,     7.2
   435.0,0.090241, 36,  38.475,     7.3
   436.0,0.090647, 36,  38.463,     7.3
   437.0,0.090980, 36,  38.447,     7.3
   438.0,0.091369, 36,  38.426,     7.3
   439.0,0.091756, 36,  38.423,     7.3
   440.0,0.092157, 36,  38.417,     7.3
   441.0,0.092523, 36,  38.410,     7.3
   442.0,0.092868, 36,  38.403,     7.4
   443.0,0.093203, 36,  38.404,     7.4
   444.0,0.093502, 36,  38.394,     7.4
   445.0,0.093746, 36,  38.400,     7.4
   446.0,0.094050, 36,  38.406,     7.4
   447.0,0.094345, 36,  38.414,     7.4
   448.0,0.094604, 36,  38.426,     7.5
   449.0,0.094858, 36,  38.435,     7.5
   450.0,0.095113, 36,  38.442,     7.5
   451.0,0.095327, 36,  38.461,     7.5
   452.0,0.095550, 36,  38.469,     7.5
   453.0,0.095759, 36,  38.475,     7.6
   454.0,0.095978, 36,  38.472,     7.6
   455.0,0.096184, 36,  38.471,     7.6
   456.0,0.096362, 36,  38.471,     7.6
   457.0,0.096544, 36,  38.473,     7.6
   458.0,0.096695, 36,  38.470,     7.6
   459.0,0.096851, 36,  38.475,     7.7
   460.0,0.097014, 36,  38.474,     7.7
   461.0,0.097115, 36,  38.470,     7.7
   462.0,0.097216, 36,  38.463,     7.7
   463.0,0.097317, 36,  38.465,     7.7
   464.0,0.097427, 36,  38.465,     7.7
   465.0,0.097508, 36,  38.464,     7.8
   466.0,0.097577, 36,  38.463,     7.8
   467.0,0.097650, 36,  38.462,     7.8
   468.0,0.097669, 36,  38.453,     7.8
   469.0,0.097691, 36,  38.449,     7.8
   470.0,0.097714, 36,  38.439,     7.8
   471.0,0.097728, 36,  38.445,     7.8
   472.0,0.097714, 36,  38.460,     7.9
   473.0,0.097697, 36,  38.466,     7.9
   474.0,0.097688, 36,  38.464,     7.9
   475.0,0.097625, 36,  38.472,     7.9
   476.0,0.097580, 36,  38.472,     7.9
   477.0,0.097548, 36,  38.479,     7.9
   478.0,0.097482, 36,  38.484,     8.0
   479.0,0.097400, 36,  38.489,     8.0
   480.0,0.097286, 36,  38.498,     8.0
   481.0,0.097180, 36,  38.505,     8.0
   482.0,0.097066, 36,  38.513,     8.0
   483.0,0.096921, 36,  38.523,     8.1
   484.0,0.096770, 36,  38.534,     8.1
   485.0,0.096619, 36,  38.549,     8.1
   486.0,0.096435, 36,  38.554,     8.1
   487.0,0.096289, 36,  38.551,     8.1
   488.0,0.096084, 36,  38.545,     8.1
   489.0,0.095865, 36,  38.536,     8.1
   490.0,0.095683, 36,  38.514,     8.2
   491.0,0.095452, 36,  38.501,     8.2
   492.0,0.095193, 36,  38.486,     8.2
   493.0,0.094952, 36,  38.471,     8.2
   494.0,0.094725, 36,  38.461,     8.2
   495.0,0.094484, 36,  38.463,     8.3
   496.0,0.094275, 36,  38.467,     8.3
   497.0,0.093980, 36,  38.472,     8.3
   498.0,0.093675, 36,  38.468,     8.3
   499.0,0.093345, 36,  38.474,     8.3
   500.0,0.093041, 36,  38.476,     8.3
   501.0,0.092756, 36,  38.483,     8.4
   502.0,0.092421, 36,  38.479,     8.4
   503.0,0.092114, 36,  38.476,     8.4
   504.0,0.091834, 36,  38.463,     8.4
   505.0,0.091496, 36,  38.436,     8.4
   506.0,0.091152, 36,  38.420,     8.4
   507.0,0.090792, 36,  38.408,     8.4
   508.0,0.090406, 36,  38.383,     8.5
   509.0,0.090053, 36,  38.372,     8.5
   510.0,0.089641, 36,  38.370,     8.5
   511.0,0.089277, 36,  38.378,     8.5
   512.0,0.088868, 36,  38.369,     8.5
   513.0,0.088550, 36,  38.382,     8.6
   514.0,0.088138, 36,  38.392,     8.6
   515.0,0.087691, 36,  38.390,     8.6
   516.0,0.087235, 36,  38.395,     8.6
   517.0,0.086860, 36,  38.403,     8.6
   518.0,0.086427, 36,  38.402,     8.6
   519.0,0.085999, 36,  38.411,     8.6
   520.0,0.085522, 36,  38.419,     8.7
   521.0,0.085140, 36,  38.424,     8.7
   522.0,0.084718, 36,  38.440,     8.7
   523.0,0.084256, 36,  38.441,     8.7
   524.0,0.083813, 36,  38.453,     8.7
   525.0,0.083352, 36,  38.460,     8.8
   526.0,0.082874, 36,  38.475,     8.8
   527.0,0.082401, 36,  38.477,     8.8
   528.0,0.081911, 36,  38.471,     8.8
   529.0,0.081492, 36,  38.440,     8.8
   530.0,0.081087, 36,  38.426,     8.8
   531.0,0.080620, 36,  38.411,     8.9
   532.0,0.080088, 36,  38.406,     8.9
   533.0,0.079605, 36,  38.404,     8.9
   534.0,0.079096, 36,  38.403,     8.9
   535.0,0.078601, 36,  38.399,     8.9
   536.0,0.078097, 36,  38.399,     8.9
   537.0,0.077612, 36,  38.408,     8.9
   538.0,0.077141, 36,  38.409,     9.0
   539.0,0.076761, 36,  38.411,     9.0
   540.0,0.076203, 36,  38.413,     9.0
   541.0,0.075741, 36,  38.420,     9.0
   542.0,0.075185, 36,  38.421,     9.0
   543.0,0.074651, 36,  38.430,     9.1
   544.0,0.074152, 36,  38.441,     9.1
   545.0,0.073658, 36,  38.445,     9.1
   546.0,0.073121, 36,  38.460,     9.1
   547.0,0.072633, 36,  38.465,     9.1
   548.0,0.072240, 36,  38.474,     9.1
   549.0,0.071709, 36,  38.483,     9.1
   550.0,0.071197, 36,  38.486,     9.2
   551.0,0.070685, 36,  38.482,     9.2
   552.0,0.070135, 36,  38.470,     9.2
   553.0,0.069650, 36,  38.459,     9.2
   554.0,0.069114, 36,  38.453,     9.2
   555.0,0.068621, 36,  38.446,     9.3
   556.0,0.068108, 36,  38.440,     9.3
   557.0,0.067651, 36,  38.432,     9.3
   558.0,0.067143, 36,  38.422,     9.3
   559.0,0.066601, 36,  38.415,     9.3
   560.0,0.066061, 36,  38.409,     9.3
   561.0,0.065529, 36,  38.399,     9.4
   562.0,0.065019, 36,  38.369,     9.4
   563.0,0.064489, 36,  38.365,     9.4
   564.0,0.063947, 36,  38.360,     9.4
   565.0,0.063553, 36,  38.359,     9.4
   566.0,0.063003, 36,  38.368,     9.4
   567.0,0.062471, 36,  38.372,     9.4
   568.0,0.061961, 36,  38.380,     9.5
   569.0,0.061430, 36,  38.388,     9.5
   570.0,0.060858, 36,  38.400,     9.5
   571.0,0.060404, 36,  38.419,     9.5
   572.0,0.059867, 36,  38.423,     9.5
   573.0,0.059381, 36,  38.441,     9.6
   574.0,0.058966, 36,  38.450,     9.6
   575.0,0.058451, 36,  38.452,     9.6
   576.0,0.057950, 36,  38.450,     9.6
   577.0,0.057445, 36,  38.434,     9.6
   578.0,0.056953, 36,  38.421,     9.6
   579.0,0.056474, 36,  38.408,     9.6
   580.0,0.055950, 36,  38.412,     9.7
   581.0,0.055426, 36,  38.409,     9.7
   582.0,0.055020, 36,  38.390,     9.7
   583.0,0.054547, 36,  38.382,     9.7
   584.0,0.054038, 36,  38.378,     9.7
   585.0,0.053562, 36,  38.377,     9.8
   586.0,0.053058, 36,  38.378,     9.8
   587.0,0.052575, 36,  38.380,     9.8
   588.0,0.052051, 36,  38.388,     9.8
   589.0,0.051578, 36,  38.392,     9.8
   590.0,0.051088, 36,  38.401,     9.8
   591.0,0.050722, 36,  38.399,     9.9
   592.0,0.050242, 36,  38.400,     9.9
   593.0,0.049762, 36,  38.398,     9.9
   594.0,0.049258, 36,  38.400,     9.9
   595.0,0.048791, 36,  38.405,     9.9
   596.0,0.048305, 36,  38.418,     9.9
   597.0,0.047819, 36,  38.421,     9.9
   598.0,0.047338, 36,  38.433,    10.0
   599.0,0.046878, 36,  38.437,    10.0
   600.0,0.046475, 36,  38.446,    10.0
   601.0,0.045979, 36,  38.449,    10.0
   602.0,0.045533, 36,  38.459,    10.0
   603.0,0.045090, 36,  38.466,    10.1
   604.0,0.044608, 36,  38.468,    10.1
   605.0,0.044180, 36,  38.469,    10.1
   606.0,0.043702, 36,  38.474,    10.1
   607.0,0.043262, 36,  38.489,    10.1
   608.0,0.042814, 36,  38.493,    10.1
   609.0,0.042455, 36,  38.496,    10.1
   610.0,0.042000, 36,  38.513,    10.2
   611.0,0.041578, 36,  38.518,    10.2
   612.0,0.041163, 36,  38.523,    10.2
   613.0,0.040738, 36,  38.525,    10.2
   614.0,0.040304, 36,  38.532,    10.2
   615.0,0.039852, 36,  38.542,    10.3
   616.0,0.039423, 36,  38.542,    10.3
   617.0,0.038964, 36,  38.545,    10.3
   618.0,0.038620, 36,  38.545,    10.3
   619.0,0.038209, 36,  38.539,    10.3
   620.0,0.037789, 36,  38.534,    10.3
   621.0,0.037387, 36,  38.527,    10.4
   622.0,0.037006, 36,  38.524,    10.4
   623.0,0.036599, 36,  38.525,    10.4
   624.0,0.036198, 36,  38.514,    10.4
   625.0,0.035828, 36,  38.502,    10.4
   626.0,0.035451, 36,  38.500,    10.4
   627.0,0.035138, 36,  38.500,    10.4
   628.0,0.034746, 36,  38.502,    10.5
   629.0,0.034374, 36,  38.497,    10.5
   630.0,0.033983, 36,  38.504,    10.5
   631.0,0.033592, 36,  38.508,    10.5
   632.0,0.033220, 36,  38.507,    10.5
   633.0,0.032858, 36,  38.506,    10.6
   634.0,0.032479, 36,  38.509,    10.6
   635.0,0.032197, 36,  38.500,    10.6
   636.0,0.031850, 36,  38.506,    10.6
   637.0,0.031484, 36,  38.501,    10.6
   638.0,0.031104, 36,  38.496,    10.6
   639.0,0.030759, 36,  38.493,    10.6
   640.0,0.030394, 36,  38.491,    10.7
   641.0,0.030041, 36,  38.487,    10.7
   642.0,0.029704, 36,  38.491,    10.7
   643.0,0.029378, 36,  38.492,    10.7
   644.0,0.029113, 36,  38.489,    10.7
   645.0,0.028780, 36,  38.491,    10.8
   646.0,0.028456, 36,  38.490,    10.8
   647.0,0.028109, 36,  38.474,    10.8
   648.0,0.027794, 36,  38.475,    10.8
   649.0,0.027470, 36,  38.475,    10.8
   650.0,0.027146, 36,  38.471,    10.8
   651.0,0.026832, 36,  38.474,    10.9
   652.0,0.026545, 36,  38.476,    10.9
   653.0,0.026284, 36,  38.471,    10.9
   654.0,0.025951, 36,  38.469,    10.9
   655.0,0.025656, 36,  38.480,    10.9
   656.0,0.025342, 36,  38.485,    10.9
   657.0,0.025033, 36,  38.500,    10.9
   658.0,0.024727, 36,  38.504,    11.0
   659.0,0.024439, 36,  38.510,    11.0
   660.0,0.024173, 36,  38.508,    11.0
   661.0,0.023884, 36,  38.518,    11.0
   662.0,0.023629, 36,  38.517,    11.0
   663.0,0.023363, 36,  38.516,    11.1
   664.0,0.023062, 36,  38.520,    11.1
   665.0,0.022800, 36,  38.512,    11.1
   666.0,0.022563, 36,  38.517,    11.1
   667.0,0.022250, 36,  38.519,    11.1
   668.0,0.021997, 36,  38.517,    11.1
   669.0,0.021724, 36,  38.515,    11.1
   670.0,0.021478, 36,  38.512,    11.2
   671.0,0.021251, 36,  38.507,    11.2
   672.0,0.021013, 36,  38.517,    11.2
   673.0,0.020787, 36,  38.509,    11.2
   674.0,0.020534, 36,  38.505,    11.2
   675.0,0.020278, 36,  38.507,    11.3
   676.0,0.020064, 36,  38.510,    11.3
   677.0,0.019835, 36,  38.497,    11.3
   678.0,0.019590, 36,  38.492,    11.3
   679.0,0.019406, 36,  38.489,    11.3
   680.0,0.019184, 36,  38.491,    11.3
   681.0,0.018947, 36,  38.472,    11.4
   682.0,0.018703, 36,  38.469,    11.4
   683.0,0.018478, 36,  38.460,    11.4
   684.0,0.018235, 36,  38.456,    11.4
   685.0,0.017994, 36,  38.450,    11.4
   686.0,0.017805, 36,  38.447,    11.4
   687.0,0.017626, 36,  38.440,    11.4
   688.0,0.017419, 36,  38.443,    11.5
   689.0,0.017214, 36,  38.432,    11.5
   690.0,0.017008, 36,  38.432,    11.5
   691.0,0.016807, 36,  38.427,    11.5
   692.0,0.016598, 36,  38.421,    11.5
   693.0,0.016412, 36,  38.412,    11.6
   694.0,0.016214, 36,  38.403,    11.6
   695.0,0.016011, 36,  38.385,    11.6
   696.0,0.015870, 36,  38.389,    11.6
   697.0,0.015681, 36,  38.380,    11.6
   698.0,0.015479, 36,  38.380,    11.6
   699.0,0.015301, 36,  38.382,    11.6
   700.0,0.015158, 36,  38.389,    11.7
   701.0,0.014972, 36,  38.393,    11.7
   702.0,0.014793, 36,  38.414,    11.7
   703.0,0.014623, 36,  38.421,    11.7
   704.0,0.014460, 36,  38.428,    11.7
   705.0,0.014333, 36,  38.438,    11.8
   706.0,0.014152, 36,  38.447,    11.8
   707.0,0.013986, 36,  38.452,    11.8
   708.0,0.013805, 36,  38.463,    11.8
   709.0,0.013635, 36,  38.464,    11.8
   710.0,0.013480, 36,  38.473,    11.8
   711.0,0.013314, 36,  38.469,    11.9
   712.0,0.013156, 36,  38.457,    11.9
   713.0,0.013013, 36,  38.447,    11.9
   714.0,0.012876, 36,  38.436,    11.9
   715.0,0.012726, 36,  38.435,    11.9
   716.0,0.012572, 36,  38.433,    11.9
   717.0,0.012445, 36,  38.436,    11.9
   718.0,0.012290, 36,  38.439,    12.0
   719.0,0.012141, 36,  38.434,    12.0
   720.0,0.012028, 36,  38.442,    12.0
   721.0,0.011885, 36,  38.443,    12.0
   722.0,0.011739, 36,  38.448,    12.0
   723.0,0.011619, 36,  38.453,    12.1
   724.0,0.011480, 36,  38.455,    12.1
   725.0,0.011315, 36,  38.452,    12.1
   726.0,0.011193, 36,  38.456,    12.1
   727.0,0.011073, 36,  38.455,    12.1
   728.0,0.010942, 36,  38.455,    12.1
   729.0,0.010824, 36,  38.461,    12.1
   730.0,0.010696, 36,  38.456,    12.2
   731.0,0.010563, 36,  38.452,    12.2
   732.0,0.010462, 36,  38.457,    12.2
   733.0,0.010343, 36,  38.457,    12.2
   734.0,0.010245, 36,  38.458,    12.2
   735.0,0.010117, 36,  38.463,    12.3
   736.0,0.009985, 36,  38.468,    12.3
   737.0,0.009881, 36,  38.477,    12.3
   738.0,0.009766, 36,  38.484,    12.3
   739.0,0.009657, 36,  38.489,    12.3
   740.0,0.009568, 36,  38.507,    12.3
   741.0,0.009466, 36,  38.515,    12.4
   742.0,0.009354, 36,  38.521,    12.4
   743.0,0.009249, 36,  38.523,    12.4
   744.0,0.009167, 36,  38.537,    12.4
   745.0,0.009052, 36,  38.540,    12.4
   746.0,0.008928, 36,  38.543,    12.4
   747.0,0.008824, 36,  38.542,    12.4
   748.0,0.008730, 36,  38.544,    12.5
   749.0,0.008619, 36,  38.539,    12.5
   750.0,0.008511, 36,  38.536,    12.5
   751.0,0.008412, 36,  38.541,    12.5
   752.0,0.008291, 36,  38.538,    12.5
   753.0,0.008206, 36,  38.533,    12.6
   754.0,0.008123, 36,  38.535,    12.6
   755.0,0.008025, 36,  38.528,    12.6
   756.0,0.007939, 36,  38.521,    12.6
   757.0,0.007860, 36,  38.512,    12.6
   758.0,0.007783, 36,  38.493,    12.6
   759.0,0.007690, 36,  38.488,    12.6
   760.0,0.007590, 36,  38.462,    12.7
   761.0,0.007501, 36,  38.449,    12.7
   762.0,0.007428, 36,  38.439,    12.7
   763.0,0.007346, 36,  38.426,    12.7
   764.0,0.007281, 36,  38.416,    12.7
   765.0,0.007189, 36,  38.399,    12.8
   766.0,0.007116, 36,  38.372,    12.8
   767.0,0.007045, 36,  38.349,    12.8
   768.0,0.006970, 36,  38.342,    12.8
   769.0,0.006881, 36,  38.334,    12.8
   770.0,0.006793, 36,  38.317,    12.8
   771.0,0.006721, 36,  38.321,    12.9
   772.0,0.006657, 36,  38.315,    12.9
   773.0,0.006580, 36,  38.316,    12.9
   774.0,0.006522, 36,  38.332,    12.9
   775.0,0.006480, 36,  38.345,    12.9
   776.0,0.006413, 36,  38.360,    12.9
   777.0,0.006340, 36,  38.371,    12.9
   778.0,0.006269, 36,  38.382,    13.0
   779.0,0.006187, 36,  38.386,    13.0
   780.0,0.006144, 36,  38.399,    13.0
   781.0,0.006087, 36,  38.408,    13.0
   782.0,0.006031, 36,  38.415,    13.0
   783.0,0.005972, 36,  38.430,    13.1
   784.0,0.005917, 36,  38.444,    13.1
   785.0,0.005854, 36,  38.446,    13.1
   786.0,0.005772, 36,  38.448,    13.1
   787.0,0.005705, 36,  38.456,    13.1
   788.0,0.005655, 36,  38.454,    13.1
   789.0,0.005572, 36,  38.459,    13.1
   790.0,0.005513, 36,  38.459,    13.2
   791.0,0.005468, 36,  38.457,    13.2
   792.0,0.005406, 36,  38.446,    13.2
   793.0,0.005351, 36,  38.449,    13.2
   794.0,0.005299, 36,  38.450,    13.2
   795.0,0.005232, 36,  38.458,    13.3
   796.0,0.005161, 36,  38.463,    13.3
   797.0,0.005103, 36,  38.470,    13.3
   798.0,0.005058, 36,  38.480,    13.3
   799.0,0.005022, 36,  38.487,    13.3
   800.0,0.004954, 36,  38.494,    13.3
   801.0,0.004911, 36,  38.515,    13.4
   802.0,0.004874, 36,  38.528,    13.4
   803.0,0.004825, 36,  38.542,    13.4
   804.0,0.004773, 36,  38.556,    13.4
   805.0,0.004723, 36,  38.571,    13.4
   806.0,0.004651, 36,  38.576,    13.4
   807.0,0.004615, 36,  38.589,    13.4
   808.0,0.004570, 36,  38.605,    13.5
   809.0,0.004518, 36,  38.611,    13.5
   810.0,0.004474, 36,  38.616,    13.5
   811.0,0.004437, 36,  38.614,    13.5
   812.0,0.004404, 36,  38.616,    13.5
   813.0,0.004350, 36,  38.611,    13.6
   814.0,0.004300, 36,  38.613,    13.6
   815.0,0.004265, 36,  38.607,    13.6
   816.0,0.004219, 36,  38.599,    13.6
   817.0,0.004168, 36,  38.593,    13.6
   818.0,0.004144, 36,  38.588,    13.6
   819.0,0.004111, 36,  38.586,    13.6
   820.0,0.004065, 36,  38.584,    13.7
   821.0,0.004027, 36,  38.571,    13.7
   822.0,0.003994, 36,  38.573,    13.7
   823.0,0.003943, 36,  38.571,    13.7
   824.0,0.003902, 36,  38.575,    13.7
   825.0,0.003861, 36,  38.588,    13.8
   826.0,0.003818, 36,  38.588,    13.8
   827.0,0.003773, 36,  38.595,    13.8
   828.0,0.003759, 36,  38.595,    13.8
   829.0,0.003733, 36,  38.599,    13.8
   830.0,0.003688, 36,  38.599,    13.8
   831.0,0.003663, 36,  38.606,    13.9
   832.0,0.003629, 36,  38.604,    13.9
   833.0,0.003600, 36,  38.608,    13.9
   834.0,0.003569, 36,  38.608,    13.9
   835.0,0.003521, 36,  38.610,    13.9
   836.0,0.003480, 36,  38.606,    13.9
   837.0,0.003443, 36,  38.603,    13.9
   838.0,0.003404, 36,  38.601,    14.0
   839.0,0.003379, 36,  38.604,    14.0
   840.0,0.003353, 36,  38.604,    14.0
   841.0,0.003334, 36,  38.604,    14.0
   842.0,0.003282, 36,  38.612,    14.0
   843.0,0.003255, 36,  38.610,    14.1
   844.0,0.003243, 36,  38.608,    14.1
   845.0,0.003210, 36,  38.616,    14.1
   846.0,0.003182, 36,  38.618,    14.1
   847.0,0.003136, 36,  38.623,    14.1
   848.0,0.003099, 36,  38.634,    14.1
   849.0,0.003066, 36,  38.640,    14.1
   850.0,0.003044, 36,  38.643,    14.2
   851.0,0.003007, 36,  38.648,    14.2
   852.0,0.002982, 36,  38.649,    14.2
   853.0,0.002953, 36,  38.655,    14.2
   854.0,0.002918, 36,  38.659,    14.2
   855.0,0.002897, 36,  38.659,    14.3
   856.0,0.002875, 36,  38.667,    14.3
   857.0,0.002848, 36,  38.668,    14.3
   858.0,0.002830, 36,  38.674,    14.3
   859.0,0.002804, 36,  38.674,    14.3
   860.0,0.002775, 36,  38.677,    14.3
   861.0,0.002761, 36,  38.680,    14.4
   862.0,0.002727, 36,  38.670,    14.4
   863.0,0.002714, 36,  38.666,    14.4
   864.0,0.002690, 36,  38.660,    14.4
   865.0,0.002668, 36,  38.650,    14.4
   866.0,0.002658, 36,  38.639,    14.4
   867.0,0.002635, 36,  38.632,    14.4
   868.0,0.002622, 36,  38.628,    14.5
   869.0,0.002588, 36,  38.625,    14.5
   870.0,0.002562, 36,  38.622,    14.5
   871.0,0.002530, 36,  38.622,    14.5
   872.0,0.002520, 36,  38.621,    14.5
   873.0,0.002477, 36,  38.617,    14.6
   874.0,0.002459, 36,  38.613,    14.6
   875.0,0.002448, 36,  38.619,    14.6
   876.0,0.002422, 36,  38.616,    14.6
   877.0,0.002412, 36,  38.614,    14.6
   878.0,0.002367, 36,  38.620,    14.6
   879.0,0.002345, 36,  38.617,    14.6
   880.0,0.002319, 36,  38.614,    14.7
   881.0,0.002308, 36,  38.619,    14.7
   882.0,0.002302, 36,  38.624,    14.7
   883.0,0.002310, 36,  38.634,    14.7
   884.0,0.002286, 36,  38.644,    14.7
   885.0,0.002272, 36,  38.654,    14.8
   886.0,0.002260, 36,  38.658,    14.8
   887.0,0.002250, 36,  38.682,    14.8
   888.0,0.002238, 36,  38.688,    14.8
   889.0,0.002203, 36,  38.695,    14.8
   890.0,0.002193, 36,  38.698,    14.8
   891.0,0.002167, 36,  38.699,    14.9
   892.0,0.002134, 36,  38.697,    14.9
   893.0,0.002113, 36,  38.701,    14.9
   894.0,0.002099, 36,  38.697,    14.9
   895.0,0.002095, 36,  38.699,    14.9
   896.0,0.002068, 36,  38.700,    14.9
   897.0,0.002052, 36,  38.695,    14.9
   898.0,0.002018, 36,  38.692,    15.0
   899.0,0.002001, 36,  38.693,    15.0
   900.0,0.001990, 36,  38.686,    15.0
   901.0,0.001987, 36,  38.690,    15.0
   902.0,0.001974, 36,  38.686,    15.0
   903.0,0.001955, 36,  38.681,    15.1
   904.0,0.001946, 36,  38.674,    15.1
   905.0,0.001922, 36,  38.671,    15.1
   906.0,0.001910, 36,  38.669,    15.1
   907.0,0.001896, 36,  38.669,    15.1
   908.0,0.001869, 36,  38.663,    15.1
   909.0,0.001855, 36,  38.665,    15.1
   910.0,0.001843, 36,  38.660,    15.2
   911.0,0.001837, 36,  38.661,    15.2
   912.0,0.001818, 36,  38.660,    15.2
   913.0,0.001788, 36,  38.662,    15.2
   914.0,0.001789, 36,  38.666,    15.2
   915.0,0.001763, 36,  38.665,    15.3
   916.0,0.001737, 36,  38.659,    15.3
   917.0,0.001737, 36,  38.665,    15.3
   918.0,0.001740, 36,  38.670,    15.3
   919.0,0.001726, 36,  38.674,    15.3
   920.0,0.001719, 36,  38.679,    15.3
   921.0,0.001696, 36,  38.682,    15.4
   922.0,0.001685, 36,  38.685,    15.4
   923.0,0.001675, 36,  38.690,    15.4
   924.0,0.001669, 36,  38.688,    15.4
   925.0,0.001647, 36,  38.699,    15.4
   926.0,0.001620, 36,  38.703,    15.4
   927.0,0.001610, 36,  38.711,    15.4
   928.0,0.001603, 36,  38.714,    15.5
   929.0,0.001610, 36,  38.720,    15.5
   930.0,0.001602, 36,  38.730,    15.5
   931.0,0.001598, 36,  38.728,    15.5
   932.0,0.001576, 36,  38.734,    15.5
   933.0,0.001566, 36,  38.735,    15.6
   934.0,0.001563, 36,  38.737,    15.6
   935.0,0.001551, 36,  38.738,    15.6
   936.0,0.001543, 36,  38.738,    15.6
   937.0,0.001540, 36,  38.732,    15.6
   938.0,0.001525, 36,  38.732,    15.6
   939.0,0.001507, 36,  38.730,    15.6
   940.0,0.001494, 36,  38.724,    15.7
   941.0,0.001481, 36,  38.717,    15.7
   942.0,0.001485, 36,  38.713,    15.7
   943.0,0.001480, 36,  38.712,    15.7
   944.0,0.001472, 36,  38.704,    15.7
   945.0,0.001458, 36,  38.704,    15.8
   946.0,0.001442, 36,  38.704,    15.8
   947.0,0.001439, 36,  38.706,    15.8
   948.0,0.001421, 36,  38.701,    15.8
   949.0,0.001415, 36,  38.696,    15.8
   950.0,0.001393, 36,  38.693,    15.8
   951.0,0.001381, 36,  38.687,    15.9
   952.0,0.001367, 36,  38.687,    15.9
   953.0,0.001353, 36,  38.684,    15.9
   954.0,0.001342, 36,  38.686,    15.9
   955.0,0.001339, 36,  38.690,    15.9
   956.0,0.001328, 36,  38.690,    15.9
   957.0,0.001317, 36,  38.688,    15.9
   958.0,0.001321, 36,  38.695,    16.0
   959.0,0.001301, 36,  38.702,    16.0
   960.0,0.001291, 36,  38.707,    16.0
   961.0,0.001273, 36,  38.711,    16.0
   962.0,0.001262, 36,  38.719,    16.0
   963.0,0.001244, 36,  38.722,    16.0
   964.0,0.001228, 36,  38.726,    16.1
   965.0,0.001221, 36,  38.738,    16.1
   966.0,0.001217, 36,  38.741,    16.1
   967.0,0.001208, 36,  38.737,    16.1
   968.0,0.001224, 36,  38.733,    16.1
   969.0,0.001221, 36,  38.733,    16.1
   970.0,0.001197, 36,  38.724,    16.2
   971.0,0.001194, 36,  38.722,    16.2
   972.0,0.001194, 36,  38.720,    16.2
   973.0,0.001186, 36,  38.708,    16.2
   974.0,0.001173, 36,  38.708,    16.2
   975.0,0.001157, 36,  38.703,    16.3
   976.0,0.001149, 36,  38.706,    16.3
   977.0,0.001150, 36,  38.705,    16.3
   978.0,0.001157, 36,  38.709,    16.3
   979.0,0.001141, 36,  38.719,    16.3
   980.0,0.001142, 36,  38.723,    16.3
   981.0,0.001130, 36,  38.723,    16.4
   982.0,0.001114, 36,  38.726,    16.4
   983.0,0.001091, 36,  38.729,    16.4
   984.0,0.001100, 36,  38.726,    16.4
   985.0,0.001097, 36,  38.728,    16.4
   986.0,0.001079, 36,  38.726,    16.4
   987.0,0.001064, 36,  38.729,    16.5
   988.0,0.001058, 36,  38.723,    16.5
   989.0,0.001050, 36,  38.730,    16.5
   990.0,0.001057, 36,  38.724,    16.5
   991.0,0.001064, 36,  38.731,    16.5
   992.0,0.001050, 36,  38.722,    16.5
   993.0,0.001047, 36,  38.727,    16.5
   994.0,0.001045, 36,  38.721,    16.6
   995.0,0.001037, 36,  38.720,    16.6
   996.0,0.001034, 36,  38.715,    16.6
   997.0,0.001010, 36,  38.719,    16.6
   998.0,0.001003, 36,  38.713,    16.6
   999.0,0.000990, 36,  38.709,    16.6
  1000.0,0.000997, 36,  38.707,    16.7
  1001.0,0.001001, 36,  38.698,    16.7
  1002.0,0.001004, 36,  38.690,    16.7
  1003.0,0.000995, 36,  38.684,    16.7
  1004.0,0.000973, 36,  38.672,    16.7
  1005.0,0.000962, 36,  38.657,    16.8
  1006.0,0.000947, 36,  38.650,    16.8
  1007.0,0.000936, 36,  38.648,    16.8
  1008.0,0.000925, 36,  38.641,    16.8
  1009.0,0.000922, 36,  38.640,    16.8
  1010.0,0.000910, 36,  38.640,    16.8
  1011.0,0.000910, 36,  38.643,    16.9
  1012.0,0.000915, 36,  38.643,    16.9
  1013.0,0.000910, 36,  38.647,    16.9
  1014.0,0.000915, 36,  38.653,    16.9
  1015.0,0.000918, 36,  38.649,    16.9
  1016.0,0.000903, 36,  38.655,    16.9
  1017.0,0.000903, 36,  38.657,    17.0
  1018.0,0.000899, 36,  38.656,    17.0
  1019.0,0.000911, 36,  38.674,    17.0
  1020.0,0.000908, 36,  38.674,    17.0
  1021.0,0.000908, 36,  38.677,    17.0
  1022.0,0.000904, 36,  38.676,    17.0
  1023.0,0.000888, 36,  38.680,    17.0
  1024.0,0.000882, 36,  38.679,    17.1
  1025.0,0.000877, 36,  38.674,    17.1
  1026.0,0.000870, 36,  38.673,    17.1
  1027.0,0.000844, 36,  38.674,    17.1
  1028.0,0.000822, 36,  38.672,    17.1
  1029.0,0.000811, 36,  38.664,    17.1
  1030.0,0.000813, 36,  38.667,    17.2
  1031.0,0.000808, 36,  38.659,    17.2
  1032.0,0.000822, 36,  38.651,    17.2
  1033.0,0.000827, 36,  38.652,    17.2
  1034.0,0.000826, 36,  38.648,    17.2
  1035.0,0.000838, 36,  38.646,    17.3
  1036.0,0.000831, 36,  38.634,    17.3
  1037.0,0.000824, 36,  38.634,    17.3
  1038.0,0.000816, 36,  38.632,    17.3
  1039.0,0.000798, 36,  38.629,    17.3
  1040.0,0.000789, 36,  38.629,    17.3
  1041.0,0.000794, 36,  38.624,    17.4
  1042.0,0.000793, 36,  38.621,    17.4
  1043.0,0.000808, 36,  38.628,    17.4
  1044.0,0.000820, 36,  38.622,    17.4
  1045.0,0.000811, 36,  38.625,    17.4
  1046.0,0.000813, 36,  38.623,    17.4
  1047.0,0.000793, 36,  38.620,    17.5
  1048.0,0.000793, 36,  38.618,    17.5
  1049.0,0.000797, 36,  38.615,    17.5
  1050.0,0.000797, 36,  38.622,    17.5
  1051.0,0.000782, 36,  38.619,    17.5
  1052.0,0.000775, 36,  38.620,    17.5
  1053.0,0.000771, 36,  38.620,    17.5
  1054.0,0.000757, 36,  38.626,    17.6
  1055.0,0.000758, 36,  38.639,    17.6
  1056.0,0.000765, 36,  38.636,    17.6
  1057.0,0.000761, 36,  38.639,    17.6
  1058.0,0.000742, 36,  38.641,    17.6
  1059.0,0.000739, 36,  38.640,    17.6
  1060.0,0.000720, 36,  38.644,    17.7
  1061.0,0.000720, 36,  38.655,    17.7
  1062.0,0.000727, 36,  38.650,    17.7
  1063.0,0.000730, 36,  38.656,    17.7
  1064.0,0.000726, 36,  38.653,    17.7
  1065.0,0.000724, 36,  38.656,    17.8
  1066.0,0.000719, 36,  38.656,    17.8
  1067.0,0.000732, 36,  38.660,    17.8
  1068.0,0.000728, 36,  38.664,    17.8
  1069.0,0.000731, 36,  38.669,    17.8
  1070.0,0.000721, 36,  38.665,    17.8
  1071.0,0.000721, 36,  38.667,    17.9
  1072.0,0.000724, 36,  38.665,    17.9
  1073.0,0.000716, 36,  38.657,    17.9
  1074.0,0.000705, 36,  38.663,    17.9
  1075.0,0.000711, 36,  38.664,    17.9
  1076.0,0.000700, 36,  38.663,    17.9
  1077.0,0.000684, 36,  38.661,    18.0
  1078.0,0.000673, 36,  38.660,    18.0
  1079.0,0.000662, 36,  38.661,    18.0
  1080.0,0.000650, 36,  38.661,    18.0
  1081.0,0.000655, 36,  38.658,    18.0
  1082.0,0.000655, 36,  38.662,    18.0
  1083.0,0.000650, 36,  38.657,    18.0
  1084.0,0.000667, 36,  38.655,    18.1
  1085.0,0.000664, 36,  38.651,    18.1
  1086.0,0.000666, 36,  38.649,    18.1
  1087.0,0.000659, 36,  38.654,    18.1
  1088.0,0.000647, 36,  38.655,    18.1
  1089.0,0.000655, 36,  38.656,    18.1
  1090.0,0.000652, 36,  38.656,    18.2
  1091.0,0.000659, 36,  38.657,    18.2
  1092.0,0.000644, 36,  38.661,    18.2
  1093.0,0.000632, 36,  38.661,    18.2
  1094.0,0.000619, 36,  38.668,    18.2
  1095.0,0.000615, 36,  38.672,    18.3
  1096.0,0.000606, 36,  38.676,    18.3
  1097.0,0.000622, 36,  38.677,    18.3
  1098.0,0.000619, 36,  38.679,    18.3
  1099.0,0.000608, 36,  38.674,    18.3
  1100.0,0.000601, 36,  38.673,    18.3
  1101.0,0.000594, 36,  38.676,    18.4
  1102.0,0.000593, 36,  38.675,    18.4
  1103.0,0.000598, 36,  38.674,    18.4
  1104.0,0.000598, 36,  38.670,    18.4
  1105.0,0.000581, 36,  38.680,    18.4
  1106.0,0.000589, 36,  38.678,    18.4
  1107.0,0.000581, 36,  38.680,    18.5
  1108.0,0.000586, 36,  38.691,    18.5
  1109.0,0.000573, 36,  38.689,    18.5
  1110.0,0.000593, 36,  38.687,    18.5
  1111.0,0.000583, 36,  38.692,    18.5
  1112.0,0.000592, 36,  38.698,    18.5
  1113.0,0.000595, 36,  38.693,    18.5
  1114.0,0.000592, 36,  38.698,    18.6
  1115.0,0.000588, 36,  38.696,    18.6
  1116.0,0.000581, 36,  38.698,    18.6
  1117.0,0.000586, 36,  38.697,    18.6
  1118.0,0.000587, 36,  38.704,    18.6
  1119.0,0.000571, 36,  38.706,    18.6
  1120.0,0.000559, 36,  38.710,    18.7
  1121.0,0.000564, 36,  38.716,    18.7
  1122.0,0.000567, 36,  38.722,    18.7
  1123.0,0.000560, 36,  38.715,    18.7
  1124.0,0.000572, 36,  38.715,    18.7
  1125.0,0.000565, 36,  38.706,    18.8
  1126.0,0.000556, 36,  38.693,    18.8
  1127.0,0.000560, 36,  38.683,    18.8
  1128.0,0.000541, 36,  38.682,    18.8
  1129.0,0.000527, 36,  38.674,    18.8
  1130.0,0.000527, 36,  38.669,    18.8
  1131.0,0.000536, 36,  38.660,    18.9
  1132.0,0.000527, 36,  38.664,    18.9
  1133.0,0.000534, 36,  38.662,    18.9
  1134.0,0.000538, 36,  38.659,    18.9
  1135.0,0.000538, 36,  38.658,    18.9
  1136.0,0.000526, 36,  38.662,    18.9
  1137.0,0.000534, 36,  38.657,    19.0
  1138.0,0.000538, 36,  38.661,    19.0
  1139.0,0.000538, 36,  38.667,    19.0
  1140.0,0.000532, 36,  38.662,    19.0
  1141.0,0.000528, 36,  38.668,    19.0
  1142.0,0.000538, 36,  38.672,    19.0
  1143.0,0.000515, 36,  38.667,    19.0
  1144.0,0.000515, 36,  38.673,    19.1
  1145.0,0.000506, 36,  38.678,    19.1
  1146.0,0.000506, 36,  38.682,    19.1
  1147.0,0.000527, 36,  38.686,    19.1
  1148.0,0.000511, 36,  38.691,    19.1
  1149.0,0.000507, 36,  38.684,    19.1
  1150.0,0.000500, 36,  38.671,    19.2
  1151.0,0.000512, 36,  38.666,    19.2
  1152.0,0.000507, 36,  38.669,    19.2
  1153.0,0.000507, 36,  38.664,    19.2
  1154.0,0.000522, 36,  38.657,    19.2
  1155.0,0.000515, 36,  38.657,    19.3
  1156.0,0.000496, 36,  38.657,    19.3
  1157.0,0.000509, 36,  38.650,    19.3
  1158.0,0.000509, 36,  38.654,    19.3
  1159.0,0.000489, 36,  38.653,    19.3
  1160.0,0.000482, 36,  38.647,    19.3
  1161.0,0.000488, 36,  38.641,    19.4
  1162.0,0.000492, 36,  38.640,    19.4
  1163.0,0.000511, 36,  38.643,    19.4
  1164.0,0.000515, 36,  38.633,    19.4
  1165.0,0.000528, 36,  38.634,    19.4
  1166.0,0.000517, 36,  38.632,    19.4
  1167.0,0.000527, 36,  38.628,    19.5
  1168.0,0.000518, 36,  38.631,    19.5
  1169.0,0.000527, 36,  38.629,    19.5
  1170.0,0.000516, 36,  38.639,    19.5
  1171.0,0.000529, 36,  38.636,    19.5
  1172.0,0.000522, 36,  38.640,    19.5
  1173.0,0.000507, 36,  38.647,    19.5
  1174.0,0.000507, 36,  38.651,    19.6
  1175.0,0.000507, 36,  38.669,    19.6
  1176.0,0.000505, 36,  38.681,    19.6
  1177.0,0.000494, 36,  38.695,    19.6
  1178.0,0.000498, 36,  38.700,    19.6
  1179.0,0.000500, 36,  38.713,    19.6
  1180.0,0.000500, 36,  38.720,    19.7
  1181.0,0.000496, 36,  38.728,    19.7
  1182.0,0.000493, 36,  38.732,    19.7
  1183.0,0.000475, 36,  38.744,    19.7
  1184.0,0.000464, 36,  38.746,    19.7
  1185.0,0.000471, 36,  38.748,    19.8
  1186.0,0.000482, 36,  38.749,    19.8
  1187.0,0.000478, 36,  38.749,    19.8
  1188.0,0.000478, 36,  38.748,    19.8
  1189.0,0.000479, 36,  38.747,    19.8
  1190.0,0.000461, 36,  38.741,    19.8
  1191.0,0.000438, 36,  38.740,    19.9
  1192.0,0.000443, 36,  38.734,    19.9
  1193.0,0.000434, 36,  38.734,    19.9
  1194.0,0.000428, 36,  38.727,    19.9
  1195.0,0.000420, 36,  38.713,    19.9
  1196.0,0.000420, 36,  38.697,    19.9
  1197.0,0.000421, 36,  38.693,    20.0
  1198.0,0.000420, 36,  38.685,    20.0
  1199.0,0.000420, 36,  38.680,    20.0
