Run Name,50
Run Date,02:22:08 PM   04-12-12
Method Name,LAST GROUP
Export Format Version, 1.00
Method ID, 1464
Points/Second, 5.00
Number of Records,   1633
Offset from Run Start Time,00:00:00
Run End Time,00:05:30
Time,Second
QuadTec 1, (280.0 nm), AU
QuadTec 2, (260.0 nm), AU
Gradient Pump,<Not Selected>
QuadTec 3, (214.0 nm), AU
QuadTec 4, (405.0 nm), AU
Conductivity,mS/cm
Trace 6,<Not Available>
GP Pressure,<Not Selected>
Volume,<Not Selected>
Fraction,<Not Available>
Time,QuadTec 1,QuadTec 2,QuadTec 3,QuadTec 4,Conductivity
     0.0,0.004262,0.000000,0.003649,0.000000,  46.609
     0.2,0.004293,0.000000,0.003649,0.000000,  46.602
     0.4,0.004317,0.000000,0.003649,0.000000,  46.594
     0.6,0.004604,0.000000,0.003649,0.000000,  46.584
     0.8,0.000000,0.000000,0.000000,0.000000,  46.627
     1.0,0.000000,0.000000,0.000000,0.000000,  46.654
     1.2,0.000000,0.000000,0.000000,0.000000,  46.670
     1.4,0.000000,0.000000,0.000000,0.000000,  46.674
     1.6,0.000000,0.000000,0.000000,0.000000,  46.677
     1.8,0.000000,0.000000,0.000000,0.000000,  46.691
     2.0,0.000000,0.000000,0.000000,0.000000,  46.687
     2.2,0.000000,0.000000,0.000000,0.000000,  46.687
     2.4,0.000000,0.000000,0.000000,0.000000,  46.677
     2.6,0.000000,0.000000,0.000000,0.000000,  46.664
     2.8,0.000000,0.000000,0.000000,0.000000,  46.659
     3.0,0.000000,0.000000,0.000000,0.000000,  46.659
     3.2,0.000000,0.000000,0.000000,0.000000,  46.660
     3.4,0.000000,0.000000,0.000000,0.000000,  46.654
     3.6,0.000000,0.000000,0.000000,0.000000,  46.652
     3.8,0.000000,0.000000,0.000000,0.000000,  46.647
     4.0,0.000000,0.000000,0.000000,0.000000,  46.641
     4.2,0.000000,-0.000001,0.000000,0.000000,  46.644
     4.4,-0.000014,-0.000007,0.000000,0.000020,  46.641
     4.6,-0.000022,-0.000006,-0.000150,-0.000003,  46.642
     4.8,-0.000021,-0.000013,-0.000174,-0.000026,  46.638
     5.0,-0.000030,-0.000017,-0.000187,0.000010,  46.634
     5.2,-0.000030,-0.000022,-0.000176,-0.000013,  46.636
     5.4,-0.000030,-0.000023,-0.000136,-0.000013,  46.633
     5.6,-0.000030,-0.000029,-0.000077,0.000000,  46.633
     5.8,-0.000030,-0.000027,-0.000006,-0.000023,  46.635
     6.0,-0.000030,-0.000024,-0.000019,-0.000023,  46.631
     6.2,-0.000036,-0.000020,-0.000074,-0.000023,  46.632
     6.4,-0.000034,-0.000020,-0.000161,-0.000046,  46.631
     6.6,-0.000034,-0.000022,-0.000197,-0.000046,  46.629
     6.8,-0.000034,-0.000022,-0.000221,-0.000023,  46.623
     7.0,-0.000034,-0.000024,-0.000247,-0.000046,  46.625
     7.2,-0.000031,-0.000025,-0.000272,-0.000046,  46.632
     7.4,-0.000034,-0.000032,-0.000304,-0.000010,  46.632
     7.6,-0.000040,-0.000029,-0.000332,-0.000033,  46.627
     7.8,-0.000034,-0.000024,-0.000352,-0.000046,  46.629
     8.0,-0.000034,-0.000029,-0.000373,-0.000046,  46.623
     8.2,-0.000034,-0.000022,-0.000399,-0.000033,  46.623
     8.4,-0.000031,-0.000019,-0.000384,-0.000046,  46.625
     8.6,-0.000034,-0.000022,-0.000330,-0.000046,  46.631
     8.8,-0.000034,-0.000020,-0.000269,-0.000033,  46.629
     9.0,-0.000031,-0.000023,-0.000233,-0.000046,  46.631
     9.2,-0.000034,-0.000025,-0.000186,-0.000046,  46.639
     9.4,-0.000034,-0.000026,-0.000152,-0.000046,  46.638
     9.6,-0.000036,-0.000023,-0.000269,-0.000046,  46.640
     9.8,-0.000042,-0.000023,-0.000449,-0.000046,  46.643
    10.0,-0.000042,-0.000031,-0.000717,-0.000046,  46.641
    10.2,-0.000042,-0.000027,-0.000774,-0.000046,  46.649
    10.4,-0.000042,-0.000027,-0.000776,-0.000033,  46.653
    10.6,-0.000044,-0.000029,-0.000711,-0.000046,  46.654
    10.8,-0.000044,-0.000026,-0.000597,-0.000033,  46.656
    11.0,-0.000044,-0.000028,-0.000579,-0.000046,  46.655
    11.2,-0.000047,-0.000027,-0.000558,-0.000023,  46.658
    11.4,-0.000047,-0.000029,-0.000548,-0.000046,  46.666
    11.6,-0.000047,-0.000031,-0.000543,-0.000046,  46.669
    11.8,-0.000044,-0.000030,-0.000533,-0.000023,  46.669
    12.0,-0.000044,-0.000035,-0.000541,-0.000046,  46.670
    12.2,-0.000044,-0.000032,-0.000528,-0.000046,  46.676
    12.4,-0.000044,-0.000031,-0.000509,-0.000023,  46.677
    12.6,-0.000044,-0.000034,-0.000490,-0.000046,  46.678
    12.8,-0.000047,-0.000033,-0.000464,-0.000046,  46.675
    13.0,-0.000044,-0.000038,-0.000431,-0.000010,  46.681
    13.2,-0.000044,-0.000034,-0.000397,-0.000033,  46.690
    13.4,-0.000047,-0.000034,-0.000390,-0.000046,  46.693
    13.6,-0.000044,-0.000037,-0.000371,-0.000010,  46.689
    13.8,-0.000047,-0.000034,-0.000378,-0.000033,  46.687
    14.0,-0.000049,-0.000034,-0.000412,-0.000046,  46.697
    14.2,-0.000052,-0.000037,-0.000454,-0.000010,  46.696
    14.4,-0.000051,-0.000036,-0.000522,-0.000033,  46.701
    14.6,-0.000047,-0.000032,-0.000488,-0.000046,  46.705
    14.8,-0.000043,-0.000030,-0.000433,-0.000010,  46.703
    15.0,-0.000049,-0.000034,-0.000330,-0.000033,  46.704
    15.2,-0.000050,-0.000031,-0.000303,-0.000033,  46.709
    15.4,-0.000048,-0.000033,-0.000303,0.000003,  46.709
    15.6,-0.000043,-0.000031,-0.000318,-0.000020,  46.718
    15.8,-0.000043,-0.000034,-0.000323,-0.000020,  46.722
    16.0,-0.000043,-0.000037,-0.000329,-0.000033,  46.743
    16.2,-0.000041,-0.000033,-0.000337,-0.000033,  46.742
    16.4,-0.000041,-0.000034,-0.000341,-0.000033,  46.742
    16.6,-0.000041,-0.000034,-0.000328,-0.000056,  46.742
    16.8,-0.000035,-0.000033,-0.000322,-0.000056,  46.744
    17.0,-0.000035,-0.000036,-0.000342,-0.000080,  46.746
    17.2,-0.000035,-0.000039,-0.000369,-0.000080,  46.754
    17.4,-0.000039,-0.000039,-0.000398,-0.000056,  46.752
    17.6,-0.000039,-0.000035,-0.000445,-0.000056,  46.753
    17.8,-0.000042,-0.000040,-0.000466,-0.000056,  46.758
    18.0,-0.000050,-0.000040,-0.000499,-0.000056,  46.755
    18.2,-0.000050,-0.000039,-0.000527,-0.000056,  46.761
    18.4,-0.000044,-0.000041,-0.000519,-0.000056,  46.765
    18.6,-0.000047,-0.000036,-0.000493,-0.000056,  46.763
    18.8,-0.000047,-0.000034,-0.000452,-0.000056,  46.769
    19.0,-0.000044,-0.000033,-0.000459,-0.000056,  46.770
    19.2,-0.000038,-0.000036,-0.000493,-0.000056,  46.765
    19.4,-0.000038,-0.000032,-0.000542,-0.000056,  46.770
    19.6,-0.000038,-0.000034,-0.000523,-0.000056,  46.768
    19.8,-0.000032,-0.000037,-0.000488,-0.000056,  46.772
    20.0,-0.000032,-0.000030,-0.000440,-0.000056,  46.777
    20.2,-0.000038,-0.000029,-0.000446,-0.000056,  46.786
    20.4,-0.000044,-0.000030,-0.000474,-0.000056,  46.790
    20.6,-0.000044,-0.000031,-0.000527,-0.000043,  46.793
    20.8,-0.000047,-0.000031,-0.000525,-0.000043,  46.796
    21.0,-0.000047,-0.000034,-0.000498,-0.000043,  46.795
    21.2,-0.000047,-0.000031,-0.000452,-0.000030,  46.797
    21.4,-0.000047,-0.000031,-0.000397,-0.000030,  46.810
    21.6,-0.000047,-0.000034,-0.000336,-0.000043,  46.810
    21.8,-0.000053,-0.000031,-0.000261,-0.000020,  46.818
    22.0,-0.000049,-0.000030,-0.000220,-0.000020,  46.816
    22.2,-0.000049,-0.000031,-0.000192,-0.000020,  46.821
    22.4,-0.000047,-0.000031,-0.000185,-0.000033,  46.830
    22.6,-0.000049,-0.000030,-0.000184,-0.000033,  46.829
    22.8,-0.000052,-0.000030,-0.000189,-0.000056,  46.830
    23.0,-0.000049,-0.000035,-0.000198,-0.000056,  46.833
    23.2,-0.000049,-0.000039,-0.000197,-0.000056,  46.837
    23.4,-0.000052,-0.000042,-0.000183,-0.000070,  46.845
    23.6,-0.000049,-0.000045,-0.000157,-0.000046,  46.860
    23.8,-0.000049,-0.000043,-0.000184,-0.000070,  46.860
    24.0,-0.000052,-0.000040,-0.000232,-0.000056,  46.865
    24.2,-0.000043,-0.000042,-0.000306,-0.000056,  46.866
    24.4,-0.000043,-0.000043,-0.000327,-0.000093,  46.872
    24.6,-0.000043,-0.000045,-0.000341,-0.000093,  46.873
    24.8,-0.000034,-0.000042,-0.000353,-0.000056,  46.877
    25.0,-0.000037,-0.000038,-0.000347,-0.000020,  46.874
    25.2,-0.000043,-0.000038,-0.000372,-0.000020,  46.876
    25.4,-0.000041,-0.000040,-0.000393,-0.000033,  46.878
    25.6,-0.000043,-0.000039,-0.000421,-0.000007,  46.886
    25.8,-0.000043,-0.000041,-0.000393,-0.000007,  46.882
    26.0,-0.000047,-0.000037,-0.000340,-0.000043,  46.883
    26.2,-0.000049,-0.000040,-0.000272,-0.000066,  46.883
    26.4,-0.000049,-0.000036,-0.000485,-0.000090,  46.886
    26.6,-0.000053,-0.000038,-0.000822,-0.000066,  46.881
    26.8,-0.000058,-0.000038,-0.001298,-0.000066,  46.884
    27.0,-0.000055,-0.000038,-0.001371,-0.000090,  46.885
    27.2,-0.000052,-0.000043,-0.001292,-0.000066,  46.891
    27.4,-0.000055,-0.000040,-0.001073,-0.000066,  46.890
    27.6,-0.000055,-0.000042,-0.000999,-0.000090,  46.888
    27.8,-0.000052,-0.000044,-0.000911,-0.000066,  46.888
    28.0,-0.000055,-0.000044,-0.000817,-0.000066,  46.883
    28.2,-0.000055,-0.000039,-0.000710,-0.000090,  46.889
    28.4,-0.000052,-0.000039,-0.000607,-0.000066,  46.885
    28.6,-0.000049,-0.000046,-0.000500,-0.000066,  46.891
    28.8,-0.000049,-0.000045,-0.000425,-0.000090,  46.892
    29.0,-0.000049,-0.000045,-0.000357,-0.000066,  46.891
    29.2,-0.000053,-0.000040,-0.000317,-0.000066,  46.895
    29.4,-0.000044,-0.000032,-0.000310,-0.000090,  46.896
    29.6,-0.000047,-0.000033,-0.000330,-0.000066,  46.894
    29.8,-0.000044,-0.000031,-0.000372,-0.000066,  46.901
    30.0,-0.000044,-0.000026,-0.000357,-0.000090,  46.900
    30.2,-0.000047,-0.000029,-0.000316,-0.000053,  46.901
    30.4,-0.000044,-0.000029,-0.000256,-0.000053,  46.910
    30.6,-0.000044,-0.000028,-0.000271,-0.000053,  46.910
    30.8,-0.000044,-0.000031,-0.000325,-0.000053,  46.911
    31.0,-0.000044,-0.000029,-0.000400,-0.000066,  46.907
    31.2,-0.000044,-0.000018,-0.000582,-0.000090,  46.915
    31.4,-0.000044,-0.000018,-0.000818,-0.000053,  46.918
    31.6,-0.000042,-0.000018,-0.001126,-0.000066,  46.922
    31.8,-0.000036,-0.000014,-0.001489,-0.000066,  46.923
    32.0,-0.000034,-0.000018,-0.001457,-0.000090,  46.930
    32.2,-0.000031,-0.000015,-0.001329,-0.000053,  46.932
    32.4,-0.000028,-0.000009,-0.001082,-0.000053,  46.937
    32.6,-0.000034,-0.000014,-0.000934,-0.000090,  46.936
    32.8,-0.000034,-0.000016,-0.000792,-0.000053,  46.945
    33.0,-0.000031,-0.000017,-0.000643,-0.000053,  46.950
    33.2,-0.000034,-0.000018,-0.000563,-0.000090,  46.952
    33.4,-0.000027,-0.000020,-0.000529,-0.000053,  46.957
    33.6,-0.000025,-0.000018,-0.000530,-0.000053,  46.960
    33.8,-0.000027,-0.000012,-0.000503,-0.000103,  46.963
    34.0,-0.000018,-0.000014,-0.000475,-0.000080,  46.989
    34.2,-0.000016,-0.000010,-0.000455,-0.000080,  46.995
    34.4,-0.000022,-0.000012,-0.000475,-0.000103,  47.003
    34.6,-0.000026,-0.000009,-0.000516,-0.000066,  47.006
    34.8,-0.000026,-0.000013,-0.000567,-0.000066,  47.010
    35.0,-0.000028,-0.000011,-0.000580,-0.000066,  47.018
    35.2,-0.000032,-0.000009,-0.000580,-0.000043,  47.020
    35.4,-0.000032,-0.000007,-0.000573,-0.000043,  47.028
    35.6,-0.000028,-0.000011,-0.000545,-0.000043,  47.031
    35.8,-0.000028,-0.000011,-0.000497,-0.000043,  47.037
    36.0,-0.000026,-0.000012,-0.000429,-0.000043,  47.038
    36.2,-0.000028,-0.000014,-0.000543,-0.000030,  47.046
    36.4,-0.000028,-0.000019,-0.000751,-0.000030,  47.052
    36.6,-0.000035,-0.000021,-0.001046,-0.000030,  47.057
    36.8,-0.000028,-0.000016,-0.001192,-0.000053,  47.060
    37.0,-0.000031,-0.000011,-0.001307,-0.000066,  47.065
    37.2,-0.000028,-0.000015,-0.001389,-0.000066,  47.070
    37.4,-0.000031,-0.000012,-0.001301,-0.000090,  47.075
    37.6,-0.000031,-0.000015,-0.001119,-0.000053,  47.081
    37.8,-0.000022,-0.000017,-0.000830,-0.000053,  47.102
    38.0,-0.000025,-0.000018,-0.000689,-0.000053,  47.104
    38.2,-0.000025,-0.000023,-0.000574,-0.000053,  47.107
    38.4,-0.000018,-0.000025,-0.000487,-0.000053,  47.113
    38.6,-0.000018,-0.000021,-0.000440,-0.000090,  47.114
    38.8,-0.000027,-0.000021,-0.000419,-0.000053,  47.121
    39.0,-0.000027,-0.000021,-0.000421,-0.000053,  47.126
    39.2,-0.000025,-0.000021,-0.000455,-0.000053,  47.129
    39.4,-0.000027,-0.000023,-0.000629,-0.000090,  47.136
    39.6,-0.000025,-0.000024,-0.000866,-0.000053,  47.140
    39.8,-0.000025,-0.000020,-0.001181,-0.000053,  47.143
    40.0,-0.000025,-0.000021,-0.001167,-0.000090,  47.147
    40.2,-0.000022,-0.000016,-0.001032,-0.000053,  47.151
    40.4,-0.000022,-0.000014,-0.000770,-0.000053,  47.155
    40.6,-0.000022,-0.000012,-0.000681,-0.000076,  47.161
    40.8,-0.000019,-0.000016,-0.000608,-0.000040,  47.163
    41.0,-0.000019,-0.000012,-0.000551,-0.000040,  47.168
    41.2,-0.000022,-0.000014,-0.000524,-0.000076,  47.175
    41.4,-0.000019,-0.000016,-0.000524,-0.000066,  47.197
    41.6,-0.000019,-0.000013,-0.000550,-0.000066,  47.199
    41.8,-0.000019,-0.000017,-0.000509,-0.000090,  47.206
    42.0,-0.000017,-0.000019,-0.000443,-0.000053,  47.202
    42.2,-0.000019,-0.000020,-0.000351,-0.000053,  47.212
    42.4,-0.000019,-0.000014,-0.000338,-0.000090,  47.216
    42.6,-0.000019,-0.000015,-0.000351,-0.000053,  47.222
    42.8,-0.000014,-0.000013,-0.000386,-0.000053,  47.226
    43.0,-0.000023,-0.000009,-0.000351,-0.000090,  47.231
    43.2,-0.000014,-0.000008,-0.000285,-0.000053,  47.233
    43.4,-0.000021,-0.000002,-0.000210,-0.000053,  47.242
    43.6,-0.000021,0.000000,-0.000210,-0.000090,  47.244
    43.8,-0.000014,-0.000003,-0.000232,-0.000053,  47.246
    44.0,-0.000012,-0.000005,-0.000293,-0.000053,  47.249
    44.2,-0.000012,-0.000008,-0.000292,-0.000090,  47.258
    44.4,-0.000012,-0.000011,-0.000266,-0.000053,  47.261
    44.6,-0.000009,-0.000009,-0.000231,-0.000053,  47.267
    44.8,-0.000004,-0.000002,-0.000365,-0.000076,  47.271
    45.0,-0.000004,-0.000006,-0.000574,-0.000040,  47.272
    45.2,-0.000004,-0.000006,-0.000858,-0.000027,  47.277
    45.4,-0.000001,-0.000002,-0.000871,-0.000027,  47.284
    45.6,-0.000004,-0.000004,-0.000790,-0.000027,  47.300
    45.8,-0.000001,-0.000003,-0.000609,-0.000040,  47.307
    46.0,-0.000001,0.000003,-0.000548,-0.000076,  47.312
    46.2,-0.000001,-0.000002,-0.000495,-0.000027,  47.311
    46.4,0.000002,0.000002,-0.000454,-0.000027,  47.309
    46.6,-0.000001,0.000002,-0.000421,-0.000027,  47.315
    46.8,-0.000001,-0.000000,-0.000387,-0.000076,  47.320
    47.0,0.000002,-0.000001,-0.000360,-0.000053,  47.327
    47.2,-0.000001,-0.000004,-0.000333,-0.000040,  47.325
    47.4,-0.000001,-0.000004,-0.000305,-0.000076,  47.330
    47.6,-0.000001,-0.000008,-0.000265,-0.000027,  47.331
    47.8,-0.000001,-0.000003,-0.000231,-0.000013,  47.332
    48.0,-0.000004,-0.000007,-0.000224,-0.000063,  47.340
    48.2,-0.000004,-0.000004,-0.000230,-0.000027,  47.335
    48.4,-0.000001,-0.000006,-0.000251,-0.000013,  47.336
    48.6,-0.000004,-0.000006,-0.000237,-0.000063,  47.342
    48.8,-0.000004,-0.000010,-0.000216,-0.000027,  47.340
    49.0,-0.000004,-0.000006,-0.000183,-0.000013,  47.346
    49.2,-0.000006,-0.000002,-0.000170,-0.000063,  47.349
    49.4,-0.000006,-0.000002,-0.000170,-0.000027,  47.350
    49.6,-0.000009,-0.000004,-0.000164,-0.000013,  47.351
    49.8,-0.000012,-0.000003,-0.000177,-0.000063,  47.357
    50.0,-0.000014,-0.000004,-0.000197,-0.000027,  47.360
    50.2,-0.000012,-0.000006,-0.000225,-0.000013,  47.351
    50.4,-0.000018,-0.000005,-0.000225,-0.000063,  47.355
    50.6,-0.000009,-0.000009,-0.000210,-0.000027,  47.361
    50.8,-0.000013,-0.000003,-0.000177,-0.000013,  47.364
    51.0,-0.000015,-0.000007,-0.000170,-0.000063,  47.368
    51.2,-0.000009,-0.000012,-0.000171,-0.000027,  47.362
    51.4,-0.000009,-0.000006,-0.000184,-0.000013,  47.366
    51.6,-0.000006,-0.000007,-0.000190,-0.000063,  47.368
    51.8,-0.000009,-0.000009,-0.000184,-0.000027,  47.371
    52.0,-0.000012,-0.000009,-0.000197,-0.000027,  47.370
    52.2,-0.000012,-0.000010,-0.000183,-0.000027,  47.372
    52.4,-0.000008,-0.000012,-0.000162,-0.000027,  47.386
    52.6,-0.000017,-0.000016,-0.000129,-0.000027,  47.392
    52.8,-0.000022,-0.000018,-0.000095,-0.000063,  47.394
    53.0,-0.000018,-0.000019,-0.000094,-0.000027,  47.398
    53.2,-0.000025,-0.000016,-0.000095,-0.000027,  47.395
    53.4,-0.000025,-0.000015,-0.000115,-0.000027,  47.396
    53.6,-0.000021,-0.000019,-0.000108,-0.000063,  47.395
    53.8,-0.000027,-0.000019,-0.000114,-0.000040,  47.395
    54.0,-0.000027,-0.000021,-0.000108,-0.000040,  47.403
    54.2,-0.000024,-0.000023,-0.000122,-0.000063,  47.396
    54.4,-0.000030,-0.000025,-0.000155,-0.000040,  47.401
    54.6,-0.000027,-0.000018,-0.000190,-0.000040,  47.404
    54.8,-0.000021,-0.000018,-0.000203,-0.000063,  47.408
    55.0,-0.000027,-0.000018,-0.000209,-0.000040,  47.404
    55.2,-0.000025,-0.000018,-0.000215,-0.000040,  47.405
    55.4,-0.000021,-0.000018,-0.000139,-0.000076,  47.399
    55.6,-0.000027,-0.000019,-0.000010,-0.000066,  47.408
    55.8,-0.000025,-0.000017,0.000159,-0.000066,  47.409
    56.0,-0.000021,-0.000016,0.000146,-0.000090,  47.411
    56.2,-0.000027,-0.000016,0.000071,-0.000053,  47.408
    56.4,-0.000027,-0.000018,-0.000072,-0.000053,  47.405
    56.6,-0.000026,-0.000018,-0.000099,-0.000090,  47.405
    56.8,-0.000026,-0.000016,-0.000113,-0.000053,  47.413
    57.0,-0.000033,-0.000018,-0.000113,-0.000053,  47.417
    57.2,-0.000024,-0.000018,-0.000106,-0.000090,  47.411
    57.4,-0.000026,-0.000016,-0.000097,-0.000053,  47.410
    57.6,-0.000033,-0.000021,-0.000076,-0.000053,  47.417
    57.8,-0.000026,-0.000021,-0.000063,-0.000090,  47.418
    58.0,-0.000029,-0.000018,-0.000063,-0.000053,  47.421
    58.2,-0.000035,-0.000020,-0.000070,-0.000053,  47.418
    58.4,-0.000026,-0.000016,-0.000097,-0.000090,  47.420
    58.6,-0.000020,-0.000016,-0.000151,-0.000053,  47.417
    58.8,-0.000026,-0.000016,-0.000226,-0.000053,  47.418
    59.0,-0.000020,-0.000014,-0.000265,-0.000053,  47.419
    59.2,-0.000023,-0.000021,-0.000285,-0.000053,  47.415
    59.4,-0.000029,-0.000019,-0.000306,-0.000053,  47.414
    59.6,-0.000023,-0.000019,-0.000320,-0.000090,  47.415
    59.8,-0.000023,-0.000022,-0.000334,-0.000053,  47.418
    60.0,-0.000032,-0.000022,-0.000346,-0.000053,  47.422
    60.2,-0.000025,-0.000021,-0.000353,-0.000053,  47.418
    60.4,-0.000025,-0.000021,-0.000367,-0.000090,  47.416
    60.6,-0.000032,-0.000024,-0.000388,-0.000053,  47.424
    60.8,-0.000023,-0.000022,-0.000409,-0.000053,  47.420
    61.0,-0.000017,-0.000020,-0.000408,-0.000090,  47.421
    61.2,-0.000021,-0.000022,-0.000388,-0.000053,  47.416
    61.4,-0.000015,-0.000016,-0.000360,-0.000053,  47.418
    61.6,-0.000017,-0.000016,-0.000453,-0.000076,  47.420
    61.8,-0.000024,-0.000018,-0.000595,-0.000040,  47.422
    62.0,-0.000017,-0.000014,-0.000809,-0.000040,  47.418
    62.2,-0.000017,-0.000016,-0.000809,-0.000063,  47.419
    62.4,-0.000024,-0.000018,-0.000729,-0.000040,  47.417
    62.6,-0.000017,-0.000017,-0.000586,-0.000040,  47.422
    62.8,-0.000017,-0.000018,-0.000574,-0.000076,  47.418
    63.0,-0.000024,-0.000018,-0.000594,-0.000053,  47.417
    63.2,-0.000020,-0.000019,-0.000636,-0.000053,  47.419
    63.4,-0.000023,-0.000024,-0.000615,-0.000090,  47.420
    63.6,-0.000023,-0.000029,-0.000573,-0.000053,  47.421
    63.8,-0.000023,-0.000027,-0.000500,-0.000053,  47.419
    64.0,-0.000029,-0.000029,-0.000472,-0.000053,  47.420
    64.2,-0.000023,-0.000027,-0.000452,-0.000030,  47.417
    64.4,-0.000023,-0.000027,-0.000459,-0.000030,  47.416
    64.6,-0.000029,-0.000023,-0.000451,-0.000017,  47.416
    64.8,-0.000023,-0.000025,-0.000445,-0.000030,  47.416
    65.0,-0.000029,-0.000031,-0.000445,-0.000030,  47.416
    65.2,-0.000023,-0.000027,-0.000423,-0.000017,  47.412
    65.4,-0.000023,-0.000027,-0.000383,-0.000030,  47.409
    65.6,-0.000032,-0.000030,-0.000335,-0.000030,  47.410
    65.8,-0.000028,-0.000028,-0.000334,-0.000053,  47.412
    66.0,-0.000027,-0.000028,-0.000334,-0.000066,  47.409
    66.2,-0.000036,-0.000030,-0.000354,-0.000066,  47.402
    66.4,-0.000036,-0.000036,-0.000354,-0.000053,  47.400
    66.6,-0.000032,-0.000038,-0.000358,-0.000053,  47.396
    66.8,-0.000038,-0.000042,-0.000353,-0.000066,  47.399
    67.0,-0.000038,-0.000041,-0.000346,-0.000090,  47.396
    67.2,-0.000035,-0.000043,-0.000318,-0.000053,  47.386
    67.4,-0.000038,-0.000050,-0.000289,-0.000066,  47.388
    67.6,-0.000045,-0.000049,-0.000260,-0.000066,  47.383
    67.8,-0.000042,-0.000048,-0.000272,-0.000090,  47.379
    68.0,-0.000048,-0.000054,-0.000299,-0.000053,  47.373
    68.2,-0.000045,-0.000049,-0.000348,-0.000053,  47.371
    68.4,-0.000044,-0.000051,-0.000347,-0.000090,  47.363
    68.6,-0.000050,-0.000054,-0.000333,-0.000053,  47.362
    68.8,-0.000044,-0.000056,-0.000318,-0.000053,  47.361
    69.0,-0.000046,-0.000054,-0.000324,-0.000090,  47.359
    69.2,-0.000055,-0.000052,-0.000338,-0.000066,  47.352
    69.4,-0.000049,-0.000057,-0.000371,-0.000066,  47.344
    69.6,-0.000045,-0.000052,-0.000378,-0.000090,  47.343
    69.8,-0.000052,-0.000052,-0.000384,-0.000066,  47.340
    70.0,-0.000045,-0.000055,-0.000396,-0.000066,  47.333
    70.2,-0.000039,-0.000059,-0.000596,-0.000090,  47.327
    70.4,-0.000043,-0.000058,-0.000878,-0.000066,  47.322
    70.6,-0.000036,-0.000060,-0.001249,-0.000066,  47.318
    70.8,-0.000039,-0.000060,-0.001275,-0.000090,  47.317
    71.0,-0.000036,-0.000063,-0.001168,-0.000066,  47.313
    71.2,-0.000043,-0.000061,-0.000921,-0.000066,  47.309
    71.4,-0.000034,-0.000059,-0.000840,-0.000090,  47.302
    71.6,-0.000036,-0.000059,-0.000767,-0.000053,  47.303
    71.8,-0.000040,-0.000060,-0.000720,-0.000053,  47.297
    72.0,-0.000037,-0.000059,-0.000659,-0.000090,  47.274
    72.2,-0.000028,-0.000063,-0.000599,-0.000053,  47.270
    72.4,-0.000032,-0.000060,-0.000545,-0.000053,  47.265
    72.6,-0.000032,-0.000061,-0.000524,-0.000090,  47.266
    72.8,-0.000037,-0.000065,-0.000524,-0.000066,  47.259
    73.0,-0.000044,-0.000061,-0.000545,-0.000066,  47.261
    73.2,-0.000041,-0.000059,-0.000544,-0.000053,  47.254
    73.4,-0.000041,-0.000059,-0.000537,-0.000053,  47.252
    73.6,-0.000047,-0.000055,-0.000531,-0.000066,  47.252
    73.8,-0.000041,-0.000054,-0.000530,-0.000090,  47.247
    74.0,-0.000041,-0.000052,-0.000517,-0.000053,  47.251
    74.2,-0.000045,-0.000051,-0.000516,-0.000066,  47.249
    74.4,-0.000036,-0.000048,-0.000509,-0.000066,  47.248
    74.6,-0.000033,-0.000046,-0.000481,-0.000090,  47.244
    74.8,-0.000037,-0.000049,-0.000446,-0.000066,  47.248
    75.0,-0.000028,-0.000042,-0.000393,-0.000066,  47.246
    75.2,-0.000028,-0.000045,-0.000367,-0.000090,  47.247
    75.4,-0.000032,-0.000043,-0.000353,-0.000066,  47.248
    75.6,-0.000025,-0.000043,-0.000347,-0.000066,  47.251
    75.8,-0.000028,-0.000043,-0.000382,-0.000103,  47.254
    76.0,-0.000032,-0.000043,-0.000444,-0.000080,  47.250
    76.2,-0.000025,-0.000043,-0.000539,-0.000080,  47.247
    76.4,-0.000028,-0.000036,-0.000600,-0.000116,  47.253
    76.6,-0.000032,-0.000034,-0.000656,-0.000080,  47.251
    76.8,-0.000025,-0.000034,-0.000717,-0.000080,  47.250
    77.0,-0.000025,-0.000034,-0.000772,-0.000103,  47.253
    77.2,-0.000032,-0.000029,-0.000827,-0.000066,  47.251
    77.4,-0.000025,-0.000029,-0.000888,-0.000066,  47.253
    77.6,-0.000025,-0.000030,-0.000841,-0.000066,  47.251
    77.8,-0.000025,-0.000028,-0.000732,-0.000043,  47.254
    78.0,-0.000023,-0.000028,-0.000582,-0.000043,  47.255
    78.2,-0.000025,-0.000031,-0.000548,-0.000030,  47.254
    78.4,-0.000019,-0.000031,-0.000547,-0.000030,  47.249
    78.6,-0.000016,-0.000035,-0.000569,-0.000030,  47.252
    78.8,-0.000016,-0.000030,-0.000549,-0.000017,  47.257
    79.0,-0.000014,-0.000031,-0.000534,-0.000017,  47.256
    79.2,-0.000017,-0.000026,-0.000513,-0.000017,  47.254
    79.4,-0.000015,-0.000029,-0.000492,-0.000017,  47.252
    79.6,-0.000011,-0.000032,-0.000459,-0.000017,  47.258
    79.8,-0.000017,-0.000023,-0.000434,-0.000017,  47.256
    80.0,-0.000008,-0.000021,-0.000386,-0.000040,  47.254
    80.2,-0.000002,-0.000023,-0.000344,-0.000040,  47.256
    80.4,-0.000006,-0.000021,-0.000277,-0.000027,  47.252
    80.6,-0.000003,-0.000018,-0.000245,-0.000027,  47.252
    80.8,-0.000003,-0.000018,-0.000238,-0.000027,  47.250
    81.0,-0.000007,-0.000022,-0.000245,-0.000040,  47.250
    81.2,-0.000007,-0.000017,-0.000260,-0.000090,  47.246
    81.4,-0.000001,-0.000017,-0.000288,-0.000053,  47.245
    81.6,-0.000002,-0.000013,-0.000335,-0.000053,  47.248
    81.8,0.000001,-0.000006,-0.000390,-0.000053,  47.251
    82.0,0.000013,-0.000008,-0.000397,-0.000076,  47.253
    82.2,0.000009,-0.000006,-0.000405,-0.000040,  47.250
    82.4,0.000009,-0.000007,-0.000399,-0.000040,  47.253
    82.6,0.000013,-0.000003,-0.000379,-0.000063,  47.250
    82.8,0.000006,-0.000006,-0.000345,-0.000040,  47.249
    83.0,0.000006,-0.000005,-0.000311,-0.000040,  47.246
    83.2,0.000013,-0.000003,-0.000268,-0.000063,  47.251
    83.4,0.000006,-0.000001,-0.000202,-0.000040,  47.244
    83.6,0.000006,0.000002,-0.000129,-0.000040,  47.245
    83.8,0.000013,0.000009,-0.000149,-0.000063,  47.248
    84.0,0.000009,0.000011,-0.000198,-0.000040,  47.252
    84.2,0.000012,0.000011,-0.000294,-0.000040,  47.247
    84.4,0.000021,0.000013,-0.000220,-0.000040,  47.248
    84.6,0.000017,0.000012,-0.000079,-0.000017,  47.249
    84.8,0.000017,0.000010,0.000130,-0.000017,  47.249
    85.0,0.000023,0.000009,0.000156,-0.000003,  47.248
    85.2,0.000022,0.000007,0.000128,-0.000003,  47.250
    85.4,0.000022,0.000009,0.000044,-0.000003,  47.249
    85.6,0.000031,0.000011,-0.000098,0.000010,  47.248
    85.8,0.000034,0.000011,-0.000302,-0.000003,  47.253
    86.0,0.000039,0.000014,-0.000561,0.000010,  47.252
    86.2,0.000039,0.000011,-0.000543,-0.000027,  47.255
    86.4,0.000042,0.000012,-0.000411,-0.000027,  47.255
    86.6,0.000047,0.000023,-0.000166,-0.000013,  47.255
    86.8,0.000052,0.000024,-0.000034,-0.000063,  47.259
    87.0,0.000060,0.000026,0.000103,-0.000027,  47.260
    87.2,0.000064,0.000038,0.000240,-0.000027,  47.257
    87.4,0.000072,0.000044,0.000384,-0.000063,  47.260
    87.6,0.000089,0.000047,0.000545,-0.000040,  47.261
    87.8,0.000096,0.000058,0.000713,-0.000040,  47.259
    88.0,0.000112,0.000066,0.000847,-0.000040,  47.262
    88.2,0.000134,0.000073,0.000978,-0.000040,  47.260
    88.4,0.000146,0.000089,0.001100,-0.000040,  47.265
    88.6,0.000167,0.000103,0.001043,-0.000076,  47.264
    88.8,0.000194,0.000112,0.000891,-0.000027,  47.265
    89.0,0.000212,0.000130,0.000639,-0.000027,  47.265
    89.2,0.000238,0.000147,0.000305,-0.000013,  47.268
    89.4,0.000273,0.000164,0.000634,-0.000050,  47.264
    89.6,0.000301,0.000185,0.001181,-0.000013,  47.266
    89.8,0.000338,0.000214,0.001938,-0.000000,  47.269
    90.0,0.000384,0.000237,0.002513,-0.000013,  47.274
    90.2,0.000422,0.000269,0.003112,0.000010,  47.286
    90.4,0.000472,0.000301,0.003725,0.000023,  47.290
    90.6,0.000531,0.000333,0.004329,0.000010,  47.289
    90.8,0.000583,0.000356,0.004944,0.000010,  47.290
    91.0,0.000646,0.000384,0.005562,0.000023,  47.292
    91.2,0.000715,0.000407,0.006307,-0.000013,  47.291
    91.4,0.000778,0.000445,0.007125,-0.000000,  47.296
    91.6,0.000851,0.000487,0.008005,0.000013,  47.300
    91.8,0.000934,0.000529,0.008936,-0.000037,  47.298
    92.0,0.001018,0.000578,0.009923,-0.000000,  47.297
    92.2,0.001111,0.000624,0.010976,0.000013,  47.301
    92.4,0.001213,0.000680,0.011983,-0.000037,  47.298
    92.6,0.001300,0.000739,0.012984,-0.000000,  47.304
    92.8,0.001392,0.000796,0.013993,0.000013,  47.310
    93.0,0.001477,0.000863,0.015160,-0.000037,  47.304
    93.2,0.001567,0.000933,0.016416,-0.000013,  47.309
    93.4,0.001684,0.001002,0.017743,-0.000000,  47.310
    93.6,0.001831,0.001083,0.019167,-0.000037,  47.310
    93.8,0.001984,0.001162,0.020680,-0.000013,  47.307
    94.0,0.002133,0.001249,0.022278,-0.000000,  47.315
    94.2,0.002295,0.001340,0.024033,-0.000037,  47.307
    94.4,0.002461,0.001437,0.025905,-0.000013,  47.310
    94.6,0.002643,0.001550,0.027902,-0.000000,  47.315
    94.8,0.002850,0.001665,0.029964,-0.000037,  47.316
    95.0,0.003057,0.001780,0.032126,-0.000013,  47.317
    95.2,0.003276,0.001910,0.034382,-0.000013,  47.318
    95.4,0.003520,0.002040,0.036738,-0.000000,  47.315
    95.6,0.003770,0.002174,0.039195,-0.000013,  47.322
    95.8,0.004013,0.002319,0.041753,-0.000013,  47.322
    96.0,0.004277,0.002467,0.044070,-0.000050,  47.315
    96.2,0.004537,0.002628,0.046318,-0.000000,  47.324
    96.4,0.004829,0.002808,0.048476,-0.000000,  47.321
    96.6,0.005157,0.002996,0.050574,0.000013,  47.323
    96.8,0.005497,0.003184,0.053617,-0.000037,  47.323
    97.0,0.005843,0.003380,0.057017,-0.000000,  47.326
    97.2,0.006220,0.003587,0.060761,0.000013,  47.327
    97.4,0.006604,0.003800,0.064414,-0.000037,  47.329
    97.6,0.006996,0.004019,0.068189,-0.000000,  47.328
    97.8,0.007414,0.004256,0.072095,0.000013,  47.324
    98.0,0.007840,0.004466,0.076291,-0.000023,  47.330
    98.2,0.008289,0.004669,0.080696,0.000013,  47.328
    98.4,0.008767,0.004864,0.085334,0.000026,  47.334
    98.6,0.009264,0.005053,0.090171,0.000013,  47.332
    98.8,0.009793,0.005330,0.095227,0.000023,  47.336
    99.0,0.010359,0.005638,0.100522,0.000036,  47.334
    99.2,0.010949,0.005967,0.105973,0.000036,  47.331
    99.4,0.011550,0.006301,0.111612,0.000023,  47.331
    99.6,0.012183,0.006648,0.117477,0.000036,  47.336
    99.8,0.012830,0.007014,0.123536,0.000036,  47.335
   100.0,0.013399,0.007382,0.129798,0.000023,  47.341
   100.2,0.013939,0.007762,0.136293,0.000036,  47.340
   100.4,0.014458,0.008150,0.143204,0.000036,  47.339
   100.6,0.014943,0.008570,0.150453,0.000036,  47.337
   100.8,0.015658,0.009015,0.158068,0.000050,  47.339
   101.0,0.016461,0.009475,0.165824,0.000036,  47.342
   101.2,0.017342,0.009951,0.173841,0.000036,  47.340
   101.4,0.018199,0.010445,0.182140,0.000050,  47.342
   101.6,0.019097,0.010952,0.190650,0.000036,  47.342
   101.8,0.020024,0.011479,0.199410,0.000036,  47.344
   102.0,0.020986,0.012024,0.208444,0.000036,  47.342
   102.2,0.021995,0.012582,0.217959,0.000050,  47.346
   102.4,0.023031,0.013164,0.227882,-0.000000,  47.340
   102.6,0.024088,0.013762,0.238225,0.000036,  47.345
   102.8,0.025194,0.014376,0.247221,0.000013,  47.347
   103.0,0.026319,0.015021,0.255684,-0.000000,  47.344
   103.2,0.027507,0.015690,0.263581,0.000050,  47.347
   103.4,0.028756,0.016387,0.270886,0.000063,  47.347
   103.6,0.030048,0.017105,0.281634,0.000063,  47.346
   103.8,0.031343,0.017853,0.293550,0.000050,  47.347
   104.0,0.032676,0.018624,0.306721,0.000063,  47.352
   104.2,0.034037,0.019279,0.319265,0.000050,  47.349
   104.4,0.035435,0.019884,0.332112,0.000036,  47.349
   104.6,0.036870,0.020441,0.345301,0.000050,  47.357
   104.8,0.038350,0.020950,0.359103,0.000050,  47.353
   105.0,0.039892,0.021744,0.373449,0.000050,  47.355
   105.2,0.041499,0.022617,0.388342,0.000063,  47.353
   105.4,0.043160,0.023579,0.403263,0.000063,  47.357
   105.6,0.044851,0.024498,0.418492,0.000050,  47.357
   105.8,0.046602,0.025438,0.434069,0.000063,  47.360
   106.0,0.048394,0.026405,0.449972,0.000050,  47.361
   106.2,0.050188,0.027390,0.466230,0.000036,  47.358
   106.4,0.052022,0.028388,0.482858,0.000050,  47.361
   106.6,0.053879,0.029414,0.500099,0.000050,  47.376
   106.8,0.055508,0.030470,0.517912,0.000050,  47.379
   107.0,0.057028,0.031542,0.536256,0.000063,  47.384
   107.2,0.058456,0.032650,0.554701,0.000063,  47.380
   107.4,0.059772,0.033788,0.573458,0.000050,  47.384
   107.6,0.061696,0.034952,0.592544,0.000063,  47.382
   107.8,0.063811,0.036151,0.612310,0.000063,  47.388
   108.0,0.066117,0.037356,0.632624,0.000050,  47.388
   108.2,0.068275,0.038579,0.653508,0.000063,  47.389
   108.4,0.070463,0.039827,0.674326,0.000026,  47.396
   108.6,0.072668,0.041107,0.695397,0.000013,  47.395
   108.8,0.074984,0.042401,0.716674,0.000013,  47.394
   109.0,0.077381,0.043732,0.738611,0.000026,  47.398
   109.2,0.079846,0.045089,0.761022,0.000026,  47.401
   109.4,0.082306,0.046469,0.783920,0.000013,  47.404
   109.6,0.084805,0.047876,0.803975,-0.000010,  47.402
   109.8,0.087345,0.049303,0.822360,0.000013,  47.409
   110.0,0.089922,0.050754,0.839006,0.000013,  47.410
   110.2,0.092544,0.052228,0.853478,0.000026,  47.404
   110.4,0.095211,0.053712,0.875376,-0.000010,  47.411
   110.6,0.097891,0.055216,0.899555,0.000013,  47.411
   110.8,0.100608,0.056747,0.926341,0.000026,  47.412
   111.0,0.103365,0.058293,0.951435,-0.000010,  47.413
   111.2,0.106181,0.059852,0.976791,0.000026,  47.415
   111.4,0.109065,0.061441,1.002437,0.000026,  47.421
   111.6,0.111998,0.062818,1.028530,-0.000010,  47.420
   111.8,0.114915,0.064101,1.054759,0.000026,  47.419
   112.0,0.117865,0.065297,1.081302,0.000040,  47.422
   112.2,0.120825,0.066389,1.108445,0.000003,  47.429
   112.4,0.123819,0.067929,1.135748,0.000003,  47.428
   112.6,0.126851,0.069598,1.163409,0.000003,  47.431
   112.8,0.129905,0.071399,1.190957,0.000003,  47.431
   113.0,0.133013,0.073096,1.218050,-0.000010,  47.433
   113.2,0.136178,0.074815,1.244931,-0.000023,  47.430
   113.4,0.139382,0.076549,1.272945,-0.000023,  47.435
   113.6,0.142135,0.078306,1.301224,-0.000010,  47.434
   113.8,0.144670,0.080092,1.329693,-0.000010,  47.440
   114.0,0.146999,0.081899,1.358260,-0.000010,  47.435
   114.2,0.149106,0.083711,1.386649,-0.000010,  47.441
   114.4,0.152128,0.085545,1.414880,-0.000010,  47.441
   114.6,0.155403,0.087393,1.443849,-0.000010,  47.441
   114.8,0.158934,0.089227,1.472616,-0.000010,  47.446
   115.0,0.162240,0.091061,1.501412,-0.000010,  47.447
   115.2,0.165564,0.092897,1.530700,-0.000010,  47.445
   115.4,0.168904,0.094745,1.559788,-0.000010,  47.444
   115.6,0.172282,0.096606,1.588480,0.000003,  47.446
   115.8,0.175696,0.098472,1.617885,0.000003,  47.447
   116.0,0.179135,0.100362,1.646885,0.000003,  47.449
   116.2,0.182538,0.102273,1.675240,0.000003,  47.442
   116.4,0.185957,0.104198,1.704266,-0.000033,  47.448
   116.6,0.189369,0.106104,1.733302,0.000016,  47.448
   116.8,0.192801,0.108008,1.761458,0.000003,  47.441
   117.0,0.196264,0.109908,1.786862,0.000003,  47.445
   117.2,0.199741,0.111852,1.809708,0.000040,  47.447
   117.4,0.203244,0.113819,1.829495,0.000040,  47.445
   117.6,0.206784,0.115808,1.845736,0.000040,  47.447
   117.8,0.210342,0.117767,1.871055,0.000016,  47.449
   118.0,0.213865,0.119733,1.898957,0.000066,  47.446
   118.2,0.217384,0.121697,1.928240,0.000066,  47.442
   118.4,0.220894,0.123662,1.955584,0.000043,  47.441
   118.6,0.224394,0.125633,1.981703,0.000079,  47.440
   118.8,0.227885,0.127610,2.007546,0.000079,  47.446
   119.0,0.231370,0.129301,2.034316,0.000056,  47.444
   119.2,0.234883,0.130849,2.059169,0.000079,  47.441
   119.4,0.238396,0.132243,2.083209,0.000079,  47.442
   119.6,0.241925,0.133498,2.107861,0.000056,  47.443
   119.8,0.245454,0.135320,2.131415,0.000079,  47.442
   120.0,0.249005,0.137279,2.153593,0.000093,  47.442
   120.2,0.252556,0.139390,2.176928,0.000069,  47.437
   120.4,0.256026,0.141343,2.199558,0.000106,  47.440
   120.6,0.259474,0.143281,2.220237,0.000119,  47.439
   120.8,0.262877,0.145215,2.241961,0.000096,  47.439
   121.0,0.266328,0.147137,2.263663,0.000132,  47.436
   121.2,0.269806,0.149053,2.281598,0.000146,  47.434
   121.4,0.273281,0.150955,2.301563,0.000109,  47.435
   121.6,0.276263,0.152865,2.319825,0.000132,  47.432
   121.8,0.278989,0.154782,2.336102,0.000146,  47.432
   122.0,0.281453,0.156699,2.353014,0.000109,  47.430
   122.2,0.283663,0.158599,2.369111,0.000146,  47.422
   122.4,0.286823,0.160502,2.384282,0.000146,  47.420
   122.6,0.290215,0.162401,2.400030,0.000109,  47.422
   122.8,0.293851,0.164286,2.413059,0.000146,  47.419
   123.0,0.297184,0.166169,2.428203,0.000159,  47.416
   123.2,0.300474,0.168040,2.443865,0.000136,  47.416
   123.4,0.303739,0.169878,2.456438,0.000172,  47.410
   123.6,0.307017,0.171702,2.467505,0.000172,  47.413
   123.8,0.310271,0.173499,2.480800,0.000199,  47.411
   124.0,0.313523,0.175298,2.494526,0.000185,  47.409
   124.2,0.316755,0.177093,2.502574,0.000185,  47.401
   124.4,0.319957,0.178875,2.512847,0.000149,  47.404
   124.6,0.323150,0.180634,2.521245,0.000185,  47.403
   124.8,0.326322,0.182384,2.527664,0.000199,  47.398
   125.0,0.329466,0.184122,2.532007,0.000212,  47.400
   125.2,0.332595,0.185848,2.540786,0.000189,  47.395
   125.4,0.335682,0.187568,2.547491,0.000225,  47.393
   125.6,0.338741,0.189280,2.556591,0.000238,  47.394
   125.8,0.341769,0.190976,2.565865,0.000202,  47.390
   126.0,0.344777,0.192665,2.572944,0.000238,  47.386
   126.2,0.347766,0.194343,2.580135,0.000252,  47.383
   126.4,0.350717,0.195764,2.587481,0.000215,  47.379
   126.6,0.353639,0.197046,2.594964,0.000252,  47.378
   126.8,0.356535,0.198198,2.597514,0.000278,  47.378
   127.0,0.359401,0.199211,2.605161,0.000242,  47.377
   127.2,0.362214,0.200684,2.607744,0.000278,  47.365
   127.4,0.364984,0.202260,2.612956,0.000291,  47.361
   127.6,0.367711,0.203943,2.620887,0.000268,  47.358
   127.8,0.370455,0.205489,2.623576,0.000291,  47.360
   128.0,0.373173,0.207021,2.626298,0.000291,  47.361
   128.2,0.375883,0.208543,2.631764,0.000268,  47.358
   128.4,0.378521,0.210041,2.637311,0.000305,  47.348
   128.6,0.381126,0.211521,2.640151,0.000318,  47.347
   128.8,0.383682,0.212978,2.645749,0.000281,  47.346
   129.0,0.385877,0.214417,2.648540,0.000331,  47.341
   129.2,0.387851,0.215825,2.651323,0.000344,  47.334
   129.4,0.389621,0.217212,2.654157,0.000308,  47.335
   129.6,0.391165,0.218594,2.659921,0.000344,  47.330
   129.8,0.393411,0.219968,2.659894,0.000358,  47.326
   130.0,0.395805,0.221332,2.662802,0.000321,  47.323
   130.2,0.398371,0.222670,2.665730,0.000358,  47.312
   130.4,0.400720,0.224002,2.668684,0.000371,  47.306
   130.6,0.403036,0.225313,2.674653,0.000334,  47.300
   130.8,0.405323,0.226595,2.674626,0.000371,  47.274
   131.0,0.407549,0.227851,2.677614,0.000371,  47.270
   131.2,0.409726,0.229088,2.680662,0.000384,  47.262
   131.4,0.411859,0.230298,2.683764,0.000384,  47.259
   131.6,0.413961,0.231488,2.683813,0.000384,  47.253
   131.8,0.416020,0.232648,2.686914,0.000361,  47.242
   132.0,0.418053,0.233805,2.690038,0.000397,  47.235
   132.2,0.420090,0.234939,2.690038,0.000397,  47.227
   132.4,0.422094,0.236061,2.690038,0.000411,  47.225
   132.6,0.424086,0.237171,2.696332,0.000387,  47.217
   132.8,0.426025,0.238275,2.696338,0.000411,  47.214
   133.0,0.427923,0.239360,2.693185,0.000411,  47.200
   133.2,0.429786,0.240278,2.696332,0.000401,  47.190
   133.4,0.431637,0.241112,2.696311,0.000437,  47.180
   133.6,0.433446,0.241837,2.696295,0.000450,  47.163
   133.8,0.435240,0.242482,2.699455,0.000414,  47.151
   134.0,0.436984,0.243410,2.699438,0.000450,  47.145
   134.2,0.438679,0.244394,2.699422,0.000464,  47.136
   134.4,0.440342,0.245438,2.702638,0.000414,  47.121
   134.6,0.441962,0.246385,2.702671,0.000450,  47.118
   134.8,0.443544,0.247314,2.702714,0.000464,  47.108
   135.0,0.445080,0.248221,2.705943,0.000414,  47.103
   135.2,0.446585,0.249100,2.705937,0.000450,  47.091
   135.4,0.448044,0.249966,2.705916,0.000464,  47.083
   135.6,0.449470,0.250808,2.709158,0.000427,  47.072
   135.8,0.450693,0.251623,2.712425,0.000464,  47.066
   136.0,0.451794,0.252424,2.709136,0.000477,  47.057
   136.2,0.452791,0.253202,2.709136,0.000427,  47.030
   136.4,0.453644,0.253986,2.712420,0.000450,  47.024
   136.6,0.454872,0.254768,2.712425,0.000464,  47.017
   136.8,0.456194,0.255541,2.712414,0.000427,  47.006
   137.0,0.457586,0.256282,2.715717,0.000477,  47.000
   137.2,0.458833,0.257003,2.715711,0.000490,  46.991
   137.4,0.460059,0.257702,2.719034,0.000454,  46.976
   137.6,0.461244,0.258402,2.719023,0.000490,  46.968
   137.8,0.462403,0.259091,2.719023,0.000490,  46.964
   138.0,0.463555,0.259770,2.722388,0.000503,  46.957
   138.2,0.464673,0.260418,2.722399,0.000503,  46.946
   138.4,0.465749,0.261052,2.722425,0.000503,  46.932
   138.6,0.466817,0.261670,2.722442,0.000480,  46.914
   138.8,0.467851,0.262286,2.722453,0.000517,  46.903
   139.0,0.468873,0.262901,2.725848,0.000517,  46.891
   139.2,0.469879,0.263502,2.722485,0.000530,  46.884
   139.4,0.470850,0.264078,2.725859,0.000507,  46.880
   139.6,0.471794,0.264645,2.725854,0.000530,  46.869
   139.8,0.472713,0.265187,2.722458,0.000530,  46.863
   140.0,0.473596,0.265728,2.725827,0.000520,  46.855
   140.2,0.474497,0.266264,2.725821,0.000556,  46.841
   140.4,0.475383,0.266789,2.725816,0.000570,  46.814
   140.6,0.476262,0.267250,2.729222,0.000546,  46.810
   140.8,0.477121,0.267667,2.725821,0.000583,  46.795
   141.0,0.477952,0.268050,2.725838,0.000596,  46.789
   141.2,0.478767,0.268392,2.729271,0.000573,  46.777
   141.4,0.479576,0.268866,2.729314,0.000623,  46.768
   141.6,0.480355,0.269362,2.729368,0.000636,  46.764
   141.8,0.481125,0.269889,2.732769,0.000599,  46.751
   142.0,0.481868,0.270370,2.732699,0.000636,  46.742
   142.2,0.482587,0.270850,2.732607,0.000649,  46.735
   142.4,0.483274,0.271327,2.736051,0.000639,  46.716
   142.6,0.483907,0.271810,2.736051,0.000676,  46.698
   142.8,0.484509,0.272299,2.736078,0.000689,  46.684
   143.0,0.485055,0.272784,2.739572,0.000666,  46.671
   143.2,0.485567,0.273254,2.739583,0.000702,  46.662
   143.4,0.486253,0.273716,2.736100,0.000715,  46.644
   143.6,0.486994,0.274166,2.736100,0.000692,  46.636
   143.8,0.487777,0.274615,2.736111,0.000729,  46.627
   144.0,0.488497,0.275068,2.736121,0.000755,  46.613
   144.2,0.489204,0.275509,2.736121,0.000719,  46.601
   144.4,0.489909,0.275971,2.739610,0.000755,  46.567
   144.6,0.490641,0.276449,2.739610,0.000782,  46.553
   144.8,0.491368,0.276932,2.739604,0.000759,  46.543
   145.0,0.492100,0.277428,2.743110,0.000808,  46.525
   145.2,0.492869,0.277945,2.739577,0.000822,  46.510
   145.4,0.493657,0.278473,2.739583,0.000848,  46.491
   145.6,0.494467,0.278983,2.743115,0.000861,  46.464
   145.8,0.495264,0.279494,2.743132,0.000861,  46.446
   146.0,0.496073,0.280011,2.743137,0.000851,  46.427
   146.2,0.496896,0.280539,2.746682,0.000901,  46.409
   146.4,0.497706,0.281061,2.743137,0.000901,  46.385
   146.6,0.498519,0.281587,2.743132,0.000914,  46.358
   146.8,0.499355,0.282139,2.743121,0.000891,  46.339
   147.0,0.500228,0.282712,2.746650,0.000914,  46.317
   147.2,0.501105,0.283288,2.746634,0.000928,  46.293
   147.4,0.502021,0.283898,2.746666,0.000918,  46.270
   147.6,0.503024,0.284540,2.750311,0.000981,  46.236
   147.8,0.504066,0.285202,2.746840,0.000994,  46.210
   148.0,0.505165,0.285756,2.750414,0.001007,  46.186
   148.2,0.506235,0.286264,2.750387,0.001057,  46.162
   148.4,0.507302,0.286729,2.750338,0.001070,  46.112
   148.6,0.508384,0.287148,2.753926,0.001084,  46.097
   148.8,0.509530,0.287813,2.750311,0.001070,  46.070
   149.0,0.510707,0.288552,2.750311,0.001084,  46.023
   149.2,0.511934,0.289359,2.753877,0.001110,  45.994
   149.4,0.513226,0.290169,2.753829,0.001123,  45.952
   149.6,0.514551,0.291025,2.753758,0.001150,  45.920
   149.8,0.515944,0.291904,2.757382,0.001150,  45.889
   150.0,0.517136,0.292785,2.757392,0.001150,  45.859
   150.2,0.518254,0.293683,2.757430,0.001163,  45.821
   150.4,0.519296,0.294594,2.761095,0.001177,  45.762
   150.6,0.520253,0.295542,2.757425,0.001177,  45.738
   150.8,0.521678,0.296516,2.757425,0.001190,  45.682
   151.0,0.523255,0.297507,2.761095,0.001203,  45.645
   151.2,0.524987,0.298571,2.761106,0.001216,  45.607
   151.4,0.526725,0.299695,2.761117,0.001230,  45.542
   151.6,0.528542,0.300865,2.764824,0.001243,  45.511
   151.8,0.530427,0.302044,2.764840,0.001243,  45.452
   152.0,0.532331,0.303258,2.764851,0.001243,  45.412
   152.2,0.534273,0.304502,2.768584,0.001256,  45.354
   152.4,0.536273,0.305762,2.768584,0.001230,  45.293
   152.6,0.538348,0.307050,2.768579,0.001253,  45.252
   152.8,0.540473,0.308353,2.768579,0.001216,  45.209
   153.0,0.542685,0.309712,2.772344,0.001203,  45.145
   153.2,0.544929,0.311112,2.772339,0.001190,  45.091
   153.4,0.547216,0.312549,2.772344,0.001167,  45.014
   153.6,0.549565,0.314046,2.776132,0.001167,  44.979
   153.8,0.551968,0.315599,2.776137,0.001203,  44.909
   154.0,0.554415,0.317210,2.776148,0.001216,  44.842
   154.2,0.556917,0.318802,2.776143,0.001203,  44.785
   154.4,0.559427,0.320425,2.779964,0.001203,  44.707
   154.6,0.561965,0.322070,2.779958,0.001203,  44.665
   154.8,0.564540,0.323490,2.783803,0.001203,  44.596
   155.0,0.567191,0.324802,2.783786,0.001190,  44.526
   155.2,0.569873,0.326018,2.783765,0.001190,  44.464
   155.4,0.572623,0.327125,2.787633,0.001153,  44.380
   155.6,0.575397,0.328767,2.787600,0.001140,  44.321
   155.8,0.578206,0.330565,2.787573,0.001140,  44.258
   156.0,0.581054,0.332520,2.791503,0.001104,  44.179
   156.2,0.583899,0.334351,2.791520,0.001127,  44.107
   156.4,0.586764,0.336200,2.791552,0.001114,  44.031
   156.6,0.589654,0.338069,2.795529,0.001077,  43.970
   156.8,0.592145,0.339928,2.795551,0.001087,  43.901
   157.0,0.594444,0.341791,2.799575,0.001074,  43.841
   157.2,0.596537,0.343649,2.803615,0.001024,  43.763
   157.4,0.598421,0.345528,2.803626,0.001034,  43.665
   157.6,0.601115,0.347420,2.803626,0.001034,  43.608
   157.8,0.604028,0.349315,2.807704,0.000997,  43.546
   158.0,0.607146,0.351193,2.811826,0.001021,  43.466
   158.2,0.610018,0.353065,2.807715,0.001021,  43.388
   158.4,0.612861,0.354928,2.807715,0.000971,  43.290
   158.6,0.615691,0.356776,2.811831,0.000994,  43.229
   158.8,0.618500,0.358619,2.811837,0.000981,  43.169
   159.0,0.621289,0.360456,2.811875,0.000944,  43.097
   159.2,0.624064,0.362269,2.816085,0.000968,  43.013
   159.4,0.626828,0.364072,2.816160,0.000954,  42.926
   159.6,0.629577,0.365869,2.820357,0.000954,  42.869
   159.8,0.632304,0.367645,2.820335,0.000941,  42.809
   160.0,0.634951,0.369406,2.820281,0.000964,  42.739
   160.2,0.637546,0.371151,2.820259,0.000928,  42.661
   160.4,0.640087,0.372861,2.824475,0.000928,  42.595
   160.6,0.642552,0.374555,2.824453,0.000964,  42.545
   160.8,0.644960,0.376214,2.824442,0.000977,  42.475
   161.0,0.647295,0.377818,2.824420,0.000964,  42.417
   161.2,0.649577,0.379381,2.828688,0.000964,  42.363
   161.4,0.651795,0.380898,2.828683,0.000964,  42.293
   161.6,0.653935,0.382188,2.832999,0.000964,  42.247
   161.8,0.656026,0.383334,2.833004,0.000951,  42.198
   162.0,0.658056,0.384350,2.833026,0.000951,  42.145
   162.2,0.660011,0.385221,2.837396,0.000951,  42.103
   162.4,0.661878,0.386462,2.837402,0.000938,  42.040
   162.6,0.663644,0.387773,2.837413,0.000938,  42.012
   162.8,0.665333,0.389147,2.837402,0.000938,  41.964
   163.0,0.666966,0.390360,2.837391,0.000938,  41.934
   163.2,0.668508,0.391509,2.837369,0.000938,  41.904
   163.4,0.669969,0.392613,2.837364,0.000938,  41.856
   163.6,0.671386,0.393700,2.837375,0.000938,  41.832
   163.8,0.672721,0.394737,2.837396,0.000938,  41.801
   164.0,0.673985,0.395741,2.837391,0.000938,  41.781
   164.2,0.675042,0.396679,2.837380,0.000938,  41.757
   164.4,0.675945,0.397565,2.837369,0.000938,  41.729
   164.6,0.676694,0.398399,2.837375,0.000938,  41.701
   164.8,0.677313,0.399180,2.837396,0.000938,  41.690
   165.0,0.678139,0.399915,2.837423,0.000938,  41.681
   165.2,0.678955,0.400601,2.837423,0.000938,  41.673
   165.4,0.679765,0.401253,2.837418,0.000938,  41.665
   165.6,0.680445,0.401848,2.837402,0.000938,  41.666
   165.8,0.681057,0.402411,2.837385,0.000938,  41.664
   166.0,0.681593,0.402917,2.837369,0.000924,  41.664
   166.2,0.682086,0.403373,2.837348,0.000924,  41.671
   166.4,0.682497,0.403774,2.841768,0.000938,  41.685
   166.6,0.682871,0.404157,2.841794,0.000888,  41.691
   166.8,0.683150,0.404501,2.841849,0.000924,  41.706
   167.0,0.683347,0.404802,2.841892,0.000888,  41.719
   167.2,0.683492,0.405077,2.841935,0.000888,  41.738
   167.4,0.683581,0.405311,2.841990,0.000924,  41.764
   167.6,0.683600,0.405521,2.842049,0.000924,  41.793
   167.8,0.683581,0.405692,2.846493,0.000938,  41.817
   168.0,0.683518,0.405832,2.842011,0.000924,  41.841
   168.2,0.683372,0.405947,2.841957,0.000924,  41.874
   168.4,0.683175,0.406008,2.841935,0.000951,  41.927
   168.6,0.682909,0.406018,2.841908,0.000951,  41.946
   168.8,0.682573,0.405983,2.841887,0.000964,  41.997
   169.0,0.682143,0.405938,2.841854,0.000964,  42.036
   169.2,0.681663,0.405864,2.841816,0.000964,  42.088
   169.4,0.681120,0.405764,2.841789,0.000977,  42.139
   169.6,0.680502,0.405630,2.841762,0.000941,  42.187
   169.8,0.679847,0.405445,2.841746,0.000954,  42.230
   170.0,0.679130,0.405230,2.841735,0.000968,  42.288
   170.2,0.678384,0.404966,2.841735,0.000918,  42.335
   170.4,0.677632,0.404701,2.841751,0.000954,  42.408
   170.6,0.676863,0.404402,2.841773,0.001004,  42.464
   170.8,0.676070,0.404086,2.841838,0.000977,  42.511
   171.0,0.675235,0.403748,2.841941,0.001001,  42.581
   171.2,0.674346,0.403381,2.842071,0.001050,  42.657
   171.4,0.673409,0.402990,2.842076,0.001050,  42.717
   171.6,0.672579,0.402569,2.842049,0.001014,  42.775
   171.8,0.671781,0.402132,2.841979,0.001027,  42.846
   172.0,0.671028,0.401667,2.841941,0.001027,  42.903
   172.2,0.670289,0.401188,2.841914,0.001014,  42.975
   172.4,0.669294,0.400690,2.841881,0.001027,  43.059
   172.6,0.668202,0.400172,2.837499,0.001014,  43.115
   172.8,0.667009,0.399615,2.837559,0.001037,  43.183
   173.0,0.665875,0.399022,2.837645,0.001014,  43.256
   173.2,0.664676,0.398392,2.833275,0.001014,  43.336
   173.4,0.663469,0.397768,2.833243,0.001027,  43.423
   173.6,0.662211,0.397136,2.837543,0.001027,  43.482
   173.8,0.660889,0.396480,2.837510,0.001040,  43.543
   174.0,0.659525,0.395816,2.837477,0.001040,  43.623
   174.2,0.658146,0.395148,2.837451,0.001040,  43.701
   174.4,0.656748,0.394462,2.837423,0.001017,  43.775
   174.6,0.655301,0.393762,2.837407,0.001004,  43.834
   174.8,0.653888,0.393043,2.841800,0.001004,  43.915
   175.0,0.652462,0.392315,2.837385,0.000981,  43.987
   175.2,0.651047,0.391560,2.841789,0.000981,  44.055
   175.4,0.649566,0.390777,2.837375,0.001017,  44.141
   175.6,0.648048,0.389972,2.833015,0.001054,  44.196
   175.8,0.646513,0.389172,2.837375,0.001054,  44.265
   176.0,0.644920,0.388355,2.832999,0.001040,  44.335
   176.2,0.643268,0.387525,2.828672,0.001054,  44.410
   176.4,0.641589,0.386822,2.832994,0.001054,  44.496
   176.6,0.640002,0.386176,2.828678,0.001017,  44.542
   176.8,0.638421,0.385585,2.824415,0.000981,  44.615
   177.0,0.636874,0.385046,2.828683,0.000981,  44.685
   177.2,0.635247,0.384246,2.828672,0.001017,  44.744
   177.4,0.633593,0.383368,2.824383,0.001031,  44.831
   177.6,0.631899,0.382420,2.828661,0.001031,  44.884
   177.8,0.630208,0.381503,2.828667,0.001031,  44.940
   178.0,0.628494,0.380568,2.824404,0.001044,  45.002
   178.2,0.626731,0.379617,2.828694,0.001044,  45.055
   178.4,0.625231,0.378649,2.824426,0.001031,  45.137
   178.6,0.623857,0.377665,2.820205,0.001017,  45.188
   178.8,0.622587,0.376673,2.824442,0.001017,  45.239
   179.0,0.621420,0.375707,2.820205,0.001017,  45.306
   179.2,0.619795,0.374752,2.820200,0.001004,  45.354
   179.4,0.618045,0.373794,2.820205,0.001004,  45.423
   179.6,0.616155,0.372830,2.820210,0.001004,  45.461
   179.8,0.614349,0.371867,2.816031,0.001017,  45.523
   180.0,0.612535,0.370903,2.816014,0.001017,  45.568
   180.2,0.610702,0.369898,2.815998,0.001004,  45.628
   180.4,0.608828,0.368869,2.811821,0.001004,  45.678
   180.6,0.606931,0.367819,2.811815,0.001017,  45.722
   180.8,0.605009,0.366804,2.811821,0.000968,  45.767
   181.0,0.603181,0.365782,2.807715,0.000991,  45.818
   181.2,0.601371,0.364758,2.807742,0.000991,  45.860
   181.4,0.599579,0.363736,2.811891,0.000977,  45.916
   181.6,0.597721,0.362722,2.807818,0.001014,  45.944
   181.8,0.595830,0.361714,2.807872,0.001027,  45.975
   182.0,0.593905,0.360654,2.807861,0.001027,  46.020
   182.2,0.592010,0.359566,2.803751,0.000991,  46.056
   182.4,0.590102,0.358467,2.803696,0.000968,  46.095
   182.6,0.588183,0.357357,2.799640,0.000954,  46.130
   182.8,0.586261,0.356241,2.799624,0.000991,  46.157
   183.0,0.584318,0.355110,2.799618,0.001004,  46.182
   183.2,0.582354,0.354168,2.795605,0.000991,  46.229
   183.4,0.580438,0.353308,2.795599,0.000977,  46.258
   183.6,0.578511,0.352539,2.795594,0.000991,  46.279
   183.8,0.576592,0.351846,2.799651,0.000954,  46.300
   184.0,0.574602,0.350823,2.795735,0.000954,  46.344
   184.2,0.572563,0.349724,2.791893,0.000968,  46.363
   184.4,0.570485,0.348544,2.795859,0.000918,  46.397
   184.6,0.568503,0.347385,2.791855,0.000954,  46.429
   184.8,0.566531,0.346186,2.787849,0.000968,  46.449
   185.0,0.564578,0.344960,2.791753,0.000941,  46.469
   185.2,0.562873,0.343832,2.787795,0.000964,  46.488
   185.4,0.561328,0.342746,2.783895,0.000977,  46.509
   185.6,0.559885,0.341692,2.783873,0.000964,  46.525
   185.8,0.558595,0.340568,2.783851,0.000964,  46.556
   186.0,0.556724,0.339430,2.779969,0.000977,  46.574
   186.2,0.554701,0.338275,2.779958,0.000964,  46.590
   186.4,0.552527,0.337121,2.779964,0.000964,  46.609
   186.6,0.550514,0.335962,2.776148,0.000964,  46.623
   186.8,0.548492,0.334798,2.776154,0.000964,  46.655
   187.0,0.546470,0.333611,2.776165,0.000951,  46.668
   187.2,0.544438,0.332414,2.772393,0.000951,  46.674
   187.4,0.542407,0.331205,2.772431,0.000951,  46.690
   187.6,0.540367,0.330036,2.772496,0.000938,  46.701
   187.8,0.538328,0.328875,2.768817,0.000938,  46.713
   188.0,0.536289,0.327730,2.768785,0.000938,  46.720
   188.2,0.534241,0.326555,2.768703,0.000901,  46.736
   188.4,0.532141,0.325366,2.768584,0.000938,  46.768
   188.6,0.530024,0.324163,2.768552,0.000888,  46.774
   188.8,0.527864,0.322935,2.772296,0.000888,  46.786
   189.0,0.525796,0.321703,2.764824,0.000924,  46.796
   189.2,0.523745,0.320449,2.764862,0.000924,  46.808
   189.4,0.521730,0.319251,2.764851,0.000938,  46.817
   189.6,0.519665,0.318086,2.764851,0.000924,  46.821
   189.8,0.517582,0.316935,2.761144,0.000924,  46.832
   190.0,0.515489,0.315922,2.764846,0.000938,  46.842
   190.2,0.513389,0.314976,2.761155,0.000924,  46.850
   190.4,0.511258,0.314122,2.757517,0.000924,  46.874
   190.6,0.509113,0.313334,2.761182,0.000938,  46.881
   190.8,0.507010,0.312205,2.757512,0.000924,  46.889
   191.0,0.504885,0.310987,2.753866,0.000924,  46.895
   191.2,0.502765,0.309676,2.753883,0.000924,  46.906
   191.4,0.500694,0.308436,2.753921,0.000911,  46.912
   191.6,0.498642,0.307189,2.746785,0.000934,  46.917
   191.8,0.496599,0.305929,2.746785,0.000921,  46.923
   192.0,0.494829,0.304712,2.746785,0.000908,  46.923
   192.2,0.493197,0.303514,2.739707,0.000944,  46.933
   192.4,0.491709,0.302334,2.739691,0.000931,  46.936
   192.6,0.490341,0.301107,2.739675,0.000908,  46.939
   192.8,0.488377,0.299862,2.736170,0.000921,  46.941
   193.0,0.486261,0.298604,2.732710,0.000908,  46.947
   193.2,0.483987,0.297373,2.732715,0.000908,  46.965
   193.4,0.481924,0.296146,2.729298,0.000921,  46.966
   193.6,0.479871,0.294926,2.729287,0.000908,  46.966
   193.8,0.477843,0.293700,2.725859,0.000908,  46.963
   194.0,0.475754,0.292474,2.725827,0.000885,  46.963
   194.2,0.473643,0.291245,2.729217,0.000871,  46.966
   194.4,0.471512,0.290002,2.722415,0.000871,  46.964
   194.6,0.469414,0.288757,2.719045,0.000871,  46.965
   194.8,0.467319,0.287506,2.719050,0.000871,  46.963
   195.0,0.465225,0.286274,2.715749,0.000848,  46.955
   195.2,0.463128,0.285052,2.712485,0.000871,  46.954
   195.4,0.461025,0.283834,2.709212,0.000835,  46.944
   195.6,0.458923,0.282601,2.709207,0.000835,  46.927
   195.8,0.456856,0.281369,2.705948,0.000858,  46.921
   196.0,0.454805,0.280124,2.705932,0.000871,  46.919
   196.2,0.452785,0.278883,2.705921,0.000871,  46.910
   196.4,0.450688,0.277650,2.702682,0.000858,  46.900
   196.6,0.448562,0.276413,2.699466,0.000871,  46.895
   196.8,0.446416,0.275338,2.699455,0.000858,  46.889
   197.0,0.444298,0.274340,2.696278,0.000845,  46.887
   197.2,0.442203,0.273429,2.693131,0.000858,  46.882
   197.4,0.440104,0.272590,2.693125,0.000845,  46.875
   197.6,0.438024,0.271437,2.689984,0.000845,  46.875
   197.8,0.435966,0.270204,2.683769,0.000858,  46.870
   198.0,0.433926,0.268894,2.680694,0.000845,  46.863
   198.2,0.431846,0.267645,2.677641,0.000845,  46.861
   198.4,0.429753,0.266402,2.674609,0.000845,  46.848
   198.6,0.427643,0.265147,2.671615,0.000845,  46.848
   198.8,0.425544,0.263890,2.668657,0.000832,  46.842
   199.0,0.423461,0.262635,2.665730,0.000832,  46.821
   199.2,0.421361,0.261372,2.665730,0.000832,  46.816
   199.4,0.419581,0.260123,2.662781,0.000818,  46.807
   199.6,0.417960,0.258875,2.654049,0.000818,  46.805
   199.8,0.416483,0.257631,2.651177,0.000818,  46.799
   200.0,0.415154,0.256394,2.648329,0.000805,  46.802
   200.2,0.413256,0.255165,2.642700,0.000792,  46.797
   200.4,0.411218,0.253945,2.639934,0.000792,  46.791
   200.6,0.409054,0.252738,2.634439,0.000778,  46.790
   200.8,0.407003,0.251532,2.631753,0.000765,  46.789
   201.0,0.404953,0.250345,2.629030,0.000765,  46.786
   201.2,0.402893,0.249123,2.626308,0.000765,  46.789
   201.4,0.400864,0.247884,2.620914,0.000765,  46.782
   201.6,0.398863,0.246641,2.618242,0.000765,  46.783
   201.8,0.396871,0.245427,2.612967,0.000729,  46.781
   202.0,0.394856,0.244227,2.607760,0.000752,  46.781
   202.2,0.392850,0.243034,2.605177,0.000715,  46.784
   202.4,0.390847,0.241823,2.600062,0.000715,  46.786
   202.6,0.388814,0.240596,2.597536,0.000752,  46.782
   202.8,0.386772,0.239371,2.592520,0.000765,  46.783
   203.0,0.384714,0.238159,2.587584,0.000752,  46.789
   203.2,0.382684,0.236947,2.582714,0.000752,  46.791
   203.4,0.380658,0.235735,2.575499,0.000765,  46.792
   203.6,0.378628,0.234516,2.573106,0.000752,  46.793
   203.8,0.376614,0.233301,2.565990,0.000739,  46.796
   204.0,0.374622,0.232078,2.558971,0.000752,  46.795
   204.2,0.372621,0.231054,2.554359,0.000752,  46.803
   204.4,0.370647,0.230125,2.549795,0.000739,  46.806
   204.6,0.368713,0.229303,2.540824,0.000775,  46.813
   204.8,0.366787,0.228568,2.534211,0.000775,  46.812
   205.0,0.364797,0.227442,2.529846,0.000749,  46.815
   205.2,0.362797,0.226224,2.523396,0.000785,  46.814
   205.4,0.360783,0.224911,2.517056,0.000798,  46.826
   205.6,0.358808,0.223699,2.510807,0.000749,  46.821
   205.8,0.356854,0.222495,2.502623,0.000749,  46.830
   206.0,0.354909,0.221302,2.496572,0.000762,  46.834
   206.2,0.353251,0.220130,2.490598,0.000749,  46.846
   206.4,0.351735,0.218963,2.482756,0.000749,  46.852
   206.6,0.350360,0.217813,2.475070,0.000762,  46.857
   206.8,0.349130,0.216640,2.467527,0.000749,  46.861
   207.0,0.347336,0.215456,2.460130,0.000749,  46.874
   207.2,0.345410,0.214270,2.452820,0.000762,  46.884
   207.4,0.343335,0.213085,2.443855,0.000749,  46.894
   207.6,0.341414,0.211903,2.436805,0.000749,  46.895
   207.8,0.339502,0.210735,2.429878,0.000749,  46.899
   208.0,0.337587,0.209566,2.421385,0.000735,  46.907
   208.2,0.335703,0.208410,2.413070,0.000735,  46.913
   208.4,0.333839,0.207260,2.406520,0.000722,  46.920
   208.6,0.331995,0.206131,2.396874,0.000722,  46.921
   208.8,0.330112,0.205019,2.389003,0.000709,  46.931
   209.0,0.328232,0.203923,2.381261,0.000722,  46.929
   209.2,0.326344,0.202778,2.376687,0.000709,  46.942
   209.4,0.324452,0.201622,2.369160,0.000709,  46.939
   209.6,0.322574,0.200454,2.363236,0.000709,  46.947
   209.8,0.320700,0.199315,2.355959,0.000709,  46.952
   210.0,0.318821,0.198190,2.345980,0.000709,  46.959
   210.2,0.316958,0.197070,2.336237,0.000672,  46.965
   210.4,0.315102,0.195954,2.326662,0.000672,  46.971
   210.6,0.313280,0.194856,2.318597,0.000672,  46.992
   210.8,0.311494,0.193761,2.309366,0.000636,  46.992
   211.0,0.309714,0.192808,2.300337,0.000636,  46.999
   211.2,0.307893,0.191927,2.290249,0.000672,  46.998
   211.4,0.306076,0.191126,2.280390,0.000672,  47.011
   211.6,0.304239,0.190395,2.270814,0.000686,  47.011
   211.8,0.302414,0.189352,2.260317,0.000686,  47.019
   212.0,0.300609,0.188219,2.248976,0.000686,  47.021
   212.2,0.298800,0.187012,2.238888,0.000699,  47.028
   212.4,0.296992,0.185907,2.230055,0.000686,  47.036
   212.6,0.295205,0.184823,2.220285,0.000672,  47.040
   212.8,0.293418,0.183746,2.210828,0.000672,  47.042
   213.0,0.291907,0.182665,2.202609,0.000659,  47.046
   213.2,0.290534,0.181600,2.192583,0.000682,  47.050
   213.4,0.289298,0.180538,2.182746,0.000669,  47.056
   213.6,0.288194,0.179461,2.173126,0.000669,  47.057
   213.8,0.286562,0.178387,2.161859,0.000719,  47.062
   214.0,0.284822,0.177314,2.151779,0.000705,  47.069
   214.2,0.282956,0.176246,2.141050,0.000669,  47.075
   214.4,0.281198,0.175174,2.129718,0.000682,  47.080
   214.6,0.279444,0.174111,2.120360,0.000669,  47.082
   214.8,0.277681,0.173064,2.108739,0.000669,  47.083
   215.0,0.275979,0.172035,2.097427,0.000646,  47.091
   215.2,0.274306,0.171012,2.087171,0.000646,  47.115
   215.4,0.272657,0.169976,2.076390,0.000646,  47.119
   215.6,0.270989,0.168930,2.065134,0.000659,  47.124
   215.8,0.269339,0.167893,2.055599,0.000646,  47.124
   216.0,0.267685,0.166863,2.047691,0.000623,  47.132
   216.2,0.266023,0.165833,2.039225,0.000646,  47.136
   216.4,0.264362,0.164805,2.032293,0.000609,  47.142
   216.6,0.262704,0.163786,2.022100,0.000609,  47.141
   216.8,0.261050,0.162777,2.010847,0.000646,  47.144
   217.0,0.259392,0.161771,1.999247,0.000659,  47.147
   217.2,0.257753,0.160771,1.988554,0.000646,  47.154
   217.4,0.256133,0.159777,1.978113,0.000633,  47.156
   217.6,0.254517,0.158791,1.966739,0.000646,  47.155
   217.8,0.252930,0.157938,1.955665,0.000633,  47.157
   218.0,0.251322,0.157151,1.944301,0.000633,  47.154
   218.2,0.249696,0.156432,1.933243,0.000646,  47.151
   218.4,0.248084,0.155777,1.922429,0.000633,  47.150
   218.6,0.246495,0.154854,1.911339,0.000619,  47.150
   218.8,0.244896,0.153862,1.900520,0.000633,  47.145
   219.0,0.243325,0.152799,1.889999,0.000633,  47.145
   219.2,0.241757,0.151830,1.878783,0.000619,  47.140
   219.4,0.240189,0.150876,1.867403,0.000633,  47.135
   219.6,0.238644,0.149935,1.856735,0.000633,  47.128
   219.8,0.237098,0.148975,1.845425,0.000633,  47.124
   220.0,0.235551,0.148021,1.833971,0.000646,  47.121
   220.2,0.234022,0.147068,1.822796,0.000633,  47.116
   220.4,0.232708,0.146114,1.811902,0.000619,  47.113
   220.6,0.231521,0.145160,1.800461,0.000619,  47.108
   220.8,0.230435,0.144215,1.789309,0.000619,  47.107
   221.0,0.229470,0.143273,1.778812,0.000593,  47.101
   221.2,0.228034,0.142335,1.767814,0.000593,  47.098
   221.4,0.226484,0.141406,1.757474,0.000606,  47.090
   221.6,0.224835,0.140483,1.746666,0.000593,  47.092
   221.8,0.223339,0.139581,1.736132,0.000593,  47.089
   222.0,0.221860,0.138685,1.725181,0.000606,  47.090
   222.2,0.220423,0.137766,1.714181,0.000593,  47.078
   222.4,0.218958,0.136847,1.702506,0.000593,  47.062
   222.6,0.217493,0.135927,1.691706,0.000606,  47.062
   222.8,0.216031,0.135005,1.680840,0.000543,  47.060
   223.0,0.214570,0.134089,1.669929,0.000580,  47.059
   223.2,0.213115,0.133173,1.661061,0.000543,  47.052
   223.4,0.211660,0.132283,1.652656,0.000543,  47.050
   223.6,0.210226,0.131405,1.645272,0.000580,  47.047
   223.8,0.208814,0.130550,1.638288,0.000580,  47.043
   224.0,0.207404,0.129684,1.628407,0.000580,  47.041
   224.2,0.206005,0.128815,1.617691,0.000580,  47.043
   224.4,0.204636,0.127960,1.606195,0.000580,  47.039
   224.6,0.203273,0.127096,1.595755,0.000580,  47.041
   224.8,0.201875,0.126236,1.585314,0.000566,  47.036
   225.0,0.200486,0.125375,1.574405,0.000566,  47.038
   225.2,0.199086,0.124639,1.563991,0.000580,  47.037
   225.4,0.197681,0.123975,1.553826,0.000566,  47.032
   225.6,0.196288,0.123365,1.543225,0.000589,  47.035
   225.8,0.194885,0.122826,1.533083,0.000576,  47.031
   226.0,0.193530,0.122046,1.522959,0.000550,  47.035
   226.2,0.192212,0.121212,1.512650,0.000586,  47.034
   226.4,0.190904,0.120326,1.502388,0.000573,  47.036
   226.6,0.189584,0.119493,1.491976,0.000550,  47.033
   226.8,0.188272,0.118662,1.481439,0.000563,  47.031
   227.0,0.186966,0.117822,1.471126,0.000563,  47.035
   227.2,0.185859,0.117001,1.460867,0.000563,  47.046
   227.4,0.184860,0.116185,1.450479,0.000576,  47.044
   227.6,0.183945,0.115379,1.440516,0.000576,  47.047
   227.8,0.183153,0.114585,1.430609,0.000563,  47.048
   228.0,0.181953,0.113790,1.420929,0.000576,  47.045
   228.2,0.180656,0.113007,1.411115,0.000576,  47.045
   228.4,0.179269,0.112226,1.401362,0.000563,  47.041
   228.6,0.177996,0.111441,1.391515,0.000576,  47.047
   228.8,0.176738,0.110653,1.381875,0.000576,  47.049
   229.0,0.175498,0.109875,1.372150,0.000563,  47.046
   229.2,0.174251,0.109099,1.362196,0.000563,  47.050
   229.4,0.173015,0.108329,1.352105,0.000576,  47.051
   229.6,0.171791,0.107556,1.341875,0.000576,  47.051
   229.8,0.170555,0.106783,1.331240,0.000563,  47.051
   230.0,0.169318,0.106020,1.323150,0.000576,  47.051
   230.2,0.168081,0.105267,1.316214,0.000576,  47.057
   230.4,0.166875,0.104525,1.310130,0.000563,  47.058
   230.6,0.165673,0.103794,1.304985,0.000576,  47.057
   230.8,0.164489,0.103047,1.296536,0.000563,  47.060
   231.0,0.163311,0.102306,1.287247,0.000550,  47.055
   231.2,0.162127,0.101561,1.277188,0.000563,  47.056
   231.4,0.160959,0.100929,1.267968,0.000550,  47.065
   231.6,0.159798,0.100348,1.258597,0.000550,  47.068
   231.8,0.158635,0.099831,1.249212,0.000563,  47.069
   232.0,0.157491,0.099365,1.240243,0.000550,  47.067
   232.2,0.156340,0.098697,1.231351,0.000550,  47.076
   232.4,0.155188,0.097983,1.222644,0.000563,  47.071
   232.6,0.154049,0.097229,1.213981,0.000550,  47.070
   232.8,0.152915,0.096529,1.205181,0.000550,  47.069
   233.0,0.151783,0.095836,1.196449,0.000563,  47.077
   233.2,0.150668,0.095157,1.187893,0.000550,  47.072
   233.4,0.149558,0.094464,1.179213,0.000550,  47.073
   233.6,0.148451,0.093767,1.170608,0.000563,  47.071
   233.8,0.147367,0.093078,1.162006,0.000550,  47.074
   234.0,0.146426,0.092388,1.153406,0.000536,  47.067
   234.2,0.145565,0.091697,1.144717,0.000550,  47.072
   234.4,0.144780,0.091016,1.136265,0.000536,  47.066
   234.6,0.144079,0.090348,1.127895,0.000523,  47.069
   234.8,0.143091,0.089682,1.119511,0.000523,  47.068
   235.0,0.142044,0.089036,1.111105,0.000523,  47.070
   235.2,0.140939,0.088386,1.102691,0.000510,  47.064
   235.4,0.139907,0.087732,1.094193,0.000510,  47.060
   235.6,0.138872,0.087091,1.085936,0.000523,  47.063
   235.8,0.137854,0.086458,1.077756,0.000510,  47.056
   236.0,0.136841,0.085832,1.069662,0.000510,  47.058
   236.2,0.135827,0.085213,1.061716,0.000510,  47.053
   236.4,0.134835,0.084585,1.053769,0.000510,  47.051
   236.6,0.133824,0.083949,1.045838,0.000510,  47.049
   236.8,0.132807,0.083313,1.039090,0.000510,  47.039
   237.0,0.131794,0.082688,1.032922,0.000523,  47.040
   237.2,0.130791,0.082067,1.027327,0.000510,  47.044
   237.4,0.129797,0.081453,1.022200,0.000510,  47.041
   237.6,0.128811,0.080838,1.015009,0.000510,  47.037
   237.8,0.127836,0.080228,1.007221,0.000497,  47.038
   238.0,0.126864,0.079619,0.998992,0.000497,  47.036
   238.2,0.125900,0.079009,0.991291,0.000497,  47.042
   238.4,0.124945,0.078402,0.983540,0.000497,  47.036
   238.6,0.123993,0.077800,0.975874,0.000497,  47.040
   238.8,0.123046,0.077287,0.968509,0.000497,  47.045
   239.0,0.122108,0.076827,0.961262,0.000497,  47.044
   239.2,0.121168,0.076408,0.954133,0.000460,  47.041
   239.4,0.120234,0.076041,0.946774,0.000437,  47.041
   239.6,0.119313,0.075494,0.939376,0.000437,  47.038
   239.8,0.118397,0.074920,0.931879,0.000401,  47.050
   240.0,0.117486,0.074304,0.924310,0.000401,  47.047
   240.2,0.116587,0.073734,0.916653,0.000447,  47.048
   240.4,0.115698,0.073174,0.908911,0.000447,  47.048
   240.6,0.114809,0.072622,0.901835,0.000460,  47.053
   240.8,0.114046,0.072063,0.894985,0.000447,  47.050
   241.0,0.113353,0.071505,0.888438,0.000447,  47.054
   241.2,0.112715,0.070952,0.881710,0.000447,  47.050
   241.4,0.112143,0.070405,0.874957,0.000434,  47.045
   241.6,0.111330,0.069865,0.868230,0.000434,  47.050
   241.8,0.110457,0.069326,0.861490,0.000447,  47.051
   242.0,0.109539,0.068792,0.854808,0.000447,  47.052
   242.2,0.108690,0.068254,0.848008,0.000447,  47.061
   242.4,0.107847,0.067726,0.841351,0.000460,  47.058
   242.6,0.107012,0.067197,0.834799,0.000447,  47.063
   242.8,0.106179,0.066659,0.828221,0.000470,  47.060
   243.0,0.105350,0.066130,0.821742,0.000470,  47.058
   243.2,0.104520,0.065616,0.815327,0.000457,  47.067
   243.4,0.103711,0.065108,0.808882,0.000457,  47.067
   243.6,0.102904,0.064615,0.802445,0.000457,  47.067
   243.8,0.102108,0.064117,0.796023,0.000470,  47.062
   244.0,0.101304,0.063624,0.789577,0.000457,  47.068
   244.2,0.100498,0.063138,0.784266,0.000457,  47.073
   244.4,0.099687,0.062647,0.779475,0.000457,  47.079
   244.6,0.098903,0.062165,0.775191,0.000457,  47.083
   244.8,0.098125,0.061680,0.771401,0.000457,  47.085
   245.0,0.097358,0.061190,0.765632,0.000457,  47.087
   245.2,0.096585,0.060706,0.759461,0.000457,  47.086
   245.4,0.095808,0.060215,0.752829,0.000457,  47.089
   245.6,0.095038,0.059802,0.746825,0.000457,  47.090
   245.8,0.094276,0.059426,0.740902,0.000457,  47.095
   246.0,0.093515,0.059087,0.735048,0.000457,  47.094
   246.2,0.092769,0.058790,0.729116,0.000457,  47.094
   246.4,0.092027,0.058359,0.723145,0.000444,  47.096
   246.6,0.091293,0.057894,0.717189,0.000457,  47.116
   246.8,0.090570,0.057397,0.711368,0.000457,  47.112
   247.0,0.089852,0.056940,0.705597,0.000444,  47.118
   247.2,0.089141,0.056477,0.699870,0.000457,  47.121
   247.4,0.088438,0.056019,0.694212,0.000457,  47.120
   247.6,0.087732,0.055570,0.688569,0.000444,  47.119
   247.8,0.087028,0.055128,0.683000,0.000457,  47.120
   248.0,0.086319,0.054696,0.677390,0.000457,  47.118
   248.2,0.085716,0.054260,0.671797,0.000444,  47.120
   248.4,0.085165,0.053829,0.666198,0.000457,  47.126
   248.6,0.084657,0.053405,0.660713,0.000457,  47.119
   248.8,0.084207,0.052974,0.655273,0.000444,  47.122
   249.0,0.083582,0.052549,0.649844,0.000457,  47.121
   249.2,0.082922,0.052126,0.644494,0.000444,  47.118
   249.4,0.082229,0.051699,0.639182,0.000430,  47.118
   249.6,0.081562,0.051275,0.633874,0.000407,  47.120
   249.8,0.080896,0.050858,0.628754,0.000394,  47.112
   250.0,0.080235,0.050443,0.623742,0.000394,  47.109
   250.2,0.079580,0.050031,0.618792,0.000394,  47.116
   250.4,0.078930,0.049635,0.613709,0.000407,  47.109
   250.6,0.078303,0.049239,0.608561,0.000358,  47.106
   250.8,0.077671,0.048837,0.603413,0.000394,  47.098
   251.0,0.077042,0.048450,0.599109,0.000358,  47.077
   251.2,0.076421,0.048058,0.595244,0.000358,  47.074
   251.4,0.075804,0.047663,0.591706,0.000381,  47.067
   251.6,0.075194,0.047269,0.588562,0.000394,  47.066
   251.8,0.074585,0.046884,0.584121,0.000394,  47.062
   252.0,0.073973,0.046508,0.579386,0.000381,  47.062
   252.2,0.073362,0.046137,0.574362,0.000394,  47.058
   252.4,0.072753,0.045755,0.569641,0.000394,  47.054
   252.6,0.072141,0.045367,0.564936,0.000394,  47.052
   252.8,0.071526,0.044988,0.560222,0.000407,  47.049
   253.0,0.070904,0.044668,0.555595,0.000394,  47.044
   253.2,0.070322,0.044381,0.551016,0.000394,  47.047
   253.4,0.069748,0.044127,0.546451,0.000430,  47.050
   253.6,0.069180,0.043908,0.541817,0.000417,  47.044
   253.8,0.068613,0.043565,0.537134,0.000391,  47.038
   254.0,0.068044,0.043198,0.532419,0.000427,  47.039
   254.2,0.067466,0.042810,0.527933,0.000440,  47.044
   254.4,0.066907,0.042453,0.523530,0.000391,  47.038
   254.6,0.066352,0.042102,0.519201,0.000391,  47.041
   254.8,0.065804,0.041752,0.514812,0.000404,  47.041
   255.0,0.065333,0.041404,0.510441,0.000391,  47.042
   255.2,0.064896,0.041063,0.506058,0.000391,  47.036
   255.4,0.064509,0.040722,0.501778,0.000404,  47.033
   255.6,0.064158,0.040388,0.497515,0.000391,  47.031
   255.8,0.063667,0.040057,0.493332,0.000354,  47.033
   256.0,0.063150,0.039730,0.489200,0.000367,  47.030
   256.2,0.062597,0.039399,0.485074,0.000354,  47.027
   256.4,0.062078,0.039072,0.481016,0.000318,  47.027
   256.6,0.061557,0.038744,0.477027,0.000331,  47.025
   256.8,0.061033,0.038418,0.473055,0.000354,  47.026
   257.0,0.060516,0.038094,0.469156,0.000354,  47.030
   257.2,0.060002,0.037773,0.465249,0.000354,  47.030
   257.4,0.059486,0.037461,0.461340,0.000341,  47.031
   257.6,0.058992,0.037148,0.457447,0.000341,  47.028
   257.8,0.058507,0.036849,0.453612,0.000341,  47.035
   258.0,0.058032,0.036542,0.449756,0.000318,  47.035
   258.2,0.057549,0.036231,0.445922,0.000341,  47.039
   258.4,0.057066,0.035928,0.442680,0.000318,  47.039
   258.6,0.056583,0.035625,0.439742,0.000318,  47.044
   258.8,0.056110,0.035327,0.437080,0.000341,  47.043
   259.0,0.055638,0.035028,0.434700,0.000341,  47.048
   259.2,0.055166,0.034732,0.431247,0.000341,  47.047
   259.4,0.054703,0.034443,0.427520,0.000341,  47.047
   259.6,0.054241,0.034152,0.423538,0.000341,  47.052
   259.8,0.053780,0.033863,0.419894,0.000341,  47.052
   260.0,0.053330,0.033578,0.416253,0.000341,  47.055
   260.2,0.052888,0.033300,0.412636,0.000341,  47.057
   260.4,0.052451,0.033058,0.409093,0.000341,  47.058
   260.6,0.052007,0.032840,0.405599,0.000341,  47.063
   260.8,0.051559,0.032639,0.402129,0.000341,  47.063
   261.0,0.051106,0.032466,0.398421,0.000318,  47.062
   261.2,0.050672,0.032201,0.394651,0.000318,  47.071
   261.4,0.050241,0.031920,0.390791,0.000318,  47.066
   261.6,0.049810,0.031621,0.387556,0.000295,  47.072
   261.8,0.049385,0.031350,0.384605,0.000318,  47.075
   262.0,0.048964,0.031085,0.381904,0.000318,  47.077
   262.2,0.048544,0.030821,0.378723,0.000281,  47.076
   262.4,0.048185,0.030558,0.375399,0.000291,  47.084
   262.6,0.047853,0.030297,0.371964,0.000291,  47.086
   262.8,0.047566,0.030040,0.368726,0.000255,  47.087
   263.0,0.047302,0.029788,0.365517,0.000278,  47.090
   263.2,0.046923,0.029529,0.362356,0.000265,  47.096
   263.4,0.046528,0.029283,0.359251,0.000228,  47.099
   263.6,0.046101,0.029034,0.356176,0.000265,  47.101
   263.8,0.045707,0.028787,0.353172,0.000252,  47.101
   264.0,0.045313,0.028538,0.350104,0.000215,  47.106
   264.2,0.044916,0.028293,0.347034,0.000265,  47.107
   264.4,0.044531,0.028058,0.343955,0.000265,  47.112
   264.6,0.044155,0.027825,0.340934,0.000265,  47.127
   264.8,0.043780,0.027582,0.337923,0.000265,  47.130
   265.0,0.043406,0.027343,0.334913,0.000301,  47.131
   265.2,0.043019,0.027107,0.332190,0.000265,  47.128
   265.4,0.042630,0.026869,0.329591,0.000265,  47.127
   265.6,0.042268,0.026629,0.327130,0.000301,  47.133
   265.8,0.041906,0.026389,0.324802,0.000301,  47.136
   266.0,0.041544,0.026159,0.322251,0.000301,  47.136
   266.2,0.041179,0.025943,0.319674,0.000301,  47.142
   266.4,0.040824,0.025728,0.317076,0.000301,  47.140
   266.6,0.040469,0.025503,0.314447,0.000301,  47.140
   266.8,0.040113,0.025287,0.311802,0.000301,  47.139
   267.0,0.039755,0.025062,0.309127,0.000301,  47.139
   267.2,0.039410,0.024875,0.306514,0.000301,  47.140
   267.4,0.039068,0.024703,0.303901,0.000301,  47.133
   267.6,0.038722,0.024559,0.301302,0.000301,  47.130
   267.8,0.038389,0.024424,0.298693,0.000288,  47.127
   268.0,0.038062,0.024230,0.296060,0.000275,  47.120
   268.2,0.037729,0.024018,0.293416,0.000288,  47.116
   268.4,0.037406,0.023791,0.290803,0.000275,  47.113
   268.6,0.037089,0.023581,0.288193,0.000275,  47.108
   268.8,0.036768,0.023383,0.285581,0.000288,  47.081
   269.0,0.036444,0.023185,0.283115,0.000275,  47.081
   269.2,0.036173,0.022987,0.280713,0.000275,  47.075
   269.4,0.035924,0.022783,0.278386,0.000288,  47.068
   269.6,0.035699,0.022586,0.275950,0.000275,  47.066
   269.8,0.035502,0.022392,0.273478,0.000275,  47.067
   270.0,0.035220,0.022191,0.270996,0.000288,  47.067
   270.2,0.034920,0.021999,0.268622,0.000275,  47.067
   270.4,0.034601,0.021804,0.266290,0.000275,  47.066
   270.6,0.034291,0.021613,0.264000,0.000288,  47.060
   270.8,0.033986,0.021422,0.261639,0.000275,  47.052
   271.0,0.033688,0.021234,0.259249,0.000275,  47.054
   271.2,0.033387,0.021044,0.256837,0.000288,  47.052
   271.4,0.033091,0.020862,0.254288,0.000275,  47.042
   271.6,0.032806,0.020681,0.251674,0.000275,  47.041
   271.8,0.032510,0.020500,0.248996,0.000261,  47.036
   272.0,0.032221,0.020324,0.246780,0.000275,  47.026
   272.2,0.031944,0.020150,0.244749,0.000225,  47.023
   272.4,0.031658,0.019975,0.242919,0.000261,  47.019
   272.6,0.031384,0.019800,0.241200,0.000225,  47.012
   272.8,0.031110,0.019627,0.239609,0.000225,  47.008
   273.0,0.030839,0.019455,0.238200,0.000261,  47.001
   273.2,0.030565,0.019287,0.236917,0.000275,  46.994
   273.4,0.030295,0.019114,0.235017,0.000275,  46.968
   273.6,0.030021,0.018940,0.232968,0.000261,  46.970
   273.8,0.029753,0.018768,0.230776,0.000275,  46.963
   274.0,0.029495,0.018625,0.228714,0.000275,  46.961
   274.2,0.029230,0.018491,0.226639,0.000261,  46.961
   274.4,0.028971,0.018377,0.224559,0.000275,  46.960
   274.6,0.028724,0.018276,0.222563,0.000261,  46.957
   274.8,0.028463,0.018131,0.220613,0.000248,  46.953
   275.0,0.028207,0.017969,0.218699,0.000261,  46.949
   275.2,0.027955,0.017801,0.216745,0.000248,  46.951
   275.4,0.027700,0.017644,0.214817,0.000248,  46.945
   275.6,0.027459,0.017484,0.212891,0.000261,  46.946
   275.8,0.027222,0.017330,0.211005,0.000248,  46.945
   276.0,0.026975,0.017181,0.209153,0.000248,  46.944
   276.2,0.026741,0.017026,0.207309,0.000248,  46.937
   276.4,0.026503,0.016873,0.205467,0.000248,  46.931
   276.6,0.026299,0.016719,0.203643,0.000235,  46.933
   276.8,0.026118,0.016569,0.201816,0.000235,  46.930
   277.0,0.025944,0.016427,0.200043,0.000248,  46.927
   277.2,0.025802,0.016282,0.198281,0.000235,  46.921
   277.4,0.025593,0.016135,0.196542,0.000235,  46.916
   277.6,0.025364,0.016000,0.194789,0.000248,  46.916
   277.8,0.025122,0.015856,0.193044,0.000235,  46.907
   278.0,0.024899,0.015715,0.191302,0.000248,  46.893
   278.2,0.024681,0.015577,0.189580,0.000248,  46.870
   278.4,0.024467,0.015432,0.187865,0.000248,  46.861
   278.6,0.024252,0.015301,0.186181,0.000248,  46.858
   278.8,0.024045,0.015173,0.184496,0.000261,  46.855
   279.0,0.023840,0.015041,0.182802,0.000212,  46.845
   279.2,0.023622,0.014905,0.181123,0.000248,  46.835
   279.4,0.023415,0.014770,0.179487,0.000212,  46.821
   279.6,0.023198,0.014642,0.177880,0.000199,  46.821
   279.8,0.022984,0.014512,0.176297,0.000235,  46.817
   280.0,0.022783,0.014378,0.174738,0.000235,  46.808
   280.2,0.022578,0.014246,0.173384,0.000248,  46.808
   280.4,0.022369,0.014120,0.172103,0.000235,  46.800
   280.6,0.022173,0.013996,0.170910,0.000235,  46.795
   280.8,0.021972,0.013868,0.169530,0.000248,  46.792
   281.0,0.021769,0.013744,0.168092,0.000235,  46.764
   281.2,0.021576,0.013625,0.166609,0.000235,  46.764
   281.4,0.021381,0.013520,0.165186,0.000235,  46.758
   281.6,0.021184,0.013425,0.163763,0.000222,  46.752
   281.8,0.020996,0.013340,0.162347,0.000258,  46.743
   282.0,0.020815,0.013266,0.160875,0.000258,  46.739
   282.2,0.020627,0.013153,0.159377,0.000245,  46.725
   282.4,0.020442,0.013036,0.157846,0.000281,  46.718
   282.6,0.020260,0.012911,0.156498,0.000295,  46.711
   282.8,0.020075,0.012791,0.155239,0.000245,  46.710
   283.0,0.019899,0.012677,0.154042,0.000245,  46.708
   283.2,0.019721,0.012567,0.152535,0.000258,  46.709
   283.4,0.019538,0.012456,0.150910,0.000245,  46.703
   283.6,0.019366,0.012338,0.149164,0.000245,  46.694
   283.8,0.019190,0.012229,0.147787,0.000258,  46.690
   284.0,0.019041,0.012122,0.146525,0.000245,  46.691
   284.2,0.018912,0.012008,0.145394,0.000208,  46.689
   284.4,0.018788,0.011904,0.144123,0.000222,  46.678
   284.6,0.018690,0.011797,0.142852,0.000222,  46.667
   284.8,0.018536,0.011686,0.141568,0.000185,  46.665
   285.0,0.018369,0.011582,0.140301,0.000185,  46.652
   285.2,0.018185,0.011476,0.139034,0.000222,  46.656
   285.4,0.018014,0.011374,0.137744,0.000222,  46.657
   285.6,0.017856,0.011270,0.136506,0.000222,  46.660
   285.8,0.017692,0.011165,0.135302,0.000208,  46.655
   286.0,0.017530,0.011071,0.134102,0.000208,  46.655
   286.2,0.017377,0.010968,0.132902,0.000222,  46.657
   286.4,0.017221,0.010868,0.131712,0.000172,  46.651
   286.6,0.017062,0.010769,0.130519,0.000208,  46.649
   286.8,0.016909,0.010675,0.129503,0.000185,  46.651
   287.0,0.016760,0.010581,0.128576,0.000172,  46.649
   287.2,0.016606,0.010487,0.127733,0.000208,  46.651
   287.4,0.016459,0.010397,0.126966,0.000208,  46.649
   287.6,0.016314,0.010310,0.125887,0.000222,  46.649
   287.8,0.016166,0.010215,0.124726,0.000222,  46.636
   288.0,0.016027,0.010121,0.123478,0.000222,  46.623
   288.2,0.015880,0.010024,0.122361,0.000222,  46.631
   288.4,0.015732,0.009933,0.121249,0.000222,  46.627
   288.6,0.015590,0.009845,0.120152,0.000222,  46.626
   288.8,0.015446,0.009769,0.119063,0.000222,  46.620
   289.0,0.015301,0.009698,0.117973,0.000222,  46.619
   289.2,0.015159,0.009638,0.116900,0.000222,  46.617
   289.4,0.015029,0.009588,0.115872,0.000222,  46.618
   289.6,0.014887,0.009510,0.114863,0.000222,  46.616
   289.8,0.014748,0.009422,0.113875,0.000258,  46.619
   290.0,0.014618,0.009332,0.112723,0.000245,  46.622
   290.2,0.014479,0.009243,0.111495,0.000232,  46.625
   290.4,0.014355,0.009164,0.110201,0.000268,  46.625
   290.6,0.014233,0.009084,0.109150,0.000268,  46.625
   290.8,0.014131,0.009002,0.108179,0.000232,  46.612
   291.0,0.014024,0.008919,0.107280,0.000232,  46.598
   291.2,0.013941,0.008839,0.106358,0.000232,  46.603
   291.4,0.013857,0.008759,0.105441,0.000232,  46.607
   291.6,0.013740,0.008678,0.104537,0.000195,  46.603
   291.8,0.013624,0.008603,0.103632,0.000195,  46.604
   292.0,0.013497,0.008523,0.102726,0.000195,  46.603
   292.2,0.013371,0.008442,0.101827,0.000159,  46.604
   292.4,0.013249,0.008367,0.100922,0.000159,  46.605
   292.6,0.013130,0.008293,0.100002,0.000195,  46.606
   292.8,0.013010,0.008223,0.099090,0.000195,  46.603
   293.0,0.012896,0.008153,0.098151,0.000195,  46.611
   293.2,0.012791,0.008076,0.097214,0.000159,  46.611
   293.4,0.012674,0.008007,0.096261,0.000195,  46.606
   293.6,0.012560,0.007931,0.095476,0.000159,  46.602
   293.8,0.012446,0.007856,0.094769,0.000159,  46.604
   294.0,0.012329,0.007791,0.094154,0.000195,  46.608
   294.2,0.012222,0.007721,0.093600,0.000195,  46.622
   294.4,0.012111,0.007648,0.092817,0.000195,  46.624
   294.6,0.011997,0.007582,0.091981,0.000195,  46.622
   294.8,0.011895,0.007513,0.091099,0.000195,  46.623
   295.0,0.011787,0.007447,0.090266,0.000208,  46.624
   295.2,0.011675,0.007379,0.089442,0.000208,  46.619
   295.4,0.011576,0.007313,0.088604,0.000208,  46.622
   295.6,0.011472,0.007259,0.087809,0.000222,  46.620
   295.8,0.011363,0.007214,0.087032,0.000208,  46.620
   296.0,0.011267,0.007170,0.086271,0.000195,  46.629
   296.2,0.011170,0.007135,0.085452,0.000195,  46.627
   296.4,0.011064,0.007074,0.084600,0.000182,  46.625
   296.6,0.010971,0.007010,0.083723,0.000169,  46.623
   296.8,0.010871,0.006944,0.082961,0.000169,  46.625
   297.0,0.010770,0.006882,0.082238,0.000182,  46.634
   297.2,0.010680,0.006818,0.081559,0.000182,  46.636
   297.4,0.010583,0.006761,0.080826,0.000182,  46.641
   297.6,0.010499,0.006698,0.080096,0.000182,  46.637
   297.8,0.010420,0.006638,0.079353,0.000182,  46.635
   298.0,0.010353,0.006583,0.078628,0.000182,  46.638
   298.2,0.010300,0.006521,0.077916,0.000182,  46.641
   298.4,0.010210,0.006461,0.077191,0.000195,  46.646
   298.6,0.010122,0.006401,0.076493,0.000195,  46.646
   298.8,0.010025,0.006346,0.075807,0.000195,  46.645
   299.0,0.009930,0.006286,0.075131,0.000208,  46.639
   299.2,0.009848,0.006228,0.074478,0.000208,  46.640
   299.4,0.009756,0.006170,0.073847,0.000195,  46.634
   299.6,0.009664,0.006116,0.073221,0.000195,  46.632
   299.8,0.009584,0.006064,0.072542,0.000195,  46.636
   300.0,0.009496,0.006008,0.071840,0.000159,  46.630
   300.2,0.009406,0.005952,0.071116,0.000195,  46.636
   300.4,0.009332,0.005902,0.070533,0.000159,  46.637
   300.6,0.009248,0.005855,0.070008,0.000159,  46.629
   300.8,0.009162,0.005803,0.069536,0.000195,  46.626
   301.0,0.009087,0.005751,0.069127,0.000195,  46.630
   301.2,0.009004,0.005699,0.068544,0.000208,  46.627
   301.4,0.008920,0.005651,0.067927,0.000222,  46.632
   301.6,0.008848,0.005601,0.067286,0.000222,  46.633
   301.8,0.008771,0.005551,0.066685,0.000222,  46.628
   302.0,0.008686,0.005503,0.066090,0.000222,  46.627
   302.2,0.008615,0.005455,0.065491,0.000222,  46.624
   302.4,0.008537,0.005415,0.064876,0.000222,  46.626
   302.6,0.008453,0.005373,0.064265,0.000222,  46.630
   302.8,0.008382,0.005339,0.063648,0.000208,  46.629
   303.0,0.008304,0.005308,0.063081,0.000195,  46.635
   303.2,0.008223,0.005262,0.062540,0.000182,  46.634
   303.4,0.008154,0.005219,0.062015,0.000182,  46.627
   303.6,0.008079,0.005169,0.061423,0.000182,  46.629
   303.8,0.008000,0.005121,0.060792,0.000195,  46.625
   304.0,0.007934,0.005073,0.060128,0.000208,  46.621
   304.2,0.007865,0.005026,0.059549,0.000208,  46.628
   304.4,0.007806,0.004982,0.059001,0.000195,  46.625
   304.6,0.007743,0.004938,0.058483,0.000195,  46.629
   304.8,0.007695,0.004894,0.057961,0.000195,  46.619
   305.0,0.007656,0.004852,0.057448,0.000195,  46.615
   305.2,0.007585,0.004811,0.056962,0.000195,  46.619
   305.4,0.007525,0.004762,0.056439,0.000195,  46.624
   305.6,0.007453,0.004717,0.055902,0.000195,  46.623
   305.8,0.007379,0.004676,0.055369,0.000195,  46.632
   306.0,0.007315,0.004632,0.054878,0.000195,  46.630
   306.2,0.007251,0.004585,0.054412,0.000195,  46.641
   306.4,0.007183,0.004544,0.053964,0.000182,  46.643
   306.6,0.007119,0.004504,0.053500,0.000182,  46.637
   306.8,0.007059,0.004458,0.053047,0.000182,  46.641
   307.0,0.006994,0.004425,0.052595,0.000182,  46.642
   307.2,0.006932,0.004387,0.052111,0.000182,  46.641
   307.4,0.006874,0.004345,0.051605,0.000146,  46.635
   307.6,0.006809,0.004314,0.051079,0.000182,  46.639
   307.8,0.006757,0.004278,0.050652,0.000146,  46.634
   308.0,0.006699,0.004241,0.050265,0.000146,  46.630
   308.2,0.006637,0.004204,0.049920,0.000182,  46.631
   308.4,0.006578,0.004171,0.049612,0.000195,  46.634
   308.6,0.006522,0.004136,0.049193,0.000195,  46.632
   308.8,0.006459,0.004096,0.048757,0.000195,  46.634
   309.0,0.006407,0.004063,0.048290,0.000208,  46.636
   309.2,0.006355,0.004028,0.047850,0.000208,  46.633
   309.4,0.006292,0.003991,0.047415,0.000195,  46.639
   309.6,0.006236,0.003951,0.046975,0.000195,  46.638
   309.8,0.006178,0.003921,0.046580,0.000208,  46.645
   310.0,0.006118,0.003891,0.046214,0.000208,  46.645
   310.2,0.006065,0.003868,0.045851,0.000195,  46.641
   310.4,0.006018,0.003849,0.045464,0.000195,  46.637
   310.6,0.005958,0.003817,0.045084,0.000182,  46.632
   310.8,0.005902,0.003782,0.044682,0.000169,  46.632
   311.0,0.005855,0.003753,0.044297,0.000169,  46.637
   311.2,0.005801,0.003714,0.043910,0.000182,  46.647
   311.4,0.005747,0.003684,0.043518,0.000182,  46.647
   311.6,0.005706,0.003649,0.043116,0.000182,  46.647
   311.8,0.005661,0.003612,0.042706,0.000182,  46.650
   312.0,0.005623,0.003581,0.042293,0.000182,  46.647
   312.2,0.005586,0.003554,0.041900,0.000182,  46.647
   312.4,0.005551,0.003522,0.041513,0.000182,  46.644
   312.6,0.005506,0.003491,0.041127,0.000182,  46.649
   312.8,0.005461,0.003462,0.040704,0.000182,  46.648
   313.0,0.005408,0.003428,0.040270,0.000182,  46.648
   313.2,0.005351,0.003397,0.039811,0.000182,  46.654
   313.4,0.005303,0.003366,0.039458,0.000182,  46.645
   313.6,0.005261,0.003338,0.039156,0.000182,  46.645
   313.8,0.005213,0.003305,0.038898,0.000182,  46.646
   314.0,0.005168,0.003279,0.038543,0.000195,  46.653
   314.2,0.005138,0.003249,0.038162,0.000146,  46.655
   314.4,0.005096,0.003220,0.037759,0.000182,  46.653
   314.6,0.005044,0.003195,0.037443,0.000146,  46.658
   314.8,0.005005,0.003172,0.037156,0.000146,  46.659
   315.0,0.004963,0.003146,0.036891,0.000182,  46.652
   315.2,0.004911,0.003121,0.036660,0.000182,  46.662
   315.4,0.004875,0.003098,0.036382,0.000182,  46.667
   315.6,0.004835,0.003073,0.036109,0.000182,  46.666
   315.8,0.004789,0.003041,0.035825,0.000182,  46.669
   316.0,0.004752,0.003007,0.035524,0.000182,  46.679
   316.2,0.004710,0.002985,0.035211,0.000182,  46.682
   316.4,0.004664,0.002961,0.034863,0.000218,  46.688
   316.6,0.004628,0.002941,0.034539,0.000218,  46.692
   316.8,0.004581,0.002923,0.034213,0.000205,  46.704
   317.0,0.004542,0.002899,0.033873,0.000218,  46.708
   317.2,0.004504,0.002888,0.033615,0.000218,  46.718
   317.4,0.004467,0.002862,0.033395,0.000182,  46.735
   317.6,0.004430,0.002832,0.033213,0.000146,  46.736
   317.8,0.004396,0.002810,0.033005,0.000146,  46.760
   318.0,0.004359,0.002781,0.032785,0.000182,  46.776
   318.2,0.004313,0.002757,0.032585,0.000182,  46.791
   318.4,0.004282,0.002735,0.032281,0.000182,  46.803
   318.6,0.004250,0.002709,0.031918,0.000182,  46.811
   318.8,0.004218,0.002680,0.031514,0.000182,  46.820
   319.0,0.004195,0.002664,0.031188,0.000182,  46.834
   319.2,0.004171,0.002641,0.030884,0.000182,  46.846
   319.4,0.004139,0.002619,0.030587,0.000182,  46.878
   319.6,0.004102,0.002597,0.030270,0.000182,  46.887
   319.8,0.004065,0.002576,0.029953,0.000169,  46.900
   320.0,0.004033,0.002558,0.029641,0.000182,  46.915
   320.2,0.003995,0.002535,0.029345,0.000182,  46.929
   320.4,0.003964,0.002515,0.029054,0.000169,  46.944
   320.6,0.003929,0.002494,0.028765,0.000182,  46.946
   320.8,0.003891,0.002474,0.028528,0.000182,  46.959
   321.0,0.003863,0.002453,0.028306,0.000146,  46.967
   321.2,0.003828,0.002434,0.028113,0.000182,  47.004
   321.4,0.003790,0.002412,0.027847,0.000159,  47.015
   321.6,0.003767,0.002388,0.027558,0.000159,  47.021
   321.8,0.003732,0.002368,0.027245,0.000182,  47.029
   322.0,0.003700,0.002351,0.027041,0.000182,  47.040
   322.2,0.003668,0.002329,0.026873,0.000182,  47.056
   322.4,0.003639,0.002309,0.026741,0.000169,  47.067
   322.6,0.003607,0.002292,0.026652,0.000182,  47.073
   322.8,0.003579,0.002269,0.026451,0.000182,  47.084
   323.0,0.003547,0.002249,0.026228,0.000182,  47.110
   323.2,0.003515,0.002235,0.025978,0.000182,  47.120
   323.4,0.003492,0.002224,0.025734,0.000182,  47.128
   323.6,0.003463,0.002203,0.025488,0.000169,  47.143
   323.8,0.003427,0.002195,0.025227,0.000218,  47.147
   324.0,0.003404,0.002181,0.025020,0.000205,  47.157
   324.2,0.003378,0.002161,0.024842,0.000179,  47.169
   324.4,0.003345,0.002147,0.024691,0.000228,  47.177
   324.6,0.003325,0.002130,0.024430,0.000242,  47.182
   324.8,0.003298,0.002114,0.024133,0.000205,  47.196
   325.0,0.003265,0.002094,0.023791,0.000218,  47.220
   325.2,0.003240,0.002084,0.023558,0.000218,  47.228
   325.4,0.003210,0.002066,0.023336,0.000205,  47.238
   325.6,0.003183,0.002048,0.023154,0.000218,  47.242
   325.8,0.003157,0.002032,0.022961,0.000218,  47.250
   326.0,0.003136,0.002014,0.022780,0.000218,  47.256
   326.2,0.003111,0.002000,0.022595,0.000218,  47.259
   326.4,0.003092,0.001985,0.022411,0.000218,  47.262
