Run Name,AC .10 RE DO
Run Date,06:19:57 PM   02-29-16
Method Name,10% isocratic
Export Format Version, 1.00
Method ID, 3049
Points/Second, 1.00
Number of Records,   1468
Offset from Run Start Time,00:00:00
Run End Time,00:24:30
Time,Second
QuadTec 1, (280.0 nm), AU
QuadTec 2, (260.0 nm), AU
Gradient Pump,<Not Selected>
QuadTec 3, (214.0 nm), AU
QuadTec 4, (405.0 nm), AU
Conductivity,mS/cm
Trace 6,<Not Available>
GP Pressure,<Not Selected>
Volume,<Not Selected>
Fraction,<Not Available>
Time,QuadTec 1,QuadTec 2,QuadTec 3,QuadTec 4,Conductivity
     0.0,0.000744,0.000817,0.004319,0.000488,  88.107
     1.0,0.000739,0.000818,0.004361,0.000463,  88.064
     2.0,0.000000,0.000820,0.004010,0.000439,  88.033
     3.0,0.000000,0.000000,0.000000,0.000000,  88.002
     4.0,0.000000,0.000000,0.000000,0.000000,  87.990
     5.0,0.000000,0.000000,0.000000,0.000000,  87.987
     6.0,-0.000044,0.000000,0.000000,0.000000,  88.017
     7.0,-0.000057,-0.000018,-0.000406,-0.000064,  88.061
     8.0,-0.000073,-0.000021,-0.000651,-0.000039,  88.154
     9.0,-0.000054,-0.000037,-0.000896,-0.000064,  88.260
    10.0,-0.000051,-0.000038,-0.001250,-0.000064,  88.425
    11.0,-0.000012,-0.000018,-0.001514,-0.000039,  88.548
    12.0,-0.000001,-0.000002,-0.001878,-0.000050,  88.675
    13.0,0.000001,0.000007,-0.002026,-0.000036,  88.834
    14.0,0.000012,0.000031,-0.002262,-0.000022,  88.935
    15.0,0.000015,0.000047,-0.002300,-0.000071,  89.029
    16.0,0.000019,0.000057,-0.002448,-0.000019,  89.111
    17.0,0.000034,0.000046,-0.002437,0.000045,  89.223
    18.0,0.000041,0.000070,-0.002564,-0.000019,  89.261
    19.0,0.000067,0.000077,-0.002583,-0.000005,  89.268
    20.0,0.000084,0.000092,-0.002712,-0.000005,  89.277
    21.0,0.000095,0.000131,-0.002633,0.000009,  89.280
    22.0,0.000119,0.000149,-0.002535,0.000073,  89.259
    23.0,0.000110,0.000175,-0.002496,0.000062,  89.241
    24.0,0.000099,0.000160,-0.002634,0.000073,  89.213
    25.0,0.000095,0.000160,-0.002594,0.000034,  89.167
    26.0,0.000088,0.000160,-0.002683,0.000023,  89.106
    27.0,0.000099,0.000151,-0.002762,0.000034,  89.020
    28.0,0.000099,0.000153,-0.002682,0.000034,  88.991
    29.0,0.000087,0.000150,-0.002662,0.000048,  88.972
    30.0,0.000091,0.000159,-0.002691,0.000048,  88.964
    31.0,0.000087,0.000165,-0.002701,-0.000016,  88.967
    32.0,0.000103,0.000161,-0.002760,0.000037,  88.981
    33.0,0.000114,0.000155,-0.002809,0.000062,  88.997
    34.0,0.000102,0.000165,-0.002947,0.000062,  89.020
    35.0,0.000109,0.000165,-0.002928,0.000048,  89.037
    36.0,0.000117,0.000189,-0.002789,0.000062,  89.102
    37.0,0.000113,0.000176,-0.002819,0.000062,  89.115
    38.0,0.000108,0.000176,-0.002849,0.000048,  89.125
    39.0,0.000124,0.000173,-0.002552,0.000062,  89.138
    40.0,0.000120,0.000167,-0.002829,0.000062,  89.153
    41.0,0.000124,0.000174,-0.002907,0.000090,  89.152
    42.0,0.000110,0.000177,-0.002956,0.000012,  89.141
    43.0,0.000119,0.000178,-0.002937,0.000062,  89.146
    44.0,0.000124,0.000189,-0.002946,0.000062,  89.127
    45.0,0.000127,0.000183,-0.002966,0.000051,  89.113
    46.0,0.000115,0.000178,-0.003024,0.000037,  89.101
    47.0,0.000107,0.000179,-0.003112,0.000065,  89.086
    48.0,0.000122,0.000185,-0.003231,0.000051,  89.077
    49.0,0.000119,0.000182,-0.003192,0.000051,  89.065
    50.0,0.000126,0.000192,-0.003123,0.000115,  89.053
    51.0,0.000146,0.000195,-0.003063,0.000090,  89.048
    52.0,0.000142,0.000213,-0.003133,0.000090,  89.040
    53.0,0.000146,0.000208,-0.003192,0.000012,  89.037
    54.0,0.000144,0.000210,-0.003054,0.000051,  89.029
    55.0,0.000132,0.000209,-0.003015,0.000076,  89.025
    56.0,0.000137,0.000214,-0.002926,0.000065,  89.007
    57.0,0.000133,0.000224,-0.002927,0.000065,  88.991
    58.0,0.000129,0.000221,-0.002780,0.000051,  88.965
    59.0,0.000133,0.000212,-0.002810,0.000012,  88.878
    60.0,0.000155,0.000229,-0.002575,0.000023,  88.814
    61.0,0.000142,0.000232,-0.002289,-0.000016,  88.729
    62.0,0.000138,0.000236,-0.002153,0.000009,  88.626
    63.0,0.000136,0.000253,-0.001750,0.000073,  88.442
    64.0,0.000146,0.000281,-0.001368,-0.000005,  88.268
    65.0,0.000175,0.000298,-0.000966,-0.000005,  88.003
    66.0,0.000185,0.000356,-0.000516,-0.000033,  87.731
    67.0,0.000216,0.000398,0.000214,-0.000019,  87.345
    68.0,0.000285,0.000454,0.001102,-0.000005,  86.886
    69.0,0.000366,0.000539,0.002182,-0.000019,  86.282
    70.0,0.000399,0.000627,0.003201,0.000023,  85.640
    71.0,0.000513,0.000757,0.004516,0.000037,  84.845
    72.0,0.000631,0.000845,0.005559,0.000115,  83.921
    73.0,0.000771,0.001013,0.007121,0.000160,  82.890
    74.0,0.000888,0.001205,0.008618,0.000177,  81.739
    75.0,0.000960,0.001378,0.009875,0.000271,  80.494
    76.0,0.001137,0.001522,0.010515,0.000291,  79.104
    77.0,0.001264,0.001703,0.011780,0.000442,  77.594
    78.0,0.001370,0.001784,0.012806,0.000540,  76.021
    79.0,0.001475,0.001898,0.013628,0.000581,  74.371
    80.0,0.001490,0.001997,0.014216,0.000665,  72.655
    81.0,0.001508,0.002000,0.015025,0.000651,  70.859
    82.0,0.001536,0.002011,0.015364,0.000757,  69.069
    83.0,0.001563,0.002063,0.015546,0.000732,  67.270
    84.0,0.001644,0.002107,0.015628,0.000721,  65.455
    85.0,0.001595,0.002135,0.015545,0.000735,  63.664
    86.0,0.001674,0.002087,0.015422,0.000763,  61.874
    87.0,0.001618,0.002095,0.015270,0.000777,  60.111
    88.0,0.001588,0.002078,0.014995,0.000777,  58.406
    89.0,0.001578,0.002013,0.014711,0.000724,  56.765
    90.0,0.001540,0.001980,0.014222,0.000657,  55.144
    91.0,0.001515,0.001909,0.013648,0.000707,  53.562
    92.0,0.001444,0.001911,0.013366,0.000707,  52.034
    93.0,0.001422,0.001804,0.012941,0.000732,  50.571
    94.0,0.001446,0.001758,0.012504,0.000665,  49.160
    95.0,0.001425,0.001773,0.012058,0.000665,  47.807
    96.0,0.001362,0.001736,0.011653,0.000626,  46.485
    97.0,0.001356,0.001708,0.009055,0.000612,  45.230
    98.0,0.001344,0.001646,0.010161,0.000588,  44.015
    99.0,0.001351,0.001620,0.009973,0.000651,  42.863
   100.0,0.001307,0.001587,0.009591,0.000637,  41.750
   101.0,0.001288,0.001553,0.009372,0.000676,  40.688
   102.0,0.001254,0.001537,0.008837,0.000634,  39.664
   103.0,0.001188,0.001513,0.008465,0.000620,  38.674
   104.0,0.001209,0.001462,0.007954,0.000606,  37.733
   105.0,0.001226,0.001465,0.007361,0.000553,  36.832
   106.0,0.001207,0.001458,0.006992,0.000595,  35.960
   107.0,0.001195,0.001427,0.006563,0.000585,  35.154
   108.0,0.001174,0.001395,0.005973,0.000518,  34.353
   109.0,0.001183,0.001375,0.005643,0.000571,  33.594
   110.0,0.001174,0.001375,0.004993,0.000581,  32.874
   111.0,0.001137,0.001352,0.004414,0.000557,  32.181
   112.0,0.001150,0.001344,0.004098,0.000585,  31.513
   113.0,0.001137,0.001314,0.003500,0.000581,  30.870
   114.0,0.001104,0.001299,0.003153,0.000571,  30.263
   115.0,0.001095,0.001276,0.002456,0.000645,  29.673
   116.0,0.001100,0.001267,0.002271,0.000606,  29.112
   117.0,0.001114,0.001261,0.001946,0.000581,  28.577
   118.0,0.001098,0.001261,0.001549,0.000623,  28.062
   119.0,0.001100,0.001243,0.001027,0.000623,  27.570
   120.0,0.001106,0.001243,0.000730,0.000609,  27.100
   121.0,0.001090,0.001231,0.000286,0.000623,  26.647
   122.0,0.001087,0.001204,-0.000247,0.000637,  26.222
   123.0,0.001087,0.001217,-0.000562,0.000623,  25.814
   124.0,0.001084,0.001201,-0.002792,0.000609,  25.420
   125.0,0.001081,0.001194,-0.003144,0.000585,  25.053
   126.0,0.001077,0.001181,-0.002412,0.000609,  24.697
   127.0,0.001100,0.001160,-0.002390,0.000574,  24.362
   128.0,0.001084,0.001171,-0.003029,0.000651,  24.042
   129.0,0.001072,0.001175,-0.003173,0.000612,  23.725
   130.0,0.001095,0.001168,-0.003289,0.000574,  23.443
   131.0,0.001079,0.001173,-0.003650,0.000612,  23.162
   132.0,0.001084,0.001158,-0.004258,0.000651,  22.901
   133.0,0.001088,0.001159,-0.004393,0.000676,  22.645
   134.0,0.001079,0.001151,-0.004773,0.000662,  22.398
   135.0,0.001089,0.001138,-0.004937,0.000637,  22.171
   136.0,0.001073,0.001139,-0.005288,0.000676,  21.950
   137.0,0.001085,0.001126,-0.005658,0.000623,  21.741
   138.0,0.001089,0.001146,-0.006028,0.000651,  21.535
   139.0,0.001081,0.001132,-0.006261,0.000651,  21.341
   140.0,0.001092,0.001146,-0.006533,0.000612,  21.140
   141.0,0.001088,0.001147,-0.006853,0.000602,  20.953
   142.0,0.001077,0.001140,-0.007008,0.000612,  20.771
   143.0,0.001094,0.001130,-0.007192,0.000651,  20.606
   144.0,0.001077,0.001132,-0.007405,0.000651,  20.448
   145.0,0.001065,0.001131,-0.007666,0.000662,  20.294
   146.0,0.001066,0.001130,-0.008093,0.000637,  20.147
   147.0,0.001059,0.001124,-0.008325,0.000626,  20.011
   148.0,0.001071,0.001116,-0.008567,0.000626,  19.873
   149.0,0.001067,0.001119,-0.008759,0.000612,  19.757
   150.0,0.001057,0.001116,-0.009147,0.000651,  19.636
   151.0,0.001057,0.001118,-0.009223,0.000612,  19.521
   152.0,0.001060,0.001121,-0.009396,0.000612,  19.417
   153.0,0.001056,0.001123,-0.009569,0.000676,  19.311
   154.0,0.001073,0.001120,-0.009792,0.000612,  19.217
   155.0,0.001077,0.001118,-0.009936,0.000665,  19.129
   156.0,0.001068,0.001133,-0.009936,0.000665,  19.047
   157.0,0.001061,0.001128,-0.010041,0.000665,  18.971
   158.0,0.001064,0.001118,-0.010215,0.000679,  18.899
   159.0,0.001068,0.001112,-0.010514,0.000665,  18.825
   160.0,0.001061,0.001117,-0.010726,0.000626,  18.750
   161.0,0.001061,0.001118,-0.010658,0.000651,  18.684
   162.0,0.001066,0.001118,-0.010715,0.000679,  18.625
   163.0,0.001070,0.001118,-0.010811,0.000651,  18.563
   164.0,0.001057,0.001122,-0.010965,0.000679,  18.500
   165.0,0.001062,0.001110,-0.011244,0.000729,  18.443
   166.0,0.001054,0.001103,-0.011234,0.000690,  18.383
   167.0,0.001074,0.001107,-0.011368,0.000665,  18.336
   168.0,0.001059,0.001098,-0.011647,0.000616,  18.284
   169.0,0.001078,0.001103,-0.011541,0.000665,  18.239
   170.0,0.001074,0.001103,-0.011599,0.000690,  18.193
   171.0,0.001073,0.001099,-0.011695,0.000640,  18.156
   172.0,0.001066,0.001100,-0.011935,0.000640,  18.116
   173.0,0.001082,0.001108,-0.012060,0.000616,  18.080
   174.0,0.001065,0.001105,-0.011906,0.000665,  18.042
   175.0,0.001073,0.001110,-0.012127,0.000690,  18.006
   176.0,0.001077,0.001110,-0.012165,0.000679,  17.969
   177.0,0.001082,0.001112,-0.012059,0.000665,  17.938
   178.0,0.001070,0.001092,-0.012097,0.000612,  17.905
   179.0,0.001070,0.001103,-0.012308,0.000626,  17.868
   180.0,0.001054,0.001090,-0.012452,0.000651,  17.838
   181.0,0.001057,0.001092,-0.012596,0.000729,  17.810
   182.0,0.001070,0.001089,-0.012749,0.000690,  17.778
   183.0,0.001070,0.001098,-0.012768,0.000665,  17.751
   184.0,0.001073,0.001099,-0.012989,0.000651,  17.718
   185.0,0.001073,0.001095,-0.013218,0.000679,  17.695
   186.0,0.001073,0.001107,-0.012902,0.000616,  17.660
   187.0,0.001066,0.001108,-0.012959,0.000651,  17.634
   188.0,0.001050,0.001095,-0.012873,0.000640,  17.608
   189.0,0.001057,0.001097,-0.013840,0.000616,  17.580
   190.0,0.001062,0.001099,-0.014965,0.000665,  17.555
   191.0,0.001062,0.001094,-0.013849,0.000654,  17.535
   192.0,0.001066,0.001095,-0.013370,0.000588,  17.515
   193.0,0.001054,0.001102,-0.013485,0.000626,  17.489
   194.0,0.001074,0.001099,-0.013313,0.000651,  17.474
   195.0,0.001066,0.001104,-0.013265,0.000626,  17.458
   196.0,0.001054,0.001112,-0.013265,0.000626,  17.441
   197.0,0.001066,0.001107,-0.013370,0.000651,  17.432
   198.0,0.001062,0.001108,-0.013418,0.000651,  17.412
   199.0,0.001070,0.001101,-0.013380,0.000651,  17.398
   200.0,0.001070,0.001113,-0.013294,0.000651,  17.387
   201.0,0.001057,0.001116,-0.013581,0.000665,  17.374
   202.0,0.001077,0.001103,-0.013457,0.000626,  17.364
   203.0,0.001073,0.001122,-0.013456,0.000654,  17.353
   204.0,0.001068,0.001122,-0.013341,0.000640,  17.339
   205.0,0.001070,0.001117,-0.013236,0.000676,  17.324
   206.0,0.001059,0.001124,-0.013255,0.000651,  17.317
   207.0,0.001057,0.001118,-0.015763,0.000690,  17.305
   208.0,0.001066,0.001111,-0.014087,0.000654,  17.295
   209.0,0.001066,0.001102,-0.013791,0.000679,  17.286
   210.0,0.001071,0.001112,-0.013628,0.000640,  17.284
   211.0,0.001073,0.001106,-0.013638,0.000665,  17.275
   212.0,0.001067,0.001096,-0.013772,0.000651,  17.263
   213.0,0.001063,0.001105,-0.013647,0.000665,  17.257
   214.0,0.001059,0.001093,-0.013570,0.000651,  17.248
   215.0,0.001045,0.001098,-0.013618,0.000651,  17.242
   216.0,0.001054,0.001094,-0.013838,0.000665,  17.230
   217.0,0.001057,0.001093,-0.013685,0.000651,  17.225
   218.0,0.001066,0.001095,-0.013628,0.000651,  17.218
   219.0,0.001066,0.001082,-0.013637,0.000602,  17.208
   220.0,0.001071,0.001083,-0.013733,0.000626,  17.200
   221.0,0.001074,0.001092,-0.013867,0.000612,  17.191
   222.0,0.001066,0.001103,-0.013771,0.000665,  17.186
   223.0,0.001057,0.001099,-0.013886,0.000598,  17.177
   224.0,0.001062,0.001097,-0.013886,0.000574,  17.176
   225.0,0.001061,0.001104,-0.013819,0.000612,  17.167
   226.0,0.001077,0.001104,-0.013876,0.000637,  17.159
   227.0,0.001077,0.001112,-0.013723,0.000598,  17.151
   228.0,0.001076,0.001101,-0.013914,0.000651,  17.149
   229.0,0.001073,0.001099,-0.013847,0.000588,  17.145
   230.0,0.001073,0.001103,-0.013866,0.000676,  17.132
   231.0,0.001065,0.001098,-0.014058,0.000651,  17.129
   232.0,0.001066,0.001103,-0.014239,0.000612,  17.125
   233.0,0.001066,0.001093,-0.014067,0.000612,  17.124
   234.0,0.001062,0.001107,-0.013972,0.000637,  17.121
   235.0,0.001066,0.001095,-0.014019,0.000574,  17.118
   236.0,0.001065,0.001099,-0.014115,0.000626,  17.124
   237.0,0.001070,0.001114,-0.014124,0.000588,  17.120
   238.0,0.001056,0.001113,-0.014057,0.000665,  17.114
   239.0,0.001048,0.001112,-0.014077,0.000640,  17.110
   240.0,0.001065,0.001108,-0.014058,0.000616,  17.099
   241.0,0.001060,0.001118,-0.014038,0.000626,  17.095
   242.0,0.001061,0.001131,-0.015430,0.000626,  17.090
   243.0,0.001073,0.001125,-0.015002,0.000588,  17.082
   244.0,0.001057,0.001116,-0.014354,0.000637,  17.082
   245.0,0.001070,0.001110,-0.014096,0.000637,  17.083
   246.0,0.001073,0.001118,-0.013991,0.000598,  17.075
   247.0,0.001057,0.001118,-0.014038,0.000662,  17.077
   248.0,0.001066,0.001118,-0.013914,0.000662,  17.076
   249.0,0.001070,0.001121,-0.016920,0.000612,  17.072
   250.0,0.001068,0.001118,-0.015030,0.000651,  17.075
   251.0,0.001068,0.001116,-0.014315,0.000574,  17.074
   252.0,0.001061,0.001115,-0.014057,0.000640,  17.073
   253.0,0.001073,0.001118,-0.014086,0.000626,  17.076
   254.0,0.001077,0.001125,-0.013981,0.000651,  17.075
   255.0,0.001068,0.001116,-0.013857,0.000676,  17.076
   256.0,0.001077,0.001114,-0.013847,0.000676,  17.078
   257.0,0.001081,0.001122,-0.013790,0.000651,  17.074
   258.0,0.001076,0.001122,-0.013914,0.000651,  17.075
   259.0,0.001082,0.001123,-0.013924,0.000676,  17.075
   260.0,0.001100,0.001119,-0.013934,0.000637,  17.070
   261.0,0.001082,0.001114,-0.013790,0.000637,  17.071
   262.0,0.001081,0.001121,-0.013866,0.000602,  17.073
   263.0,0.001084,0.001121,-0.013809,0.000651,  17.067
   264.0,0.001098,0.001124,-0.013819,0.000651,  17.061
   265.0,0.001111,0.001121,-0.013713,0.000715,  17.061
   266.0,0.001082,0.001121,-0.013752,0.000648,  17.056
   267.0,0.001085,0.001118,-0.013866,0.000585,  17.057
   268.0,0.001073,0.001117,-0.016228,0.000690,  17.056
   269.0,0.001082,0.001125,-0.014792,0.000637,  17.052
   270.0,0.001078,0.001113,-0.014411,0.000651,  17.048
   271.0,0.001078,0.001118,-0.014230,0.000676,  17.045
   272.0,0.001085,0.001114,-0.014201,0.000626,  17.039
   273.0,0.001073,0.001114,-0.014019,0.000626,  17.045
   274.0,0.001073,0.001110,-0.014124,0.000598,  17.039
   275.0,0.001062,0.001116,-0.014019,0.000602,  17.037
   276.0,0.001070,0.001107,-0.014038,0.000626,  17.042
   277.0,0.001070,0.001122,-0.014086,0.000626,  17.037
   278.0,0.001061,0.001117,-0.014143,0.000598,  17.036
   279.0,0.001070,0.001110,-0.014191,0.000612,  17.037
   280.0,0.001061,0.001125,-0.014277,0.000574,  17.039
   281.0,0.001056,0.001122,-0.014315,0.000612,  17.040
   282.0,0.001095,0.001124,-0.014229,0.000612,  17.039
   283.0,0.001089,0.001117,-0.014258,0.000598,  17.036
   284.0,0.001084,0.001113,-0.014248,0.000612,  17.037
   285.0,0.001081,0.001128,-0.014153,0.000626,  17.034
   286.0,0.001073,0.001129,-0.014134,0.000588,  17.037
   287.0,0.001068,0.001119,-0.014048,0.000648,  17.035
   288.0,0.001082,0.001130,-0.013914,0.000598,  17.034
   289.0,0.001073,0.001123,-0.014000,0.000585,  17.032
   290.0,0.001089,0.001123,-0.013924,0.000648,  17.032
   291.0,0.001089,0.001128,-0.014182,0.000662,  17.026
   292.0,0.001077,0.001130,-0.014010,0.000676,  17.019
   293.0,0.001081,0.001132,-0.014163,0.000651,  17.015
   294.0,0.001084,0.001117,-0.013990,0.000679,  17.017
   295.0,0.001076,0.001119,-0.014029,0.000637,  17.011
   296.0,0.001068,0.001122,-0.015525,0.000651,  17.011
   297.0,0.001067,0.001130,-0.015164,0.000609,  17.006
   298.0,0.001072,0.001137,-0.014535,0.000676,  17.003
   299.0,0.001094,0.001110,-0.014153,0.000588,  17.003
   300.0,0.001085,0.001116,-0.014134,0.000651,  17.003
   301.0,0.001082,0.001125,-0.014010,0.000637,  16.999
   302.0,0.001093,0.001112,-0.013923,0.000701,  16.992
   303.0,0.001093,0.001119,-0.013914,0.000637,  16.992
   304.0,0.001111,0.001143,-0.013828,0.000623,  16.990
   305.0,0.001077,0.001181,-0.013571,0.000640,  16.985
   306.0,0.001056,0.001155,-0.013571,0.000626,  16.983
   307.0,0.001049,0.001122,-0.013370,0.000585,  16.986
   308.0,0.001036,0.001109,-0.013734,0.000637,  16.981
   309.0,0.001041,0.001097,-0.013466,0.000595,  16.980
   310.0,0.001050,0.001101,-0.013294,0.000595,  16.979
   311.0,0.001050,0.001102,-0.013169,0.000595,  16.973
   312.0,0.001041,0.001098,-0.013092,0.000609,  16.974
   313.0,0.001036,0.001104,-0.013064,0.000623,  16.969
   314.0,0.001028,0.001106,-0.013102,0.000595,  16.966
   315.0,0.001036,0.001106,-0.012978,0.000648,  16.966
   316.0,0.001040,0.001111,-0.012978,0.000609,  16.965
   317.0,0.001041,0.001106,-0.013055,0.000571,  16.959
   318.0,0.001050,0.001106,-0.013026,0.000546,  16.958
   319.0,0.001033,0.001097,-0.012892,0.000585,  16.958
   320.0,0.001041,0.001097,-0.012997,0.000571,  16.954
   321.0,0.001034,0.001101,-0.012968,0.000609,  16.955
   322.0,0.001038,0.001094,-0.013275,0.000609,  16.948
   323.0,0.001052,0.001103,-0.013160,0.000532,  16.946
   324.0,0.001046,0.001102,-0.012901,0.000585,  16.945
   325.0,0.001050,0.001098,-0.012901,0.000595,  16.945
   326.0,0.001046,0.001105,-0.012949,0.000595,  16.936
   327.0,0.001046,0.001106,-0.012892,0.000609,  16.945
   328.0,0.001042,0.001091,-0.013093,0.000609,  16.943
   329.0,0.001050,0.001112,-0.014879,0.000634,  16.946
   330.0,0.001051,0.001102,-0.013476,0.000606,  16.948
   331.0,0.001039,0.001105,-0.013160,0.000595,  16.946
   332.0,0.001039,0.001102,-0.012892,0.000557,  16.951
   333.0,0.001046,0.001104,-0.012825,0.000606,  16.948
   334.0,0.001042,0.001095,-0.012873,0.000557,  16.950
   335.0,0.001046,0.001097,-0.012834,0.000609,  16.952
   336.0,0.001042,0.001101,-0.012719,0.000571,  16.951
   337.0,0.001042,0.001103,-0.012758,0.000595,  16.957
   338.0,0.001042,0.001097,-0.012806,0.000609,  16.952
   339.0,0.001035,0.001099,-0.012786,0.000557,  16.959
   340.0,0.001018,0.001092,-0.012854,0.000532,  16.956
   341.0,0.001025,0.001093,-0.013084,0.000571,  16.957
   342.0,0.001030,0.001101,-0.012911,0.000546,  16.958
   343.0,0.001022,0.001099,-0.012988,0.000571,  16.957
   344.0,0.001027,0.001106,-0.012969,0.000581,  16.960
   345.0,0.001027,0.001094,-0.013026,0.000581,  16.958
   346.0,0.001027,0.001088,-0.012950,0.000609,  16.962
   347.0,0.001023,0.001091,-0.013017,0.000609,  16.960
   348.0,0.001033,0.001103,-0.012978,0.000623,  16.962
   349.0,0.001033,0.001079,-0.013036,0.000609,  16.960
   350.0,0.001041,0.001086,-0.012892,0.000595,  16.958
   351.0,0.001024,0.001079,-0.012863,0.000634,  16.960
   352.0,0.001020,0.001089,-0.013179,0.000567,  16.960
   353.0,0.001013,0.001078,-0.013036,0.000595,  16.963
   354.0,0.001022,0.001080,-0.012940,0.000567,  16.963
   355.0,0.001029,0.001070,-0.012882,0.000543,  16.961
   356.0,0.001031,0.001076,-0.012930,0.000518,  16.961
   357.0,0.001024,0.001071,-0.012940,0.000543,  16.958
   358.0,0.001028,0.001056,-0.012988,0.000543,  16.959
   359.0,0.001031,0.001087,-0.013055,0.000595,  16.960
   360.0,0.001023,0.001094,-0.013036,0.000581,  16.955
   361.0,0.001030,0.001085,-0.012873,0.000543,  16.955
   362.0,0.000000,0.001091,-0.013036,0.000000,  16.954
   363.0,0.000000,0.000000,0.000000,0.000000,  16.953
   364.0,0.000000,0.000000,0.000000,0.000000,  16.957
   365.0,0.000008,0.000000,0.000000,0.000000,  16.955
   366.0,0.000008,0.000000,0.000000,0.000000,  16.954
   367.0,0.000004,-0.000026,0.000019,-0.000060,  16.955
   368.0,-0.000001,-0.000025,-0.000067,-0.000036,  16.952
   369.0,-0.000001,-0.000016,-0.000096,-0.000074,  16.954
   370.0,0.000013,-0.000014,-0.000134,-0.000046,  16.952
   371.0,0.000008,-0.000023,-0.000096,-0.000074,  16.949
   372.0,-0.000007,-0.000022,-0.000048,-0.000022,  16.952
   373.0,-0.000012,-0.000027,-0.000230,0.000028,  16.950
   374.0,-0.000015,-0.000030,-0.000517,-0.000036,  16.948
   375.0,-0.000020,-0.000029,-0.000287,-0.000074,  16.955
   376.0,-0.000020,-0.000029,-0.000316,-0.000088,  16.953
   377.0,-0.000020,-0.000031,-0.000249,-0.000113,  16.949
   378.0,-0.000012,-0.000039,-0.000201,-0.000074,  16.954
   379.0,-0.000020,-0.000040,-0.000191,-0.000064,  16.955
   380.0,-0.000008,-0.000031,-0.000364,0.000003,  16.954
   381.0,-0.000008,-0.000024,-0.000297,-0.000060,  16.954
   382.0,-0.000008,-0.000041,-0.000239,-0.000050,  16.963
   383.0,-0.000007,-0.000037,-0.000498,-0.000036,  16.962
   384.0,-0.000011,-0.000034,-0.000316,-0.000022,  16.965
   385.0,-0.000011,-0.000039,-0.001311,-0.000060,  16.967
   386.0,-0.000001,-0.000043,-0.000976,-0.000022,  16.968
   387.0,-0.000015,-0.000045,-0.000393,-0.000074,  16.974
   388.0,-0.000007,-0.000037,-0.000297,-0.000050,  16.977
   389.0,-0.000005,-0.000024,-0.000383,-0.000074,  16.972
   390.0,0.000007,-0.000021,-0.001893,-0.000099,  16.979
   391.0,-0.000008,-0.000015,-0.000555,-0.000060,  16.980
   392.0,-0.000008,-0.000019,-0.000460,-0.000050,  16.982
   393.0,-0.000004,-0.000017,-0.000106,-0.000036,  16.985
   394.0,-0.000005,-0.000009,-0.000115,-0.000022,  16.980
   395.0,-0.000005,-0.000012,-0.000000,-0.000050,  16.985
   396.0,-0.000005,-0.000011,-0.000019,-0.000099,  16.981
   397.0,0.000003,-0.000017,-0.000096,-0.000046,  16.985
   398.0,0.000011,-0.000021,0.000019,-0.000060,  16.985
   399.0,0.000007,-0.000011,0.000038,-0.000046,  16.986
   400.0,-0.000010,-0.000011,0.000086,-0.000036,  16.984
   401.0,-0.000001,-0.000009,0.000077,-0.000050,  16.985
   402.0,0.000003,-0.000009,0.000057,-0.000050,  16.981
   403.0,0.000006,-0.000018,0.000009,-0.000022,  16.983
   404.0,0.000006,-0.000005,0.000144,-0.000036,  16.983
   405.0,0.000006,0.000001,0.000153,-0.000011,  16.984
   406.0,0.000015,-0.000011,0.000057,-0.000036,  16.978
   407.0,0.000018,-0.000001,0.000134,0.000003,  16.979
   408.0,0.000006,-0.000002,0.000115,-0.000088,  16.976
   409.0,0.000011,0.000000,0.000191,-0.000036,  16.976
   410.0,0.000033,0.000006,0.000249,-0.000099,  16.975
   411.0,0.000018,-0.000010,0.000383,-0.000036,  16.973
   412.0,0.000020,-0.000001,0.000345,-0.000050,  16.973
   413.0,0.000031,0.000004,0.000479,-0.000022,  16.976
   414.0,0.000032,0.000003,0.000431,-0.000022,  16.972
   415.0,0.000039,0.000010,0.000622,-0.000022,  16.973
   416.0,0.000029,0.000008,0.000622,-0.000060,  16.970
   417.0,0.000043,0.000016,0.000737,-0.000036,  16.966
   418.0,0.000050,0.000021,0.000901,-0.000022,  16.968
   419.0,0.000060,0.000022,0.001102,-0.000050,  16.962
   420.0,0.000073,0.000054,0.001313,-0.000060,  16.962
   421.0,0.000080,0.000059,0.001312,-0.000085,  16.961
   422.0,0.000103,0.000073,0.001687,-0.000085,  16.960
   423.0,0.000121,0.000104,0.001841,-0.000060,  16.956
   424.0,0.000138,0.000125,0.002205,-0.000036,  16.957
   425.0,0.000176,0.000130,0.002735,-0.000050,  16.948
   426.0,0.000213,0.000161,0.003179,-0.000036,  16.947
   427.0,0.000239,0.000196,0.003545,-0.000046,  16.947
   428.0,0.000261,0.000226,0.004018,-0.000060,  16.942
   429.0,0.000300,0.000282,0.004627,-0.000060,  16.936
   430.0,0.000349,0.000326,0.004973,-0.000050,  16.933
   431.0,0.000404,0.000364,0.004088,-0.000074,  16.931
   432.0,0.000452,0.000433,0.005727,-0.000060,  16.921
   433.0,0.000528,0.000493,0.006953,-0.000060,  16.905
   434.0,0.000592,0.000560,0.007888,-0.000022,  16.902
   435.0,0.000625,0.000633,0.008805,-0.000050,  16.889
   436.0,0.000699,0.000717,0.009645,-0.000074,  16.876
   437.0,0.000776,0.000823,0.010496,-0.000022,  16.865
   438.0,0.000860,0.000918,0.011665,-0.000074,  16.849
   439.0,0.000949,0.001045,0.012461,-0.000074,  16.834
   440.0,0.001052,0.001153,0.013724,-0.000074,  16.816
   441.0,0.001129,0.001253,0.013097,-0.000050,  16.791
   442.0,0.001241,0.001361,0.014700,-0.000099,  16.775
   443.0,0.001333,0.001472,0.016851,-0.000022,  16.754
   444.0,0.001429,0.001618,0.018499,0.000003,  16.729
   445.0,0.001536,0.001768,0.019747,-0.000046,  16.709
   446.0,0.001643,0.001898,0.021099,0.000006,  16.682
   447.0,0.001750,0.002050,0.022529,-0.000057,  16.652
   448.0,0.001857,0.002177,0.023833,-0.000019,  16.624
   449.0,0.001964,0.002318,0.025405,-0.000022,  16.592
   450.0,0.002074,0.002427,0.026792,-0.000033,  16.559
   451.0,0.002185,0.002571,0.028437,-0.000033,  16.519
   452.0,0.002270,0.002707,0.030014,-0.000033,  16.483
   453.0,0.002395,0.002839,0.031710,0.000006,  16.446
   454.0,0.002457,0.002958,0.033330,0.000006,  16.403
   455.0,0.002554,0.003084,0.034995,0.000006,  16.361
   456.0,0.002654,0.003199,0.036261,-0.000005,  16.316
   457.0,0.002739,0.003312,0.037842,0.000006,  16.272
   458.0,0.002805,0.003376,0.039795,0.000034,  16.220
   459.0,0.002859,0.003467,0.041261,0.000034,  16.168
   460.0,0.002919,0.003539,0.042779,0.000045,  16.114
   461.0,0.002964,0.003597,0.044045,0.000059,  16.053
   462.0,0.003004,0.003644,0.045051,0.000034,  15.997
   463.0,0.003030,0.003668,0.045818,0.000020,  15.923
   464.0,0.003059,0.003698,0.045984,-0.000043,  15.862
   465.0,0.003082,0.003702,0.046000,-0.000046,  15.789
   466.0,0.003109,0.003688,0.045381,-0.000071,  15.716
   467.0,0.003124,0.003693,0.044363,-0.000019,  15.639
   468.0,0.003140,0.003674,0.042870,-0.000060,  15.558
   469.0,0.003158,0.003641,0.040997,-0.000071,  15.485
   470.0,0.003165,0.003615,0.038920,-0.000071,  15.414
   471.0,0.003179,0.003585,0.036560,-0.000099,  15.348
   472.0,0.003198,0.003556,0.034142,-0.000099,  15.290
   473.0,0.003228,0.003520,0.032294,-0.000102,  15.245
   474.0,0.003246,0.003492,0.030383,-0.000155,  15.210
   475.0,0.003275,0.003461,0.028477,-0.000155,  15.195
   476.0,0.003297,0.003437,0.026908,-0.000091,  15.199
   477.0,0.003331,0.003406,0.025748,-0.000113,  15.218
   478.0,0.003357,0.003374,0.024679,-0.000074,  15.255
   479.0,0.003387,0.003360,0.024378,-0.000088,  15.306
   480.0,0.003428,0.003330,0.024269,-0.000127,  15.384
   481.0,0.003434,0.003316,0.024389,-0.000088,  15.476
   482.0,0.003464,0.003277,0.024673,-0.000113,  15.584
   483.0,0.003505,0.003253,0.025127,-0.000113,  15.711
   484.0,0.003498,0.003230,0.025518,-0.000088,  15.846
   485.0,0.003505,0.003202,0.026241,-0.000127,  15.991
   486.0,0.003544,0.003175,0.027077,-0.000064,  16.140
   487.0,0.003536,0.003134,0.027945,-0.000088,  16.298
   488.0,0.003543,0.003100,0.028680,-0.000050,  16.458
   489.0,0.003537,0.003051,0.029395,-0.000088,  16.626
   490.0,0.003546,0.003021,0.030207,-0.000113,  16.788
   491.0,0.003570,0.002981,0.030841,-0.000046,  16.957
   492.0,0.003553,0.002938,0.031665,-0.000060,  17.124
   493.0,0.003550,0.002893,0.032356,-0.000074,  17.294
   494.0,0.003542,0.002840,0.033161,-0.000050,  17.452
   495.0,0.003531,0.002804,0.033937,-0.000050,  17.611
   496.0,0.003528,0.002749,0.034745,-0.000022,  17.771
   497.0,0.003518,0.002700,0.035460,0.000017,  17.928
   498.0,0.003496,0.002653,0.036272,-0.000036,  18.079
   499.0,0.003462,0.002610,0.036679,-0.000050,  18.227
   500.0,0.003424,0.002553,0.037383,-0.000060,  18.367
   501.0,0.003410,0.002511,0.037654,-0.000085,  18.507
   502.0,0.003370,0.002467,0.037878,-0.000033,  18.637
   503.0,0.003320,0.002417,0.038988,-0.000022,  18.758
   504.0,0.003278,0.002368,0.039714,-0.000071,  18.880
   505.0,0.003235,0.002319,0.040185,-0.000033,  18.987
   506.0,0.003194,0.002267,0.040637,-0.000046,  19.089
   507.0,0.003155,0.002221,0.040825,-0.000085,  19.182
   508.0,0.003113,0.002159,0.041135,-0.000046,  19.264
   509.0,0.003068,0.002112,0.041303,-0.000022,  19.339
   510.0,0.003017,0.002076,0.037712,0.000031,  19.404
   511.0,0.002977,0.002029,0.039992,0.000003,  19.462
   512.0,0.002949,0.001989,0.040453,-0.000022,  19.516
   513.0,0.002887,0.001935,0.040834,-0.000046,  19.553
   514.0,0.002843,0.001894,0.040861,-0.000046,  19.582
   515.0,0.002802,0.001862,0.040525,-0.000019,  19.606
   516.0,0.002747,0.001820,0.040285,-0.000046,  19.620
   517.0,0.002706,0.001775,0.039989,-0.000046,  19.628
   518.0,0.002679,0.001753,0.039529,-0.000022,  19.630
   519.0,0.002618,0.001727,0.039080,-0.000022,  19.620
   520.0,0.002598,0.001695,0.038490,-0.000071,  19.610
   521.0,0.002552,0.001668,0.037827,-0.000008,  19.597
   522.0,0.002516,0.001629,0.037177,-0.000036,  19.577
   523.0,0.002471,0.001608,0.037020,-0.000022,  19.556
   524.0,0.002445,0.001568,0.036393,-0.000050,  19.531
   525.0,0.002404,0.001539,0.035970,-0.000074,  19.495
   526.0,0.002362,0.001512,0.035260,-0.000074,  19.467
   527.0,0.002342,0.001482,0.034668,-0.000060,  19.432
   528.0,0.002307,0.001471,0.034140,-0.000085,  19.396
   529.0,0.002282,0.001441,0.033443,-0.000071,  19.362
   530.0,0.002249,0.001423,0.032886,-0.000099,  19.325
   531.0,0.002234,0.001405,0.032518,-0.000060,  19.289
   532.0,0.002203,0.001380,0.031961,-0.000036,  19.244
   533.0,0.002168,0.001354,0.031710,-0.000088,  19.207
   534.0,0.002146,0.001341,0.031203,-0.000050,  19.162
   535.0,0.002120,0.001328,0.030679,-0.000060,  19.123
   536.0,0.002090,0.001313,0.030104,-0.000127,  19.085
   537.0,0.002064,0.001290,0.029735,-0.000064,  19.044
   538.0,0.002042,0.001264,0.029264,-0.000088,  19.005
   539.0,0.002027,0.001262,0.028814,-0.000088,  18.963
   540.0,0.002002,0.001241,0.028176,-0.000064,  18.927
   541.0,0.001999,0.001227,0.027748,-0.000113,  18.890
   542.0,0.001968,0.001226,0.027567,-0.000102,  18.853
   543.0,0.001946,0.001196,0.027150,-0.000078,  18.813
   544.0,0.001935,0.001172,0.026846,-0.000127,  18.780
   545.0,0.001929,0.001177,0.026389,-0.000074,  18.745
   546.0,0.001919,0.001153,0.024961,-0.000074,  18.708
   547.0,0.001887,0.001148,0.024824,-0.000099,  18.671
   548.0,0.001869,0.001144,0.025073,-0.000113,  18.643
   549.0,0.001863,0.001128,0.024510,-0.000113,  18.602
   550.0,0.001843,0.001133,0.024393,-0.000085,  18.569
   551.0,0.001832,0.001109,0.024234,-0.000088,  18.531
   552.0,0.001813,0.001101,0.024014,-0.000127,  18.506
   553.0,0.001813,0.001101,0.023421,-0.000064,  18.473
   554.0,0.001802,0.001091,0.023272,-0.000064,  18.441
   555.0,0.001796,0.001091,0.022906,0.000014,  18.415
   556.0,0.001780,0.001072,0.022942,-0.000039,  18.383
   557.0,0.001778,0.001069,0.022864,-0.000050,  18.357
   558.0,0.001786,0.001066,0.022551,-0.000127,  18.325
   559.0,0.001754,0.001049,0.022105,-0.000102,  18.300
   560.0,0.001760,0.001043,0.022046,-0.000088,  18.273
   561.0,0.001744,0.001040,0.021854,-0.000088,  18.245
   562.0,0.001729,0.001034,0.021847,-0.000060,  18.219
   563.0,0.001733,0.001032,0.021524,-0.000099,  18.195
   564.0,0.001715,0.001023,0.021323,-0.000074,  18.172
   565.0,0.001708,0.001015,0.021122,-0.000064,  18.144
   566.0,0.001688,0.000997,0.020585,-0.000074,  18.116
   567.0,0.001684,0.000999,0.020598,-0.000113,  18.095
   568.0,0.001685,0.000989,0.020499,-0.000113,  18.065
   569.0,0.001688,0.000993,0.020298,-0.000046,  18.047
   570.0,0.001662,0.000983,0.020525,-0.000088,  18.020
   571.0,0.001674,0.000976,0.020191,-0.000102,  18.002
   572.0,0.001666,0.000978,0.019898,-0.000088,  17.972
   573.0,0.001663,0.000973,0.019666,-0.000074,  17.950
   574.0,0.001668,0.000967,0.019548,-0.000113,  17.929
   575.0,0.001659,0.000950,0.019417,-0.000074,  17.907
   576.0,0.001660,0.000974,0.019369,-0.000102,  17.892
   577.0,0.001668,0.000964,0.019248,-0.000088,  17.866
   578.0,0.001644,0.000962,0.019108,-0.000050,  17.851
   579.0,0.001652,0.000960,0.018936,-0.000099,  17.832
   580.0,0.001644,0.000948,0.018958,-0.000088,  17.811
   581.0,0.001641,0.000947,0.018919,-0.000050,  17.790
   582.0,0.001638,0.000951,0.018799,-0.000088,  17.776
   583.0,0.001629,0.000953,0.018608,-0.000064,  17.757
   584.0,0.001638,0.000933,0.018538,-0.000074,  17.738
   585.0,0.001625,0.000933,0.018579,-0.000113,  17.723
   586.0,0.001614,0.000935,0.018490,-0.000102,  17.709
   587.0,0.001619,0.000934,0.018167,-0.000127,  17.690
   588.0,0.001622,0.000937,0.017524,-0.000113,  17.674
   589.0,0.001630,0.000928,0.017937,-0.000064,  17.663
   590.0,0.001650,0.000934,0.018017,0.000000,  17.653
   591.0,0.001638,0.000940,0.017937,-0.000091,  17.639
   592.0,0.001641,0.000943,0.018231,-0.000078,  17.623
   593.0,0.001640,0.000943,0.018041,-0.000113,  17.607
   594.0,0.001640,0.000943,0.018040,-0.000113,  17.600
   595.0,0.001640,0.000936,0.018030,-0.000099,  17.582
   596.0,0.001651,0.000943,0.017808,-0.000060,  17.570
   597.0,0.001651,0.000931,0.017546,-0.000060,  17.560
   598.0,0.001660,0.000939,0.017708,-0.000088,  17.548
   599.0,0.001651,0.000936,0.017789,-0.000088,  17.530
   600.0,0.001663,0.000938,0.017951,-0.000102,  17.514
   601.0,0.001662,0.000952,0.017870,-0.000088,  17.502
   602.0,0.001651,0.000943,0.017628,-0.000088,  17.493
   603.0,0.001668,0.000947,0.017840,-0.000074,  17.477
   604.0,0.001683,0.000952,0.017891,-0.000074,  17.464
   605.0,0.001670,0.000948,0.017881,-0.000074,  17.456
   606.0,0.001689,0.000956,0.017801,-0.000099,  17.444
   607.0,0.001684,0.000955,0.017518,-0.000085,  17.431
   608.0,0.001689,0.000954,0.017670,-0.000088,  17.423
   609.0,0.001693,0.000960,0.017580,-0.000050,  17.415
   610.0,0.001693,0.000960,0.014575,-0.000050,  17.399
   611.0,0.001712,0.000959,0.016464,-0.000064,  17.392
   612.0,0.001711,0.000958,0.017057,-0.000064,  17.380
   613.0,0.001710,0.000958,0.017479,-0.000102,  17.372
   614.0,0.001722,0.000973,0.017710,-0.000099,  17.366
   615.0,0.001718,0.000967,0.017892,-0.000071,  17.356
   616.0,0.001726,0.000970,0.017881,-0.000085,  17.346
   617.0,0.001747,0.000973,0.017761,-0.000071,  17.342
   618.0,0.001753,0.000968,0.017861,-0.000127,  17.328
   619.0,0.001760,0.000979,0.015254,-0.000074,  17.326
   620.0,0.001767,0.000986,0.017156,-0.000127,  17.318
   621.0,0.001765,0.000986,0.017578,-0.000088,  17.313
   622.0,0.001774,0.000988,0.017808,-0.000099,  17.303
   623.0,0.001777,0.000986,0.017635,-0.000099,  17.299
   624.0,0.001818,0.000996,0.017787,-0.000074,  17.291
   625.0,0.001819,0.001002,0.018028,-0.000099,  17.284
   626.0,0.001818,0.001003,0.018169,-0.000113,  17.279
   627.0,0.001827,0.001004,0.018189,-0.000088,  17.276
   628.0,0.001850,0.001027,0.018157,-0.000074,  17.267
   629.0,0.001846,0.001034,0.018429,-0.000074,  17.265
   630.0,0.001853,0.001028,0.018500,-0.000099,  17.249
   631.0,0.001870,0.001042,0.018540,-0.000050,  17.245
   632.0,0.001872,0.001046,0.018367,-0.000099,  17.237
   633.0,0.001878,0.001047,0.018560,-0.000099,  17.229
   634.0,0.001876,0.001061,0.018599,-0.000099,  17.226
   635.0,0.001896,0.001058,0.018658,-0.000036,  17.223
   636.0,0.001898,0.001063,0.018718,-0.000088,  17.212
   637.0,0.001920,0.001065,0.018575,-0.000050,  17.210
   638.0,0.001930,0.001070,0.018829,-0.000074,  17.198
   639.0,0.001952,0.001074,0.018878,-0.000050,  17.198
   640.0,0.001946,0.001078,0.018979,-0.000074,  17.192
   641.0,0.001973,0.001099,0.019059,-0.000036,  17.186
   642.0,0.001968,0.001099,0.019118,-0.000074,  17.180
   643.0,0.001984,0.001109,0.019177,-0.000099,  17.172
   644.0,0.001994,0.001120,0.019228,-0.000050,  17.164
   645.0,0.001998,0.001117,0.019377,-0.000050,  17.163
   646.0,0.002021,0.001123,0.019457,-0.000099,  17.158
   647.0,0.002020,0.001135,0.019457,-0.000050,  17.156
   648.0,0.002039,0.001143,0.019496,-0.000088,  17.149
   649.0,0.002054,0.001139,0.019504,-0.000127,  17.138
   650.0,0.002053,0.001143,0.019777,-0.000050,  17.140
   651.0,0.002069,0.001136,0.019727,-0.000088,  17.133
   652.0,0.002092,0.001154,0.019939,-0.000113,  17.131
   653.0,0.002099,0.001177,0.017214,-0.000085,  17.127
   654.0,0.002122,0.001166,0.019106,-0.000099,  17.123
   655.0,0.002138,0.001184,0.019773,-0.000050,  17.118
   656.0,0.002147,0.001190,0.020189,-0.000088,  17.114
   657.0,0.002159,0.001201,0.020054,-0.000088,  17.108
   658.0,0.002174,0.001203,0.020113,-0.000050,  17.102
   659.0,0.002193,0.001207,0.020408,-0.000074,  17.099
   660.0,0.002192,0.001202,0.020579,-0.000099,  17.095
   661.0,0.002202,0.001205,0.020557,-0.000074,  17.090
   662.0,0.002230,0.001230,0.020779,-0.000050,  17.092
   663.0,0.002240,0.001235,0.020891,-0.000099,  17.084
   664.0,0.002246,0.001252,0.021022,-0.000050,  17.082
   665.0,0.002271,0.001255,0.021153,-0.000050,  17.082
   666.0,0.002278,0.001264,0.021292,-0.000050,  17.082
   667.0,0.002316,0.001262,0.021394,-0.000088,  17.075
   668.0,0.002295,0.001267,0.021637,-0.000074,  17.077
   669.0,0.002314,0.001268,0.021534,-0.000074,  17.077
   670.0,0.002334,0.001281,0.021645,-0.000036,  17.075
   671.0,0.002347,0.001284,0.021582,-0.000060,  17.075
   672.0,0.002361,0.001281,0.021652,-0.000060,  17.070
   673.0,0.002377,0.001292,0.021865,-0.000113,  17.070
   674.0,0.002395,0.001310,0.021995,-0.000074,  17.071
   675.0,0.002394,0.001309,0.022249,-0.000064,  17.068
   676.0,0.002425,0.001331,0.022349,-0.000050,  17.066
   677.0,0.002435,0.001331,0.022296,-0.000078,  17.062
   678.0,0.002443,0.001333,0.022519,-0.000088,  17.059
   679.0,0.002462,0.001346,0.021896,-0.000074,  17.055
   680.0,0.002473,0.001356,0.020542,-0.000064,  17.053
   681.0,0.002503,0.001351,0.022117,-0.000127,  17.047
   682.0,0.002513,0.001376,0.022698,-0.000088,  17.049
   683.0,0.002532,0.001393,0.023023,-0.000078,  17.047
   684.0,0.002547,0.001399,0.023194,-0.000064,  17.043
   685.0,0.002573,0.001409,0.023295,-0.000088,  17.038
   686.0,0.002587,0.001413,0.023394,-0.000074,  17.036
   687.0,0.002606,0.001432,0.023658,-0.000099,  17.032
   688.0,0.002629,0.001440,0.023871,-0.000036,  17.028
   689.0,0.002632,0.001449,0.023971,-0.000074,  17.026
   690.0,0.002650,0.001452,0.024041,-0.000085,  17.021
   691.0,0.002672,0.001458,0.024142,-0.000099,  17.017
   692.0,0.002700,0.001475,0.024282,-0.000099,  17.015
   693.0,0.002709,0.001482,0.024455,-0.000099,  17.015
   694.0,0.002736,0.001481,0.024711,-0.000060,  17.012
   695.0,0.002746,0.001492,0.024822,-0.000060,  17.014
   696.0,0.002756,0.001505,0.024860,-0.000050,  17.007
   697.0,0.002784,0.001516,0.025145,-0.000064,  17.009
   698.0,0.002794,0.001532,0.025206,-0.000102,  17.003
   699.0,0.002813,0.001535,0.025379,-0.000088,  17.002
   700.0,0.002828,0.001538,0.025367,-0.000074,  16.998
   701.0,0.002850,0.001554,0.025353,-0.000113,  17.001
   702.0,0.002868,0.001564,0.025733,-0.000099,  17.005
   703.0,0.002883,0.001584,0.025928,-0.000099,  17.002
   704.0,0.002909,0.001583,0.026131,-0.000085,  17.004
   705.0,0.002932,0.001591,0.026263,-0.000085,  17.004
   706.0,0.002950,0.001603,0.026435,-0.000071,  16.997
   707.0,0.002960,0.001617,0.026390,-0.000085,  16.998
   708.0,0.002987,0.001636,0.026615,-0.000085,  16.995
   709.0,0.003005,0.001643,0.026810,-0.000074,  16.997
   710.0,0.003008,0.001644,0.026911,-0.000088,  16.997
   711.0,0.003047,0.001655,0.027189,-0.000074,  16.997
   712.0,0.003062,0.001665,0.027435,-0.000113,  16.992
   713.0,0.003078,0.001667,0.027370,-0.000113,  16.989
   714.0,0.003102,0.001684,0.027512,-0.000113,  16.991
   715.0,0.003116,0.001689,0.027602,-0.000074,  16.993
   716.0,0.003143,0.001711,0.027922,-0.000113,  16.992
   717.0,0.003157,0.001725,0.028126,-0.000099,  16.986
   718.0,0.003175,0.001726,0.028321,-0.000127,  16.989
   719.0,0.003210,0.001740,0.028463,-0.000099,  16.992
   720.0,0.003233,0.001742,0.028459,-0.000074,  16.990
   721.0,0.003259,0.001761,0.028831,-0.000060,  16.992
   722.0,0.003264,0.001778,0.028960,-0.000099,  16.992
   723.0,0.003275,0.001791,0.029102,-0.000085,  16.992
   724.0,0.003306,0.001796,0.029140,-0.000099,  16.992
   725.0,0.003323,0.001807,0.029574,-0.000085,  16.993
   726.0,0.003346,0.001816,0.029741,-0.000050,  16.992
   727.0,0.003384,0.001834,0.029779,-0.000060,  16.992
   728.0,0.003390,0.001835,0.029879,-0.000074,  16.989
   729.0,0.003408,0.001842,0.030076,-0.000088,  16.992
   730.0,0.003431,0.001859,0.030333,-0.000088,  16.982
   731.0,0.003445,0.001870,0.030465,-0.000050,  16.982
   732.0,0.003469,0.001894,0.030600,-0.000074,  16.984
   733.0,0.003495,0.001907,0.030961,-0.000074,  16.983
   734.0,0.003517,0.001899,0.031159,-0.000050,  16.979
   735.0,0.003551,0.001917,0.031344,-0.000088,  16.981
   736.0,0.003577,0.001932,0.031371,-0.000099,  16.977
   737.0,0.003591,0.001940,0.031577,-0.000088,  16.978
   738.0,0.003625,0.001967,0.031678,-0.000088,  16.981
   739.0,0.003635,0.001982,0.032083,-0.000088,  16.981
   740.0,0.003670,0.001986,0.032183,-0.000113,  16.978
   741.0,0.003696,0.002011,0.032169,-0.000099,  16.979
   742.0,0.003706,0.002023,0.032743,-0.000074,  16.977
   743.0,0.003744,0.002042,0.032845,-0.000099,  16.975
   744.0,0.003774,0.002043,0.033094,-0.000074,  16.975
   745.0,0.003791,0.002061,0.033195,-0.000060,  16.969
   746.0,0.003818,0.002055,0.033509,-0.000127,  16.975
   747.0,0.003844,0.002074,0.033641,-0.000074,  16.974
   748.0,0.003854,0.002077,0.033772,-0.000060,  16.976
   749.0,0.003868,0.002109,0.033887,-0.000085,  16.976
   750.0,0.003894,0.002113,0.034620,-0.000033,  16.976
   751.0,0.003928,0.002121,0.034628,-0.000060,  16.979
   752.0,0.003942,0.002137,0.034709,-0.000022,  16.976
   753.0,0.003953,0.002132,0.034822,-0.000088,  16.983
   754.0,0.003991,0.002154,0.034998,-0.000127,  16.984
   755.0,0.004026,0.002169,0.035088,-0.000088,  16.981
   756.0,0.004055,0.002182,0.035392,-0.000088,  16.978
   757.0,0.004065,0.002205,0.035632,-0.000127,  16.980
   758.0,0.004086,0.002207,0.035849,-0.000088,  16.982
   759.0,0.004122,0.002221,0.036109,-0.000088,  16.976
   760.0,0.004152,0.002225,0.036083,-0.000127,  16.977
   761.0,0.004178,0.002239,0.036376,-0.000078,  16.972
   762.0,0.004207,0.002253,0.036639,-0.000050,  16.976
   763.0,0.004237,0.002276,0.036387,-0.000088,  16.974
   764.0,0.004254,0.002296,0.036968,-0.000113,  16.976
   765.0,0.004285,0.002306,0.037306,-0.000088,  16.973
   766.0,0.004295,0.002319,0.037524,-0.000050,  16.971
   767.0,0.004325,0.002319,0.037797,-0.000074,  16.969
   768.0,0.004339,0.002346,0.037706,-0.000099,  16.968
   769.0,0.004372,0.002361,0.038085,-0.000060,  16.968
   770.0,0.004415,0.002375,0.038349,-0.000099,  16.968
   771.0,0.004433,0.002389,0.038653,-0.000074,  16.972
   772.0,0.004450,0.002398,0.037180,-0.000074,  16.971
   773.0,0.004485,0.002413,0.037792,-0.000099,  16.970
   774.0,0.004518,0.002436,0.038864,-0.000050,  16.970
   775.0,0.004540,0.002443,0.039338,-0.000050,  16.968
   776.0,0.004561,0.002469,0.039571,-0.000050,  16.967
   777.0,0.004577,0.002468,0.039929,-0.000050,  16.968
   778.0,0.004616,0.002484,0.040171,-0.000036,  16.962
   779.0,0.004645,0.002499,0.040349,-0.000064,  16.964
   780.0,0.004670,0.002523,0.040624,-0.000074,  16.957
   781.0,0.004705,0.002536,0.040746,-0.000099,  16.960
   782.0,0.004727,0.002547,0.040991,-0.000088,  16.960
   783.0,0.004749,0.002554,0.041220,-0.000064,  16.955
   784.0,0.004783,0.002565,0.041419,-0.000102,  16.952
   785.0,0.004809,0.002584,0.040083,-0.000074,  16.949
   786.0,0.004831,0.002607,0.041203,-0.000127,  16.953
   787.0,0.004874,0.002625,0.041814,-0.000064,  16.955
   788.0,0.004899,0.002631,0.042306,-0.000088,  16.953
   789.0,0.004920,0.002631,0.042372,-0.000113,  16.954
   790.0,0.004946,0.002649,0.042714,-0.000050,  16.950
   791.0,0.004979,0.002676,0.043000,-0.000113,  16.952
   792.0,0.005005,0.002699,0.043350,-0.000099,  16.948
   793.0,0.005044,0.002710,0.043681,-0.000138,  16.950
   794.0,0.005070,0.002736,0.044304,-0.000102,  16.950
   795.0,0.005102,0.002737,0.044220,-0.000127,  16.950
   796.0,0.005124,0.002754,0.044387,-0.000088,  16.949
   797.0,0.005163,0.002779,0.044632,-0.000099,  16.951
   798.0,0.005188,0.002790,0.044973,-0.000088,  16.953
   799.0,0.005217,0.002794,0.045073,-0.000078,  16.948
   800.0,0.005240,0.002825,0.045436,-0.000127,  16.953
   801.0,0.005261,0.002841,0.045691,-0.000074,  16.953
   802.0,0.005287,0.002853,0.045993,-0.000088,  16.951
   803.0,0.005320,0.002869,0.046215,-0.000085,  16.947
   804.0,0.005355,0.002878,0.046253,-0.000099,  16.948
   805.0,0.005389,0.002895,0.046641,-0.000127,  16.948
   806.0,0.005411,0.002910,0.046963,-0.000064,  16.950
   807.0,0.005445,0.002919,0.047219,-0.000060,  16.948
   808.0,0.005471,0.002949,0.047188,-0.000113,  16.946
   809.0,0.005505,0.002957,0.047544,-0.000088,  16.949
   810.0,0.005539,0.002985,0.047843,-0.000050,  16.952
   811.0,0.005573,0.002997,0.048111,-0.000099,  16.949
   812.0,0.005594,0.002996,0.047065,-0.000074,  16.955
   813.0,0.005615,0.003012,0.048011,-0.000113,  16.955
   814.0,0.005645,0.003031,0.048598,-0.000036,  16.951
   815.0,0.005658,0.003049,0.048988,-0.000088,  16.951
   816.0,0.005701,0.003064,0.049224,-0.000074,  16.950
   817.0,0.005731,0.003075,0.049314,-0.000088,  16.945
   818.0,0.005757,0.003103,0.049690,-0.000088,  16.948
   819.0,0.005790,0.003110,0.049993,-0.000074,  16.952
   820.0,0.005816,0.003123,0.050339,-0.000074,  16.950
   821.0,0.005854,0.003143,0.050423,-0.000127,  16.950
   822.0,0.005894,0.003163,0.050671,-0.000102,  16.949
   823.0,0.005908,0.003177,0.050850,-0.000113,  16.943
   824.0,0.005954,0.003191,0.051142,-0.000127,  16.941
   825.0,0.005984,0.003210,0.051532,-0.000113,  16.944
   826.0,0.006005,0.003231,0.051839,-0.000113,  16.940
   827.0,0.006034,0.003251,0.052049,-0.000127,  16.942
   828.0,0.006053,0.003251,0.052551,-0.000102,  16.942
   829.0,0.006095,0.003283,0.052721,-0.000141,  16.946
   830.0,0.006116,0.003300,0.052925,-0.000113,  16.942
   831.0,0.006149,0.003308,0.052972,-0.000088,  16.939
   832.0,0.006200,0.003337,0.053312,-0.000074,  16.944
   833.0,0.006233,0.003338,0.053491,-0.000088,  16.944
   834.0,0.006268,0.003350,0.053951,-0.000088,  16.945
   835.0,0.006311,0.003373,0.054335,-0.000127,  16.946
   836.0,0.006344,0.003398,0.054549,-0.000088,  16.945
   837.0,0.006360,0.003409,0.054717,-0.000074,  16.945
   838.0,0.006397,0.003443,0.054922,-0.000113,  16.948
   839.0,0.006419,0.003463,0.054065,-0.000074,  16.942
   840.0,0.006465,0.003477,0.054963,-0.000113,  16.948
   841.0,0.006494,0.003492,0.055335,-0.000102,  16.947
   842.0,0.006544,0.003500,0.056098,-0.000064,  16.949
   843.0,0.006574,0.003524,0.054392,-0.000127,  16.944
   844.0,0.006590,0.003544,0.056134,-0.000064,  16.945
   845.0,0.006632,0.003555,0.056799,-0.000113,  16.946
   846.0,0.006666,0.003575,0.057332,-0.000127,  16.944
   847.0,0.006695,0.003583,0.057463,-0.000102,  16.943
   848.0,0.006749,0.003611,0.057875,-0.000127,  16.941
   849.0,0.006774,0.003642,0.058306,-0.000088,  16.944
   850.0,0.006816,0.003652,0.058612,-0.000102,  16.940
   851.0,0.006857,0.003676,0.058853,-0.000127,  16.945
   852.0,0.006891,0.003697,0.059225,-0.000102,  16.944
   853.0,0.006921,0.003713,0.059567,-0.000050,  16.943
   854.0,0.006942,0.003724,0.059931,-0.000050,  16.946
   855.0,0.006988,0.003747,0.060125,-0.000064,  16.943
   856.0,0.007039,0.003770,0.060138,-0.000099,  16.948
   857.0,0.007067,0.003782,0.060757,-0.000113,  16.946
   858.0,0.007101,0.003799,0.061169,-0.000088,  16.950
   859.0,0.007122,0.003820,0.061442,-0.000113,  16.950
   860.0,0.007164,0.003837,0.061716,-0.000113,  16.947
   861.0,0.007193,0.003857,0.061865,-0.000060,  16.951
   862.0,0.007235,0.003884,0.062287,-0.000064,  16.947
   863.0,0.007260,0.003892,0.062818,-0.000046,  16.950
   864.0,0.007290,0.003935,0.062830,-0.000071,  16.951
   865.0,0.007323,0.003945,0.063095,-0.000057,  16.949
   866.0,0.007352,0.003957,0.063310,-0.000060,  16.949
   867.0,0.007386,0.003974,0.063668,-0.000074,  16.952
   868.0,0.007428,0.003989,0.063861,-0.000060,  16.951
   869.0,0.007458,0.003996,0.064263,-0.000060,  16.951
   870.0,0.007491,0.004031,0.064552,-0.000022,  16.952
   871.0,0.007532,0.004044,0.064955,-0.000036,  16.951
   872.0,0.007577,0.004057,0.065256,-0.000074,  16.952
   873.0,0.007609,0.004074,0.065517,-0.000074,  16.950
   874.0,0.007640,0.004099,0.065781,-0.000074,  16.948
   875.0,0.007676,0.004109,0.066105,-0.000099,  16.949
   876.0,0.007717,0.004122,0.066580,-0.000085,  16.946
   877.0,0.007751,0.004144,0.066742,-0.000074,  16.946
   878.0,0.007760,0.004162,0.066985,-0.000088,  16.949
   879.0,0.007806,0.004177,0.066949,-0.000064,  16.946
   880.0,0.007852,0.004203,0.067835,-0.000113,  16.947
   881.0,0.007893,0.004215,0.067834,-0.000127,  16.947
   882.0,0.007927,0.004241,0.067974,-0.000064,  16.945
   883.0,0.007957,0.004277,0.068431,-0.000088,  16.946
   884.0,0.007990,0.004305,0.068752,-0.000113,  16.950
   885.0,0.008028,0.004303,0.069123,-0.000074,  16.948
   886.0,0.008060,0.004317,0.069469,-0.000088,  16.948
   887.0,0.008090,0.004335,0.069704,-0.000050,  16.947
   888.0,0.008129,0.004361,0.070037,-0.000074,  16.941
   889.0,0.008170,0.004386,0.070275,-0.000099,  16.943
   890.0,0.008199,0.004403,0.070719,-0.000074,  16.940
   891.0,0.008237,0.004428,0.070905,-0.000099,  16.943
   892.0,0.008270,0.004443,0.071020,-0.000088,  16.944
   893.0,0.008311,0.004453,0.071322,-0.000099,  16.944
   894.0,0.008358,0.004471,0.071629,-0.000099,  16.939
   895.0,0.008387,0.004493,0.072133,-0.000022,  16.937
   896.0,0.008421,0.004513,0.072472,-0.000085,  16.944
   897.0,0.008450,0.004529,0.072568,-0.000110,  16.944
   898.0,0.008484,0.004540,0.072777,-0.000113,  16.942
   899.0,0.008522,0.004557,0.072905,-0.000127,  16.950
   900.0,0.008539,0.004577,0.073499,-0.000127,  16.940
   901.0,0.008585,0.004594,0.073830,-0.000113,  16.942
   902.0,0.008627,0.004609,0.074426,-0.000099,  16.944
   903.0,0.008661,0.004626,0.074577,-0.000113,  16.941
   904.0,0.008694,0.004646,0.074787,-0.000113,  16.943
   905.0,0.008721,0.004668,0.075034,-0.000113,  16.940
   906.0,0.008755,0.004688,0.075673,-0.000099,  16.942
   907.0,0.008789,0.004709,0.075792,-0.000113,  16.935
   908.0,0.008822,0.004713,0.076007,-0.000099,  16.940
   909.0,0.008863,0.004738,0.076235,-0.000127,  16.938
   910.0,0.008897,0.004756,0.076590,-0.000099,  16.939
   911.0,0.008938,0.004781,0.076933,-0.000113,  16.935
   912.0,0.008972,0.004794,0.077239,-0.000074,  16.941
   913.0,0.009027,0.004820,0.077555,-0.000099,  16.941
   914.0,0.009047,0.004845,0.077830,-0.000074,  16.939
   915.0,0.009080,0.004867,0.078064,-0.000113,  16.945
   916.0,0.009114,0.004881,0.078444,-0.000074,  16.941
   917.0,0.009148,0.004897,0.078683,-0.000113,  16.940
   918.0,0.009181,0.004923,0.079031,-0.000099,  16.942
   919.0,0.009217,0.004938,0.079316,-0.000085,  16.943
   920.0,0.009263,0.004959,0.079638,-0.000074,  16.942
   921.0,0.009293,0.004977,0.080046,-0.000127,  16.940
   922.0,0.009327,0.004995,0.080438,-0.000113,  16.945
   923.0,0.009373,0.005019,0.080650,-0.000138,  16.942
   924.0,0.009432,0.005034,0.080986,-0.000124,  16.948
   925.0,0.009464,0.005063,0.081259,-0.000088,  16.944
   926.0,0.009508,0.005081,0.081715,-0.000127,  16.946
   927.0,0.009521,0.005098,0.082085,-0.000074,  16.948
   928.0,0.009563,0.005117,0.082225,-0.000088,  16.948
   929.0,0.009609,0.005150,0.082612,-0.000099,  16.946
   930.0,0.009635,0.005170,0.082895,-0.000088,  16.948
   931.0,0.009681,0.005197,0.083201,-0.000088,  16.950
   932.0,0.009711,0.005222,0.083785,-0.000099,  16.953
   933.0,0.009749,0.005238,0.084137,-0.000074,  16.953
   934.0,0.009786,0.005252,0.084406,-0.000099,  16.949
   935.0,0.009824,0.005278,0.084704,-0.000060,  16.952
   936.0,0.009876,0.005287,0.084771,-0.000099,  16.952
   937.0,0.009907,0.005323,0.085319,-0.000099,  16.950
   938.0,0.009936,0.005331,0.085696,-0.000074,  16.949
   939.0,0.009971,0.005347,0.086008,-0.000113,  16.952
   940.0,0.009997,0.005370,0.086247,-0.000099,  16.950
   941.0,0.010028,0.005388,0.086546,-0.000099,  16.949
   942.0,0.010069,0.005401,0.086966,-0.000127,  16.947
   943.0,0.010102,0.005415,0.087213,-0.000088,  16.944
   944.0,0.010144,0.005442,0.087415,-0.000113,  16.949
   945.0,0.010174,0.005456,0.087775,-0.000113,  16.947
   946.0,0.010196,0.005475,0.088126,-0.000088,  16.945
   947.0,0.010218,0.005486,0.088347,-0.000113,  16.945
   948.0,0.010260,0.005507,0.088619,-0.000113,  16.944
   949.0,0.010290,0.005520,0.088919,-0.000102,  16.949
   950.0,0.010324,0.005546,0.089206,-0.000113,  16.947
   951.0,0.010361,0.005566,0.089586,-0.000099,  16.948
   952.0,0.010404,0.005581,0.089531,-0.000127,  16.946
   953.0,0.010437,0.005602,0.089949,-0.000099,  16.945
   954.0,0.010474,0.005620,0.089978,-0.000085,  16.943
   955.0,0.010508,0.005638,0.090599,-0.000074,  16.937
   956.0,0.010538,0.005655,0.091042,-0.000022,  16.937
   957.0,0.010576,0.005671,0.091208,-0.000046,  16.931
   958.0,0.010610,0.005704,0.091604,-0.000085,  16.931
   959.0,0.010653,0.005709,0.091812,-0.000085,  16.936
   960.0,0.010682,0.005727,0.092096,-0.000060,  16.931
   961.0,0.010708,0.005749,0.092266,-0.000099,  16.931
   962.0,0.010734,0.005762,0.092247,-0.000074,  16.926
   963.0,0.010764,0.005766,0.092872,-0.000074,  16.928
   964.0,0.010805,0.005793,0.093346,-0.000099,  16.930
   965.0,0.010832,0.005817,0.093664,-0.000088,  16.930
   966.0,0.010873,0.005838,0.093902,-0.000088,  16.933
   967.0,0.010907,0.005859,0.091180,-0.000099,  16.930
   968.0,0.010945,0.005879,0.093578,-0.000099,  16.934
   969.0,0.010979,0.005888,0.094405,-0.000085,  16.936
   970.0,0.011020,0.005922,0.095024,-0.000113,  16.937
   971.0,0.011050,0.005943,0.095290,-0.000099,  16.939
   972.0,0.011080,0.005960,0.095734,-0.000099,  16.936
   973.0,0.011111,0.005968,0.096145,-0.000071,  16.936
   974.0,0.011145,0.005990,0.096383,-0.000060,  16.944
   975.0,0.011175,0.006006,0.096589,-0.000113,  16.939
   976.0,0.011197,0.006012,0.096813,-0.000127,  16.938
   977.0,0.011227,0.006029,0.097076,-0.000088,  16.940
   978.0,0.011248,0.006032,0.097316,-0.000074,  16.940
   979.0,0.011295,0.006058,0.097493,-0.000099,  16.945
   980.0,0.011317,0.006075,0.097573,-0.000113,  16.943
   981.0,0.011327,0.006085,0.097866,-0.000113,  16.944
   982.0,0.011382,0.006105,0.098269,-0.000088,  16.941
   983.0,0.011408,0.006122,0.098687,-0.000099,  16.940
   984.0,0.011439,0.006147,0.098763,-0.000071,  16.940
   985.0,0.011469,0.006171,0.099249,-0.000085,  16.941
   986.0,0.011507,0.006181,0.099412,-0.000099,  16.945
   987.0,0.011549,0.006190,0.099759,-0.000113,  16.941
   988.0,0.011575,0.006211,0.100111,-0.000099,  16.942
   989.0,0.011601,0.006246,0.097242,-0.000074,  16.937
   990.0,0.011635,0.006240,0.099525,-0.000060,  16.941
   991.0,0.011661,0.006261,0.100428,-0.000085,  16.940
   992.0,0.011688,0.006279,0.100969,-0.000022,  16.944
   993.0,0.011714,0.006304,0.101065,-0.000085,  16.942
   994.0,0.011737,0.006304,0.101476,-0.000099,  16.944
   995.0,0.011774,0.006318,0.101976,-0.000088,  16.940
   996.0,0.011801,0.006341,0.102130,-0.000113,  16.940
   997.0,0.011835,0.006349,0.102328,-0.000074,  16.937
   998.0,0.011869,0.006368,0.102882,-0.000074,  16.942
   999.0,0.011895,0.006388,0.102963,-0.000099,  16.938
  1000.0,0.011925,0.006394,0.103191,-0.000085,  16.938
  1001.0,0.011952,0.006415,0.103331,-0.000071,  16.941
  1002.0,0.011982,0.006441,0.103638,-0.000085,  16.942
  1003.0,0.012023,0.006456,0.103953,-0.000071,  16.939
  1004.0,0.012054,0.006471,0.104314,-0.000099,  16.945
  1005.0,0.012084,0.006484,0.104518,-0.000046,  16.941
  1006.0,0.012118,0.006507,0.104786,-0.000113,  16.943
  1007.0,0.012148,0.006525,0.104906,-0.000127,  16.944
  1008.0,0.012178,0.006537,0.105120,-0.000088,  16.945
  1009.0,0.012209,0.006560,0.105560,-0.000074,  16.942
  1010.0,0.012235,0.006572,0.105874,-0.000099,  16.938
  1011.0,0.012274,0.006579,0.106000,-0.000071,  16.940
  1012.0,0.012295,0.006600,0.106396,-0.000099,  16.938
  1013.0,0.012326,0.006618,0.106601,-0.000046,  16.936
  1014.0,0.012348,0.006635,0.106812,-0.000071,  16.934
  1015.0,0.012375,0.006657,0.106993,-0.000099,  16.931
  1016.0,0.012397,0.006662,0.107311,-0.000113,  16.933
  1017.0,0.012432,0.006669,0.107575,-0.000050,  16.931
  1018.0,0.012458,0.006689,0.107820,-0.000099,  16.932
  1019.0,0.012472,0.006706,0.108011,-0.000060,  16.932
  1020.0,0.012511,0.006711,0.108305,-0.000085,  16.927
  1021.0,0.012545,0.006740,0.108477,-0.000099,  16.928
  1022.0,0.012580,0.006765,0.108717,-0.000099,  16.929
  1023.0,0.012602,0.006775,0.108889,-0.000085,  16.927
  1024.0,0.012628,0.006781,0.109105,-0.000071,  16.933
  1025.0,0.012661,0.006806,0.109540,-0.000071,  16.930
  1026.0,0.012683,0.006811,0.109841,-0.000085,  16.927
  1027.0,0.012697,0.006816,0.110072,-0.000060,  16.932
  1028.0,0.012730,0.006840,0.110254,-0.000074,  16.928
  1029.0,0.012737,0.006855,0.110311,-0.000099,  16.931
  1030.0,0.012784,0.006863,0.110778,-0.000085,  16.932
  1031.0,0.012803,0.006874,0.110976,-0.000071,  16.933
  1032.0,0.012825,0.006899,0.111198,-0.000046,  16.932
  1033.0,0.012852,0.006901,0.111611,-0.000085,  16.935
  1034.0,0.012875,0.006922,0.111763,-0.000085,  16.936
  1035.0,0.012885,0.006927,0.111872,-0.000074,  16.933
  1036.0,0.012920,0.006937,0.112079,-0.000074,  16.935
  1037.0,0.012938,0.006964,0.112241,-0.000085,  16.936
  1038.0,0.012966,0.006984,0.112445,-0.000060,  16.941
  1039.0,0.013004,0.006995,0.112684,-0.000099,  16.937
  1040.0,0.013022,0.006999,0.112922,-0.000085,  16.937
  1041.0,0.013057,0.007007,0.113136,-0.000022,  16.939
  1042.0,0.013071,0.007033,0.113319,-0.000099,  16.933
  1043.0,0.013086,0.007033,0.113648,-0.000099,  16.937
  1044.0,0.013121,0.007035,0.113792,-0.000099,  16.939
  1045.0,0.013144,0.007058,0.113925,-0.000099,  16.935
  1046.0,0.013186,0.007067,0.114214,-0.000099,  16.934
  1047.0,0.013188,0.007089,0.114389,-0.000124,  16.936
  1048.0,0.013220,0.007105,0.114638,-0.000096,  16.931
  1049.0,0.013234,0.007115,0.114589,-0.000110,  16.933
  1050.0,0.013269,0.007128,0.114602,-0.000085,  16.931
  1051.0,0.013279,0.007132,0.115124,-0.000046,  16.926
  1052.0,0.013310,0.007161,0.115436,-0.000060,  16.928
  1053.0,0.013336,0.007167,0.115701,-0.000099,  16.930
  1054.0,0.013373,0.007179,0.115901,-0.000074,  16.930
  1055.0,0.013391,0.007186,0.116222,-0.000085,  16.927
  1056.0,0.013408,0.007208,0.116300,-0.000046,  16.934
  1057.0,0.013434,0.007217,0.116454,-0.000074,  16.928
  1058.0,0.013457,0.007240,0.113478,-0.000099,  16.929
  1059.0,0.013464,0.007245,0.115934,-0.000060,  16.928
  1060.0,0.013496,0.007260,0.116705,-0.000099,  16.928
  1061.0,0.013510,0.007269,0.117230,-0.000071,  16.924
  1062.0,0.013537,0.007280,0.117205,-0.000071,  16.925
  1063.0,0.013564,0.007290,0.117550,-0.000099,  16.930
  1064.0,0.013574,0.007302,0.117791,-0.000033,  16.926
  1065.0,0.013606,0.007313,0.117936,-0.000046,  16.926
  1066.0,0.013621,0.007323,0.117948,-0.000085,  16.926
  1067.0,0.013639,0.007337,0.118246,-0.000085,  16.925
  1068.0,0.013663,0.007347,0.118661,-0.000099,  16.924
  1069.0,0.013673,0.007361,0.118827,-0.000085,  16.928
  1070.0,0.013700,0.007367,0.118824,-0.000057,  16.922
  1071.0,0.013707,0.007378,0.119441,-0.000060,  16.926
  1072.0,0.013734,0.007380,0.119315,-0.000085,  16.928
  1073.0,0.013741,0.007396,0.119507,-0.000060,  16.924
  1074.0,0.013760,0.007410,0.119731,-0.000085,  16.924
  1075.0,0.013783,0.007412,0.119768,-0.000057,  16.932
  1076.0,0.013814,0.007428,0.119812,-0.000099,  16.930
  1077.0,0.013826,0.007432,0.120014,-0.000071,  16.931
  1078.0,0.013838,0.007445,0.120166,-0.000057,  16.934
  1079.0,0.013886,0.007465,0.120292,-0.000085,  16.930
  1080.0,0.013899,0.007464,0.120591,-0.000085,  16.931
  1081.0,0.013901,0.007470,0.120727,-0.000060,  16.932
  1082.0,0.013918,0.007476,0.120926,-0.000071,  16.930
  1083.0,0.013933,0.007496,0.120847,-0.000071,  16.930
  1084.0,0.013955,0.007493,0.121040,-0.000060,  16.932
  1085.0,0.013971,0.007510,0.121166,-0.000085,  16.929
  1086.0,0.013973,0.007513,0.121296,-0.000057,  16.929
  1087.0,0.013989,0.007525,0.121520,-0.000071,  16.932
  1088.0,0.014011,0.007545,0.121622,-0.000071,  16.934
  1089.0,0.014030,0.007555,0.121859,-0.000099,  16.937
  1090.0,0.014055,0.007560,0.122021,-0.000085,  16.932
  1091.0,0.014062,0.007563,0.122236,-0.000071,  16.936
  1092.0,0.014081,0.007564,0.122322,-0.000060,  16.937
  1093.0,0.014103,0.007580,0.122490,-0.000099,  16.934
  1094.0,0.014102,0.007585,0.122378,-0.000071,  16.933
  1095.0,0.014122,0.007612,0.122721,-0.000110,  16.932
  1096.0,0.014145,0.007603,0.122937,-0.000149,  16.931
  1097.0,0.014156,0.007607,0.123042,-0.000096,  16.930
  1098.0,0.014179,0.007621,0.123185,-0.000099,  16.931
  1099.0,0.014191,0.007638,0.123318,-0.000060,  16.930
  1100.0,0.014213,0.007643,0.123423,-0.000099,  16.933
  1101.0,0.014225,0.007662,0.122156,-0.000124,  16.934
  1102.0,0.014249,0.007656,0.123327,-0.000060,  16.933
  1103.0,0.014251,0.007673,0.123852,-0.000060,  16.929
  1104.0,0.014259,0.007679,0.124030,-0.000099,  16.935
  1105.0,0.014274,0.007682,0.124065,-0.000074,  16.930
  1106.0,0.014289,0.007681,0.124291,-0.000060,  16.936
  1107.0,0.014305,0.007687,0.124387,-0.000085,  16.933
  1108.0,0.014350,0.007705,0.124473,-0.000050,  16.937
  1109.0,0.014340,0.007714,0.124709,-0.000099,  16.940
  1110.0,0.014351,0.007726,0.124670,-0.000085,  16.939
  1111.0,0.014354,0.007728,0.124938,-0.000074,  16.939
  1112.0,0.014369,0.007738,0.124932,-0.000085,  16.934
  1113.0,0.014376,0.007742,0.125126,-0.000099,  16.937
  1114.0,0.014388,0.007757,0.125187,-0.000074,  16.939
  1115.0,0.014396,0.007756,0.125349,-0.000099,  16.940
  1116.0,0.014412,0.007764,0.125416,-0.000099,  16.934
  1117.0,0.014420,0.007778,0.125400,-0.000085,  16.936
  1118.0,0.014415,0.007767,0.125660,-0.000074,  16.934
  1119.0,0.014430,0.007767,0.125643,-0.000085,  16.939
  1120.0,0.014444,0.007780,0.125771,-0.000085,  16.939
  1121.0,0.014446,0.007784,0.125931,-0.000071,  16.939
  1122.0,0.014453,0.007780,0.125874,-0.000099,  16.938
  1123.0,0.014448,0.007782,0.125716,-0.000085,  16.940
  1124.0,0.014468,0.007787,0.125860,-0.000046,  16.939
  1125.0,0.014487,0.007803,0.126046,-0.000085,  16.936
  1126.0,0.014494,0.007801,0.126206,-0.000074,  16.939
  1127.0,0.014506,0.007802,0.126093,-0.000074,  16.938
  1128.0,0.014513,0.007812,0.126234,-0.000071,  16.937
  1129.0,0.014509,0.007817,0.126321,-0.000057,  16.935
  1130.0,0.014516,0.007822,0.126436,-0.000085,  16.936
  1131.0,0.014516,0.007824,0.126365,-0.000071,  16.934
  1132.0,0.014528,0.007826,0.126599,-0.000071,  16.936
  1133.0,0.014531,0.007839,0.126609,-0.000071,  16.933
  1134.0,0.014531,0.007838,0.126586,-0.000071,  16.935
  1135.0,0.014543,0.007840,0.126746,-0.000085,  16.936
  1136.0,0.014547,0.007844,0.126772,-0.000071,  16.931
  1137.0,0.014550,0.007853,0.126823,-0.000071,  16.934
  1138.0,0.014553,0.007858,0.126874,-0.000085,  16.928
  1139.0,0.014569,0.007860,0.126668,-0.000071,  16.930
  1140.0,0.014577,0.007848,0.126961,-0.000057,  16.930
  1141.0,0.014588,0.007873,0.126912,-0.000046,  16.929
  1142.0,0.014588,0.007873,0.126989,-0.000046,  16.930
  1143.0,0.014604,0.007872,0.127082,-0.000060,  16.922
  1144.0,0.014607,0.007879,0.127098,-0.000071,  16.924
  1145.0,0.014623,0.007876,0.127210,-0.000046,  16.923
  1146.0,0.014619,0.007875,0.127452,-0.000074,  16.924
  1147.0,0.014626,0.007889,0.127548,-0.000099,  16.927
  1148.0,0.014633,0.007898,0.127432,-0.000071,  16.920
  1149.0,0.014642,0.007900,0.127467,-0.000071,  16.923
  1150.0,0.014637,0.007894,0.127637,-0.000135,  16.921
  1151.0,0.014645,0.007896,0.127679,-0.000057,  16.925
  1152.0,0.014645,0.007904,0.127679,-0.000043,  16.924
  1153.0,0.014653,0.007900,0.127705,-0.000033,  16.923
  1154.0,0.014669,0.007898,0.127730,-0.000036,  16.924
  1155.0,0.014664,0.007899,0.127891,-0.000099,  16.929
  1156.0,0.014660,0.007901,0.127865,-0.000008,  16.929
  1157.0,0.014668,0.007917,0.127952,-0.000085,  16.931
  1158.0,0.014676,0.007914,0.127810,-0.000071,  16.927
  1159.0,0.014688,0.007919,0.128078,-0.000043,  16.928
  1160.0,0.014676,0.007925,0.128029,-0.000057,  16.930
  1161.0,0.014690,0.007931,0.128113,0.000020,  16.930
  1162.0,0.014677,0.007927,0.128222,-0.000033,  16.931
  1163.0,0.014673,0.007928,0.128155,-0.000099,  16.933
  1164.0,0.014673,0.007924,0.128139,-0.000046,  16.936
  1165.0,0.014677,0.007920,0.127955,-0.000033,  16.934
  1166.0,0.014669,0.007914,0.127922,-0.000057,  16.939
  1167.0,0.014669,0.007908,0.127878,-0.000033,  16.934
  1168.0,0.014669,0.007914,0.126246,-0.000085,  16.934
  1169.0,0.014657,0.007911,0.126365,-0.000085,  16.931
  1170.0,0.014645,0.007907,0.127344,-0.000071,  16.934
  1171.0,0.014642,0.007904,0.127595,-0.000085,  16.931
  1172.0,0.014637,0.007901,0.127765,-0.000033,  16.934
  1173.0,0.014641,0.007892,0.127688,-0.000036,  16.930
  1174.0,0.014636,0.007893,0.127688,-0.000022,  16.931
  1175.0,0.014633,0.007896,0.127653,-0.000060,  16.931
  1176.0,0.014633,0.007902,0.127844,-0.000074,  16.929
  1177.0,0.014645,0.007896,0.127888,-0.000085,  16.927
  1178.0,0.014645,0.007900,0.127830,-0.000046,  16.926
  1179.0,0.014670,0.007901,0.127846,-0.000071,  16.927
  1180.0,0.014645,0.007904,0.127872,-0.000071,  16.930
  1181.0,0.014676,0.007907,0.127763,-0.000071,  16.930
  1182.0,0.014650,0.007906,0.127879,-0.000085,  16.931
  1183.0,0.014649,0.007904,0.127711,-0.000046,  16.932
  1184.0,0.014642,0.007898,0.127760,-0.000046,  16.930
  1185.0,0.014652,0.007907,0.127760,-0.000046,  16.935
  1186.0,0.014631,0.007895,0.127709,-0.000036,  16.932
  1187.0,0.014615,0.007894,0.127625,-0.000071,  16.935
  1188.0,0.014591,0.007890,0.127580,-0.000082,  16.936
  1189.0,0.014600,0.007880,0.127529,-0.000074,  16.935
  1190.0,0.014608,0.007886,0.127538,-0.000060,  16.936
  1191.0,0.014596,0.007883,0.127471,-0.000046,  16.940
  1192.0,0.014592,0.007878,0.127461,-0.000099,  16.935
  1193.0,0.014572,0.007875,0.127252,-0.000099,  16.934
  1194.0,0.014577,0.007866,0.127024,-0.000099,  16.934
  1195.0,0.014565,0.007876,0.127038,-0.000099,  16.932
  1196.0,0.014561,0.007868,0.127012,-0.000074,  16.934
  1197.0,0.014545,0.007865,0.127028,-0.000099,  16.926
  1198.0,0.014542,0.007867,0.127044,-0.000099,  16.927
  1199.0,0.014531,0.007846,0.126993,-0.000071,  16.926
  1200.0,0.014519,0.007854,0.125493,-0.000033,  16.924
  1201.0,0.014504,0.007846,0.126445,-0.000071,  16.926
  1202.0,0.014500,0.007829,0.126695,-0.000088,  16.927
  1203.0,0.014514,0.007835,0.126602,-0.000085,  16.920
  1204.0,0.014497,0.007833,0.126760,-0.000085,  16.923
  1205.0,0.014486,0.007822,0.126616,-0.000085,  16.922
  1206.0,0.014482,0.007826,0.126481,-0.000096,  16.923
  1207.0,0.014470,0.007826,0.126462,-0.000082,  16.919
  1208.0,0.014474,0.007832,0.126337,-0.000071,  16.921
  1209.0,0.014471,0.007823,0.125945,-0.000071,  16.925
  1210.0,0.014471,0.007826,0.125811,-0.000043,  16.925
  1211.0,0.014452,0.007824,0.126132,-0.000046,  16.922
  1212.0,0.014424,0.007811,0.126197,-0.000085,  16.923
  1213.0,0.014424,0.007793,0.126129,-0.000060,  16.924
  1214.0,0.014413,0.007793,0.125982,-0.000071,  16.924
  1215.0,0.014398,0.007784,0.125732,-0.000057,  16.921
  1216.0,0.014389,0.007776,0.125589,-0.000046,  16.920
  1217.0,0.014374,0.007780,0.125570,-0.000046,  16.924
  1218.0,0.014370,0.007774,0.125602,-0.000071,  16.923
  1219.0,0.014363,0.007783,0.125573,-0.000071,  16.924
  1220.0,0.014356,0.007765,0.125490,-0.000033,  16.925
  1221.0,0.014344,0.007756,0.125298,-0.000071,  16.923
  1222.0,0.014345,0.007753,0.125196,-0.000043,  16.925
  1223.0,0.014329,0.007747,0.125094,-0.000036,  16.926
  1224.0,0.014323,0.007750,0.125008,-0.000050,  16.924
  1225.0,0.014311,0.007740,0.125056,-0.000046,  16.929
  1226.0,0.014291,0.007724,0.125021,-0.000033,  16.931
  1227.0,0.014295,0.007730,0.124993,-0.000046,  16.929
  1228.0,0.014276,0.007721,0.121683,-0.000060,  16.927
  1229.0,0.014266,0.007721,0.123822,-0.000022,  16.926
  1230.0,0.014250,0.007709,0.124339,-0.000071,  16.929
  1231.0,0.014234,0.007694,0.124460,-0.000046,  16.930
  1232.0,0.014232,0.007679,0.124253,-0.000085,  16.926
  1233.0,0.014208,0.007691,0.124183,-0.000085,  16.936
  1234.0,0.014193,0.007685,0.124107,-0.000043,  16.932
  1235.0,0.014181,0.007666,0.124078,-0.000046,  16.934
  1236.0,0.014177,0.007668,0.124050,-0.000046,  16.932
  1237.0,0.014158,0.007668,0.123957,-0.000046,  16.935
  1238.0,0.014151,0.007668,0.123773,-0.000085,  16.933
  1239.0,0.014140,0.007652,0.123696,-0.000033,  16.938
  1240.0,0.014121,0.007642,0.123445,-0.000071,  16.939
  1241.0,0.014105,0.007641,0.123293,-0.000057,  16.943
  1242.0,0.014094,0.007633,0.123185,-0.000033,  16.940
  1243.0,0.014079,0.007623,0.123287,-0.000046,  16.941
  1244.0,0.014056,0.007616,0.123153,-0.000085,  16.942
  1245.0,0.014053,0.007607,0.122664,-0.000033,  16.945
  1246.0,0.014034,0.007589,0.122642,-0.000071,  16.945
  1247.0,0.014003,0.007585,0.122572,-0.000071,  16.943
  1248.0,0.014000,0.007576,0.122528,-0.000071,  16.945
  1249.0,0.013986,0.007566,0.122328,-0.000071,  16.942
  1250.0,0.013961,0.007562,0.122316,-0.000057,  16.940
  1251.0,0.013947,0.007547,0.122195,-0.000074,  16.937
  1252.0,0.013936,0.007545,0.121992,-0.000046,  16.937
  1253.0,0.013920,0.007522,0.121825,-0.000071,  16.931
  1254.0,0.013898,0.007518,0.121631,-0.000071,  16.933
  1255.0,0.013900,0.007506,0.121498,-0.000057,  16.929
  1256.0,0.013860,0.007504,0.121527,-0.000033,  16.931
  1257.0,0.013856,0.007498,0.121315,-0.000071,  16.925
  1258.0,0.013825,0.007491,0.121018,-0.000071,  16.926
  1259.0,0.013818,0.007476,0.120974,-0.000071,  16.924
  1260.0,0.013791,0.007475,0.120888,-0.000060,  16.922
  1261.0,0.013780,0.007457,0.120712,-0.000033,  16.922
  1262.0,0.013773,0.007471,0.120437,-0.000060,  16.925
  1263.0,0.013737,0.007455,0.120352,-0.000085,  16.928
  1264.0,0.013731,0.007445,0.120194,-0.000085,  16.926
  1265.0,0.013712,0.007430,0.119961,-0.000071,  16.930
  1266.0,0.013696,0.007420,0.119882,-0.000071,  16.924
  1267.0,0.013673,0.007421,0.119573,-0.000057,  16.934
  1268.0,0.013655,0.007412,0.119208,-0.000085,  16.924
  1269.0,0.013644,0.007398,0.118576,-0.000046,  16.931
  1270.0,0.013629,0.007395,0.118925,-0.000071,  16.932
  1271.0,0.013601,0.007382,0.118994,-0.000071,  16.933
  1272.0,0.013591,0.007371,0.118868,-0.000071,  16.937
  1273.0,0.013568,0.007365,0.118881,-0.000071,  16.937
  1274.0,0.013570,0.007341,0.118745,-0.000046,  16.933
  1275.0,0.013551,0.007319,0.118535,-0.000085,  16.936
  1276.0,0.013527,0.007326,0.118409,-0.000071,  16.935
  1277.0,0.013501,0.007318,0.118243,-0.000057,  16.935
  1278.0,0.013482,0.007316,0.118076,-0.000033,  16.937
  1279.0,0.013446,0.007294,0.117891,-0.000071,  16.935
  1280.0,0.013435,0.007284,0.117741,-0.000019,  16.936
  1281.0,0.013416,0.007271,0.117330,-0.000085,  16.938
  1282.0,0.013389,0.007264,0.117211,0.000006,  16.942
  1283.0,0.013375,0.007246,0.117086,-0.000022,  16.942
  1284.0,0.013370,0.007233,0.116707,-0.000071,  16.937
  1285.0,0.013325,0.007235,0.116776,-0.000043,  16.941
  1286.0,0.013310,0.007225,0.116607,-0.000085,  16.937
  1287.0,0.013291,0.007214,0.116416,-0.000071,  16.939
  1288.0,0.013265,0.007182,0.114824,-0.000057,  16.940
  1289.0,0.013242,0.007178,0.115436,-0.000060,  16.935
  1290.0,0.013223,0.007166,0.115610,-0.000060,  16.938
  1291.0,0.013214,0.007151,0.115532,-0.000036,  16.937
  1292.0,0.013186,0.007146,0.115351,-0.000071,  16.931
  1293.0,0.013167,0.007133,0.115637,-0.000019,  16.931
  1294.0,0.013148,0.007143,0.115310,-0.000033,  16.936
  1295.0,0.013126,0.007126,0.114949,-0.000071,  16.932
  1296.0,0.013103,0.007107,0.114563,-0.000033,  16.933
  1297.0,0.013080,0.007109,0.114392,-0.000033,  16.937
  1298.0,0.013065,0.007090,0.114385,-0.000071,  16.933
  1299.0,0.013051,0.007065,0.114251,-0.000085,  16.939
  1300.0,0.013015,0.007062,0.114158,-0.000057,  16.937
  1301.0,0.012984,0.007042,0.113742,-0.000043,  16.941
  1302.0,0.012969,0.007035,0.113689,-0.000057,  16.941
  1303.0,0.012943,0.007021,0.113394,-0.000071,  16.942
  1304.0,0.012919,0.007007,0.113235,-0.000033,  16.944
  1305.0,0.012909,0.007000,0.113033,-0.000071,  16.946
  1306.0,0.012887,0.006984,0.112915,-0.000057,  16.946
  1307.0,0.012868,0.006979,0.112621,-0.000046,  16.945
  1308.0,0.012846,0.006969,0.112617,-0.000071,  16.945
  1309.0,0.012823,0.006958,0.112419,-0.000033,  16.940
  1310.0,0.012812,0.006945,0.112181,-0.000110,  16.941
  1311.0,0.012782,0.006935,0.111958,-0.000121,  16.943
  1312.0,0.012751,0.006911,0.111649,-0.000082,  16.940
  1313.0,0.012727,0.006909,0.111556,-0.000085,  16.938
  1314.0,0.012706,0.006890,0.110913,-0.000071,  16.936
  1315.0,0.012674,0.006870,0.110921,-0.000046,  16.934
  1316.0,0.012645,0.006871,0.110799,-0.000057,  16.938
  1317.0,0.012619,0.006849,0.110796,-0.000043,  16.937
  1318.0,0.012596,0.006827,0.110245,-0.000096,  16.938
  1319.0,0.012573,0.006812,0.106393,-0.000121,  16.939
  1320.0,0.012564,0.006797,0.108776,-0.000071,  16.936
  1321.0,0.012536,0.006787,0.109481,-0.000060,  16.933
  1322.0,0.012504,0.006773,0.109071,-0.000071,  16.938
  1323.0,0.012490,0.006752,0.109176,-0.000043,  16.937
  1324.0,0.012471,0.006747,0.109044,-0.000071,  16.935
  1325.0,0.012441,0.006733,0.108912,-0.000046,  16.937
  1326.0,0.012407,0.006718,0.108874,-0.000074,  16.936
  1327.0,0.012384,0.006711,0.108707,-0.000071,  16.936
  1328.0,0.012362,0.006704,0.108337,-0.000033,  16.935
  1329.0,0.012343,0.006695,0.108131,-0.000046,  16.938
  1330.0,0.012326,0.006676,0.107822,-0.000071,  16.941
  1331.0,0.012287,0.006663,0.107586,-0.000057,  16.936
  1332.0,0.012275,0.006636,0.107435,-0.000096,  16.940
  1333.0,0.012222,0.006629,0.107333,-0.000057,  16.941
  1334.0,0.012192,0.006621,0.107064,-0.000046,  16.939
  1335.0,0.012169,0.006596,0.106716,-0.000071,  16.939
  1336.0,0.012135,0.006581,0.106514,-0.000096,  16.937
  1337.0,0.012126,0.006562,0.106251,-0.000085,  16.937
  1338.0,0.012099,0.006543,0.106071,-0.000085,  16.939
  1339.0,0.012059,0.006522,0.105753,-0.000085,  16.939
  1340.0,0.012040,0.006520,0.105165,-0.000046,  16.939
  1341.0,0.012022,0.006510,0.105099,-0.000085,  16.940
  1342.0,0.011991,0.006491,0.105021,-0.000071,  16.942
  1343.0,0.011953,0.006475,0.104664,-0.000085,  16.942
  1344.0,0.011939,0.006474,0.104083,-0.000096,  16.944
  1345.0,0.011905,0.006452,0.104265,-0.000085,  16.944
  1346.0,0.011878,0.006444,0.103885,-0.000071,  16.943
  1347.0,0.011855,0.006415,0.103843,-0.000071,  16.940
  1348.0,0.011825,0.006403,0.103615,-0.000085,  16.945
  1349.0,0.011809,0.006388,0.103279,-0.000071,  16.941
  1350.0,0.011798,0.006370,0.103036,-0.000046,  16.941
  1351.0,0.011767,0.006361,0.103164,-0.000071,  16.943
  1352.0,0.011736,0.006358,0.102946,-0.000033,  16.940
  1353.0,0.011709,0.006347,0.102430,-0.000046,  16.940
  1354.0,0.011683,0.006335,0.102281,-0.000071,  16.938
  1355.0,0.011660,0.006321,0.102033,-0.000071,  16.941
  1356.0,0.011630,0.006304,0.101932,-0.000071,  16.939
  1357.0,0.011608,0.006292,0.101637,-0.000057,  16.940
  1358.0,0.011560,0.006274,0.101541,-0.000057,  16.940
  1359.0,0.011539,0.006269,0.101149,-0.000057,  16.938
  1360.0,0.011505,0.006244,0.100980,-0.000043,  16.936
  1361.0,0.011474,0.006218,0.100715,-0.000071,  16.931
  1362.0,0.011443,0.006205,0.100295,-0.000057,  16.932
  1363.0,0.011408,0.006195,0.098390,-0.000082,  16.930
  1364.0,0.011390,0.006180,0.099321,-0.000046,  16.932
  1365.0,0.011356,0.006168,0.099485,-0.000085,  16.933
  1366.0,0.011351,0.006150,0.099225,-0.000057,  16.927
  1367.0,0.011325,0.006140,0.099144,-0.000071,  16.933
  1368.0,0.011290,0.006127,0.098991,-0.000085,  16.932
  1369.0,0.011262,0.006104,0.098741,-0.000046,  16.929
  1370.0,0.011220,0.006094,0.098602,-0.000096,  16.933
  1371.0,0.011205,0.006087,0.098347,-0.000082,  16.933
  1372.0,0.011178,0.006053,0.097968,-0.000071,  16.932
  1373.0,0.011164,0.006047,0.097839,-0.000057,  16.935
  1374.0,0.011130,0.006032,0.097460,-0.000033,  16.934
  1375.0,0.011105,0.006036,0.097341,-0.000033,  16.935
  1376.0,0.011087,0.006009,0.097072,-0.000022,  16.941
  1377.0,0.011058,0.005994,0.096747,-0.000046,  16.939
  1378.0,0.011023,0.005962,0.096656,-0.000071,  16.938
  1379.0,0.010972,0.005958,0.096609,-0.000033,  16.943
  1380.0,0.010958,0.005949,0.096212,-0.000046,  16.942
  1381.0,0.010912,0.005930,0.095959,-0.000071,  16.938
  1382.0,0.010877,0.005917,0.095544,-0.000033,  16.940
  1383.0,0.010864,0.005896,0.095344,-0.000060,  16.938
  1384.0,0.010837,0.005881,0.095063,-0.000099,  16.934
  1385.0,0.010807,0.005854,0.094682,-0.000085,  16.939
  1386.0,0.010773,0.005836,0.094582,-0.000071,  16.934
  1387.0,0.010743,0.005832,0.093949,-0.000057,  16.938
  1388.0,0.010727,0.005826,0.093830,-0.000033,  16.935
  1389.0,0.010675,0.005799,0.093631,-0.000071,  16.931
  1390.0,0.010636,0.005775,0.093531,-0.000085,  16.932
  1391.0,0.010627,0.005755,0.093285,-0.000071,  16.930
  1392.0,0.010605,0.005749,0.092910,-0.000071,  16.930
  1393.0,0.010566,0.005728,0.092526,-0.000071,  16.932
  1394.0,0.010540,0.005716,0.092493,-0.000071,  16.932
  1395.0,0.010510,0.005695,0.092219,-0.000046,  16.933
  1396.0,0.010487,0.005676,0.091907,-0.000085,  16.930
  1397.0,0.010457,0.005673,0.091675,-0.000085,  16.931
  1398.0,0.010426,0.005648,0.091462,-0.000046,  16.928
  1399.0,0.010408,0.005634,0.091288,-0.000085,  16.929
  1400.0,0.010391,0.005628,0.091052,-0.000085,  16.925
  1401.0,0.010360,0.005617,0.090792,-0.000046,  16.933
  1402.0,0.010329,0.005610,0.090495,-0.000046,  16.933
  1403.0,0.010282,0.005596,0.090293,0.000006,  16.933
  1404.0,0.010261,0.005575,0.090156,-0.000033,  16.939
  1405.0,0.010218,0.005559,0.089892,-0.000071,  16.937
  1406.0,0.010203,0.005535,0.089483,-0.000033,  16.932
  1407.0,0.010179,0.005514,0.089422,-0.000022,  16.939
  1408.0,0.010153,0.005502,0.088891,-0.000008,  16.937
  1409.0,0.010119,0.005490,0.088675,-0.000046,  16.940
  1410.0,0.010077,0.005478,0.088347,-0.000071,  16.943
  1411.0,0.010034,0.005446,0.088042,-0.000019,  16.940
  1412.0,0.010004,0.005435,0.088018,-0.000060,  16.943
  1413.0,0.009975,0.005421,0.087639,-0.000085,  16.941
  1414.0,0.009967,0.005403,0.087442,-0.000033,  16.941
  1415.0,0.009935,0.005389,0.087311,-0.000071,  16.944
  1416.0,0.009901,0.005374,0.087007,-0.000071,  16.941
  1417.0,0.009862,0.005355,0.086503,-0.000057,  16.945
  1418.0,0.009821,0.005340,0.086311,-0.000071,  16.944
  1419.0,0.009782,0.005322,0.086031,-0.000071,  16.945
  1420.0,0.009765,0.005300,0.085812,-0.000085,  16.946
  1421.0,0.009742,0.005288,0.085551,-0.000071,  16.945
  1422.0,0.009704,0.005270,0.085267,-0.000071,  16.942
  1423.0,0.009678,0.005262,0.085025,-0.000057,  16.943
  1424.0,0.009635,0.005240,0.084787,-0.000057,  16.944
  1425.0,0.009622,0.005215,0.084457,-0.000057,  16.938
  1426.0,0.009592,0.005205,0.084225,-0.000057,  16.943
  1427.0,0.009553,0.005191,0.083900,-0.000043,  16.938
  1428.0,0.009539,0.005190,0.083691,-0.000033,  16.937
  1429.0,0.009505,0.005163,0.083556,-0.000071,  16.938
  1430.0,0.009471,0.005160,0.083311,-0.000033,  16.937
  1431.0,0.009442,0.005138,0.082839,-0.000046,  16.935
  1432.0,0.009412,0.005127,0.082671,-0.000099,  16.934
  1433.0,0.009369,0.005098,0.082426,-0.000019,  16.941
  1434.0,0.009348,0.005092,0.082259,-0.000008,  16.933
  1435.0,0.009317,0.005066,0.081173,-0.000033,  16.939
  1436.0,0.009295,0.005054,0.079912,-0.000019,  16.945
  1437.0,0.009264,0.005042,0.080849,-0.000057,  16.940
  1438.0,0.009234,0.005022,0.080894,0.000006,  16.943
  1439.0,0.009209,0.005001,0.080627,-0.000036,  16.942
  1440.0,0.009179,0.004995,0.080530,-0.000060,  16.941
  1441.0,0.009140,0.004975,0.080294,-0.000008,  16.947
  1442.0,0.009122,0.004962,0.080183,-0.000022,  16.944
  1443.0,0.009095,0.004947,0.079861,-0.000071,  16.943
  1444.0,0.009062,0.004928,0.079485,-0.000057,  16.949
  1445.0,0.009028,0.004915,0.079305,-0.000057,  16.947
  1446.0,0.008998,0.004896,0.078894,-0.000071,  16.947
  1447.0,0.008964,0.004868,0.078722,-0.000060,  16.950
  1448.0,0.008930,0.004866,0.078525,-0.000071,  16.952
  1449.0,0.008908,0.004841,0.077946,-0.000046,  16.954
  1450.0,0.008878,0.004826,0.077939,-0.000008,  16.956
  1451.0,0.008863,0.004821,0.077746,-0.000057,  16.954
  1452.0,0.008833,0.004806,0.077481,-0.000043,  16.952
  1453.0,0.008803,0.004790,0.077198,-0.000071,  16.953
  1454.0,0.008777,0.004779,0.076757,-0.000071,  16.952
  1455.0,0.008743,0.004764,0.076792,-0.000071,  16.951
  1456.0,0.008717,0.004736,0.076377,-0.000071,  16.955
  1457.0,0.008689,0.004719,0.075779,-0.000033,  16.952
  1458.0,0.008647,0.004709,0.075853,-0.000071,  16.953
  1459.0,0.008620,0.004695,0.075724,-0.000033,  16.948
  1460.0,0.008590,0.004678,0.075568,-0.000046,  16.948
  1461.0,0.008568,0.004654,0.075200,-0.000033,  16.953
  1462.0,0.008522,0.004646,0.074990,-0.000046,  16.950
  1463.0,0.008497,0.004615,0.074772,-0.000046,  16.949
  1464.0,0.008467,0.004604,0.074490,-0.000071,  16.949
  1465.0,0.008432,0.004597,0.074178,-0.000046,  16.954
  1466.0,0.008410,0.004574,0.073834,-0.000085,  16.948
  1467.0,0.008384,0.004569,0.073679,-0.000071,  16.953
