Run Name,30% run
Run Date,03:55:08 PM   01-30-12
Method Name,Group 3 S12 RUN 2
Export Format Version, 1.00
Method ID, 1320
Points/Second, 1.00
Number of Records,   1385
Offset from Run Start Time,00:00:00
Run End Time,00:23:06
Time,Second
QuadTec 1, (280.0 nm), AU
QuadTec 2, (260.0 nm), AU
Gradient Pump,<Not Selected>
QuadTec 3, (214.0 nm), AU
QuadTec 4, (405.0 nm), AU
Conductivity,mS/cm
Trace 6,<Not Available>
GP Pressure,<Not Selected>
Volume,<Not Selected>
Fraction,<Not Available>
Time,QuadTec 1,QuadTec 2,QuadTec 3,QuadTec 4,Conductivity
     0.0,0.001915,0.001221,-0.002036,0.000000,  31.380
     1.0,0.001926,0.001221,0.000000,0.000000,  31.380
     2.0,0.001928,0.001225,0.000000,0.000000,  31.375
     3.0,0.001937,0.001228,0.000000,0.000000,  31.386
     4.0,0.001929,0.000000,0.000000,0.000000,  31.384
     5.0,0.000000,0.000000,-0.000143,0.000000,  31.392
     6.0,0.000000,0.000000,-0.000322,-0.000030,  31.391
     7.0,0.000000,0.000000,-0.000199,-0.000022,  31.389
     8.0,0.000000,0.000000,-0.000057,-0.000043,  31.398
     9.0,0.000003,0.000011,-0.000013,-0.000057,  31.395
    10.0,-0.000009,0.000017,-0.000212,-0.000043,  31.402
    11.0,-0.000011,0.000009,-0.000099,-0.000065,  31.400
    12.0,-0.000037,-0.000011,-0.000080,-0.000030,  31.401
    13.0,-0.000031,-0.000016,-0.000129,-0.000065,  31.403
    14.0,-0.000020,-0.000004,-0.001292,-0.000065,  31.404
    15.0,-0.000007,0.000003,-0.000450,-0.000065,  31.404
    16.0,-0.000001,0.000010,-0.000166,-0.000074,  31.406
    17.0,0.000004,0.000011,0.000144,-0.000047,  31.415
    18.0,0.000010,0.000009,0.000066,-0.000060,  31.419
    19.0,0.000011,0.000009,0.000110,-0.000095,  31.420
    20.0,0.000022,0.000018,0.000127,-0.000047,  31.423
    21.0,0.000023,0.000028,0.000088,-0.000060,  31.422
    22.0,0.000038,0.000044,0.000066,-0.000060,  31.418
    23.0,0.000028,0.000067,0.000013,-0.000074,  31.420
    24.0,0.000030,0.000036,0.000008,-0.000095,  31.420
    25.0,0.000024,0.000029,-0.000027,-0.000074,  31.421
    26.0,0.000013,0.000026,-0.000013,-0.000087,  31.420
    27.0,0.000016,0.000023,-0.000011,-0.000109,  31.424
    28.0,0.000018,0.000031,-0.000035,-0.000074,  31.419
    29.0,0.000015,0.000031,-0.000085,-0.000060,  31.426
    30.0,0.000018,0.000028,-0.000051,-0.000060,  31.428
    31.0,0.000013,0.000020,-0.000101,-0.000095,  31.427
    32.0,0.000014,0.000018,-0.000085,-0.000095,  31.426
    33.0,0.000004,0.000015,-0.000478,-0.000082,  31.427
    34.0,0.000010,0.000032,-0.000265,-0.000095,  31.418
    35.0,0.000026,0.000033,-0.000287,-0.000095,  31.421
    36.0,0.000019,0.000023,-0.002185,-0.000082,  31.419
    37.0,0.000004,0.000016,-0.001272,-0.000068,  31.422
    38.0,0.000011,0.000013,-0.000453,-0.000068,  31.421
    39.0,0.000013,0.000023,-0.000231,-0.000082,  31.419
    40.0,0.000012,0.000022,-0.000153,-0.000095,  31.415
    41.0,0.000012,0.000016,-0.000153,-0.000033,  31.413
    42.0,0.000018,0.000024,-0.000188,-0.000047,  31.396
    43.0,0.000019,0.000026,-0.000198,-0.000117,  31.392
    44.0,0.000010,0.000027,-0.000176,-0.000082,  31.386
    45.0,0.000016,0.000024,-0.000098,-0.000068,  31.374
    46.0,0.000021,0.000022,-0.000128,-0.000082,  31.372
    47.0,0.000015,0.000033,-0.000362,-0.000095,  31.363
    48.0,0.000032,0.000035,-0.000247,-0.000068,  31.367
    49.0,0.000020,0.000035,-0.000316,-0.000068,  31.362
    50.0,0.000015,0.000037,-0.000521,-0.000068,  31.359
    51.0,0.000030,0.000023,-0.000589,-0.000068,  31.393
    52.0,0.000032,0.000032,-0.000327,-0.000068,  31.362
    53.0,0.000031,0.000033,-0.001561,-0.000122,  31.360
    54.0,0.000032,0.000038,-0.000426,-0.000176,  31.365
    55.0,0.000021,0.000026,-0.000388,-0.000109,  31.368
    56.0,0.000018,0.000027,-0.000198,-0.000095,  31.365
    57.0,0.000016,0.000001,-0.000152,-0.000055,  31.362
    58.0,-0.000067,-0.000043,-0.000158,-0.000042,  31.369
    59.0,-0.000032,-0.000022,-0.000180,-0.000042,  31.371
    60.0,-0.000017,0.000004,-0.000152,-0.000077,  31.363
    61.0,0.000014,0.000039,0.000021,-0.000098,  31.372
    62.0,0.000051,0.000068,0.000036,-0.000063,  31.367
    63.0,0.000068,0.000091,-0.000047,-0.000077,  31.365
    64.0,0.000090,0.000106,-0.000056,-0.000098,  31.360
    65.0,0.000101,0.000110,0.000106,-0.000063,  31.355
    66.0,0.000101,0.000112,-0.000126,-0.000085,  31.354
    67.0,0.000078,0.000122,-0.000178,-0.000036,  31.355
    68.0,0.000087,0.000096,-0.000345,-0.000015,  31.351
    69.0,0.000084,0.000101,-0.000363,-0.000001,  31.355
    70.0,0.000081,0.000121,-0.000175,-0.000015,  31.353
    71.0,0.000081,0.000112,-0.000317,-0.000036,  31.345
    72.0,0.000081,0.000107,-0.000189,-0.000023,  31.350
    73.0,0.000078,0.000110,-0.000228,-0.000036,  31.347
    74.0,0.000073,0.000096,-0.000252,-0.000072,  31.345
    75.0,0.000083,0.000105,0.000106,-0.000028,  31.341
    76.0,0.000078,0.000108,-0.000064,-0.000028,  31.341
    77.0,0.000075,0.000102,-0.000148,-0.000055,  31.338
    78.0,0.000089,0.000096,-0.000366,-0.000042,  31.345
    79.0,0.000075,0.000097,-0.000272,-0.000028,  31.345
    80.0,0.000074,0.000080,-0.000275,-0.000028,  31.352
    81.0,0.000074,0.000088,-0.000205,-0.000028,  31.363
    82.0,0.000074,0.000081,-0.000264,-0.000028,  31.361
    83.0,0.000068,0.000082,-0.000508,-0.000006,  31.360
    84.0,0.000060,0.000090,-0.000604,-0.000028,  31.363
    85.0,0.000060,0.000091,-0.000413,-0.000028,  31.362
    86.0,0.000049,0.000080,-0.000434,-0.000042,  31.365
    87.0,0.000050,0.000075,-0.000294,-0.000055,  31.363
    88.0,0.000047,0.000070,-0.000296,-0.000042,  31.365
    89.0,0.000045,0.000073,-0.000063,-0.000063,  31.366
    90.0,0.000047,0.000074,0.000042,-0.000072,  31.365
    91.0,0.000044,0.000072,0.000631,-0.000042,  31.365
    92.0,0.000060,0.000080,0.001442,-0.000028,  31.372
    93.0,0.000083,0.000085,0.002284,-0.000001,  31.368
    94.0,0.000118,0.000114,0.003451,-0.000001,  31.360
    95.0,0.000168,0.000152,0.004554,-0.000045,  31.363
    96.0,0.000242,0.000216,0.006222,-0.000010,  31.352
    97.0,0.000325,0.000267,0.008020,-0.000023,  31.349
    98.0,0.000437,0.000337,0.010799,-0.000072,  31.343
    99.0,0.000591,0.000423,0.013753,-0.000063,  31.340
   100.0,0.000757,0.000503,0.016808,-0.000077,  31.344
   101.0,0.000963,0.000596,0.020795,-0.000063,  31.350
   102.0,0.001221,0.000729,0.024689,-0.000063,  31.360
   103.0,0.001450,0.000850,0.030231,-0.000098,  31.365
   104.0,0.001740,0.001010,0.037226,-0.000063,  31.371
   105.0,0.002114,0.001216,0.044221,-0.000063,  31.372
   106.0,0.002608,0.001481,0.051356,-0.000098,  31.372
   107.0,0.003175,0.001736,0.060368,-0.000063,  31.381
   108.0,0.003877,0.002109,0.069651,-0.000050,  31.385
   109.0,0.004632,0.002508,0.079932,-0.000036,  31.390
   110.0,0.005220,0.002907,0.093799,-0.000036,  31.387
   111.0,0.006110,0.003403,0.109051,-0.000072,  31.389
   112.0,0.007215,0.003996,0.122778,-0.000023,  31.397
   113.0,0.008465,0.004690,0.139216,-0.000036,  31.401
   114.0,0.009938,0.005336,0.158102,-0.000058,  31.400
   115.0,0.011577,0.006218,0.175834,-0.000023,  31.402
   116.0,0.013050,0.007025,0.197776,-0.000031,  31.402
   117.0,0.014472,0.007981,0.222988,0.000017,  31.397
   118.0,0.016539,0.009097,0.245851,0.000017,  31.394
   119.0,0.018722,0.010303,0.271010,0.000022,  31.392
   120.0,0.021292,0.011694,0.299809,0.000044,  31.385
   121.0,0.024085,0.012903,0.328857,0.000085,  31.382
   122.0,0.026611,0.014269,0.361456,0.000098,  31.376
   123.0,0.029208,0.015781,0.390658,0.000098,  31.375
   124.0,0.031968,0.017503,0.421291,0.000076,  31.371
   125.0,0.035161,0.019249,0.455153,0.000125,  31.367
   126.0,0.038790,0.021303,0.492515,0.000187,  31.362
   127.0,0.042852,0.023400,0.528051,0.000227,  31.349
   128.0,0.046234,0.024856,0.568855,0.000281,  31.338
   129.0,0.050095,0.026912,0.601758,0.000321,  31.326
   130.0,0.054170,0.029141,0.638185,0.000321,  31.315
   131.0,0.057396,0.031362,0.675990,0.000348,  31.308
   132.0,0.061913,0.033877,0.717684,0.000402,  31.286
   133.0,0.066790,0.036464,0.757375,0.000442,  31.280
   134.0,0.070944,0.038376,0.800722,0.000483,  31.266
   135.0,0.075389,0.040629,0.844749,0.000474,  31.248
   136.0,0.080161,0.043187,0.874760,0.000537,  31.230
   137.0,0.084654,0.045737,0.915468,0.000520,  31.211
   138.0,0.088761,0.048512,0.959760,0.000590,  31.173
   139.0,0.094319,0.051379,1.002967,0.000617,  31.160
   140.0,0.098823,0.053784,1.048475,0.000631,  31.127
   141.0,0.103671,0.056369,1.098776,0.000609,  31.087
   142.0,0.108840,0.058672,1.140181,0.000569,  31.045
   143.0,0.113983,0.061501,1.174158,0.000515,  31.001
   144.0,0.119039,0.064456,1.224735,0.000461,  30.946
   145.0,0.124500,0.067704,1.277233,0.000359,  30.877
   146.0,0.129586,0.070307,1.331874,0.000286,  30.814
   147.0,0.134699,0.073121,1.398919,0.000165,  30.730
   148.0,0.140635,0.076122,1.461002,-0.000018,  30.634
   149.0,0.146703,0.078912,1.526252,-0.000104,  30.529
   150.0,0.153327,0.082407,1.588901,-0.000367,  30.402
   151.0,0.160363,0.086656,1.677920,-0.000480,  30.244
   152.0,0.167392,0.090424,1.771899,-0.000627,  30.087
   153.0,0.175045,0.094492,1.876792,-0.000810,  29.904
   154.0,0.184313,0.099624,1.978950,-0.000828,  29.701
   155.0,0.195425,0.104644,2.080828,-0.000842,  29.483
   156.0,0.207575,0.110542,2.180601,-0.000864,  29.254
   157.0,0.222365,0.118341,2.262259,-0.000761,  29.026
   158.0,0.234739,0.126237,2.336604,-0.000649,  28.809
   159.0,0.250471,0.134607,2.403589,-0.000466,  28.610
   160.0,0.268178,0.144166,2.452932,-0.000265,  28.409
   161.0,0.287758,0.154500,2.489530,-0.000058,  28.250
   162.0,0.307767,0.164780,2.519924,0.000273,  28.125
   163.0,0.328427,0.173491,2.542334,0.000434,  28.039
   164.0,0.347419,0.183662,2.555326,0.000636,  28.009
   165.0,0.364270,0.193068,2.568652,0.000811,  28.016
   166.0,0.379124,0.201743,2.574126,0.000883,  28.078
   167.0,0.394282,0.209682,2.579648,0.001053,  28.176
   168.0,0.407614,0.216408,2.582457,0.001175,  28.321
   169.0,0.419085,0.221791,2.588091,0.001234,  28.496
   170.0,0.427697,0.225518,2.585783,0.001309,  28.698
   171.0,0.434931,0.229294,2.588311,0.001315,  28.916
   172.0,0.439959,0.232112,2.585326,0.001350,  29.144
   173.0,0.443217,0.233749,2.588022,0.001350,  29.368
   174.0,0.445161,0.234625,2.588022,0.001341,  29.599
   175.0,0.445769,0.234752,2.582408,0.001377,  29.824
   176.0,0.444524,0.234154,2.579631,0.001363,  30.032
   177.0,0.443259,0.233470,2.574099,0.001377,  30.220
   178.0,0.441300,0.232384,2.565925,0.001350,  30.398
   179.0,0.438655,0.230471,2.560568,0.001301,  30.553
   180.0,0.434395,0.228090,2.555251,0.001323,  30.694
   181.0,0.429439,0.225391,2.550082,0.001296,  30.810
   182.0,0.423526,0.222255,2.537233,0.001261,  30.922
   183.0,0.418163,0.219486,2.527265,0.001269,  31.016
   184.0,0.412469,0.217054,2.515099,0.001228,  31.084
   185.0,0.406245,0.213530,2.506105,0.001201,  31.146
   186.0,0.399028,0.209732,2.498770,0.001148,  31.197
   187.0,0.393246,0.205917,2.487242,0.001126,  31.244
   188.0,0.385568,0.201777,2.469501,0.001161,  31.276
   189.0,0.378495,0.198130,2.456791,0.001148,  31.297
   190.0,0.371726,0.194541,2.434310,0.001085,  31.323
   191.0,0.364319,0.191323,2.414896,0.001094,  31.331
   192.0,0.356247,0.187140,2.398383,0.001053,  31.355
   193.0,0.348182,0.182942,2.380209,0.001067,  31.365
   194.0,0.341659,0.178588,2.357836,0.001040,  31.376
   195.0,0.333919,0.174688,2.333429,0.000991,  31.374
   196.0,0.326834,0.170952,2.300026,0.000986,  31.388
   197.0,0.319369,0.166918,2.271745,0.000972,  31.391
   198.0,0.311330,0.163573,2.246476,0.000910,  31.401
   199.0,0.303478,0.159341,2.222587,0.000932,  31.405
   200.0,0.295523,0.155041,2.196479,0.000919,  31.420
   201.0,0.289346,0.151213,2.164268,0.000940,  31.423
   202.0,0.282375,0.147592,2.128323,0.000927,  31.426
   203.0,0.275401,0.143805,2.093328,0.000927,  31.432
   204.0,0.268110,0.140025,2.060981,0.000886,  31.434
   205.0,0.260813,0.136909,2.030063,0.000873,  31.437
   206.0,0.253312,0.132903,2.003400,0.000886,  31.440
   207.0,0.246862,0.129398,1.970004,0.000860,  31.440
   208.0,0.241413,0.126109,1.930184,0.000860,  31.441
   209.0,0.235311,0.122687,1.892525,0.000833,  31.438
   210.0,0.228715,0.119254,1.859515,0.000806,  31.445
   211.0,0.222268,0.115852,1.825360,0.000792,  31.452
   212.0,0.215536,0.113032,1.792855,0.000792,  31.445
   213.0,0.209361,0.109772,1.761229,0.000779,  31.448
   214.0,0.203778,0.106814,1.730207,0.000765,  31.444
   215.0,0.199369,0.103854,1.694321,0.000725,  31.444
   216.0,0.193642,0.100863,1.664519,0.000711,  31.442
   217.0,0.187987,0.097913,1.634796,0.000733,  31.440
   218.0,0.182369,0.094995,1.606337,0.000698,  31.437
   219.0,0.177124,0.092872,1.576591,0.000698,  31.439
   220.0,0.172432,0.090361,1.544891,0.000711,  31.434
   221.0,0.167808,0.088001,1.519935,0.000685,  31.435
   222.0,0.163705,0.085468,1.491506,0.000658,  31.433
   223.0,0.159331,0.083001,1.464469,0.000636,  31.431
   224.0,0.154674,0.080537,1.438557,0.000587,  31.426
   225.0,0.150174,0.078229,1.411476,0.000622,  31.427
   226.0,0.146044,0.076352,1.385938,0.000609,  31.423
   227.0,0.142098,0.074424,1.358489,0.000574,  31.421
   228.0,0.138107,0.072332,1.338523,0.000617,  31.424
   229.0,0.134249,0.070260,1.319738,0.000604,  31.427
   230.0,0.131189,0.068257,1.297844,0.000596,  31.422
   231.0,0.127347,0.066358,1.276588,0.000604,  31.422
   232.0,0.124010,0.064644,1.255328,0.000604,  31.418
   233.0,0.120966,0.063025,1.232121,0.000617,  31.414
   234.0,0.117646,0.061655,1.213142,0.000604,  31.418
   235.0,0.114420,0.059940,1.199452,0.000577,  31.415
   236.0,0.111600,0.058325,1.181835,0.000555,  31.411
   237.0,0.108934,0.056769,1.163706,0.000533,  31.411
   238.0,0.106153,0.055369,1.147071,0.000542,  31.412
   239.0,0.103682,0.054043,1.127623,0.000528,  31.415
   240.0,0.101102,0.052665,1.111549,0.000466,  31.411
   241.0,0.098468,0.051585,1.096896,0.000501,  31.410
   242.0,0.096029,0.050298,1.082880,0.000523,  31.413
   243.0,0.093605,0.049021,1.071663,0.000537,  31.413
   244.0,0.091900,0.047888,1.057799,0.000523,  31.411
   245.0,0.089857,0.046867,1.042361,0.000537,  31.411
   246.0,0.087853,0.045792,1.028930,0.000537,  31.407
   247.0,0.085785,0.044723,1.017234,0.000510,  31.409
   248.0,0.083819,0.043793,1.005076,0.000510,  31.410
   249.0,0.081915,0.042936,0.993480,0.000510,  31.415
   250.0,0.080201,0.042004,0.984631,0.000510,  31.411
   251.0,0.078780,0.041191,0.971269,0.000523,  31.410
   252.0,0.077303,0.040363,0.959958,0.000496,  31.410
   253.0,0.075676,0.039529,0.950396,0.000483,  31.406
   254.0,0.074113,0.038735,0.940679,0.000469,  31.412
   255.0,0.072572,0.038064,0.931086,0.000483,  31.415
   256.0,0.071167,0.037382,0.921780,0.000496,  31.417
   257.0,0.069939,0.036722,0.912859,0.000483,  31.416
   258.0,0.068963,0.036078,0.902342,0.000469,  31.425
   259.0,0.067674,0.035431,0.894175,0.000456,  31.422
   260.0,0.066428,0.034812,0.886504,0.000469,  31.423
   261.0,0.065244,0.034207,0.878322,0.000483,  31.424
   262.0,0.064075,0.033734,0.869926,0.000469,  31.426
   263.0,0.063110,0.033206,0.860912,0.000469,  31.429
   264.0,0.062192,0.032719,0.853193,0.000478,  31.430
   265.0,0.061371,0.032200,0.845434,0.000442,  31.433
   266.0,0.060354,0.031703,0.837649,0.000456,  31.436
   267.0,0.059431,0.031234,0.830508,0.000442,  31.435
   268.0,0.058512,0.030766,0.822763,0.000456,  31.440
   269.0,0.057691,0.030449,0.815000,0.000421,  31.434
   270.0,0.056959,0.030058,0.807499,0.000442,  31.432
   271.0,0.056180,0.029637,0.801946,0.000402,  31.430
   272.0,0.055525,0.029246,0.795541,0.000415,  31.427
   273.0,0.054785,0.028907,0.789364,0.000415,  31.426
   274.0,0.054043,0.028507,0.782521,0.000442,  31.432
   275.0,0.053391,0.028207,0.774905,0.000415,  31.424
   276.0,0.052829,0.027985,0.767157,0.000415,  31.429
   277.0,0.052170,0.027635,0.761149,0.000415,  31.431
   278.0,0.051554,0.027312,0.756288,0.000415,  31.435
   279.0,0.051089,0.027065,0.749779,0.000415,  31.432
   280.0,0.050501,0.026759,0.742792,0.000415,  31.436
   281.0,0.049955,0.026484,0.736338,0.000402,  31.429
   282.0,0.049486,0.026273,0.728980,0.000402,  31.430
   283.0,0.048976,0.026065,0.723453,0.000402,  31.430
   284.0,0.048429,0.025806,0.717917,0.000402,  31.425
   285.0,0.048018,0.025598,0.713030,0.000389,  31.423
   286.0,0.047575,0.025367,0.707305,0.000389,  31.426
   287.0,0.047167,0.025135,0.701259,0.000389,  31.427
   288.0,0.046789,0.024958,0.694031,0.000402,  31.423
   289.0,0.046378,0.024774,0.688491,0.000362,  31.424
   290.0,0.045955,0.024587,0.683597,0.000362,  31.422
   291.0,0.045619,0.024457,0.678220,0.000362,  31.422
   292.0,0.045254,0.024301,0.672670,0.000327,  31.428
   293.0,0.044848,0.024099,0.667717,0.000353,  31.424
   294.0,0.044630,0.023952,0.661620,0.000348,  31.422
   295.0,0.044324,0.023818,0.655926,0.000348,  31.424
   296.0,0.043966,0.023666,0.650599,0.000348,  31.423
   297.0,0.043710,0.023574,0.645494,0.000348,  31.423
   298.0,0.043446,0.023474,0.638831,0.000327,  31.421
   299.0,0.043131,0.023329,0.631938,0.000375,  31.418
   300.0,0.042902,0.023219,0.629306,0.000375,  31.418
   301.0,0.042716,0.023106,0.624385,0.000362,  31.416
   302.0,0.042426,0.022982,0.620108,0.000348,  31.418
   303.0,0.042211,0.022925,0.615161,0.000348,  31.417
   304.0,0.042056,0.022865,0.609704,0.000335,  31.421
   305.0,0.041795,0.022748,0.605031,0.000335,  31.419
   306.0,0.041578,0.022668,0.596056,0.000335,  31.409
   307.0,0.041424,0.022607,0.594558,0.000321,  31.411
   308.0,0.041248,0.022524,0.590907,0.000300,  31.412
   309.0,0.041057,0.022480,0.586981,0.000300,  31.409
   310.0,0.040967,0.022457,0.582228,0.000321,  31.411
   311.0,0.040777,0.022350,0.577933,0.000335,  31.415
   312.0,0.040592,0.022293,0.573338,0.000321,  31.414
   313.0,0.040517,0.022295,0.568624,0.000308,  31.417
   314.0,0.040346,0.022220,0.565218,0.000308,  31.418
   315.0,0.040225,0.022203,0.561417,0.000308,  31.422
   316.0,0.040245,0.022247,0.556497,0.000294,  31.429
   317.0,0.040092,0.022176,0.551491,0.000294,  31.433
   318.0,0.039963,0.022148,0.548540,0.000294,  31.434
   319.0,0.039954,0.022166,0.544279,0.000308,  31.431
   320.0,0.039795,0.022107,0.540504,0.000294,  31.445
   321.0,0.039729,0.022118,0.538239,0.000294,  31.444
   322.0,0.039816,0.022208,0.534059,0.000308,  31.437
   323.0,0.039726,0.022177,0.528847,0.000330,  31.440
   324.0,0.039640,0.022168,0.525921,0.000294,  31.443
   325.0,0.039692,0.022225,0.522665,0.000330,  31.440
   326.0,0.039614,0.022197,0.519609,0.000289,  31.437
   327.0,0.039568,0.022217,0.516755,0.000289,  31.436
   328.0,0.039680,0.022321,0.514157,0.000268,  31.434
   329.0,0.039646,0.022298,0.510771,0.000268,  31.434
   330.0,0.039605,0.022318,0.507934,0.000281,  31.435
   331.0,0.039678,0.022391,0.504687,0.000268,  31.436
   332.0,0.039675,0.022403,0.501708,0.000268,  31.430
   333.0,0.039695,0.022438,0.499232,0.000268,  31.421
   334.0,0.039814,0.022566,0.496248,0.000268,  31.426
   335.0,0.039857,0.022621,0.494017,0.000294,  31.421
   336.0,0.039850,0.022640,0.492053,0.000281,  31.424
   337.0,0.039947,0.022749,0.488335,0.000268,  31.422
   338.0,0.040006,0.022797,0.484807,0.000254,  31.423
   339.0,0.040050,0.022873,0.483884,0.000241,  31.429
   340.0,0.040220,0.022990,0.482222,0.000254,  31.441
   341.0,0.040320,0.023058,0.477124,0.000254,  31.440
   342.0,0.040398,0.023125,0.477725,0.000268,  31.447
   343.0,0.040505,0.023220,0.476537,0.000268,  31.444
   344.0,0.040643,0.023341,0.474288,0.000241,  31.443
   345.0,0.040742,0.023439,0.473035,0.000241,  31.444
   346.0,0.040924,0.023595,0.471340,0.000254,  31.438
   347.0,0.041134,0.023710,0.469657,0.000241,  31.445
   348.0,0.041190,0.023759,0.468513,0.000219,  31.441
   349.0,0.041369,0.023884,0.467356,0.000241,  31.442
   350.0,0.041534,0.024009,0.465678,0.000241,  31.448
   351.0,0.041638,0.024114,0.464341,0.000254,  31.446
   352.0,0.041853,0.024292,0.463776,0.000262,  31.448
   353.0,0.042119,0.024479,0.462202,0.000241,  31.448
   354.0,0.042241,0.024559,0.461496,0.000289,  31.448
   355.0,0.042436,0.024661,0.461125,0.000276,  31.456
   356.0,0.042664,0.024828,0.459750,0.000289,  31.461
   357.0,0.042818,0.024929,0.458980,0.000276,  31.471
   358.0,0.043013,0.025116,0.458559,0.000241,  31.484
   359.0,0.043344,0.025318,0.457896,0.000276,  31.486
   360.0,0.043495,0.025425,0.457817,0.000289,  31.491
   361.0,0.043722,0.025600,0.458121,0.000262,  31.502
   362.0,0.044009,0.025741,0.457013,0.000262,  31.502
   363.0,0.044202,0.025896,0.456761,0.000276,  31.505
   364.0,0.044493,0.026104,0.457176,0.000254,  31.513
   365.0,0.044869,0.026347,0.456663,0.000254,  31.513
   366.0,0.045012,0.026450,0.457229,0.000241,  31.516
   367.0,0.045242,0.026652,0.457953,0.000303,  31.512
   368.0,0.045616,0.026872,0.457113,0.000289,  31.513
   369.0,0.045797,0.027000,0.457108,0.000197,  31.511
   370.0,0.046142,0.027210,0.458043,0.000232,  31.514
   371.0,0.046566,0.027470,0.458211,0.000197,  31.516
   372.0,0.046736,0.027594,0.458585,0.000232,  31.514
   373.0,0.046980,0.027787,0.460210,0.000254,  31.511
   374.0,0.047337,0.028016,0.459972,0.000268,  31.512
   375.0,0.047583,0.028186,0.460384,0.000268,  31.507
   376.0,0.047895,0.028364,0.461650,0.000241,  31.512
   377.0,0.048388,0.028682,0.461842,0.000241,  31.511
   378.0,0.048653,0.028867,0.461802,0.000254,  31.506
   379.0,0.048947,0.029045,0.464673,0.000268,  31.509
   380.0,0.049259,0.029292,0.465587,0.000268,  31.507
   381.0,0.049560,0.029492,0.464845,0.000241,  31.507
   382.0,0.049899,0.029729,0.466690,0.000241,  31.501
   383.0,0.050386,0.030044,0.468674,0.000268,  31.501
   384.0,0.050737,0.030226,0.470478,0.000254,  31.501
   385.0,0.051063,0.030417,0.470279,0.000254,  31.492
   386.0,0.051501,0.030673,0.472983,0.000241,  31.483
   387.0,0.051770,0.030883,0.474238,0.000241,  31.480
   388.0,0.052099,0.031104,0.476742,0.000254,  31.481
   389.0,0.052598,0.031458,0.478437,0.000268,  31.473
   390.0,0.053004,0.031659,0.479861,0.000268,  31.468
   391.0,0.053305,0.031821,0.482880,0.000268,  31.469
   392.0,0.053754,0.032110,0.484536,0.000281,  31.463
   393.0,0.054150,0.032333,0.485228,0.000281,  31.459
   394.0,0.054415,0.032562,0.487391,0.000254,  31.460
   395.0,0.054916,0.032939,0.489338,0.000281,  31.452
   396.0,0.055427,0.033199,0.491119,0.000294,  31.455
   397.0,0.055747,0.033416,0.494150,0.000281,  31.457
   398.0,0.056231,0.033659,0.496189,0.000268,  31.456
   399.0,0.056662,0.033937,0.497414,0.000254,  31.458
   400.0,0.056983,0.034165,0.499246,0.000268,  31.456
   401.0,0.057412,0.034493,0.501624,0.000281,  31.454
   402.0,0.057929,0.034768,0.503656,0.000254,  31.455
   403.0,0.058250,0.034983,0.506794,0.000268,  31.453
   404.0,0.058702,0.035259,0.508895,0.000281,  31.456
   405.0,0.059129,0.035503,0.510410,0.000268,  31.451
   406.0,0.059494,0.035725,0.512623,0.000268,  31.448
   407.0,0.059980,0.036048,0.515449,0.000268,  31.440
   408.0,0.060451,0.036350,0.517500,0.000232,  31.444
   409.0,0.060759,0.036555,0.520768,0.000281,  31.451
   410.0,0.061247,0.036866,0.523803,0.000268,  31.448
   411.0,0.061704,0.037128,0.525425,0.000268,  31.434
   412.0,0.062077,0.037313,0.528075,0.000268,  31.430
   413.0,0.062627,0.037668,0.530903,0.000281,  31.427
   414.0,0.063149,0.037996,0.533133,0.000294,  31.424
   415.0,0.063414,0.038222,0.536024,0.000281,  31.424
   416.0,0.063880,0.038514,0.539399,0.000268,  31.417
   417.0,0.064410,0.038795,0.541127,0.000281,  31.417
   418.0,0.064792,0.039051,0.543858,0.000281,  31.420
   419.0,0.065256,0.039299,0.546981,0.000294,  31.419
   420.0,0.065828,0.039654,0.549810,0.000294,  31.416
   421.0,0.066195,0.039858,0.552368,0.000294,  31.417
   422.0,0.066581,0.040151,0.556048,0.000294,  31.423
   423.0,0.067069,0.040445,0.557687,0.000273,  31.428
   424.0,0.067471,0.040692,0.560255,0.000211,  31.430
   425.0,0.067892,0.041000,0.563515,0.000259,  31.431
   426.0,0.068483,0.041305,0.566507,0.000259,  31.433
   427.0,0.068892,0.041527,0.569564,0.000224,  31.439
   428.0,0.069321,0.041806,0.572532,0.000259,  31.441
   429.0,0.069753,0.042123,0.574657,0.000238,  31.441
   430.0,0.070130,0.042360,0.577177,0.000273,  31.440
   431.0,0.070529,0.042631,0.580386,0.000273,  31.442
   432.0,0.071129,0.042988,0.583586,0.000273,  31.445
   433.0,0.071514,0.043203,0.586335,0.000308,  31.447
   434.0,0.071936,0.043426,0.590526,0.000308,  31.449
   435.0,0.072451,0.043741,0.591767,0.000308,  31.450
   436.0,0.072827,0.043984,0.593965,0.000308,  31.450
   437.0,0.073135,0.044232,0.597919,0.000294,  31.457
   438.0,0.073718,0.044591,0.600551,0.000294,  31.458
   439.0,0.074116,0.044815,0.603408,0.000294,  31.460
   440.0,0.074478,0.045056,0.607457,0.000294,  31.462
   441.0,0.075056,0.045326,0.609740,0.000294,  31.458
   442.0,0.075428,0.045563,0.612143,0.000308,  31.462
   443.0,0.075779,0.045781,0.615153,0.000308,  31.462
   444.0,0.076227,0.046150,0.618223,0.000330,  31.462
   445.0,0.076688,0.046385,0.621014,0.000294,  31.462
   446.0,0.077115,0.046648,0.624785,0.000330,  31.451
   447.0,0.077636,0.046947,0.626979,0.000330,  31.448
   448.0,0.078064,0.047142,0.629693,0.000330,  31.434
   449.0,0.078436,0.047380,0.632581,0.000294,  31.433
   450.0,0.078918,0.047707,0.635309,0.000273,  31.433
   451.0,0.079268,0.047922,0.638055,0.000259,  31.431
   452.0,0.079669,0.048184,0.641705,0.000294,  31.429
   453.0,0.080159,0.048492,0.643850,0.000294,  31.428
   454.0,0.080552,0.048714,0.646206,0.000357,  31.422
   455.0,0.080926,0.048914,0.649310,0.000308,  31.425
   456.0,0.081388,0.049206,0.651822,0.000308,  31.419
   457.0,0.081791,0.049435,0.654426,0.000321,  31.414
   458.0,0.082112,0.049676,0.657494,0.000321,  31.414
   459.0,0.082560,0.049966,0.659795,0.000316,  31.420
   460.0,0.082974,0.050212,0.662206,0.000294,  31.415
   461.0,0.083308,0.050422,0.665509,0.000308,  31.413
   462.0,0.083761,0.050640,0.668504,0.000308,  31.418
   463.0,0.084166,0.050893,0.670685,0.000308,  31.417
   464.0,0.084517,0.051113,0.673404,0.000321,  31.416
   465.0,0.084860,0.051364,0.676042,0.000321,  31.417
   466.0,0.085262,0.051613,0.678387,0.000335,  31.420
   467.0,0.085614,0.051806,0.681058,0.000321,  31.417
   468.0,0.085954,0.052059,0.683816,0.000321,  31.421
   469.0,0.086371,0.052261,0.686299,0.000300,  31.429
   470.0,0.086692,0.052458,0.688637,0.000343,  31.423
   471.0,0.087097,0.052725,0.691111,0.000335,  31.421
   472.0,0.087460,0.052940,0.693037,0.000321,  31.420
   473.0,0.087765,0.053121,0.695652,0.000343,  31.421
   474.0,0.088091,0.053351,0.698455,0.000335,  31.421
   475.0,0.088474,0.053558,0.700692,0.000321,  31.419
   476.0,0.088777,0.053698,0.703149,0.000335,  31.419
   477.0,0.089161,0.053933,0.705140,0.000321,  31.421
   478.0,0.089549,0.054168,0.706687,0.000321,  31.419
   479.0,0.089782,0.054337,0.709246,0.000335,  31.416
   480.0,0.090044,0.054544,0.711669,0.000321,  31.416
   481.0,0.090455,0.054758,0.714171,0.000335,  31.415
   482.0,0.090701,0.054911,0.716361,0.000335,  31.421
   483.0,0.091041,0.055114,0.718266,0.000370,  31.418
   484.0,0.091428,0.055328,0.719773,0.000370,  31.417
   485.0,0.091681,0.055478,0.722031,0.000357,  31.420
   486.0,0.091876,0.055649,0.724052,0.000357,  31.424
   487.0,0.092220,0.055844,0.726102,0.000321,  31.421
   488.0,0.092445,0.056004,0.728270,0.000357,  31.423
   489.0,0.092767,0.056210,0.730095,0.000357,  31.424
   490.0,0.093109,0.056368,0.731287,0.000335,  31.420
   491.0,0.093379,0.056515,0.733793,0.000357,  31.420
   492.0,0.093597,0.056652,0.735732,0.000335,  31.424
   493.0,0.093852,0.056824,0.737805,0.000357,  31.431
   494.0,0.094009,0.056967,0.739206,0.000348,  31.429
   495.0,0.094332,0.057159,0.740532,0.000335,  31.433
   496.0,0.094660,0.057332,0.741775,0.000335,  31.433
   497.0,0.094888,0.057461,0.743701,0.000343,  31.432
   498.0,0.095049,0.057550,0.745518,0.000370,  31.432
   499.0,0.095278,0.057687,0.747191,0.000370,  31.439
   500.0,0.095442,0.057806,0.748569,0.000348,  31.444
   501.0,0.095704,0.057974,0.750293,0.000383,  31.442
   502.0,0.096027,0.058155,0.750946,0.000370,  31.443
   503.0,0.096242,0.058275,0.752561,0.000335,  31.438
   504.0,0.096390,0.058351,0.754082,0.000370,  31.439
   505.0,0.096616,0.058488,0.755749,0.000383,  31.442
   506.0,0.096780,0.058589,0.756605,0.000383,  31.443
   507.0,0.096955,0.058728,0.757908,0.000370,  31.441
   508.0,0.097215,0.058894,0.757999,0.000362,  31.445
   509.0,0.097409,0.059007,0.759680,0.000383,  31.444
   510.0,0.097527,0.059064,0.761320,0.000383,  31.446
   511.0,0.097681,0.059138,0.762575,0.000370,  31.448
   512.0,0.097819,0.059234,0.763668,0.000405,  31.448
   513.0,0.098004,0.059330,0.764386,0.000405,  31.452
   514.0,0.098213,0.059489,0.764423,0.000405,  31.454
   515.0,0.098364,0.059579,0.765617,0.000378,  31.460
   516.0,0.098463,0.059638,0.766943,0.000357,  31.448
   517.0,0.098599,0.059700,0.767774,0.000370,  31.446
   518.0,0.098665,0.059742,0.768649,0.000383,  31.450
   519.0,0.098816,0.059834,0.769613,0.000383,  31.461
   520.0,0.099047,0.059941,0.769273,0.000383,  31.461
   521.0,0.099175,0.060029,0.770119,0.000362,  31.453
   522.0,0.099225,0.060073,0.771605,0.000362,  31.457
   523.0,0.099311,0.060159,0.772288,0.000348,  31.461
   524.0,0.099325,0.060161,0.773053,0.000362,  31.464
   525.0,0.099404,0.060235,0.773340,0.000362,  31.461
   526.0,0.099632,0.060347,0.772819,0.000362,  31.461
   527.0,0.099754,0.060402,0.773481,0.000362,  31.447
   528.0,0.099788,0.060437,0.774353,0.000362,  31.446
   529.0,0.099817,0.060467,0.774914,0.000362,  31.443
   530.0,0.099821,0.060456,0.774901,0.000375,  31.443
   531.0,0.099870,0.060513,0.775524,0.000375,  31.440
   532.0,0.100029,0.060605,0.774799,0.000375,  31.445
   533.0,0.100141,0.060651,0.775268,0.000362,  31.444
   534.0,0.100138,0.060656,0.775880,0.000362,  31.445
   535.0,0.100148,0.060660,0.776148,0.000375,  31.447
   536.0,0.100118,0.060621,0.776542,0.000397,  31.460
   537.0,0.100125,0.060653,0.775972,0.000362,  31.462
   538.0,0.100228,0.060728,0.775383,0.000424,  31.460
   539.0,0.100271,0.060746,0.775236,0.000375,  31.461
   540.0,0.100280,0.060746,0.776230,0.000375,  31.459
   541.0,0.100205,0.060713,0.776186,0.000375,  31.458
   542.0,0.100168,0.060673,0.776143,0.000362,  31.455
   543.0,0.100149,0.060671,0.775820,0.000410,  31.453
   544.0,0.100235,0.060726,0.774243,0.000383,  31.462
   545.0,0.100264,0.060750,0.773758,0.000362,  31.461
   546.0,0.100252,0.060723,0.774510,0.000410,  31.456
   547.0,0.100158,0.060688,0.774881,0.000397,  31.451
   548.0,0.100049,0.060629,0.774385,0.000397,  31.458
   549.0,0.099997,0.060601,0.773863,0.000410,  31.456
   550.0,0.100059,0.060634,0.772651,0.000375,  31.457
   551.0,0.100089,0.060640,0.771026,0.000375,  31.453
   552.0,0.100045,0.060592,0.772148,0.000362,  31.459
   553.0,0.099927,0.060517,0.771800,0.000362,  31.459
   554.0,0.099782,0.060422,0.771264,0.000375,  31.461
   555.0,0.099649,0.060373,0.770616,0.000397,  31.463
   556.0,0.099675,0.060404,0.769096,0.000410,  31.465
   557.0,0.099741,0.060395,0.767458,0.000383,  31.469
   558.0,0.099669,0.060342,0.767259,0.000362,  31.468
   559.0,0.099553,0.060270,0.766751,0.000383,  31.473
   560.0,0.099394,0.060159,0.766333,0.000383,  31.475
   561.0,0.099199,0.060071,0.765778,0.000362,  31.482
   562.0,0.099183,0.060080,0.763652,0.000397,  31.482
   563.0,0.099176,0.060065,0.762024,0.000362,  31.482
   564.0,0.099087,0.060019,0.762014,0.000397,  31.477
   565.0,0.098971,0.059929,0.761119,0.000362,  31.477
   566.0,0.098796,0.059811,0.760412,0.000348,  31.474
   567.0,0.098556,0.059678,0.759521,0.000370,  31.471
   568.0,0.098500,0.059667,0.757803,0.000383,  31.475
   569.0,0.098434,0.059634,0.755763,0.000362,  31.471
   570.0,0.098292,0.059562,0.755371,0.000383,  31.476
   571.0,0.098143,0.059460,0.754524,0.000362,  31.473
   572.0,0.098008,0.059328,0.753003,0.000370,  31.472
   573.0,0.097767,0.059185,0.752248,0.000383,  31.470
   574.0,0.097645,0.059132,0.750426,0.000362,  31.467
   575.0,0.097557,0.059064,0.747561,0.000410,  31.459
   576.0,0.097382,0.058983,0.746961,0.000397,  31.454
   577.0,0.097198,0.058878,0.745890,0.000397,  31.454
   578.0,0.096985,0.058754,0.744597,0.000383,  31.454
   579.0,0.096741,0.058598,0.742981,0.000362,  31.443
   580.0,0.096574,0.058523,0.741382,0.000410,  31.445
   581.0,0.096465,0.058427,0.738583,0.000397,  31.442
   582.0,0.096275,0.058299,0.737632,0.000362,  31.429
   583.0,0.096039,0.058186,0.736866,0.000370,  31.427
   584.0,0.095803,0.058053,0.734936,0.000397,  31.425
   585.0,0.095494,0.057868,0.733641,0.000383,  31.420
   586.0,0.095344,0.057781,0.731867,0.000383,  31.416
   587.0,0.095287,0.057711,0.728748,0.000362,  31.410
   588.0,0.095078,0.057568,0.727258,0.000383,  31.409
   589.0,0.094823,0.057416,0.726315,0.000383,  31.410
   590.0,0.094529,0.057274,0.724297,0.000362,  31.412
   591.0,0.094195,0.057090,0.722150,0.000392,  31.410
   592.0,0.093986,0.056961,0.720739,0.000405,  31.418
   593.0,0.093843,0.056883,0.716992,0.000419,  31.418
   594.0,0.093651,0.056725,0.715424,0.000405,  31.420
   595.0,0.093361,0.056547,0.714930,0.000405,  31.422
   596.0,0.093081,0.056371,0.712591,0.000405,  31.429
   597.0,0.092690,0.056152,0.710921,0.000383,  31.430
   598.0,0.092455,0.056028,0.708818,0.000383,  31.432
   599.0,0.092283,0.055951,0.705772,0.000397,  31.436
   600.0,0.092068,0.055814,0.703371,0.000362,  31.439
   601.0,0.091876,0.055654,0.702137,0.000335,  31.442
   602.0,0.091571,0.055465,0.700138,0.000348,  31.443
   603.0,0.091139,0.055212,0.698127,0.000362,  31.447
   604.0,0.090822,0.055067,0.696143,0.000348,  31.465
   605.0,0.090643,0.054966,0.691937,0.000348,  31.464
   606.0,0.090384,0.054806,0.689979,0.000348,  31.471
   607.0,0.090154,0.054648,0.688282,0.000348,  31.478
   608.0,0.089896,0.054413,0.685818,0.000362,  31.479
   609.0,0.089456,0.054165,0.683755,0.000375,  31.486
   610.0,0.089094,0.053994,0.681821,0.000362,  31.490
   611.0,0.088855,0.053845,0.678540,0.000362,  31.494
   612.0,0.088600,0.053681,0.675735,0.000370,  31.498
   613.0,0.088341,0.053526,0.674212,0.000397,  31.499
   614.0,0.088023,0.053358,0.672176,0.000410,  31.497
   615.0,0.087730,0.053117,0.669588,0.000397,  31.499
   616.0,0.087325,0.052910,0.667319,0.000383,  31.504
   617.0,0.087058,0.052745,0.663961,0.000405,  31.509
   618.0,0.086788,0.052564,0.661075,0.000405,  31.513
   619.0,0.086483,0.052420,0.659061,0.000405,  31.505
   620.0,0.086147,0.052225,0.657167,0.000392,  31.509
   621.0,0.085762,0.051978,0.654805,0.000405,  31.510
   622.0,0.085448,0.051735,0.652014,0.000405,  31.512
   623.0,0.085160,0.051568,0.649278,0.000405,  31.513
   624.0,0.084884,0.051398,0.645553,0.000405,  31.509
   625.0,0.084542,0.051199,0.643845,0.000392,  31.513
   626.0,0.084172,0.051004,0.641347,0.000370,  31.513
   627.0,0.083812,0.050775,0.638597,0.000370,  31.515
   628.0,0.083382,0.050535,0.636515,0.000370,  31.511
   629.0,0.083162,0.050372,0.633485,0.000335,  31.515
   630.0,0.082894,0.050197,0.630244,0.000357,  31.514
   631.0,0.082513,0.049985,0.628301,0.000343,  31.515
   632.0,0.082150,0.049759,0.626418,0.000321,  31.514
   633.0,0.081763,0.049541,0.623397,0.000357,  31.509
   634.0,0.081328,0.049309,0.620688,0.000343,  31.501
   635.0,0.081065,0.049142,0.618359,0.000343,  31.506
   636.0,0.080843,0.048972,0.614016,0.000343,  31.501
   637.0,0.080517,0.048756,0.612068,0.000294,  31.504
   638.0,0.080147,0.048530,0.610276,0.000330,  31.501
   639.0,0.079767,0.048268,0.607341,0.000330,  31.501
   640.0,0.079265,0.048005,0.604918,0.000294,  31.499
   641.0,0.078975,0.047864,0.601603,0.000330,  31.494
   642.0,0.078707,0.047700,0.598279,0.000321,  31.493
   643.0,0.078404,0.047475,0.595783,0.000343,  31.491
   644.0,0.078058,0.047267,0.593557,0.000330,  31.485
   645.0,0.077646,0.047023,0.590214,0.000321,  31.470
   646.0,0.077149,0.046726,0.587813,0.000357,  31.473
   647.0,0.076779,0.046535,0.584577,0.000378,  31.471
   648.0,0.076503,0.046401,0.580326,0.000335,  31.471
   649.0,0.076139,0.046160,0.578251,0.000357,  31.467
   650.0,0.075785,0.045952,0.575994,0.000321,  31.461
   651.0,0.075425,0.045696,0.572931,0.000330,  31.456
   652.0,0.074944,0.045385,0.570520,0.000343,  31.449
   653.0,0.074575,0.045176,0.567707,0.000321,  31.445
   654.0,0.074229,0.044983,0.563300,0.000357,  31.443
   655.0,0.073883,0.044791,0.560714,0.000343,  31.435
   656.0,0.073527,0.044591,0.558864,0.000343,  31.428
   657.0,0.073135,0.044360,0.556319,0.000351,  31.433
   658.0,0.072706,0.044055,0.553480,0.000365,  31.432
   659.0,0.072280,0.043825,0.550309,0.000365,  31.433
   660.0,0.071982,0.043635,0.546506,0.000365,  31.440
   661.0,0.071594,0.043406,0.543356,0.000365,  31.439
   662.0,0.071244,0.043231,0.541272,0.000365,  31.437
   663.0,0.070860,0.042991,0.538671,0.000378,  31.441
   664.0,0.070368,0.042684,0.535633,0.000365,  31.443
   665.0,0.070031,0.042445,0.532860,0.000330,  31.444
   666.0,0.069691,0.042253,0.528727,0.000294,  31.446
   667.0,0.069358,0.042022,0.525649,0.000330,  31.444
   668.0,0.068960,0.041773,0.523631,0.000303,  31.451
   669.0,0.068578,0.041590,0.520600,0.000289,  31.455
   670.0,0.068104,0.041285,0.518084,0.000303,  31.461
   671.0,0.067662,0.041035,0.515513,0.000281,  31.463
   672.0,0.067407,0.040870,0.511367,0.000330,  31.467
   673.0,0.067090,0.040625,0.508185,0.000303,  31.470
   674.0,0.066701,0.040391,0.505898,0.000268,  31.472
   675.0,0.066278,0.040151,0.502838,0.000316,  31.472
   676.0,0.065806,0.039909,0.499765,0.000303,  31.477
   677.0,0.065369,0.039639,0.497608,0.000330,  31.479
   678.0,0.065088,0.039460,0.493794,0.000316,  31.480
   679.0,0.064810,0.039243,0.489856,0.000268,  31.476
   680.0,0.064398,0.039001,0.488157,0.000303,  31.486
   681.0,0.064029,0.038778,0.485499,0.000289,  31.482
   682.0,0.063560,0.038480,0.482781,0.000268,  31.470
   683.0,0.063098,0.038251,0.479902,0.000303,  31.473
   684.0,0.062806,0.038073,0.476075,0.000303,  31.467
   685.0,0.062459,0.037887,0.473061,0.000316,  31.471
   686.0,0.062098,0.037671,0.470748,0.000289,  31.471
   687.0,0.061780,0.037427,0.468356,0.000268,  31.465
   688.0,0.061347,0.037142,0.464935,0.000303,  31.468
   689.0,0.060865,0.036879,0.462400,0.000289,  31.472
   690.0,0.060542,0.036688,0.458788,0.000268,  31.476
   691.0,0.060203,0.036512,0.454950,0.000276,  31.474
   692.0,0.059814,0.036294,0.452515,0.000298,  31.473
   693.0,0.059458,0.036062,0.450516,0.000324,  31.471
   694.0,0.059105,0.035776,0.447640,0.000298,  31.472
   695.0,0.058614,0.035503,0.445121,0.000311,  31.470
   696.0,0.058253,0.035297,0.442036,0.000324,  31.462
   697.0,0.057947,0.035091,0.437986,0.000311,  31.462
   698.0,0.057580,0.034905,0.434848,0.000324,  31.454
   699.0,0.057211,0.034696,0.431201,0.000298,  31.450
   700.0,0.056824,0.034454,0.429539,0.000311,  31.451
   701.0,0.056426,0.034165,0.427337,0.000289,  31.448
   702.0,0.056007,0.033948,0.424988,0.000276,  31.446
   703.0,0.055684,0.033740,0.421175,0.000241,  31.446
   704.0,0.055298,0.033503,0.418225,0.000262,  31.445
   705.0,0.054940,0.033334,0.415899,0.000262,  31.447
   706.0,0.054567,0.033114,0.413143,0.000289,  31.448
   707.0,0.054129,0.032835,0.410270,0.000276,  31.444
   708.0,0.053810,0.032602,0.407745,0.000241,  31.442
   709.0,0.053483,0.032426,0.404062,0.000289,  31.433
   710.0,0.053120,0.032178,0.401389,0.000276,  31.427
   711.0,0.052737,0.031971,0.399169,0.000241,  31.426
   712.0,0.052381,0.031786,0.396073,0.000276,  31.425
   713.0,0.051916,0.031508,0.393471,0.000276,  31.417
   714.0,0.051554,0.031301,0.391110,0.000276,  31.416
   715.0,0.051308,0.031111,0.387649,0.000262,  31.406
   716.0,0.050939,0.030883,0.384786,0.000214,  31.406
   717.0,0.050578,0.030657,0.382938,0.000249,  31.406
   718.0,0.050185,0.030425,0.379920,0.000276,  31.409
   719.0,0.049760,0.030214,0.376832,0.000276,  31.409
   720.0,0.049389,0.029993,0.374568,0.000298,  31.410
   721.0,0.049118,0.029824,0.371044,0.000311,  31.428
   722.0,0.048809,0.029603,0.368169,0.000298,  31.422
   723.0,0.048465,0.029382,0.366466,0.000284,  31.422
   724.0,0.048103,0.029162,0.363794,0.000298,  31.404
   725.0,0.047657,0.028881,0.361048,0.000284,  31.403
   726.0,0.047276,0.028695,0.358483,0.000298,  31.406
   727.0,0.046983,0.028541,0.355537,0.000311,  31.402
   728.0,0.046666,0.028326,0.352735,0.000284,  31.398
   729.0,0.046397,0.028123,0.350534,0.000284,  31.406
   730.0,0.046031,0.027910,0.347827,0.000292,  31.407
   731.0,0.045637,0.027650,0.345371,0.000271,  31.408
   732.0,0.045222,0.027422,0.342670,0.000284,  31.412
   733.0,0.044921,0.027256,0.339334,0.000284,  31.413
   734.0,0.044633,0.027098,0.334914,0.000249,  31.413
   735.0,0.044307,0.026899,0.333207,0.000249,  31.415
   736.0,0.043984,0.026680,0.331598,0.000271,  31.417
   737.0,0.043623,0.026434,0.329303,0.000284,  31.430
   738.0,0.043225,0.026196,0.327066,0.000236,  31.426
   739.0,0.042911,0.026010,0.324182,0.000236,  31.430
   740.0,0.042606,0.025850,0.320893,0.000214,  31.429
   741.0,0.042290,0.025685,0.318863,0.000249,  31.425
   742.0,0.041955,0.025474,0.317071,0.000249,  31.427
   743.0,0.041584,0.025250,0.314423,0.000249,  31.424
   744.0,0.041263,0.025020,0.312064,0.000236,  31.426
   745.0,0.040960,0.024833,0.309749,0.000214,  31.426
   746.0,0.040665,0.024646,0.306157,0.000249,  31.429
   747.0,0.040330,0.024453,0.304062,0.000249,  31.432
   748.0,0.040030,0.024308,0.302007,0.000249,  31.430
   749.0,0.039695,0.024097,0.299551,0.000249,  31.431
   750.0,0.039301,0.023846,0.297494,0.000214,  31.426
   751.0,0.039047,0.023675,0.294681,0.000227,  31.422
   752.0,0.038792,0.023514,0.291874,0.000236,  31.410
   753.0,0.038449,0.023317,0.290010,0.000214,  31.403
   754.0,0.038147,0.023139,0.288068,0.000236,  31.396
   755.0,0.037844,0.022963,0.285456,0.000236,  31.393
   756.0,0.037443,0.022738,0.283279,0.000236,  31.392
   757.0,0.037159,0.022574,0.281337,0.000236,  31.384
   758.0,0.036958,0.022405,0.278174,0.000214,  31.379
   759.0,0.036660,0.022209,0.276199,0.000236,  31.364
   760.0,0.036352,0.022031,0.274196,0.000222,  31.362
   761.0,0.036034,0.021844,0.271761,0.000187,  31.359
   762.0,0.035663,0.021667,0.269744,0.000222,  31.357
   763.0,0.035381,0.021498,0.266204,0.000236,  31.355
   764.0,0.035135,0.021353,0.263762,0.000236,  31.363
   765.0,0.034849,0.021163,0.262410,0.000236,  31.360
   766.0,0.034616,0.020991,0.260941,0.000195,  31.355
   767.0,0.034309,0.020807,0.258655,0.000222,  31.353
   768.0,0.033954,0.020589,0.256718,0.000222,  31.353
   769.0,0.033672,0.020442,0.254391,0.000200,  31.360
   770.0,0.033428,0.020315,0.251504,0.000214,  31.360
   771.0,0.033168,0.020150,0.249886,0.000214,  31.363
   772.0,0.032923,0.019972,0.248176,0.000200,  31.364
   773.0,0.032636,0.019795,0.246232,0.000187,  31.364
   774.0,0.032297,0.019593,0.244193,0.000187,  31.369
   775.0,0.031991,0.019421,0.241949,0.000187,  31.371
   776.0,0.031772,0.019309,0.239295,0.000187,  31.369
   777.0,0.031510,0.019162,0.236601,0.000165,  31.372
   778.0,0.031272,0.019016,0.233750,0.000200,  31.371
   779.0,0.030979,0.018828,0.233378,0.000214,  31.377
   780.0,0.030704,0.018628,0.231654,0.000222,  31.378
   781.0,0.030391,0.018462,0.230076,0.000236,  31.395
   782.0,0.030157,0.018321,0.227490,0.000214,  31.392
   783.0,0.029926,0.018183,0.225226,0.000230,  31.396
   784.0,0.029684,0.018056,0.223584,0.000209,  31.398
   785.0,0.029419,0.017897,0.221628,0.000209,  31.398
   786.0,0.029106,0.017704,0.220063,0.000209,  31.398
   787.0,0.028860,0.017529,0.218087,0.000200,  31.401
   788.0,0.028632,0.017402,0.216194,0.000222,  31.401
   789.0,0.028398,0.017241,0.213685,0.000222,  31.404
   790.0,0.028151,0.017102,0.212128,0.000187,  31.405
   791.0,0.027910,0.016982,0.210184,0.000222,  31.400
   792.0,0.027636,0.016808,0.208333,0.000222,  31.399
   793.0,0.027350,0.016628,0.206910,0.000222,  31.398
   794.0,0.027171,0.016516,0.204690,0.000200,  31.396
   795.0,0.026958,0.016368,0.202821,0.000173,  31.394
   796.0,0.026689,0.016223,0.201160,0.000209,  31.392
   797.0,0.026469,0.016084,0.199293,0.000209,  31.391
   798.0,0.026195,0.015941,0.197230,0.000209,  31.392
   799.0,0.025910,0.015768,0.195801,0.000209,  31.392
   800.0,0.025712,0.015644,0.193992,0.000173,  31.399
   801.0,0.025531,0.015503,0.191766,0.000209,  31.398
   802.0,0.025294,0.015373,0.190742,0.000209,  31.397
   803.0,0.025060,0.015229,0.188976,0.000200,  31.407
   804.0,0.024828,0.015073,0.187134,0.000222,  31.410
   805.0,0.024564,0.014940,0.185356,0.000222,  31.413
   806.0,0.024380,0.014842,0.183797,0.000222,  31.414
   807.0,0.024204,0.014721,0.181565,0.000209,  31.418
   808.0,0.023985,0.014583,0.180227,0.000147,  31.421
   809.0,0.023774,0.014459,0.178977,0.000195,  31.424
   810.0,0.023532,0.014293,0.177189,0.000195,  31.422
   811.0,0.023272,0.014159,0.175451,0.000173,  31.427
   812.0,0.023060,0.014056,0.171517,0.000195,  31.426
   813.0,0.022872,0.013927,0.171000,0.000173,  31.426
   814.0,0.022689,0.013789,0.170232,0.000209,  31.427
   815.0,0.022484,0.013661,0.169264,0.000182,  31.428
   816.0,0.022254,0.013518,0.167687,0.000147,  31.438
   817.0,0.021996,0.013372,0.166079,0.000209,  31.440
   818.0,0.021798,0.013267,0.164354,0.000217,  31.446
   819.0,0.021629,0.013162,0.162449,0.000209,  31.448
   820.0,0.021442,0.013051,0.161231,0.000209,  31.449
   821.0,0.021287,0.012932,0.160165,0.000173,  31.450
   822.0,0.021071,0.012811,0.158532,0.000173,  31.454
   823.0,0.020846,0.012664,0.156948,0.000173,  31.454
   824.0,0.020633,0.012545,0.155557,0.000173,  31.460
   825.0,0.020465,0.012480,0.153617,0.000168,  31.457
   826.0,0.020280,0.012359,0.152103,0.000182,  31.458
   827.0,0.020093,0.012244,0.151163,0.000160,  31.463
   828.0,0.019932,0.012129,0.149780,0.000147,  31.467
   829.0,0.019699,0.011991,0.148743,0.000147,  31.469
   830.0,0.019501,0.011868,0.147205,0.000160,  31.473
   831.0,0.019334,0.011769,0.145242,0.000147,  31.470
   832.0,0.019143,0.011679,0.143609,0.000173,  31.472
   833.0,0.018973,0.011574,0.142556,0.000160,  31.473
   834.0,0.018796,0.011457,0.141188,0.000173,  31.470
   835.0,0.018611,0.011319,0.139895,0.000160,  31.469
   836.0,0.018394,0.011205,0.138485,0.000147,  31.470
   837.0,0.018238,0.011100,0.136904,0.000147,  31.465
   838.0,0.018068,0.010990,0.135589,0.000195,  31.465
   839.0,0.017892,0.010902,0.134538,0.000182,  31.464
   840.0,0.017734,0.010817,0.133198,0.000182,  31.455
   841.0,0.017525,0.010692,0.132030,0.000182,  31.454
   842.0,0.017342,0.010584,0.130934,0.000147,  31.458
   843.0,0.017212,0.010484,0.129379,0.000182,  31.460
   844.0,0.017068,0.010381,0.128235,0.000168,  31.460
   845.0,0.016905,0.010283,0.127050,0.000133,  31.455
   846.0,0.016734,0.010198,0.125632,0.000168,  31.450
   847.0,0.016558,0.010096,0.124396,0.000182,  31.450
   848.0,0.016375,0.009989,0.123493,0.000195,  31.449
   849.0,0.016235,0.009912,0.122183,0.000168,  31.452
   850.0,0.016118,0.009814,0.120722,0.000147,  31.456
   851.0,0.015948,0.009721,0.119676,0.000182,  31.453
   852.0,0.015810,0.009630,0.118557,0.000155,  31.452
   853.0,0.015624,0.009528,0.117243,0.000147,  31.455
   854.0,0.015449,0.009432,0.116259,0.000133,  31.457
   855.0,0.015314,0.009350,0.112980,0.000147,  31.457
   856.0,0.015170,0.009258,0.113091,0.000160,  31.460
   857.0,0.015058,0.009169,0.112599,0.000133,  31.458
   858.0,0.014909,0.009082,0.111615,0.000120,  31.456
   859.0,0.014756,0.008975,0.110400,0.000133,  31.457
   860.0,0.014577,0.008882,0.109465,0.000120,  31.454
   861.0,0.014438,0.008823,0.108329,0.000106,  31.445
   862.0,0.014306,0.008746,0.106917,0.000141,  31.442
   863.0,0.014159,0.008658,0.106068,0.000120,  31.433
   864.0,0.014031,0.008565,0.105265,0.000141,  31.430
   865.0,0.013899,0.008471,0.104179,0.000141,  31.426
   866.0,0.013739,0.008370,0.101046,0.000120,  31.418
   867.0,0.013585,0.008291,0.101454,0.000155,  31.405
   868.0,0.013471,0.008230,0.100515,0.000141,  31.393
   869.0,0.013344,0.008152,0.099738,0.000120,  31.376
   870.0,0.013213,0.008072,0.099009,0.000128,  31.371
   871.0,0.013084,0.007993,0.098021,0.000093,  31.366
   872.0,0.012939,0.007890,0.097083,0.000128,  31.358
   873.0,0.012807,0.007810,0.095922,0.000163,  31.348
   874.0,0.012696,0.007736,0.094753,0.000163,  31.342
   875.0,0.012565,0.007665,0.093967,0.000163,  31.339
   876.0,0.012432,0.007606,0.093088,0.000163,  31.344
   877.0,0.012308,0.007534,0.092035,0.000163,  31.343
   878.0,0.012162,0.007446,0.091393,0.000177,  31.340
   879.0,0.012062,0.007369,0.090515,0.000120,  31.345
   880.0,0.011945,0.007303,0.089061,0.000163,  31.349
   881.0,0.011833,0.007230,0.088096,0.000163,  31.346
   882.0,0.011712,0.007160,0.087546,0.000163,  31.349
   883.0,0.011595,0.007106,0.086581,0.000163,  31.353
   884.0,0.011457,0.007022,0.085711,0.000128,  31.354
   885.0,0.011336,0.006947,0.085091,0.000128,  31.355
   886.0,0.011227,0.006883,0.084065,0.000128,  31.356
   887.0,0.011131,0.006806,0.083218,0.000093,  31.359
   888.0,0.011014,0.006736,0.082376,0.000079,  31.359
   889.0,0.010909,0.006672,0.081499,0.000115,  31.359
   890.0,0.010780,0.006595,0.080688,0.000093,  31.360
   891.0,0.010655,0.006533,0.079799,0.000109,  31.365
   892.0,0.010562,0.006465,0.078834,0.000136,  31.361
   893.0,0.010440,0.006396,0.078097,0.000136,  31.362
   894.0,0.010353,0.006335,0.077384,0.000115,  31.362
   895.0,0.010252,0.006260,0.076358,0.000093,  31.364
   896.0,0.010130,0.006193,0.075704,0.000101,  31.357
   897.0,0.010029,0.006138,0.074956,0.000101,  31.355
   898.0,0.009926,0.006088,0.074191,0.000101,  31.348
   899.0,0.009823,0.006033,0.073476,0.000101,  31.355
   900.0,0.009733,0.005970,0.072842,0.000066,  31.348
   901.0,0.009652,0.005907,0.071961,0.000123,  31.348
   902.0,0.009550,0.005837,0.069863,0.000136,  31.350
   903.0,0.009438,0.005781,0.070234,0.000136,  31.352
   904.0,0.009342,0.005732,0.069558,0.000136,  31.354
   905.0,0.009263,0.005688,0.068784,0.000136,  31.357
   906.0,0.009172,0.005621,0.068369,0.000150,  31.353
   907.0,0.009078,0.005569,0.067680,0.000115,  31.358
   908.0,0.008990,0.005502,0.066994,0.000079,  31.360
   909.0,0.008872,0.005447,0.066265,0.000128,  31.363
   910.0,0.008784,0.005395,0.065580,0.000128,  31.367
   911.0,0.008707,0.005336,0.064834,0.000093,  31.371
   912.0,0.008621,0.005291,0.064285,0.000128,  31.371
   913.0,0.008544,0.005248,0.063753,0.000128,  31.372
   914.0,0.008460,0.005193,0.063146,0.000115,  31.374
   915.0,0.008364,0.005124,0.062422,0.000115,  31.373
   916.0,0.008278,0.005074,0.062045,0.000093,  31.378
   917.0,0.008207,0.005030,0.060838,0.000115,  31.383
   918.0,0.008115,0.004978,0.060375,0.000101,  31.379
   919.0,0.008040,0.004944,0.059738,0.000101,  31.368
   920.0,0.007955,0.004880,0.058997,0.000101,  31.369
   921.0,0.007856,0.004821,0.058670,0.000079,  31.366
   922.0,0.007779,0.004775,0.058214,0.000093,  31.368
   923.0,0.007719,0.004736,0.057402,0.000093,  31.373
   924.0,0.007631,0.004689,0.056816,0.000093,  31.368
   925.0,0.007558,0.004649,0.056262,0.000115,  31.372
   926.0,0.007491,0.004608,0.055447,0.000115,  31.370
   927.0,0.007398,0.004548,0.055120,0.000115,  31.371
   928.0,0.007331,0.004508,0.054592,0.000115,  31.377
   929.0,0.007272,0.004466,0.053591,0.000066,  31.379
   930.0,0.007197,0.004420,0.053208,0.000115,  31.386
   931.0,0.007122,0.004377,0.052565,0.000115,  31.389
   932.0,0.007042,0.004342,0.052142,0.000093,  31.390
   933.0,0.006962,0.004283,0.051348,0.000115,  31.392
   934.0,0.006886,0.004240,0.051171,0.000093,  31.396
   935.0,0.006825,0.004202,0.050565,0.000115,  31.395
   936.0,0.006758,0.004155,0.050030,0.000150,  31.392
   937.0,0.006692,0.004115,0.049711,0.000163,  31.390
   938.0,0.006631,0.004078,0.049126,0.000115,  31.390
   939.0,0.006544,0.004030,0.048631,0.000115,  31.382
   940.0,0.006475,0.003999,0.048071,0.000128,  31.372
   941.0,0.006411,0.003961,0.047502,0.000128,  31.372
   942.0,0.006342,0.003916,0.047053,0.000093,  31.372
   943.0,0.006291,0.003883,0.046748,0.000101,  31.375
   944.0,0.006229,0.003841,0.046109,0.000101,  31.369
   945.0,0.006155,0.003798,0.045518,0.000093,  31.377
   946.0,0.006089,0.003758,0.045136,0.000115,  31.385
   947.0,0.006030,0.003730,0.044592,0.000115,  31.390
   948.0,0.005965,0.003694,0.044157,0.000115,  31.390
   949.0,0.005918,0.003655,0.043843,0.000115,  31.395
   950.0,0.005861,0.003617,0.043171,0.000093,  31.388
   951.0,0.005781,0.003569,0.042489,0.000079,  31.379
   952.0,0.005712,0.003531,0.042067,0.000066,  31.377
   953.0,0.005655,0.003495,0.041656,0.000039,  31.364
   954.0,0.005597,0.003468,0.041100,0.000039,  31.362
   955.0,0.005536,0.003425,0.040786,0.000053,  31.352
   956.0,0.005480,0.003382,0.040408,0.000053,  31.347
   957.0,0.005422,0.003337,0.039964,0.000074,  31.339
   958.0,0.005345,0.003294,0.039482,0.000053,  31.334
   959.0,0.005301,0.003260,0.038940,0.000088,  31.327
   960.0,0.005250,0.003228,0.038561,0.000074,  31.316
   961.0,0.005198,0.003202,0.038203,0.000088,  31.315
   962.0,0.005146,0.003169,0.037899,0.000109,  31.313
   963.0,0.005091,0.003130,0.037548,0.000123,  31.302
   964.0,0.005043,0.003103,0.037223,0.000088,  31.303
   965.0,0.004977,0.003071,0.036652,0.000088,  31.303
   966.0,0.004930,0.003043,0.036200,0.000053,  31.301
   967.0,0.004885,0.003014,0.035792,0.000088,  31.300
   968.0,0.004837,0.002995,0.035820,0.000074,  31.302
   969.0,0.004789,0.002959,0.035283,0.000101,  31.300
   970.0,0.004742,0.002930,0.035000,0.000101,  31.299
   971.0,0.004702,0.002907,0.034669,0.000066,  31.302
   972.0,0.004656,0.002874,0.034217,0.000101,  31.311
   973.0,0.004614,0.002865,0.033906,0.000101,  31.308
   974.0,0.004577,0.002848,0.033495,0.000066,  31.314
   975.0,0.004534,0.002819,0.033123,0.000101,  31.321
   976.0,0.004492,0.002788,0.032901,0.000066,  31.326
   977.0,0.004450,0.002768,0.032635,0.000101,  31.330
   978.0,0.004401,0.002740,0.032167,0.000101,  31.339
   979.0,0.004351,0.002710,0.031846,0.000039,  31.336
   980.0,0.004307,0.002684,0.031542,0.000088,  31.357
   981.0,0.004272,0.002662,0.031174,0.000101,  31.354
   982.0,0.004221,0.002629,0.030878,0.000088,  31.356
   983.0,0.004183,0.002605,0.030571,0.000088,  31.353
   984.0,0.004141,0.002578,0.030171,0.000079,  31.357
   985.0,0.004098,0.002545,0.029948,0.000109,  31.358
   986.0,0.004067,0.002530,0.029536,0.000074,  31.354
   987.0,0.004025,0.002504,0.029178,0.000053,  31.357
   988.0,0.003974,0.002476,0.028893,0.000088,  31.357
   989.0,0.003921,0.002448,0.028565,0.000074,  31.357
   990.0,0.003885,0.002420,0.028207,0.000088,  31.358
   991.0,0.003847,0.002392,0.027815,0.000074,  31.358
   992.0,0.003809,0.002378,0.027542,0.000026,  31.362
   993.0,0.003779,0.002340,0.027081,0.000074,  31.365
   994.0,0.003720,0.002304,0.026910,0.000061,  31.364
   995.0,0.003680,0.002281,0.026649,0.000026,  31.369
   996.0,0.003643,0.002272,0.026301,0.000061,  31.364
   997.0,0.003604,0.002246,0.026201,0.000026,  31.364
   998.0,0.003578,0.002222,0.025986,0.000074,  31.353
   999.0,0.003549,0.002207,0.025662,0.000061,  31.354
  1000.0,0.003503,0.002181,0.025406,0.000026,  31.351
  1001.0,0.003466,0.002153,0.025154,0.000074,  31.353
  1002.0,0.003430,0.002135,0.024833,0.000061,  31.352
  1003.0,0.003395,0.002115,0.024418,0.000061,  31.349
  1004.0,0.003364,0.002099,0.024326,0.000083,  31.336
  1005.0,0.003340,0.002082,0.024121,0.000061,  31.336
  1006.0,0.003302,0.002064,0.023619,0.000083,  31.335
  1007.0,0.003282,0.002050,0.023571,0.000109,  31.334
  1008.0,0.003256,0.002027,0.023386,0.000123,  31.339
  1009.0,0.003206,0.002026,0.023203,0.000123,  31.353
  1010.0,0.003195,0.002000,0.023000,0.000109,  31.357
  1011.0,0.003160,0.001986,0.022861,0.000123,  31.358
  1012.0,0.003133,0.001971,0.022624,0.000088,  31.366
  1013.0,0.003106,0.001949,0.022350,0.000053,  31.366
  1014.0,0.003083,0.001931,0.021939,0.000088,  31.372
  1015.0,0.003062,0.001914,0.021900,0.000061,  31.376
  1016.0,0.003021,0.001894,0.021742,0.000053,  31.379
  1017.0,0.002989,0.001889,0.021836,0.000074,  31.383
  1018.0,0.002969,0.001871,0.021342,0.000039,  31.396
  1019.0,0.002946,0.001853,0.021117,0.000088,  31.406
  1020.0,0.002918,0.001840,0.020826,0.000083,  31.405
  1021.0,0.002895,0.001820,0.020661,0.000096,  31.408
  1022.0,0.002854,0.001797,0.020500,0.000123,  31.411
  1023.0,0.002825,0.001792,0.020287,0.000096,  31.411
  1024.0,0.002797,0.001783,0.020047,0.000136,  31.410
  1025.0,0.002774,0.001757,0.019921,0.000123,  31.411
  1026.0,0.002744,0.001737,0.019724,0.000096,  31.415
  1027.0,0.002722,0.001720,0.019416,0.000109,  31.417
  1028.0,0.002708,0.001694,0.019321,0.000083,  31.415
  1029.0,0.002677,0.001689,0.019114,0.000096,  31.419
  1030.0,0.002634,0.001663,0.018892,0.000096,  31.422
  1031.0,0.002611,0.001651,0.018575,0.000083,  31.421
  1032.0,0.002582,0.001628,0.018194,0.000096,  31.424
  1033.0,0.002555,0.001614,0.018050,0.000061,  31.422
  1034.0,0.002546,0.001606,0.017978,0.000026,  31.423
  1035.0,0.002515,0.001592,0.017945,0.000074,  31.423
  1036.0,0.002495,0.001572,0.017999,0.000061,  31.426
  1037.0,0.002461,0.001562,0.017620,0.000026,  31.421
  1038.0,0.002435,0.001540,0.017303,0.000074,  31.416
  1039.0,0.002419,0.001526,0.017119,0.000074,  31.412
  1040.0,0.002392,0.001516,0.017007,0.000074,  31.408
  1041.0,0.002373,0.001509,0.016897,0.000061,  31.400
  1042.0,0.002357,0.001497,0.016658,0.000026,  31.398
  1043.0,0.002325,0.001470,0.016536,0.000061,  31.396
  1044.0,0.002295,0.001458,0.016362,0.000061,  31.388
  1045.0,0.002272,0.001449,0.016160,0.000096,  31.381
  1046.0,0.002256,0.001432,0.015956,0.000096,  31.379
  1047.0,0.002238,0.001419,0.015769,0.000096,  31.369
  1048.0,0.002217,0.001410,0.015654,0.000061,  31.360
  1049.0,0.002199,0.001396,0.015601,0.000047,  31.355
  1050.0,0.002181,0.001386,0.015392,0.000026,  31.348
  1051.0,0.002158,0.001372,0.015167,0.000074,  31.346
  1052.0,0.002130,0.001353,0.014980,0.000047,  31.345
  1053.0,0.002115,0.001348,0.014760,0.000047,  31.342
  1054.0,0.002094,0.001334,0.014658,0.000047,  31.333
  1055.0,0.002080,0.001314,0.014490,0.000026,  31.337
  1056.0,0.002054,0.001294,0.013998,0.000039,  31.322
  1057.0,0.002025,0.001286,0.014081,0.000061,  31.315
  1058.0,0.002012,0.001269,0.014064,0.000061,  31.309
  1059.0,0.001998,0.001269,0.013921,0.000061,  31.303
  1060.0,0.001983,0.001264,0.013763,0.000061,  31.300
  1061.0,0.001964,0.001259,0.013665,0.000074,  31.296
  1062.0,0.001953,0.001255,0.013588,0.000061,  31.293
  1063.0,0.001940,0.001245,0.013452,0.000026,  31.292
  1064.0,0.001925,0.001219,0.013328,0.000074,  31.295
  1065.0,0.001910,0.001214,0.013171,0.000061,  31.299
  1066.0,0.001886,0.001203,0.013080,0.000061,  31.298
  1067.0,0.001869,0.001197,0.012955,0.000096,  31.308
  1068.0,0.001857,0.001187,0.012909,0.000123,  31.312
  1069.0,0.001849,0.001180,0.012790,0.000088,  31.323
  1070.0,0.001836,0.001171,0.012781,0.000074,  31.322
  1071.0,0.001819,0.001175,0.012623,0.000053,  31.327
  1072.0,0.001814,0.001166,0.012486,0.000088,  31.331
  1073.0,0.001795,0.001163,0.012297,0.000074,  31.332
  1074.0,0.001774,0.001152,0.012230,0.000088,  31.334
  1075.0,0.001768,0.001136,0.012066,0.000074,  31.337
  1076.0,0.001751,0.001133,0.011810,0.000026,  31.341
  1077.0,0.001740,0.001122,0.011731,0.000074,  31.332
  1078.0,0.001719,0.001115,0.011488,0.000061,  31.338
  1079.0,0.001706,0.001103,0.011537,0.000053,  31.344
  1080.0,0.001675,0.001086,0.011450,0.000088,  31.339
  1081.0,0.001668,0.001080,0.011391,0.000074,  31.338
  1082.0,0.001656,0.001068,0.010798,0.000074,  31.338
  1083.0,0.001641,0.001059,0.010984,0.000061,  31.334
  1084.0,0.001634,0.001050,0.010790,0.000104,  31.330
  1085.0,0.001622,0.001046,0.011150,0.000083,  31.326
  1086.0,0.001594,0.001041,0.010912,0.000083,  31.330
  1087.0,0.001595,0.001022,0.010723,0.000061,  31.331
  1088.0,0.001581,0.001021,0.010630,0.000061,  31.331
  1089.0,0.001565,0.001014,0.008481,0.000061,  31.328
  1090.0,0.001548,0.000997,0.009880,0.000074,  31.335
  1091.0,0.001536,0.000992,0.009962,0.000083,  31.337
  1092.0,0.001524,0.000987,0.010035,0.000096,  31.334
  1093.0,0.001506,0.000977,0.009999,0.000096,  31.342
  1094.0,0.001485,0.000969,0.009822,0.000083,  31.338
  1095.0,0.001470,0.000953,0.009806,0.000096,  31.339
  1096.0,0.001460,0.000949,0.009691,0.000083,  31.347
  1097.0,0.001438,0.000941,0.009658,0.000061,  31.358
  1098.0,0.001422,0.000929,0.009595,0.000074,  31.352
  1099.0,0.001417,0.000920,0.009290,0.000061,  31.341
  1100.0,0.001407,0.000913,0.009270,0.000026,  31.339
  1101.0,0.001399,0.000909,0.009299,0.000074,  31.337
  1102.0,0.001397,0.000914,0.009191,0.000061,  31.336
  1103.0,0.001394,0.000913,0.007968,0.000074,  31.339
  1104.0,0.001383,0.000912,0.008654,0.000061,  31.343
  1105.0,0.001373,0.000903,0.008823,0.000026,  31.341
  1106.0,0.001353,0.000896,0.008720,0.000061,  31.346
  1107.0,0.001351,0.000882,0.008918,0.000047,  31.347
  1108.0,0.001343,0.000886,0.008975,0.000026,  31.344
  1109.0,0.001347,0.000881,0.008839,0.000074,  31.345
  1110.0,0.001345,0.000874,0.008757,0.000074,  31.345
  1111.0,0.001334,0.000882,0.008661,0.000088,  31.346
  1112.0,0.001320,0.000870,0.008628,0.000061,  31.351
  1113.0,0.001313,0.000860,0.008572,0.000026,  31.355
  1114.0,0.001308,0.000865,0.008527,0.000074,  31.356
  1115.0,0.001288,0.000858,0.008466,0.000074,  31.357
  1116.0,0.001283,0.000849,0.008196,0.000053,  31.353
  1117.0,0.001278,0.000844,0.008042,0.000074,  31.346
  1118.0,0.001262,0.000832,0.008112,0.000074,  31.347
  1119.0,0.001240,0.000827,0.008109,0.000088,  31.346
  1120.0,0.001241,0.000831,0.008068,0.000074,  31.355
  1121.0,0.001228,0.000824,0.008018,0.000053,  31.355
  1122.0,0.001226,0.000814,0.007900,0.000088,  31.360
  1123.0,0.001217,0.000807,0.007772,0.000074,  31.354
  1124.0,0.001201,0.000799,0.007681,0.000088,  31.360
  1125.0,0.001193,0.000796,0.007668,0.000074,  31.362
  1126.0,0.001191,0.000792,0.007584,0.000053,  31.359
  1127.0,0.001182,0.000790,0.007592,0.000088,  31.367
  1128.0,0.001178,0.000790,0.007457,0.000074,  31.365
  1129.0,0.001164,0.000778,0.007322,0.000053,  31.368
  1130.0,0.001162,0.000774,0.007342,0.000088,  31.372
  1131.0,0.001146,0.000773,0.007040,0.000074,  31.370
  1132.0,0.001144,0.000763,0.007176,0.000074,  31.375
  1133.0,0.001134,0.000759,0.007134,0.000074,  31.375
  1134.0,0.001126,0.000752,0.006994,0.000039,  31.383
  1135.0,0.001115,0.000745,0.006972,0.000039,  31.384
  1136.0,0.001102,0.000743,0.006781,0.000061,  31.385
  1137.0,0.001097,0.000729,0.006743,0.000026,  31.386
  1138.0,0.001089,0.000719,0.006653,0.000047,  31.390
  1139.0,0.001072,0.000718,0.004607,0.000047,  31.389
  1140.0,0.001070,0.000711,0.006012,0.000061,  31.397
  1141.0,0.001064,0.000713,0.006375,0.000061,  31.394
  1142.0,0.001048,0.000705,0.006468,0.000026,  31.385
  1143.0,0.001026,0.000695,0.006401,0.000096,  31.383
  1144.0,0.001040,0.000693,0.006488,0.000083,  31.381
  1145.0,0.001036,0.000692,0.006371,0.000096,  31.379
  1146.0,0.001022,0.000689,0.006284,0.000083,  31.382
  1147.0,0.001017,0.000690,0.006194,0.000096,  31.378
  1148.0,0.001011,0.000681,0.006243,0.000109,  31.384
  1149.0,0.001009,0.000681,0.006199,0.000096,  31.386
  1150.0,0.001001,0.000680,0.006187,0.000096,  31.387
  1151.0,0.001004,0.000671,0.006133,0.000096,  31.385
  1152.0,0.000996,0.000672,0.005936,0.000083,  31.385
  1153.0,0.000985,0.000681,0.005608,0.000096,  31.379
  1154.0,0.000977,0.000662,0.004827,0.000047,  31.374
  1155.0,0.000964,0.000660,0.005462,0.000026,  31.364
  1156.0,0.000953,0.000650,0.005473,0.000047,  31.366
  1157.0,0.000959,0.000648,0.005943,0.000047,  31.356
  1158.0,0.000948,0.000642,0.005790,0.000026,  31.353
  1159.0,0.000946,0.000643,0.005566,0.000061,  31.352
  1160.0,0.000938,0.000644,0.005597,0.000047,  31.350
  1161.0,0.000931,0.000636,0.005620,0.000061,  31.344
  1162.0,0.000927,0.000631,0.005654,0.000047,  31.331
  1163.0,0.000917,0.000617,0.005624,0.000012,  31.328
  1164.0,0.000915,0.000624,0.005499,0.000047,  31.319
  1165.0,0.000911,0.000623,0.005515,0.000047,  31.320
  1166.0,0.000897,0.000615,0.005463,0.000026,  31.320
  1167.0,0.000886,0.000613,0.005304,0.000047,  31.323
  1168.0,0.000879,0.000608,0.005366,0.000047,  31.319
  1169.0,0.000879,0.000608,0.005324,0.000069,  31.323
  1170.0,0.000873,0.000611,0.005221,0.000047,  31.316
  1171.0,0.000874,0.000606,0.005086,0.000026,  31.320
  1172.0,0.000871,0.000603,0.005156,0.000061,  31.315
  1173.0,0.000854,0.000601,0.005140,0.000034,  31.317
  1174.0,0.000853,0.000600,0.005155,0.000056,  31.320
  1175.0,0.000847,0.000592,0.005123,0.000069,  31.320
  1176.0,0.000850,0.000586,0.005086,0.000061,  31.323
  1177.0,0.000847,0.000589,0.005131,0.000074,  31.330
  1178.0,0.000848,0.000592,0.005089,0.000061,  31.330
  1179.0,0.000840,0.000580,0.005034,0.000026,  31.327
  1180.0,0.000835,0.000580,0.004991,0.000096,  31.327
  1181.0,0.000834,0.000579,0.004798,0.000083,  31.327
  1182.0,0.000835,0.000576,0.004924,0.000083,  31.329
  1183.0,0.000835,0.000571,0.004894,0.000083,  31.329
  1184.0,0.000832,0.000571,0.004886,0.000083,  31.328
  1185.0,0.000815,0.000568,0.004545,0.000083,  31.329
  1186.0,0.000813,0.000566,0.004649,0.000069,  31.335
  1187.0,0.000808,0.000566,0.004681,0.000069,  31.332
  1188.0,0.000791,0.000557,0.004564,0.000069,  31.335
  1189.0,0.000787,0.000549,0.004508,0.000091,  31.338
  1190.0,0.000774,0.000548,0.004441,0.000069,  31.333
  1191.0,0.000772,0.000537,0.004492,0.000034,  31.338
  1192.0,0.000761,0.000529,0.004268,-0.000001,  31.340
  1193.0,0.000761,0.000529,0.004227,0.000012,  31.335
  1194.0,0.000753,0.000526,0.004317,-0.000001,  31.335
  1195.0,0.000753,0.000529,0.004309,0.000012,  31.338
  1196.0,0.000746,0.000529,0.004262,0.000012,  31.338
  1197.0,0.000748,0.000519,0.004208,0.000026,  31.339
  1198.0,0.000750,0.000517,0.004152,0.000012,  31.351
  1199.0,0.000753,0.000519,0.004042,0.000021,  31.350
  1200.0,0.000750,0.000525,0.004018,-0.000001,  31.353
  1201.0,0.000763,0.000521,0.004001,0.000034,  31.346
  1202.0,0.000742,0.000519,0.004077,0.000047,  31.348
  1203.0,0.000738,0.000516,0.004100,0.000047,  31.349
  1204.0,0.000735,0.000510,0.004128,0.000047,  31.346
  1205.0,0.000726,0.000514,0.004169,0.000012,  31.353
  1206.0,0.000732,0.000513,0.003889,0.000047,  31.341
  1207.0,0.000724,0.000500,0.003975,0.000034,  31.352
  1208.0,0.000722,0.000504,0.004026,0.000069,  31.341
  1209.0,0.000716,0.000498,0.003938,0.000069,  31.338
  1210.0,0.000700,0.000499,0.003875,0.000069,  31.350
  1211.0,0.000703,0.000515,0.003879,0.000069,  31.350
  1212.0,0.000711,0.000513,0.003801,0.000056,  31.353
  1213.0,0.000709,0.000507,0.003627,-0.000001,  31.349
  1214.0,0.000700,0.000506,0.003717,0.000061,  31.352
  1215.0,0.000694,0.000495,0.003809,0.000047,  31.351
  1216.0,0.000689,0.000502,0.003778,0.000026,  31.352
  1217.0,0.000683,0.000495,0.003787,0.000047,  31.354
  1218.0,0.000692,0.000501,0.003795,-0.000001,  31.355
  1219.0,0.000684,0.000493,0.003691,0.000047,  31.355
  1220.0,0.000693,0.000492,0.003588,0.000034,  31.359
  1221.0,0.000690,0.000490,0.003623,0.000034,  31.363
  1222.0,0.000679,0.000480,0.003573,0.000083,  31.368
  1223.0,0.000674,0.000471,0.003614,0.000034,  31.361
  1224.0,0.000672,0.000470,0.003629,0.000034,  31.361
  1225.0,0.000666,0.000472,0.003566,0.000034,  31.354
  1226.0,0.000664,0.000469,0.003584,0.000069,  31.362
  1227.0,0.000661,0.000465,0.003451,0.000083,  31.355
  1228.0,0.000656,0.000473,0.003349,0.000069,  31.356
  1229.0,0.000653,0.000469,0.003464,0.000113,  31.357
  1230.0,0.000653,0.000460,0.003527,0.000042,  31.353
  1231.0,0.000647,0.000456,0.003461,0.000047,  31.357
  1232.0,0.000650,0.000456,0.003470,0.000047,  31.355
  1233.0,0.000646,0.000464,0.003458,0.000021,  31.356
  1234.0,0.000647,0.000457,0.003313,0.000012,  31.346
  1235.0,0.000636,0.000452,0.003358,0.000047,  31.353
  1236.0,0.000636,0.000456,0.003298,0.000021,  31.350
  1237.0,0.000634,0.000447,0.003308,-0.000001,  31.346
  1238.0,0.000628,0.000446,0.003285,0.000034,  31.343
  1239.0,0.000631,0.000442,0.003272,0.000034,  31.344
  1240.0,0.000625,0.000444,0.003269,0.000047,  31.347
  1241.0,0.000614,0.000454,0.003314,0.000047,  31.351
  1242.0,0.000617,0.000450,0.003325,-0.000001,  31.349
  1243.0,0.000620,0.000440,0.003255,0.000047,  31.352
  1244.0,0.000618,0.000441,0.003041,0.000034,  31.358
  1245.0,0.000610,0.000441,0.003086,0.000047,  31.358
  1246.0,0.000599,0.000436,0.002928,0.000034,  31.360
  1247.0,0.000608,0.000435,0.002976,0.000034,  31.361
  1248.0,0.000605,0.000437,0.003058,0.000056,  31.360
  1249.0,0.000606,0.000434,0.003204,0.000056,  31.362
  1250.0,0.000603,0.000436,0.003061,0.000069,  31.359
  1251.0,0.000603,0.000434,0.002941,0.000083,  31.356
  1252.0,0.000597,0.000432,0.001924,0.000047,  31.364
  1253.0,0.000601,0.000426,0.001911,0.000061,  31.362
  1254.0,0.000594,0.000430,0.002638,0.000034,  31.361
  1255.0,0.000603,0.000434,0.002726,-0.000001,  31.364
  1256.0,0.000603,0.000439,0.002813,0.000047,  31.360
  1257.0,0.000603,0.000434,0.002762,0.000034,  31.356
  1258.0,0.000588,0.000428,0.002807,-0.000001,  31.355
  1259.0,0.000583,0.000429,0.002788,0.000034,  31.354
  1260.0,0.000587,0.000417,0.002836,-0.000001,  31.350
  1261.0,0.000573,0.000413,0.002833,0.000047,  31.346
  1262.0,0.000570,0.000415,0.002619,0.000056,  31.341
  1263.0,0.000576,0.000416,0.003099,0.000069,  31.343
  1264.0,0.000570,0.000416,0.002778,0.000056,  31.337
  1265.0,0.000573,0.000418,0.002711,0.000042,  31.336
  1266.0,0.000573,0.000416,0.002750,0.000069,  31.326
  1267.0,0.000577,0.000416,0.002722,0.000056,  31.321
  1268.0,0.000574,0.000416,0.002669,0.000069,  31.321
  1269.0,0.000566,0.000415,0.002555,0.000056,  31.318
  1270.0,0.000569,0.000413,0.002598,0.000056,  31.316
  1271.0,0.000564,0.000408,0.002596,0.000077,  31.312
  1272.0,0.000561,0.000414,0.002665,0.000064,  31.311
  1273.0,0.000561,0.000423,0.002697,0.000051,  31.309
  1274.0,0.000566,0.000417,0.002444,0.000042,  31.307
  1275.0,0.000566,0.000407,0.002504,0.000042,  31.303
  1276.0,0.000567,0.000405,0.002500,0.000069,  31.302
  1277.0,0.000552,0.000398,0.002511,0.000083,  31.304
  1278.0,0.000547,0.000400,0.002614,0.000069,  31.295
  1279.0,0.000553,0.000408,0.002569,0.000034,  31.298
  1280.0,0.000546,0.000409,0.002529,0.000034,  31.302
  1281.0,0.000555,0.000403,0.002592,0.000034,  31.307
  1282.0,0.000556,0.000411,0.002610,0.000047,  31.303
  1283.0,0.000544,0.000407,0.002575,0.000034,  31.304
  1284.0,0.000544,0.000403,0.002523,0.000034,  31.303
  1285.0,0.000547,0.000404,0.002598,0.000056,  31.304
  1286.0,0.000550,0.000400,0.002600,0.000056,  31.306
  1287.0,0.000553,0.000401,0.002525,0.000069,  31.304
  1288.0,0.000551,0.000404,0.002540,0.000069,  31.305
  1289.0,0.000551,0.000404,0.002401,0.000069,  31.307
  1290.0,0.000539,0.000407,0.002290,0.000069,  31.310
  1291.0,0.000551,0.000408,0.001364,0.000056,  31.309
  1292.0,0.000551,0.000410,0.001618,0.000069,  31.319
  1293.0,0.000551,0.000409,0.002159,0.000056,  31.319
  1294.0,0.000557,0.000405,0.002338,0.000056,  31.323
  1295.0,0.000541,0.000398,0.002405,0.000056,  31.319
  1296.0,0.000518,0.000396,0.002427,0.000021,  31.322
  1297.0,0.000528,0.000382,0.002407,-0.000001,  31.321
  1298.0,0.000533,0.000390,0.002308,0.000021,  31.321
  1299.0,0.000536,0.000397,0.002393,0.000042,  31.319
  1300.0,0.000525,0.000392,0.002386,0.000042,  31.320
  1301.0,0.000525,0.000388,0.002306,0.000042,  31.323
  1302.0,0.000520,0.000380,0.001975,0.000042,  31.321
  1303.0,0.000521,0.000379,0.002167,0.000042,  31.321
  1304.0,0.000515,0.000371,0.002151,0.000021,  31.321
  1305.0,0.000513,0.000378,0.001971,-0.000001,  31.320
  1306.0,0.000509,0.000372,0.002157,0.000021,  31.316
  1307.0,0.000507,0.000372,0.002126,0.000021,  31.309
  1308.0,0.000500,0.000364,0.002070,-0.000001,  31.310
  1309.0,0.000491,0.000362,0.002092,0.000007,  31.303
  1310.0,0.000488,0.000365,0.002122,-0.000015,  31.308
  1311.0,0.000496,0.000362,0.002111,0.000021,  31.309
  1312.0,0.000499,0.000367,0.002181,0.000021,  31.311
  1313.0,0.000493,0.000363,0.002150,0.000034,  31.314
  1314.0,0.000487,0.000361,0.002070,0.000056,  31.317
  1315.0,0.000493,0.000360,0.002068,0.000056,  31.318
  1316.0,0.000490,0.000368,0.002104,0.000029,  31.319
  1317.0,0.000493,0.000366,0.002139,0.000042,  31.316
  1318.0,0.000495,0.000367,0.002136,0.000069,  31.315
  1319.0,0.000490,0.000359,0.001731,0.000099,  31.313
  1320.0,0.000493,0.000364,0.001950,0.000042,  31.314
  1321.0,0.000487,0.000369,0.002118,0.000042,  31.312
  1322.0,0.000487,0.000359,0.002160,0.000042,  31.312
  1323.0,0.000485,0.000361,0.002145,0.000042,  31.308
  1324.0,0.000485,0.000360,0.002087,0.000056,  31.309
  1325.0,0.000479,0.000362,0.002104,0.000056,  31.310
  1326.0,0.000482,0.000365,0.002033,0.000056,  31.307
  1327.0,0.000488,0.000364,0.001955,0.000056,  31.309
  1328.0,0.000491,0.000366,0.002128,0.000056,  31.318
  1329.0,0.000491,0.000362,0.002037,0.000069,  31.325
  1330.0,0.000496,0.000362,0.001840,0.000056,  31.332
  1331.0,0.000491,0.000369,0.002027,-0.000001,  31.335
  1332.0,0.000491,0.000372,0.002126,0.000034,  31.341
  1333.0,0.000485,0.000368,0.002158,0.000042,  31.344
  1334.0,0.000485,0.000363,0.002204,0.000042,  31.354
  1335.0,0.000483,0.000367,0.002148,0.000042,  31.361
  1336.0,0.000476,0.000361,0.002035,0.000042,  31.359
  1337.0,0.000471,0.000365,0.002007,0.000056,  31.360
  1338.0,0.000471,0.000363,0.002056,0.000042,  31.360
  1339.0,0.000474,0.000357,0.001937,0.000042,  31.362
  1340.0,0.000471,0.000362,0.001014,0.000029,  31.362
  1341.0,0.000485,0.000363,0.001580,0.000007,  31.368
  1342.0,0.000472,0.000354,0.001760,-0.000028,  31.369
  1343.0,0.000472,0.000353,0.001907,0.000007,  31.370
  1344.0,0.000471,0.000340,0.001837,0.000029,  31.368
  1345.0,0.000464,0.000341,0.001803,0.000007,  31.371
  1346.0,0.000461,0.000346,0.001835,0.000015,  31.374
  1347.0,0.000464,0.000344,0.001809,0.000042,  31.365
  1348.0,0.000464,0.000335,0.001628,0.000029,  31.366
  1349.0,0.000459,0.000328,0.001758,0.000051,  31.358
  1350.0,0.000457,0.000330,0.001797,-0.000006,  31.360
  1351.0,0.000448,0.000326,0.001921,0.000029,  31.351
  1352.0,0.000445,0.000320,0.001831,0.000029,  31.353
  1353.0,0.000452,0.000327,0.001775,0.000042,  31.348
  1354.0,0.000454,0.000325,0.001773,0.000042,  31.345
  1355.0,0.000445,0.000324,0.001794,0.000042,  31.341
  1356.0,0.000436,0.000326,0.001809,0.000042,  31.325
  1357.0,0.000430,0.000328,0.001836,0.000056,  31.321
  1358.0,0.000440,0.000329,0.001805,0.000056,  31.316
  1359.0,0.000444,0.000335,0.001747,0.000042,  31.313
  1360.0,0.000453,0.000337,0.001620,0.000042,  31.307
  1361.0,0.000447,0.000357,0.001852,0.000056,  31.309
  1362.0,0.000461,0.000355,0.001633,0.000042,  31.308
  1363.0,0.000464,0.000350,0.001749,0.000042,  31.304
  1364.0,0.000462,0.000356,0.001802,0.000029,  31.300
  1365.0,0.000462,0.000349,0.001819,0.000029,  31.300
  1366.0,0.000458,0.000346,0.001751,0.000056,  31.297
  1367.0,0.000456,0.000344,0.001792,0.000029,  31.293
  1368.0,0.000453,0.000346,0.001710,0.000042,  31.298
  1369.0,0.000451,0.000334,0.001785,0.000015,  31.293
  1370.0,0.000437,0.000328,0.000019,0.000015,  31.287
  1371.0,0.000431,0.000319,0.001213,-0.000012,  31.287
  1372.0,0.000432,0.000323,0.001443,0.000002,  31.281
  1373.0,0.000429,0.000314,0.001543,0.000015,  31.277
  1374.0,0.000427,0.000316,0.001602,0.000015,  31.276
  1375.0,0.000416,0.000314,0.001550,0.000015,  31.272
  1376.0,0.000416,0.000304,0.001415,0.000002,  31.273
  1377.0,0.000422,0.000304,0.001422,0.000015,  31.273
  1378.0,0.000413,0.000312,0.001534,0.000037,  31.264
  1379.0,0.000419,0.000310,0.001523,-0.000033,  31.254
  1380.0,0.000404,0.000313,0.001462,0.000002,  31.240
  1381.0,0.000402,0.000289,0.000354,0.000002,  31.228
  1382.0,0.000403,0.000301,0.001177,0.000002,  31.215
  1383.0,0.000396,0.000305,0.001468,-0.000012,  31.195
  1384.0,0.000406,0.000297,0.001412,0.000015,  31.187
