Run Name,Run 5
Run Date,02:01:31 PM   04-25-13
Method Name,50%B-Isocratic
Export Format Version, 1.00
Method ID, 1627
Points/Second, 5.00
Number of Records,   1560
Offset from Run Start Time,00:00:00
Run End Time,00:05:11
Time,Second
QuadTec 1, (280.0 nm), AU
QuadTec 2, (260.0 nm), AU
Gradient Pump,<Not Selected>
QuadTec 3, (214.0 nm), AU
QuadTec 4, (405.0 nm), AU
Conductivity,mS/cm
Trace 6,<Not Available>
GP Pressure,<Not Selected>
Volume,<Not Selected>
Fraction,<Not Available>
Time,QuadTec 1,QuadTec 2,QuadTec 3,QuadTec 4,Conductivity
     0.0,0.007163,0.000000,0.061130,-0.439989,  48.191
     0.2,0.007166,0.000000,0.060862,-0.439989,  48.186
     0.4,0.007163,0.000000,0.060475,-0.439989,  48.189
     0.6,0.007574,0.000000,0.059971,-0.439989,  48.188
     0.8,0.000000,0.000000,0.059882,-0.439989,  48.186
     1.0,0.000000,0.000000,0.059957,-0.440025,  48.186
     1.2,0.000000,0.000000,0.060165,-0.439989,  48.191
     1.4,0.000000,0.000000,0.060535,-0.439989,  48.188
     1.6,0.000000,0.000000,0.060647,-0.440012,  48.188
     1.8,0.000000,0.000000,0.060750,-0.440012,  48.187
     2.0,0.000000,0.000000,0.060840,-0.439989,  48.190
     2.2,0.000000,0.000000,0.061254,-0.440012,  48.188
     2.4,0.000000,0.000000,0.061839,-0.440012,  48.187
     2.6,0.000000,0.000000,0.061127,0.000000,  48.185
     2.8,0.000000,0.000000,0.061127,0.000000,  48.182
     3.0,0.000000,0.000000,0.061127,0.000000,  48.184
     3.2,0.000000,0.000000,0.061127,0.000000,  48.184
     3.4,0.000000,0.000000,0.000000,0.000000,  48.183
     3.6,0.000000,0.000000,0.000000,0.000000,  48.181
     3.8,0.000000,0.000000,0.000000,0.000000,  48.184
     4.0,0.000000,0.000000,0.000000,0.000000,  48.183
     4.2,0.000000,0.000000,0.000000,0.000000,  48.180
     4.4,0.000000,0.000000,0.000000,0.000000,  48.179
     4.6,0.000000,0.000001,0.000000,0.000000,  48.177
     4.8,0.000002,-0.000002,0.000000,0.000000,  48.177
     5.0,-0.000001,-0.000004,0.000000,0.000000,  48.176
     5.2,-0.000004,0.000001,0.000000,0.000000,  48.174
     5.4,-0.000006,-0.000002,0.000000,0.000000,  48.176
     5.6,-0.000004,0.000000,0.000000,0.000000,  48.174
     5.8,-0.000004,0.000000,0.000000,0.000000,  48.171
     6.0,-0.000004,-0.000002,0.000000,0.000000,  48.173
     6.2,-0.000001,0.000001,0.000000,0.000000,  48.169
     6.4,-0.000004,0.000003,0.000000,0.000000,  48.169
     6.6,-0.000004,0.000001,0.000000,0.000000,  48.168
     6.8,-0.000001,0.000003,0.000000,0.000000,  48.165
     7.0,-0.000004,-0.000007,0.000000,0.000000,  48.166
     7.2,-0.000006,-0.000007,-0.000050,0.000000,  48.161
     7.4,-0.000006,-0.000007,-0.000024,0.000000,  48.161
     7.6,-0.000009,-0.000003,-0.000011,0.000013,  48.161
     7.8,-0.000008,-0.000003,-0.000020,-0.000010,  48.160
     8.0,-0.000012,-0.000003,-0.000049,-0.000010,  48.156
     8.2,-0.000003,0.000000,-0.000104,-0.000010,  48.158
     8.4,0.000013,0.000003,-0.000193,0.000003,  48.153
     8.6,0.000009,0.000007,-0.000247,0.000003,  48.159
     8.8,0.000012,0.000004,-0.000302,0.000003,  48.155
     9.0,0.000021,0.000008,-0.000363,0.000003,  48.151
     9.2,0.000014,0.000012,-0.000348,-0.000010,  48.130
     9.4,0.000014,0.000013,-0.000305,-0.000023,  48.128
     9.6,0.000018,0.000019,-0.000209,-0.000010,  48.125
     9.8,0.000018,0.000016,-0.000174,-0.000010,  48.126
    10.0,0.000012,0.000016,-0.000166,0.000003,  48.122
    10.2,0.000018,0.000017,-0.000159,0.000016,  48.121
    10.4,0.000024,0.000014,-0.000283,0.000016,  48.124
    10.6,0.000024,0.000012,-0.000484,0.000016,  48.122
    10.8,0.000022,0.000018,-0.000748,0.000030,  48.119
    11.0,0.000019,0.000018,-0.000761,0.000030,  48.119
    11.2,0.000013,0.000013,-0.000692,0.000016,  48.117
    11.4,0.000019,0.000013,-0.000526,0.000030,  48.115
    11.6,0.000014,0.000016,-0.000505,0.000030,  48.120
    11.8,0.000008,0.000014,-0.000512,0.000016,  48.116
    12.0,0.000014,0.000014,-0.000541,0.000030,  48.118
    12.2,0.000009,0.000015,-0.000527,0.000030,  48.115
    12.4,0.000005,0.000020,-0.000506,0.000016,  48.115
    12.6,0.000014,0.000021,-0.000465,0.000030,  48.114
    12.8,0.000017,0.000014,-0.000438,0.000030,  48.115
    13.0,0.000013,0.000019,-0.000438,0.000016,  48.116
    13.2,0.000019,0.000019,-0.000445,0.000030,  48.114
    13.4,0.000022,0.000023,-0.000417,0.000030,  48.114
    13.6,0.000021,0.000025,-0.000374,0.000030,  48.113
    13.8,0.000027,0.000029,-0.000325,0.000006,  48.115
    14.0,0.000030,0.000031,-0.000303,-0.000007,  48.114
    14.2,0.000032,0.000034,-0.000277,-0.000020,  48.118
    14.4,0.000035,0.000035,-0.000258,-0.000020,  48.116
    14.6,0.000039,0.000033,-0.000244,-0.000007,  48.113
    14.8,0.000039,0.000035,-0.000230,-0.000043,  48.115
    15.0,0.000032,0.000031,-0.000230,-0.000007,  48.118
    15.2,0.000036,0.000029,-0.000306,-0.000007,  48.117
    15.4,0.000033,0.000029,-0.000429,-0.000020,  48.117
    15.6,0.000027,0.000025,-0.000601,0.000016,  48.119
    15.8,0.000033,0.000028,-0.000808,0.000030,  48.117
    16.0,0.000031,0.000023,-0.000807,0.000030,  48.122
    16.2,0.000031,0.000028,-0.000739,-0.000007,  48.122
    16.4,0.000040,0.000033,-0.000622,-0.000030,  48.124
    16.6,0.000040,0.000032,-0.000582,-0.000030,  48.123
    16.8,0.000040,0.000036,-0.000561,0.000006,  48.124
    17.0,0.000046,0.000033,-0.000550,0.000020,  48.125
    17.2,0.000049,0.000029,-0.000509,0.000020,  48.128
    17.4,0.000049,0.000038,-0.000474,0.000006,  48.127
    17.6,0.000055,0.000038,-0.000432,0.000020,  48.126
    17.8,0.000058,0.000036,-0.000403,0.000020,  48.124
    18.0,0.000060,0.000033,-0.000382,0.000006,  48.123
    18.2,0.000058,0.000035,-0.000367,0.000020,  48.127
    18.4,0.000058,0.000034,-0.000351,0.000020,  48.131
    18.6,0.000060,0.000036,-0.000336,0.000006,  48.130
    18.8,0.000060,0.000040,-0.000303,0.000020,  48.132
    19.0,0.000058,0.000038,-0.000282,0.000006,  48.134
    19.2,0.000063,0.000038,-0.000273,-0.000007,  48.137
    19.4,0.000066,0.000042,-0.000260,0.000006,  48.135
    19.6,0.000068,0.000037,-0.000267,0.000006,  48.132
    19.8,0.000071,0.000039,-0.000287,0.000006,  48.138
    20.0,0.000071,0.000043,-0.000329,0.000020,  48.141
    20.2,0.000068,0.000043,-0.000363,0.000006,  48.138
    20.4,0.000068,0.000044,-0.000391,-0.000007,  48.142
    20.6,0.000068,0.000048,-0.000433,0.000006,  48.143
    20.8,0.000063,0.000050,-0.000446,-0.000007,  48.142
    21.0,0.000066,0.000052,-0.000446,-0.000007,  48.144
    21.2,0.000068,0.000053,-0.000433,0.000006,  48.144
    21.4,0.000071,0.000053,-0.000397,0.000006,  48.148
    21.6,0.000080,0.000054,-0.000349,0.000006,  48.148
    21.8,0.000077,0.000053,-0.000286,0.000020,  48.146
    22.0,0.000077,0.000053,-0.000278,0.000020,  48.151
    22.2,0.000086,0.000057,-0.000292,0.000006,  48.167
    22.4,0.000086,0.000058,-0.000334,0.000020,  48.169
    22.6,0.000086,0.000057,-0.000452,0.000020,  48.168
    22.8,0.000083,0.000061,-0.000618,0.000020,  48.169
    23.0,0.000083,0.000064,-0.000833,0.000020,  48.171
    23.2,0.000089,0.000059,-0.000805,0.000033,  48.171
    23.4,0.000083,0.000059,-0.000668,-0.000017,  48.171
    23.6,0.000083,0.000060,-0.000439,0.000020,  48.171
    23.8,0.000080,0.000063,-0.000390,0.000020,  48.173
    24.0,0.000083,0.000058,-0.000378,0.000020,  48.174
    24.2,0.000083,0.000061,-0.000419,0.000020,  48.176
    24.4,0.000080,0.000059,-0.000397,0.000033,  48.179
    24.6,0.000083,0.000061,-0.000349,0.000033,  48.179
    24.8,0.000083,0.000067,-0.000301,0.000033,  48.175
    25.0,0.000080,0.000065,-0.000225,0.000046,  48.180
    25.2,0.000083,0.000060,-0.000231,0.000046,  48.179
    25.4,0.000080,0.000060,-0.000259,0.000033,  48.182
    25.6,0.000077,0.000058,-0.000301,0.000033,  48.181
    25.8,0.000080,0.000053,-0.000293,0.000033,  48.186
    26.0,0.000077,0.000057,-0.000271,0.000033,  48.181
    26.2,0.000077,0.000058,-0.000216,0.000033,  48.183
    26.4,0.000077,0.000053,-0.000202,0.000046,  48.183
    26.6,0.000075,0.000055,-0.000221,0.000046,  48.182
    26.8,0.000076,0.000057,-0.000236,0.000046,  48.188
    27.0,0.000082,0.000051,-0.000222,0.000059,  48.185
    27.2,0.000076,0.000053,-0.000214,0.000046,  48.185
    27.4,0.000082,0.000054,-0.000193,0.000046,  48.188
    27.6,0.000076,0.000050,-0.000171,0.000059,  48.186
    27.8,0.000069,0.000054,-0.000151,0.000059,  48.191
    28.0,0.000073,0.000054,-0.000130,0.000059,  48.190
    28.2,0.000068,0.000053,-0.000165,0.000059,  48.188
    28.4,0.000059,0.000055,-0.000233,0.000059,  48.189
    28.6,0.000060,0.000057,-0.000324,0.000059,  48.189
    28.8,0.000061,0.000057,-0.000380,0.000059,  48.190
    29.0,0.000055,0.000053,-0.000429,0.000059,  48.192
    29.2,0.000061,0.000055,-0.000472,0.000059,  48.190
    29.4,0.000066,0.000056,-0.000491,0.000059,  48.188
    29.6,0.000063,0.000055,-0.000498,0.000046,  48.192
    29.8,0.000066,0.000057,-0.000491,0.000046,  48.191
    30.0,0.000066,0.000057,-0.000475,0.000059,  48.194
    30.2,0.000063,0.000061,-0.000433,0.000059,  48.192
    30.4,0.000069,0.000063,-0.000372,0.000059,  48.192
    30.6,0.000072,0.000057,-0.000385,0.000059,  48.191
    30.8,0.000068,0.000058,-0.000419,0.000059,  48.194
    31.0,0.000074,0.000060,-0.000462,0.000059,  48.193
    31.2,0.000074,0.000059,-0.000454,0.000059,  48.190
    31.4,0.000071,0.000060,-0.000440,0.000059,  48.195
    31.6,0.000077,0.000057,-0.000406,0.000059,  48.192
    31.8,0.000074,0.000058,-0.000371,0.000072,  48.193
    32.0,0.000068,0.000053,-0.000328,0.000023,  48.193
    32.2,0.000074,0.000055,-0.000285,0.000059,  48.193
    32.4,0.000074,0.000059,-0.000319,0.000059,  48.193
    32.6,0.000068,0.000056,-0.000375,0.000059,  48.187
    32.8,0.000074,0.000053,-0.000461,0.000046,  48.189
    33.0,0.000074,0.000055,-0.000496,0.000046,  48.189
    33.2,0.000068,0.000055,-0.000530,0.000059,  48.185
    33.4,0.000077,0.000053,-0.000557,0.000059,  48.188
    33.6,0.000077,0.000055,-0.000571,0.000059,  48.187
    33.8,0.000071,0.000051,-0.000570,0.000059,  48.186
    34.0,0.000073,0.000055,-0.000549,0.000059,  48.185
    34.2,0.000073,0.000059,-0.000521,0.000059,  48.184
    34.4,0.000067,0.000055,-0.000492,0.000059,  48.179
    34.6,0.000073,0.000061,-0.000456,0.000046,  48.179
    34.8,0.000080,0.000064,-0.000415,0.000046,  48.180
    35.0,0.000073,0.000064,-0.000415,0.000059,  48.179
    35.2,0.000080,0.000064,-0.000442,0.000059,  48.176
    35.4,0.000080,0.000065,-0.000491,0.000059,  48.174
    35.6,0.000073,0.000063,-0.000470,0.000059,  48.173
    35.8,0.000082,0.000063,-0.000427,0.000059,  48.174
    36.0,0.000082,0.000067,-0.000358,0.000059,  48.172
    36.2,0.000082,0.000067,-0.000343,0.000059,  48.174
    36.4,0.000085,0.000066,-0.000356,0.000059,  48.170
    36.6,0.000076,0.000065,-0.000378,0.000059,  48.169
    36.8,0.000082,0.000064,-0.000356,0.000059,  48.168
    37.0,0.000076,0.000067,-0.000334,0.000059,  48.166
    37.2,0.000078,0.000063,-0.000286,0.000059,  48.166
    37.4,0.000082,0.000063,-0.000251,0.000059,  48.161
    37.6,0.000078,0.000063,-0.000223,0.000059,  48.166
    37.8,0.000085,0.000063,-0.000189,0.000059,  48.165
    38.0,0.000085,0.000065,-0.000197,0.000059,  48.163
    38.2,0.000081,0.000067,-0.000238,0.000059,  48.161
    38.4,0.000087,0.000066,-0.000301,0.000059,  48.158
    38.6,0.000094,0.000065,-0.000728,0.000059,  48.162
    38.8,0.000087,0.000070,-0.001342,0.000059,  48.160
    39.0,0.000094,0.000068,-0.002147,0.000059,  48.157
    39.2,0.000095,0.000070,-0.002167,0.000059,  48.159
    39.4,0.000091,0.000068,-0.001886,0.000059,  48.157
    39.6,0.000098,0.000070,-0.001314,0.000059,  48.157
    39.8,0.000098,0.000072,-0.001134,0.000059,  48.154
    40.0,0.000100,0.000072,-0.000997,0.000059,  48.155
    40.2,0.000103,0.000079,-0.000909,0.000059,  48.159
    40.4,0.000112,0.000082,-0.000825,0.000072,  48.156
    40.6,0.000115,0.000080,-0.000757,0.000072,  48.153
    40.8,0.000108,0.000083,-0.000716,0.000072,  48.155
    41.0,0.000112,0.000082,-0.000674,0.000085,  48.152
    41.2,0.000115,0.000081,-0.000639,0.000036,  48.153
    41.4,0.000108,0.000082,-0.000625,0.000072,  48.151
    41.6,0.000112,0.000080,-0.000617,0.000085,  48.150
    41.8,0.000115,0.000077,-0.000611,0.000072,  48.152
    42.0,0.000106,0.000076,-0.000612,0.000072,  48.150
    42.2,0.000109,0.000075,-0.000621,0.000072,  48.148
    42.4,0.000112,0.000077,-0.000621,0.000085,  48.155
    42.6,0.000100,0.000079,-0.000626,0.000072,  48.154
    42.8,0.000104,0.000079,-0.000626,0.000072,  48.149
    43.0,0.000107,0.000080,-0.000634,0.000085,  48.149
    43.2,0.000098,0.000079,-0.000647,0.000072,  48.152
    43.4,0.000104,0.000081,-0.000655,0.000072,  48.152
    43.6,0.000107,0.000080,-0.000647,0.000085,  48.148
    43.8,0.000104,0.000080,-0.000626,0.000072,  48.147
    44.0,0.000110,0.000080,-0.000590,0.000072,  48.150
    44.2,0.000113,0.000080,-0.000582,0.000085,  48.146
    44.4,0.000110,0.000084,-0.000568,0.000072,  48.150
    44.6,0.000117,0.000082,-0.000561,0.000072,  48.150
    44.8,0.000119,0.000082,-0.000519,0.000085,  48.152
    45.0,0.000110,0.000085,-0.000463,0.000072,  48.149
    45.2,0.000117,0.000083,-0.000386,0.000072,  48.148
    45.4,0.000117,0.000083,-0.000392,0.000085,  48.148
    45.6,0.000117,0.000087,-0.000434,0.000072,  48.153
    45.8,0.000117,0.000091,-0.000505,0.000108,  48.148
    46.0,0.000117,0.000090,-0.000519,0.000108,  48.149
    46.2,0.000119,0.000087,-0.000519,0.000095,  48.152
    46.4,0.000117,0.000093,-0.000519,0.000131,  48.152
    46.6,0.000117,0.000093,-0.000512,0.000145,  48.153
    46.8,0.000119,0.000097,-0.000518,0.000108,  48.152
    47.0,0.000122,0.000104,-0.000511,0.000085,  48.153
    47.2,0.000131,0.000104,-0.000483,0.000085,  48.154
    47.4,0.000134,0.000108,-0.000460,0.000085,  48.152
    47.6,0.000134,0.000110,-0.000418,0.000062,  48.153
    47.8,0.000134,0.000107,-0.000418,0.000049,  48.154
    48.0,0.000136,0.000113,-0.000432,0.000085,  48.152
    48.2,0.000139,0.000112,-0.000461,0.000098,  48.155
    48.4,0.000139,0.000107,-0.000454,0.000085,  48.154
    48.6,0.000142,0.000110,-0.000434,0.000085,  48.158
    48.8,0.000142,0.000108,-0.000419,0.000122,  48.155
    49.0,0.000136,0.000105,-0.000424,0.000122,  48.157
    49.2,0.000136,0.000107,-0.000431,0.000108,  48.156
    49.4,0.000139,0.000111,-0.000439,0.000122,  48.164
    49.6,0.000142,0.000106,-0.000468,0.000122,  48.163
    49.8,0.000142,0.000104,-0.000509,0.000085,  48.162
    50.0,0.000142,0.000107,-0.000552,0.000085,  48.162
    50.2,0.000142,0.000107,-0.000566,0.000098,  48.164
    50.4,0.000142,0.000104,-0.000573,0.000062,  48.163
    50.6,0.000144,0.000111,-0.000573,0.000085,  48.157
    50.8,0.000144,0.000113,-0.000573,0.000098,  48.157
    51.0,0.000144,0.000113,-0.000579,0.000098,  48.161
    51.2,0.000144,0.000117,-0.000560,0.000085,  48.159
    51.4,0.000142,0.000115,-0.000554,0.000098,  48.163
    51.6,0.000142,0.000113,-0.000532,0.000085,  48.163
    51.8,0.000144,0.000115,-0.000505,0.000085,  48.164
    52.0,0.000144,0.000117,-0.000464,0.000098,  48.161
    52.2,0.000144,0.000112,-0.000602,0.000085,  48.164
    52.4,0.000147,0.000113,-0.000823,0.000085,  48.156
    52.6,0.000144,0.000114,-0.001126,0.000098,  48.161
    52.8,0.000144,0.000112,-0.001153,0.000085,  48.158
    53.0,0.000147,0.000112,-0.001071,0.000085,  48.158
    53.2,0.000144,0.000117,-0.000892,0.000098,  48.161
    53.4,0.000147,0.000117,-0.000954,0.000085,  48.161
    53.6,0.000149,0.000113,-0.001092,0.000085,  48.157
    53.8,0.000149,0.000117,-0.001300,0.000098,  48.160
    54.0,0.000149,0.000119,-0.001258,0.000098,  48.159
    54.2,0.000149,0.000119,-0.001126,0.000098,  48.160
    54.4,0.000140,0.000122,-0.000911,0.000112,  48.158
    54.6,0.000144,0.000127,-0.000793,0.000112,  48.153
    54.8,0.000144,0.000129,-0.000688,0.000112,  48.158
    55.0,0.000144,0.000128,-0.000591,0.000125,  48.162
    55.2,0.000144,0.000132,-0.000550,0.000112,  48.158
    55.4,0.000151,0.000130,-0.000550,0.000112,  48.158
    55.6,0.000153,0.000122,-0.000591,0.000125,  48.158
    55.8,0.000151,0.000119,-0.000557,0.000112,  48.160
    56.0,0.000157,0.000123,-0.000508,0.000112,  48.162
    56.2,0.000157,0.000129,-0.000446,0.000125,  48.158
    56.4,0.000148,0.000126,-0.000405,0.000112,  48.155
    56.6,0.000151,0.000125,-0.000377,0.000112,  48.156
    56.8,0.000156,0.000128,-0.000349,0.000125,  48.161
    57.0,0.000164,0.000136,-0.000335,0.000112,  48.160
    57.2,0.000163,0.000145,-0.000323,0.000112,  48.158
    57.4,0.000170,0.000160,-0.000336,0.000125,  48.154
    57.6,0.000178,0.000168,-0.000349,0.000112,  48.159
    57.8,0.000180,0.000169,-0.000371,0.000112,  48.152
    58.0,0.000182,0.000179,-0.000406,0.000125,  48.152
    58.2,0.000189,0.000185,-0.000627,0.000112,  48.157
    58.4,0.000194,0.000183,-0.000944,0.000112,  48.154
    58.6,0.000197,0.000183,-0.001339,0.000112,  48.161
    58.8,0.000197,0.000183,-0.001387,0.000112,  48.156
    59.0,0.000199,0.000189,-0.001297,0.000089,  48.159
    59.2,0.000193,0.000187,-0.001064,0.000125,  48.159
    59.4,0.000193,0.000201,-0.000994,0.000138,  48.157
    59.6,0.000196,0.000201,-0.000911,0.000138,  48.154
    59.8,0.000193,0.000203,-0.000855,0.000138,  48.155
    60.0,0.000199,0.000200,-0.000786,0.000138,  48.157
    60.2,0.000202,0.000194,-0.000724,0.000138,  48.156
    60.4,0.000202,0.000196,-0.000668,0.000138,  48.155
    60.6,0.000205,0.000201,-0.000607,0.000138,  48.157
    60.8,0.000205,0.000200,-0.000587,0.000138,  48.155
    61.0,0.000205,0.000196,-0.000587,0.000138,  48.156
    61.2,0.000202,0.000196,-0.000607,0.000151,  48.153
    61.4,0.000205,0.000196,-0.000578,0.000151,  48.152
    61.6,0.000205,0.000201,-0.000523,0.000151,  48.151
    61.8,0.000202,0.000205,-0.000447,0.000164,  48.153
    62.0,0.000214,0.000209,-0.000550,0.000164,  48.156
    62.2,0.000223,0.000215,-0.000736,0.000151,  48.152
    62.4,0.000232,0.000224,-0.000986,0.000138,  48.156
    62.6,0.000234,0.000226,-0.000972,0.000138,  48.157
    62.8,0.000237,0.000220,-0.000868,0.000138,  48.155
    63.0,0.000231,0.000219,-0.000673,0.000138,  48.153
    63.2,0.000231,0.000219,-0.000638,0.000138,  48.155
    63.4,0.000227,0.000216,-0.000631,0.000151,  48.149
    63.6,0.000233,0.000221,-0.000666,0.000164,  48.153
    63.8,0.000236,0.000221,-0.000658,0.000164,  48.153
    64.0,0.000232,0.000221,-0.000644,0.000151,  48.156
    64.2,0.000229,0.000223,-0.000625,0.000151,  48.155
    64.4,0.000236,0.000225,-0.000633,0.000151,  48.153
    64.6,0.000229,0.000224,-0.000653,0.000151,  48.155
    64.8,0.000227,0.000230,-0.000673,0.000151,  48.157
    65.0,0.000228,0.000230,-0.000583,0.000164,  48.158
    65.2,0.000222,0.000220,-0.000439,0.000177,  48.155
    65.4,0.000219,0.000214,-0.000257,0.000177,  48.157
    65.6,0.000220,0.000212,-0.000236,0.000177,  48.156
    65.8,0.000214,0.000210,-0.000265,0.000177,  48.156
    66.0,0.000223,0.000208,-0.000369,0.000177,  48.157
    66.2,0.000238,0.000206,-0.000395,0.000177,  48.159
    66.4,0.000232,0.000200,-0.000397,0.000177,  48.159
    66.6,0.000232,0.000201,-0.000397,0.000177,  48.158
    66.8,0.000238,0.000201,-0.000416,0.000190,  48.158
    67.0,0.000232,0.000196,-0.000424,0.000190,  48.161
    67.2,0.000232,0.000196,-0.000443,0.000190,  48.158
    67.4,0.000235,0.000196,-0.000428,0.000190,  48.156
    67.6,0.000226,0.000198,-0.000394,0.000167,  48.154
    67.8,0.000233,0.000200,-0.000358,0.000190,  48.158
    68.0,0.000234,0.000205,-0.000378,0.000190,  48.160
    68.2,0.000234,0.000200,-0.000413,0.000190,  48.159
    68.4,0.000231,0.000201,-0.000468,0.000190,  48.161
    68.6,0.000235,0.000197,-0.000496,0.000190,  48.161
    68.8,0.000238,0.000197,-0.000530,0.000204,  48.158
    69.0,0.000231,0.000200,-0.000551,0.000190,  48.162
    69.2,0.000235,0.000198,-0.000572,0.000190,  48.160
    69.4,0.000235,0.000204,-0.000593,0.000204,  48.159
    69.6,0.000226,0.000204,-0.000619,0.000190,  48.159
    69.8,0.000225,0.000207,-0.000634,0.000190,  48.156
    70.0,0.000218,0.000207,-0.000619,0.000204,  48.165
    70.2,0.000221,0.000207,-0.000585,0.000190,  48.161
    70.4,0.000221,0.000198,-0.000542,0.000190,  48.164
    70.6,0.000214,0.000198,-0.000513,0.000204,  48.160
    70.8,0.000218,0.000200,-0.000484,0.000190,  48.160
    71.0,0.000216,0.000203,-0.000450,0.000190,  48.159
    71.2,0.000207,0.000200,-0.000470,0.000204,  48.159
    71.4,0.000213,0.000202,-0.000519,0.000190,  48.159
    71.6,0.000213,0.000209,-0.000597,0.000190,  48.161
    71.8,0.000213,0.000205,-0.000589,0.000204,  48.159
    72.0,0.000207,0.000204,-0.000555,0.000190,  48.157
    72.2,0.000213,0.000206,-0.000505,0.000190,  48.157
    72.4,0.000207,0.000203,-0.000588,0.000190,  48.160
    72.6,0.000207,0.000198,-0.000720,0.000177,  48.157
    72.8,0.000207,0.000197,-0.000921,0.000177,  48.158
    73.0,0.000209,0.000197,-0.000907,0.000177,  48.157
    73.2,0.000205,0.000200,-0.000810,0.000177,  48.155
    73.4,0.000214,0.000207,-0.000656,0.000177,  48.151
    73.6,0.000218,0.000207,-0.000650,0.000177,  48.153
    73.8,0.000212,0.000201,-0.000692,0.000177,  48.154
    74.0,0.000218,0.000205,-0.000776,0.000177,  48.148
    74.2,0.000216,0.000205,-0.000854,0.000190,  48.153
    74.4,0.000209,0.000202,-0.000965,0.000190,  48.151
    74.6,0.000218,0.000206,-0.001092,0.000190,  48.148
    74.8,0.000221,0.000206,-0.001091,0.000204,  48.148
    75.0,0.000223,0.000204,-0.001028,0.000190,  48.149
    75.2,0.000230,0.000207,-0.000922,0.000190,  48.153
    75.4,0.000239,0.000207,-0.000859,0.000204,  48.147
    75.6,0.000241,0.000203,-0.000782,0.000190,  48.149
    75.8,0.000235,0.000207,-0.000706,0.000190,  48.150
    76.0,0.000235,0.000206,-0.000705,0.000204,  48.147
    76.2,0.000238,0.000206,-0.000727,0.000190,  48.151
    76.4,0.000238,0.000204,-0.000784,0.000190,  48.149
    76.6,0.000244,0.000206,-0.000776,0.000190,  48.147
    76.8,0.000249,0.000206,-0.000747,0.000167,  48.150
    77.0,0.000249,0.000206,-0.000698,0.000190,  48.143
    77.2,0.000252,0.000208,-0.000685,0.000190,  48.145
    77.4,0.000255,0.000210,-0.000692,0.000204,  48.145
    77.6,0.000255,0.000214,-0.000718,0.000204,  48.146
    77.8,0.000258,0.000216,-0.000718,0.000217,  48.142
    78.0,0.000258,0.000216,-0.000719,0.000204,  48.142
    78.2,0.000252,0.000212,-0.000725,0.000204,  48.143
    78.4,0.000258,0.000213,-0.000726,0.000217,  48.145
    78.6,0.000256,0.000207,-0.000704,0.000204,  48.141
    78.8,0.000249,0.000203,-0.000669,0.000204,  48.141
    79.0,0.000256,0.000207,-0.000615,0.000217,  48.142
    79.2,0.000253,0.000207,-0.000621,0.000204,  48.143
    79.4,0.000247,0.000211,-0.000642,0.000204,  48.138
    79.6,0.000253,0.000219,-0.000691,0.000217,  48.140
    79.8,0.000258,0.000220,-0.000683,0.000204,  48.137
    80.0,0.000255,0.000221,-0.000656,0.000204,  48.137
    80.2,0.000264,0.000220,-0.000622,0.000217,  48.141
    80.4,0.000266,0.000218,-0.000600,0.000204,  48.133
    80.6,0.000260,0.000218,-0.000566,0.000204,  48.133
    80.8,0.000264,0.000216,-0.000551,0.000217,  48.135
    81.0,0.000261,0.000215,-0.000669,0.000204,  48.137
    81.2,0.000255,0.000215,-0.000876,0.000204,  48.138
    81.4,0.000252,0.000213,-0.001140,0.000217,  48.137
    81.6,0.000258,0.000213,-0.001161,0.000204,  48.137
    81.8,0.000252,0.000213,-0.001119,0.000204,  48.139
    82.0,0.000249,0.000214,-0.000982,0.000217,  48.135
    82.2,0.000256,0.000214,-0.001086,0.000204,  48.137
    82.4,0.000253,0.000217,-0.001279,0.000204,  48.139
    82.6,0.000253,0.000222,-0.001548,0.000217,  48.135
    82.8,0.000259,0.000223,-0.001685,0.000204,  48.137
    83.0,0.000268,0.000222,-0.001795,0.000204,  48.139
    83.2,0.000266,0.000222,-0.001877,0.000217,  48.139
    83.4,0.000263,0.000218,-0.002090,0.000204,  48.135
    83.6,0.000270,0.000219,-0.002371,0.000204,  48.137
    83.8,0.000271,0.000215,-0.002694,0.000217,  48.137
    84.0,0.000269,0.000209,-0.002564,0.000204,  48.137
    84.2,0.000263,0.000214,-0.002247,0.000204,  48.135
    84.4,0.000265,0.000213,-0.001724,0.000217,  48.137
    84.6,0.000265,0.000210,-0.001545,0.000204,  48.136
    84.8,0.000259,0.000216,-0.001428,0.000204,  48.138
    85.0,0.000265,0.000217,-0.001387,0.000217,  48.140
    85.2,0.000265,0.000213,-0.001278,0.000204,  48.145
    85.4,0.000262,0.000217,-0.001174,0.000204,  48.141
    85.6,0.000273,0.000215,-0.001076,0.000204,  48.144
    85.8,0.000279,0.000217,-0.001021,0.000217,  48.145
    86.0,0.000275,0.000217,-0.000981,0.000167,  48.144
    86.2,0.000281,0.000225,-0.000980,0.000204,  48.150
    86.4,0.000279,0.000229,-0.000939,0.000204,  48.141
    86.6,0.000277,0.000224,-0.000901,0.000204,  48.143
    86.8,0.000277,0.000227,-0.000853,0.000204,  48.144
    87.0,0.000277,0.000230,-0.000803,0.000217,  48.145
    87.2,0.000274,0.000226,-0.000768,0.000217,  48.145
    87.4,0.000274,0.000227,-0.000746,0.000217,  48.149
    87.6,0.000277,0.000232,-0.000731,0.000230,  48.148
    87.8,0.000271,0.000232,-0.000751,0.000230,  48.144
    88.0,0.000274,0.000227,-0.000786,0.000217,  48.148
    88.2,0.000274,0.000234,-0.000849,0.000230,  48.148
    88.4,0.000274,0.000237,-0.000842,0.000230,  48.147
    88.6,0.000276,0.000233,-0.000813,0.000217,  48.145
    88.8,0.000274,0.000236,-0.000757,0.000230,  48.147
    89.0,0.000276,0.000236,-0.000722,0.000194,  48.146
    89.2,0.000284,0.000236,-0.000681,0.000181,  48.144
    89.4,0.000292,0.000236,-0.000653,0.000194,  48.142
    89.6,0.000292,0.000235,-0.000652,0.000158,  48.143
    89.8,0.000295,0.000241,-0.000660,0.000194,  48.141
    90.0,0.000292,0.000249,-0.000681,0.000207,  48.140
    90.2,0.000296,0.000251,-0.000688,0.000158,  48.143
    90.4,0.000292,0.000254,-0.000695,0.000194,  48.143
    90.6,0.000298,0.000259,-0.000702,0.000207,  48.143
    90.8,0.000298,0.000260,-0.000710,0.000158,  48.139
    91.0,0.000295,0.000261,-0.000724,0.000194,  48.144
    91.2,0.000297,0.000262,-0.000745,0.000207,  48.138
    91.4,0.000306,0.000262,-0.000766,0.000158,  48.143
    91.6,0.000303,0.000264,-0.000787,0.000181,  48.143
    91.8,0.000303,0.000263,-0.000815,0.000194,  48.143
    92.0,0.000306,0.000264,-0.000800,0.000171,  48.139
    92.2,0.000305,0.000269,-0.000764,0.000207,  48.143
    92.4,0.000311,0.000279,-0.000702,0.000220,  48.142
    92.6,0.000325,0.000280,-0.000681,0.000184,  48.139
    92.8,0.000324,0.000284,-0.000680,0.000207,  48.137
    93.0,0.000332,0.000288,-0.000687,0.000220,  48.138
    93.2,0.000343,0.000292,-0.000688,0.000184,  48.142
    93.4,0.000345,0.000298,-0.000702,0.000207,  48.139
    93.6,0.000359,0.000312,-0.000711,0.000220,  48.140
    93.8,0.000376,0.000322,-0.000697,0.000184,  48.136
    94.0,0.000380,0.000334,-0.000677,0.000207,  48.137
    94.2,0.000400,0.000351,-0.000642,0.000207,  48.136
    94.4,0.000410,0.000365,-0.000634,0.000220,  48.135
    94.6,0.000419,0.000376,-0.000642,0.000207,  48.130
    94.8,0.000444,0.000393,-0.000657,0.000207,  48.130
    95.0,0.000457,0.000409,-0.000658,0.000220,  48.130
    95.2,0.000469,0.000427,-0.000665,0.000220,  48.131
    95.4,0.000497,0.000438,-0.000673,0.000207,  48.129
    95.6,0.000515,0.000456,-0.000736,0.000220,  48.126
    95.8,0.000527,0.000471,-0.000827,0.000184,  48.128
    96.0,0.000547,0.000490,-0.000959,0.000220,  48.127
    96.2,0.000557,0.000514,-0.001113,0.000233,  48.126
    96.4,0.000569,0.000531,-0.001058,0.000197,  48.129
    96.6,0.000592,0.000553,-0.000931,0.000233,  48.126
    96.8,0.000605,0.000575,-0.000740,0.000246,  48.127
    97.0,0.000617,0.000590,-0.000618,0.000223,  48.128
    97.2,0.000639,0.000608,-0.000497,0.000246,  48.130
    97.4,0.000655,0.000624,-0.000370,0.000246,  48.133
    97.6,0.000662,0.000635,-0.000249,0.000223,  48.131
    97.8,0.000676,0.000647,-0.000128,0.000260,  48.131
    98.0,0.000684,0.000659,-0.000008,0.000273,  48.131
    98.2,0.000692,0.000663,0.000125,0.000250,  48.133
    98.4,0.000702,0.000669,0.000259,0.000299,  48.131
    98.6,0.000710,0.000672,0.000398,0.000312,  48.132
    98.8,0.000721,0.000669,0.000531,0.000276,  48.126
    99.0,0.000728,0.000673,0.000669,0.000299,  48.131
    99.2,0.000727,0.000670,0.000794,0.000312,  48.128
    99.4,0.000736,0.000669,0.000934,0.000276,  48.125
    99.6,0.000735,0.000667,0.001093,0.000299,  48.124
    99.8,0.000749,0.000673,0.001246,0.000312,  48.124
   100.0,0.000752,0.000673,0.001414,0.000276,  48.126
   100.2,0.000754,0.000671,0.001589,0.000312,  48.123
   100.4,0.000759,0.000674,0.001777,0.000325,  48.120
   100.6,0.000767,0.000674,0.001945,0.000276,  48.119
   100.8,0.000774,0.000674,0.002111,0.000312,  48.119
   101.0,0.000782,0.000672,0.002263,0.000325,  48.122
   101.2,0.000798,0.000672,0.002416,0.000276,  48.119
   101.4,0.000808,0.000680,0.002555,0.000312,  48.119
   101.6,0.000826,0.000681,0.002688,0.000325,  48.116
   101.8,0.000851,0.000684,0.002834,0.000276,  48.120
   102.0,0.000866,0.000691,0.002974,0.000312,  48.120
   102.2,0.000892,0.000695,0.003114,0.000325,  48.116
   102.4,0.000925,0.000703,0.003267,0.000276,  48.119
   102.6,0.000950,0.000718,0.003425,0.000312,  48.119
   102.8,0.000987,0.000734,0.003583,0.000312,  48.117
   103.0,0.001030,0.000755,0.003749,0.000325,  48.121
   103.2,0.001071,0.000780,0.003927,0.000312,  48.121
   103.4,0.001121,0.000802,0.004124,0.000312,  48.123
   103.6,0.001180,0.000823,0.004337,0.000299,  48.119
   103.8,0.001232,0.000844,0.004560,0.000299,  48.123
   104.0,0.001299,0.000867,0.004795,0.000286,  48.121
   104.2,0.001363,0.000893,0.005045,0.000286,  48.125
   104.4,0.001433,0.000928,0.005325,0.000250,  48.128
   104.6,0.001521,0.000973,0.005630,0.000273,  48.127
   104.8,0.001611,0.001013,0.005947,0.000273,  48.127
   105.0,0.001697,0.001062,0.006350,0.000250,  48.129
   105.2,0.001801,0.001118,0.006813,0.000273,  48.130
   105.4,0.001899,0.001180,0.007319,0.000273,  48.128
   105.6,0.002003,0.001241,0.007865,0.000236,  48.130
   105.8,0.002134,0.001300,0.008464,0.000260,  48.132
   106.0,0.002267,0.001368,0.009110,0.000260,  48.133
   106.2,0.002398,0.001438,0.009748,0.000223,  48.133
   106.4,0.002543,0.001514,0.010394,0.000260,  48.133
   106.6,0.002703,0.001595,0.011067,0.000260,  48.138
   106.8,0.002863,0.001681,0.011881,0.000223,  48.138
   107.0,0.003038,0.001769,0.012786,0.000246,  48.140
   107.2,0.003232,0.001874,0.013758,0.000246,  48.137
   107.4,0.003391,0.001974,0.014834,0.000210,  48.139
   107.6,0.003542,0.002077,0.016008,0.000233,  48.140
   107.8,0.003685,0.002182,0.017261,0.000233,  48.139
   108.0,0.003815,0.002304,0.018446,0.000197,  48.143
   108.2,0.004030,0.002434,0.019653,0.000233,  48.143
   108.4,0.004274,0.002574,0.020874,0.000233,  48.141
   108.6,0.004545,0.002721,0.022248,0.000197,  48.143
   108.8,0.004801,0.002866,0.023711,0.000233,  48.140
   109.0,0.005072,0.003025,0.025276,0.000220,  48.142
   109.2,0.005361,0.003194,0.026939,0.000220,  48.141
   109.4,0.005663,0.003367,0.028681,0.000256,  48.142
   109.6,0.005985,0.003557,0.030521,0.000243,  48.140
   109.8,0.006330,0.003747,0.032411,0.000243,  48.138
   110.0,0.006668,0.003936,0.034379,0.000256,  48.141
   110.2,0.007029,0.004138,0.036426,0.000269,  48.136
   110.4,0.007402,0.004350,0.038702,0.000269,  48.142
   110.6,0.007788,0.004565,0.041117,0.000269,  48.136
   110.8,0.008199,0.004791,0.043705,0.000283,  48.139
   111.0,0.008622,0.005032,0.046327,0.000283,  48.136
   111.2,0.009068,0.005284,0.049039,0.000269,  48.138
   111.4,0.009529,0.005546,0.051848,0.000269,  48.133
   111.6,0.010014,0.005818,0.054920,0.000283,  48.129
   111.8,0.010499,0.006095,0.058161,0.000246,  48.133
   112.0,0.011011,0.006388,0.061591,0.000283,  48.129
   112.2,0.011536,0.006641,0.065008,0.000296,  48.127
   112.4,0.012078,0.006877,0.068516,0.000296,  48.125
   112.6,0.012631,0.007097,0.072102,0.000296,  48.120
   112.8,0.013208,0.007300,0.075288,0.000296,  48.122
   113.0,0.013807,0.007608,0.078312,0.000296,  48.117
   113.2,0.014426,0.007951,0.081167,0.000296,  48.122
   113.4,0.015068,0.008328,0.083844,0.000296,  48.120
   113.6,0.015702,0.008678,0.087852,0.000296,  48.122
   113.8,0.016342,0.009041,0.092280,0.000296,  48.121
   114.0,0.017000,0.009407,0.097167,0.000296,  48.113
   114.2,0.017703,0.009791,0.102012,0.000296,  48.116
   114.4,0.018435,0.010193,0.107055,0.000296,  48.116
   114.6,0.019195,0.010615,0.112340,0.000296,  48.112
   114.8,0.019973,0.011036,0.117629,0.000296,  48.115
   115.0,0.020771,0.011474,0.123040,0.000296,  48.113
   115.2,0.021591,0.011929,0.128569,0.000296,  48.113
   115.4,0.022445,0.012397,0.134400,0.000296,  48.111
   115.6,0.023320,0.012889,0.140462,0.000296,  48.109
   115.8,0.024219,0.013402,0.146761,0.000296,  48.110
   116.0,0.024984,0.013892,0.153215,0.000309,  48.110
   116.2,0.025694,0.014387,0.159853,0.000309,  48.111
   116.4,0.026344,0.014879,0.166725,0.000322,  48.109
   116.6,0.026945,0.015414,0.173589,0.000322,  48.108
   116.8,0.027858,0.015979,0.180558,0.000322,  48.091
   117.0,0.028859,0.016564,0.187631,0.000335,  48.094
   117.2,0.029953,0.017142,0.195072,0.000322,  48.091
   117.4,0.030996,0.017725,0.202769,0.000322,  48.089
   117.6,0.032050,0.018324,0.210723,0.000335,  48.088
   117.8,0.033123,0.018947,0.218912,0.000322,  48.092
   118.0,0.034253,0.019593,0.227343,0.000322,  48.091
   118.2,0.035412,0.020261,0.236032,0.000335,  48.093
   118.4,0.036608,0.020918,0.244643,0.000335,  48.089
   118.6,0.037782,0.021578,0.253357,0.000348,  48.089
   118.8,0.038959,0.022249,0.262160,0.000361,  48.090
   119.0,0.040139,0.022935,0.271596,0.000348,  48.095
   119.2,0.041371,0.023636,0.281442,0.000348,  48.092
   119.4,0.042633,0.024351,0.291717,0.000361,  48.091
   119.6,0.043916,0.025084,0.301992,0.000361,  48.092
   119.8,0.045224,0.025840,0.312461,0.000375,  48.095
   120.0,0.046559,0.026609,0.323176,0.000375,  48.091
   120.2,0.047915,0.027373,0.334166,0.000375,  48.095
   120.4,0.049276,0.028151,0.345403,0.000375,  48.096
   120.6,0.050649,0.028938,0.356945,0.000375,  48.093
   120.8,0.052046,0.029729,0.368523,0.000388,  48.088
   121.0,0.053461,0.030535,0.380265,0.000352,  48.092
   121.2,0.054884,0.031353,0.392198,0.000388,  48.089
   121.4,0.056341,0.032180,0.402552,0.000401,  48.095
   121.6,0.057837,0.033025,0.412094,0.000401,  48.093
   121.8,0.059355,0.033886,0.420776,0.000414,  48.095
   122.0,0.060916,0.034608,0.428534,0.000414,  48.095
   122.2,0.062412,0.035268,0.439974,0.000427,  48.091
   122.4,0.063888,0.035876,0.452472,0.000427,  48.089
   122.6,0.065358,0.036418,0.466108,0.000427,  48.092
   122.8,0.066903,0.037243,0.479396,0.000440,  48.092
   123.0,0.068479,0.038139,0.493150,0.000427,  48.092
   123.2,0.070091,0.039121,0.507346,0.000440,  48.091
   123.4,0.071709,0.040050,0.521224,0.000440,  48.091
   123.6,0.073345,0.040984,0.535175,0.000440,  48.089
   123.8,0.075007,0.041931,0.549150,0.000454,  48.094
   124.0,0.076693,0.042900,0.563791,0.000454,  48.093
   124.2,0.078393,0.043884,0.578746,0.000467,  48.089
   124.4,0.080124,0.044884,0.594123,0.000480,  48.092
   124.6,0.081859,0.045866,0.609394,0.000467,  48.090
   124.8,0.083602,0.046848,0.624750,0.000467,  48.087
   125.0,0.085367,0.047832,0.640228,0.000480,  48.090
   125.2,0.086879,0.048845,0.655871,0.000480,  48.085
   125.4,0.088274,0.049876,0.671616,0.000480,  48.087
   125.6,0.089538,0.050922,0.687493,0.000506,  48.083
   125.8,0.090689,0.051953,0.703663,0.000506,  48.086
   126.0,0.092370,0.052985,0.719992,0.000506,  48.086
   126.2,0.094191,0.054023,0.736566,0.000519,  48.089
   126.4,0.096163,0.055095,0.753410,0.000532,  48.086
   126.6,0.098039,0.056194,0.770441,0.000519,  48.082
   126.8,0.099931,0.057312,0.787691,0.000519,  48.082
   127.0,0.101856,0.058392,0.804667,0.000546,  48.083
   127.2,0.103717,0.059466,0.821594,0.000546,  48.086
   127.4,0.105566,0.060531,0.838393,0.000546,  48.087
   127.6,0.107389,0.061619,0.855999,0.000559,  48.090
   127.8,0.109264,0.062721,0.873964,0.000546,  48.086
   128.0,0.111161,0.063829,0.892344,0.000559,  48.086
   128.2,0.113073,0.064948,0.910490,0.000572,  48.085
   128.4,0.115004,0.066079,0.928760,0.000585,  48.084
   128.6,0.116963,0.067218,0.947068,0.000598,  48.083
   128.8,0.118949,0.068353,0.965701,0.000598,  48.086
   129.0,0.120905,0.069500,0.984473,0.000611,  48.085
   129.2,0.122851,0.070650,1.003500,0.000625,  48.084
   129.4,0.124804,0.071784,1.022128,0.000638,  48.088
   129.6,0.126756,0.072927,1.040447,0.000638,  48.083
   129.8,0.128699,0.074065,1.058466,0.000638,  48.086
   130.0,0.130654,0.075223,1.077158,0.000664,  48.088
   130.2,0.132661,0.076399,1.096001,0.000628,  48.090
   130.4,0.134688,0.077587,1.114909,0.000677,  48.088
   130.6,0.136753,0.078519,1.134152,0.000690,  48.088
   130.8,0.138553,0.079336,1.153537,0.000677,  48.091
   131.0,0.140224,0.080037,1.173041,0.000677,  48.090
   131.2,0.141779,0.080619,1.190189,0.000690,  48.090
   131.4,0.143589,0.081619,1.205815,0.000690,  48.090
   131.6,0.145466,0.082719,1.219729,0.000704,  48.094
   131.8,0.147412,0.083923,1.231844,0.000717,  48.098
   132.0,0.149315,0.085048,1.249660,0.000717,  48.093
   132.2,0.151228,0.086195,1.268853,0.000730,  48.097
   132.4,0.153142,0.087356,1.289577,0.000743,  48.101
   132.6,0.155097,0.088526,1.309040,0.000756,  48.093
   132.8,0.157081,0.089718,1.328713,0.000756,  48.097
   133.0,0.159083,0.090918,1.348289,0.000769,  48.098
   133.2,0.161002,0.092044,1.368018,0.000782,  48.096
   133.4,0.162888,0.093134,1.387574,0.000756,  48.100
   133.6,0.164760,0.094195,1.406708,0.000769,  48.098
   133.8,0.166696,0.095343,1.425812,0.000782,  48.100
   134.0,0.168641,0.096512,1.444324,0.000796,  48.097
   134.2,0.170612,0.097719,1.462307,0.000809,  48.099
   134.4,0.172285,0.098888,1.480888,0.000809,  48.099
   134.6,0.173823,0.100060,1.499267,0.000809,  48.096
   134.8,0.175209,0.101233,1.517370,0.000822,  48.097
   135.0,0.176462,0.102409,1.535800,0.000835,  48.097
   135.2,0.178265,0.103593,1.554579,0.000835,  48.093
   135.4,0.180206,0.104783,1.573465,0.000861,  48.097
   135.6,0.182288,0.105926,1.591388,0.000875,  48.093
   135.8,0.184151,0.107051,1.609003,0.000888,  48.094
   136.0,0.185978,0.108150,1.626251,0.000914,  48.093
   136.2,0.187756,0.109272,1.644807,0.000927,  48.089
   136.4,0.189573,0.110397,1.663588,0.000927,  48.088
   136.6,0.191390,0.111521,1.682274,0.000941,  48.088
   136.8,0.193199,0.112643,1.699883,0.000954,  48.085
   137.0,0.195031,0.113763,1.716900,0.000967,  48.086
   137.2,0.196867,0.114884,1.732507,0.000980,  48.084
   137.4,0.198711,0.115982,1.750351,0.000993,  48.082
   137.6,0.200512,0.117067,1.768497,0.000993,  48.082
   137.8,0.202288,0.118141,1.787383,0.001020,  48.083
   138.0,0.204042,0.119213,1.805527,0.001033,  48.081
   138.2,0.205800,0.120277,1.822718,0.001033,  48.081
   138.4,0.207547,0.121340,1.839260,0.001046,  48.078
   138.6,0.209275,0.122422,1.856447,0.001059,  48.074
   138.8,0.211020,0.123521,1.873351,0.001085,  48.075
   139.0,0.212754,0.124627,1.889403,0.001099,  48.077
   139.2,0.214485,0.125614,1.906103,0.001125,  48.075
   139.4,0.216066,0.126548,1.921824,0.001089,  48.074
   139.6,0.217573,0.127431,1.937569,0.001125,  48.071
   139.8,0.219008,0.128256,1.953882,0.001138,  48.074
   140.0,0.220540,0.129022,1.969599,0.001151,  48.069
   140.2,0.222093,0.129730,1.983992,0.001164,  48.067
   140.4,0.223667,0.130386,1.996924,0.001178,  48.064
   140.6,0.225202,0.131292,2.008908,0.001191,  48.068
   140.8,0.226736,0.132273,2.018476,0.001204,  48.068
   141.0,0.228269,0.133327,2.026862,0.001217,  48.066
   141.2,0.229803,0.134315,2.039700,0.001230,  48.065
   141.4,0.231340,0.135307,2.053669,0.001244,  48.063
   141.6,0.232880,0.136302,2.068865,0.001270,  48.062
   141.8,0.234385,0.137260,2.082212,0.001283,  48.061
   142.0,0.235880,0.138199,2.095160,0.001283,  48.060
   142.2,0.237357,0.139126,2.106819,0.001309,  48.055
   142.4,0.238807,0.140050,2.119681,0.001286,  48.054
   142.6,0.240226,0.140967,2.132046,0.001300,  48.051
   142.8,0.241628,0.141878,2.142938,0.001326,  48.053
   143.0,0.243040,0.142783,2.155104,0.001303,  48.052
   143.2,0.244454,0.143691,2.165702,0.001352,  48.052
   143.4,0.245870,0.144593,2.174610,0.001365,  48.047
   143.6,0.247061,0.145486,2.185588,0.001342,  48.045
   143.8,0.248137,0.146380,2.196812,0.001405,  48.042
   144.0,0.249103,0.147269,2.208297,0.001418,  48.043
   144.2,0.249952,0.148108,2.219060,0.001408,  48.038
   144.4,0.251122,0.148921,2.228985,0.001458,  48.034
   144.6,0.252346,0.149714,2.239166,0.001484,  48.029
   144.8,0.253631,0.150515,2.250767,0.001474,  48.027
   145.0,0.254837,0.151308,2.260286,0.001511,  48.022
   145.2,0.256034,0.152093,2.268802,0.001550,  48.020
   145.4,0.257231,0.152886,2.278712,0.001527,  48.018
   145.6,0.258414,0.153672,2.287571,0.001590,  48.017
   145.8,0.259602,0.154460,2.295303,0.001616,  48.016
   146.0,0.260785,0.155215,2.304513,0.001629,  48.009
   146.2,0.261920,0.155953,2.312575,0.001665,  48.010
   146.4,0.263042,0.156677,2.320789,0.001705,  47.998
   146.6,0.264138,0.157400,2.329157,0.001731,  47.999
   146.8,0.265211,0.158120,2.337700,0.001758,  47.987
   147.0,0.266280,0.158827,2.343491,0.001797,  47.987
   147.2,0.267313,0.159534,2.350834,0.001824,  47.979
   147.4,0.268295,0.160237,2.358321,0.001824,  47.958
   147.6,0.269256,0.160934,2.364401,0.001850,  47.948
   147.8,0.270173,0.161536,2.372126,0.001877,  47.941
   148.0,0.271059,0.162093,2.378421,0.001890,  47.938
   148.2,0.271914,0.162595,2.383219,0.001903,  47.930
   148.4,0.272726,0.163175,2.389642,0.001929,  47.922
   148.6,0.273582,0.163766,2.394502,0.001906,  47.913
   148.8,0.274453,0.164369,2.401067,0.001969,  47.908
   149.0,0.275318,0.164958,2.406076,0.001995,  47.895
   149.2,0.276175,0.165540,2.411167,0.002009,  47.891
   149.4,0.277035,0.166127,2.416318,0.002035,  47.883
   149.6,0.277892,0.166629,2.421525,0.002061,  47.868
   149.8,0.278708,0.167084,2.425022,0.002075,  47.861
   150.0,0.279514,0.167496,2.428559,0.002101,  47.851
   150.2,0.280295,0.167864,2.432124,0.002127,  47.841
   150.4,0.281070,0.168367,2.437513,0.002104,  47.814
   150.6,0.281845,0.168891,2.442971,0.002118,  47.800
   150.8,0.282605,0.169441,2.444801,0.002144,  47.788
   151.0,0.283340,0.169951,2.450409,0.002147,  47.776
   151.2,0.284073,0.170458,2.452368,0.002223,  47.765
   151.4,0.284781,0.170959,2.454365,0.002263,  47.747
   151.6,0.285500,0.171461,2.458136,0.002253,  47.731
   151.8,0.286237,0.171958,2.461900,0.002289,  47.722
   152.0,0.286969,0.172465,2.465657,0.002316,  47.683
   152.2,0.287650,0.172938,2.469512,0.002306,  47.671
   152.4,0.288314,0.173402,2.471458,0.002355,  47.656
   152.6,0.288942,0.173854,2.475399,0.002382,  47.638
   152.8,0.289469,0.174276,2.481345,0.002359,  47.626
   153.0,0.289928,0.174685,2.483334,0.002421,  47.613
   153.2,0.290329,0.175069,2.485326,0.002461,  47.593
   153.4,0.290652,0.175468,2.489379,0.002474,  47.559
   153.6,0.291175,0.175866,2.493477,0.002524,  47.537
   153.8,0.291757,0.176262,2.495557,0.002550,  47.523
   154.0,0.292369,0.176668,2.499719,0.002577,  47.501
   154.2,0.292935,0.177069,2.501817,0.002590,  47.481
   154.4,0.293509,0.177475,2.503932,0.002616,  47.441
   154.6,0.294067,0.177855,2.508157,0.002620,  47.413
   154.8,0.294599,0.178218,2.510269,0.002646,  47.400
   155.0,0.295122,0.178575,2.512385,0.002673,  47.371
   155.2,0.295631,0.178930,2.514529,0.002663,  47.346
   155.4,0.296138,0.179276,2.514523,0.002699,  47.305
   155.6,0.296649,0.179621,2.516700,0.002725,  47.271
   155.8,0.297155,0.179954,2.521065,0.002703,  47.250
   156.0,0.297576,0.180280,2.521060,0.002752,  47.226
   156.2,0.297958,0.180592,2.523258,0.002778,  47.177
   156.4,0.298297,0.180893,2.525469,0.002769,  47.148
   156.6,0.298751,0.181178,2.529917,0.002818,  47.108
   156.8,0.299259,0.181448,2.529923,0.002845,  47.068
   157.0,0.299799,0.181763,2.532173,0.002835,  47.035
   157.2,0.300296,0.182086,2.534435,0.002884,  47.002
   157.4,0.300806,0.182433,2.534452,0.002911,  46.945
   157.6,0.301316,0.182762,2.536703,0.002901,  46.901
   157.8,0.301841,0.183093,2.538965,0.002937,  46.878
   158.0,0.302395,0.183427,2.538937,0.002950,  46.822
   158.2,0.302943,0.183716,2.543532,0.002964,  46.781
   158.4,0.303439,0.183983,2.543544,0.002964,  46.739
   158.6,0.303932,0.184228,2.543572,0.002977,  46.672
   158.8,0.304392,0.184450,2.545912,0.002967,  46.641
   159.0,0.304947,0.184768,2.548263,0.002980,  46.581
   159.2,0.305543,0.185116,2.545963,0.002994,  46.537
   159.4,0.306170,0.185483,2.546003,0.003020,  46.484
   159.6,0.306786,0.185856,2.548332,0.003047,  46.421
   159.8,0.307426,0.186235,2.550662,0.003060,  46.380
   160.0,0.308072,0.186637,2.550645,0.003086,  46.315
   160.2,0.308766,0.187048,2.552981,0.003099,  46.270
   160.4,0.309501,0.187471,2.555325,0.003099,  46.201
   160.6,0.310267,0.187911,2.555302,0.003113,  46.134
   160.8,0.311002,0.188346,2.557699,0.003113,  46.077
   161.0,0.311752,0.188784,2.557745,0.003126,  46.024
   161.2,0.312495,0.189232,2.557814,0.003139,  45.954
   161.4,0.313143,0.189665,2.560207,0.003139,  45.886
   161.6,0.313737,0.190087,2.560189,0.003139,  45.830
   161.8,0.314301,0.190511,2.562561,0.003152,  45.771
   162.0,0.314805,0.190987,2.564963,0.003152,  45.702
   162.2,0.315581,0.191489,2.567374,0.003139,  45.623
   162.4,0.316441,0.192020,2.567356,0.003152,  45.564
   162.6,0.317384,0.192569,2.569797,0.003152,  45.478
   162.8,0.318328,0.193139,2.574732,0.003152,  45.416
   163.0,0.319325,0.193735,2.572275,0.003166,  45.343
   163.2,0.320355,0.194317,2.574755,0.003166,  45.273
   163.4,0.321383,0.194905,2.577244,0.003166,  45.185
   163.6,0.322437,0.195502,2.577256,0.003179,  45.100
   163.8,0.323516,0.196144,2.579736,0.003179,  45.040
   164.0,0.324640,0.196807,2.582231,0.003166,  44.952
   164.2,0.325801,0.197497,2.582191,0.003152,  44.884
   164.4,0.327000,0.198173,2.587259,0.003152,  44.803
   164.6,0.328060,0.198853,2.587270,0.003189,  44.700
   164.8,0.329086,0.199542,2.587293,0.003175,  44.631
   165.0,0.330057,0.200240,2.589849,0.003139,  44.563
   165.2,0.331283,0.200937,2.592415,0.003175,  44.476
   165.4,0.332621,0.201650,2.592398,0.003189,  44.386
   165.6,0.334070,0.202415,2.594991,0.003126,  44.280
   165.8,0.335490,0.203208,2.595002,0.003136,  44.212
   166.0,0.336937,0.204032,2.597628,0.003136,  44.130
   166.2,0.338430,0.204874,2.600241,0.003086,  44.046
   166.4,0.339979,0.205748,2.600218,0.003109,  43.960
   166.6,0.341562,0.206643,2.602841,0.003109,  43.847
   166.8,0.343199,0.207423,2.605491,0.003086,  43.786
   167.0,0.344788,0.208163,2.605485,0.003122,  43.710
   167.2,0.346372,0.208847,2.608164,0.003086,  43.621
   167.4,0.347962,0.209496,2.610853,0.003050,  43.524
   167.6,0.349705,0.210458,2.610859,0.003037,  43.429
   167.8,0.351524,0.211528,2.613570,0.003060,  43.360
   168.0,0.353430,0.212702,2.613582,0.003047,  43.266
   168.2,0.355289,0.213793,2.616316,0.003033,  43.191
   168.4,0.357162,0.214894,2.616328,0.002994,  43.118
   168.6,0.359056,0.216007,2.619085,0.002980,  43.024
   168.8,0.361031,0.217158,2.621836,0.002954,  42.960
   169.0,0.363044,0.218344,2.624600,0.002927,  42.876
   169.2,0.365116,0.219551,2.624588,0.002914,  42.795
   169.4,0.367112,0.220736,2.627376,0.002901,  42.731
   169.6,0.369093,0.221925,2.630181,0.002874,  42.640
   169.8,0.371070,0.223119,2.633010,0.002861,  42.585
   170.0,0.373057,0.224303,2.635852,0.002835,  42.532
   170.2,0.375027,0.225472,2.638725,0.002845,  42.469
   170.4,0.377007,0.226636,2.638736,0.002831,  42.396
   170.6,0.378700,0.227838,2.641616,0.002782,  42.327
   170.8,0.380255,0.229050,2.647446,0.002805,  42.276
   171.0,0.381657,0.230279,2.644527,0.002792,  42.205
   171.2,0.382912,0.231506,2.647451,0.002729,  42.162
   171.4,0.384762,0.232744,2.650402,0.002752,  42.100
   171.6,0.386780,0.233997,2.650413,0.002739,  42.047
   171.8,0.388956,0.235203,2.653366,0.002689,  42.003
   172.0,0.390916,0.236389,2.656328,0.002712,  41.959
   172.2,0.392840,0.237560,2.656305,0.002699,  41.907
   172.4,0.394726,0.238736,2.662325,0.002650,  41.868
   172.6,0.396621,0.239891,2.662320,0.002650,  41.817
   172.8,0.398510,0.241033,2.662325,0.002650,  41.795
   173.0,0.400369,0.242047,2.665494,0.002636,  41.754
   173.2,0.401905,0.242981,2.668752,0.002610,  41.723
   173.4,0.403259,0.243846,2.665935,0.002610,  41.706
   173.6,0.404437,0.244794,2.665941,0.002610,  41.663
   173.8,0.405947,0.245742,2.672021,0.002597,  41.652
   174.0,0.407549,0.246708,2.671854,0.002597,  41.631
   174.2,0.409218,0.247673,2.674911,0.002584,  41.621
   174.4,0.410798,0.248635,2.678012,0.002570,  41.596
   174.6,0.412377,0.249612,2.677994,0.002570,  41.587
   174.8,0.413942,0.250553,2.681119,0.002570,  41.587
   175.0,0.415471,0.251476,2.681090,0.002570,  41.581
   175.2,0.416964,0.252390,2.681067,0.002570,  41.585
   175.4,0.418428,0.253287,2.684220,0.002521,  41.583
   175.6,0.419828,0.254173,2.684191,0.002570,  41.590
   175.8,0.421170,0.255046,2.684168,0.002557,  41.598
   176.0,0.422460,0.255782,2.687362,0.002534,  41.612
   176.2,0.423721,0.256447,2.687362,0.002534,  41.622
   176.4,0.424942,0.257035,2.687368,0.002584,  41.654
   176.6,0.426131,0.257552,2.687374,0.002597,  41.680
   176.8,0.427276,0.258248,2.690608,0.002610,  41.695
   177.0,0.428374,0.258971,2.690631,0.002584,  41.720
   177.2,0.429445,0.259724,2.690649,0.002584,  41.747
   177.4,0.430457,0.260397,2.693890,0.002610,  41.791
   177.6,0.431421,0.261050,2.690620,0.002610,  41.830
   177.8,0.432343,0.261677,2.693850,0.002623,  41.868
   178.0,0.433155,0.262252,2.693827,0.002650,  41.908
   178.2,0.433896,0.262796,2.697093,0.002676,  41.954
   178.4,0.434574,0.263304,2.693810,0.002703,  41.991
   178.6,0.435197,0.263767,2.693799,0.002716,  42.035
   178.8,0.435763,0.264187,2.697076,0.002778,  42.079
   179.0,0.436278,0.264565,2.697088,0.002818,  42.126
   179.2,0.436738,0.264912,2.697076,0.002822,  42.189
   179.4,0.437148,0.265229,2.700373,0.002884,  42.250
   179.6,0.437507,0.265511,2.700367,0.002911,  42.313
   179.8,0.437831,0.265790,2.700356,0.002901,  42.363
   180.0,0.438091,0.266043,2.703678,0.002950,  42.416
   180.2,0.438322,0.266285,2.700344,0.002977,  42.480
   180.4,0.438501,0.266477,2.700344,0.002967,  42.549
   180.6,0.438667,0.266639,2.703672,0.003043,  42.627
   180.8,0.438804,0.266768,2.700350,0.003083,  42.681
   181.0,0.438905,0.266879,2.703689,0.003060,  42.751
   181.2,0.438970,0.266965,2.703701,0.003109,  42.819
   181.4,0.439007,0.267030,2.703730,0.003136,  42.895
   181.6,0.439007,0.266895,2.707078,0.003126,  42.985
   181.8,0.438653,0.266659,2.703707,0.003175,  43.046
   182.0,0.438112,0.266310,2.703684,0.003215,  43.111
   182.2,0.437385,0.266135,2.707032,0.003205,  43.195
   182.4,0.437026,0.266001,2.703678,0.003268,  43.276
   182.6,0.436753,0.265894,2.703684,0.003308,  43.380
   182.8,0.436559,0.265758,2.707078,0.003311,  43.444
   183.0,0.436272,0.265623,2.703787,0.003325,  43.513
   183.2,0.435985,0.265489,2.703867,0.003364,  43.600
   183.4,0.435670,0.265333,2.707227,0.003404,  43.682
   183.6,0.435347,0.265169,2.703861,0.003417,  43.783
   183.8,0.435004,0.264995,2.703816,0.003431,  43.850
   184.0,0.434646,0.264790,2.707146,0.003431,  43.924
   184.2,0.434217,0.264557,2.703776,0.003404,  44.005
   184.4,0.433730,0.264308,2.703753,0.003404,  44.095
   184.6,0.433208,0.264037,2.707089,0.003394,  44.200
   184.8,0.432646,0.263744,2.703730,0.003444,  44.270
   185.0,0.432049,0.263435,2.703724,0.003470,  44.336
   185.2,0.431418,0.263172,2.703724,0.003461,  44.429
   185.4,0.430823,0.262923,2.703735,0.003474,  44.510
   185.6,0.430222,0.262686,2.703753,0.003536,  44.605
   185.8,0.429629,0.262464,2.703776,0.003563,  44.656
   186.0,0.428930,0.262121,2.707135,0.003590,  44.741
   186.2,0.428183,0.261732,2.703787,0.003603,  44.821
   186.4,0.427395,0.261304,2.703799,0.003629,  44.895
   186.6,0.426567,0.260857,2.703799,0.003656,  44.986
   186.8,0.425691,0.260383,2.703799,0.003682,  45.053
   187.0,0.424774,0.259882,2.700470,0.003722,  45.124
   187.2,0.423832,0.259365,2.700465,0.003749,  45.187
   187.4,0.422864,0.258835,2.703787,0.003762,  45.264
   187.6,0.421856,0.258277,2.700448,0.003788,  45.343
   187.8,0.420852,0.257702,2.700436,0.003815,  45.407
   188.0,0.419835,0.257114,2.700430,0.003841,  45.484
   188.2,0.418807,0.256506,2.697116,0.003868,  45.540
   188.4,0.417761,0.255912,2.697111,0.003881,  45.614
   188.6,0.416710,0.255312,2.697105,0.003894,  45.702
   188.8,0.415641,0.254722,2.693827,0.003921,  45.742
   189.0,0.414711,0.254081,2.693833,0.003947,  45.811
   189.2,0.413839,0.253430,2.697116,0.003947,  45.873
   189.4,0.413022,0.252759,2.693844,0.003961,  45.943
   189.6,0.412268,0.252086,2.693873,0.003974,  46.030
   189.8,0.411170,0.251416,2.693913,0.003974,  46.066
   190.0,0.409973,0.250739,2.690711,0.004001,  46.138
   190.2,0.408672,0.249982,2.687477,0.004001,  46.184
   190.4,0.407368,0.249178,2.687454,0.004001,  46.249
   190.6,0.406021,0.248330,2.687419,0.004014,  46.309
   190.8,0.404631,0.247571,2.684191,0.004027,  46.359
   191.0,0.403346,0.246841,2.684180,0.004014,  46.408
   191.2,0.402104,0.246127,2.684168,0.004014,  46.470
   191.4,0.400898,0.245389,2.687374,0.004027,  46.513
   191.6,0.399637,0.244656,2.684186,0.004027,  46.564
   191.8,0.398373,0.243922,2.681027,0.004027,  46.617
   192.0,0.397106,0.243180,2.684203,0.004027,  46.655
   192.2,0.395869,0.242444,2.677845,0.004027,  46.713
   192.4,0.394648,0.241702,2.674681,0.004027,  46.760
   192.6,0.393437,0.240948,2.674664,0.004027,  46.824
   192.8,0.392139,0.240185,2.671539,0.004027,  46.848
   193.0,0.390813,0.239414,2.668437,0.004027,  46.886
   193.2,0.389452,0.238623,2.668431,0.004027,  46.937
   193.4,0.388088,0.237813,2.665373,0.004027,  46.973
   193.6,0.386716,0.236988,2.662348,0.004027,  47.017
   193.8,0.385336,0.236303,2.659322,0.004004,  47.056
   194.0,0.383986,0.235668,2.659311,0.004027,  47.086
   194.2,0.382652,0.235106,2.659311,0.004014,  47.123
   194.4,0.381316,0.234591,2.659305,0.003978,  47.166
   194.6,0.379921,0.233814,2.656299,0.003964,  47.202
   194.8,0.378519,0.232965,2.656299,0.004001,  47.226
   195.0,0.377076,0.232053,2.653320,0.004001,  47.256
   195.2,0.375633,0.231197,2.653309,0.004001,  47.298
   195.4,0.374194,0.230338,2.650327,0.004001,  47.325
   195.6,0.372735,0.229470,2.647365,0.004001,  47.353
   195.8,0.371275,0.228603,2.647365,0.004001,  47.389
   196.0,0.369814,0.227732,2.644447,0.004001,  47.413
   196.2,0.368339,0.226866,2.641553,0.003987,  47.436
   196.4,0.366868,0.225991,2.641553,0.003987,  47.457
   196.6,0.365404,0.225102,2.638662,0.003987,  47.479
   196.8,0.363925,0.224215,2.635783,0.003974,  47.516
   197.0,0.362434,0.223333,2.632930,0.003961,  47.535
   197.2,0.360942,0.222453,2.630106,0.003984,  47.555
   197.4,0.359436,0.221577,2.627307,0.003984,  47.576
   197.6,0.358152,0.220671,2.624520,0.003947,  47.599
   197.8,0.356985,0.219761,2.621750,0.003957,  47.630
   198.0,0.355910,0.218842,2.619004,0.003957,  47.648
   198.2,0.354952,0.217934,2.619016,0.003921,  47.665
   198.4,0.353509,0.217032,2.616293,0.003894,  47.681
   198.6,0.351935,0.216135,2.610887,0.003881,  47.702
   198.8,0.350218,0.215184,2.608192,0.003881,  47.715
   199.0,0.348644,0.214202,2.605508,0.003868,  47.749
   199.2,0.347087,0.213198,2.602835,0.003855,  47.757
   199.4,0.345524,0.212275,2.600195,0.003841,  47.773
   199.6,0.344019,0.211394,2.594974,0.003841,  47.788
   199.8,0.342560,0.210534,2.592398,0.003841,  47.796
   200.0,0.341123,0.209644,2.589815,0.003828,  47.808
   200.2,0.339650,0.208761,2.587247,0.003802,  47.823
   200.4,0.338177,0.207875,2.582150,0.003788,  47.829
   200.6,0.336703,0.207006,2.579615,0.003775,  47.857
   200.8,0.335274,0.206150,2.577101,0.003771,  47.869
   201.0,0.333860,0.205300,2.572126,0.003771,  47.880
   201.2,0.332470,0.204418,2.569665,0.003709,  47.883
   201.4,0.330993,0.203526,2.564791,0.003732,  47.898
   201.6,0.329480,0.202622,2.557590,0.003732,  47.906
   201.8,0.327952,0.201719,2.555210,0.003682,  47.909
   202.0,0.326451,0.200817,2.550484,0.003656,  47.919
   202.2,0.324938,0.199914,2.545809,0.003643,  47.924
   202.4,0.323442,0.199028,2.543487,0.003643,  47.929
   202.6,0.321973,0.198146,2.541188,0.003616,  47.940
   202.8,0.320508,0.197275,2.534355,0.003616,  47.948
   203.0,0.319066,0.196369,2.529848,0.003567,  47.952
   203.2,0.317568,0.195446,2.525405,0.003590,  47.960
   203.4,0.316036,0.194518,2.521002,0.003576,  47.985
   203.6,0.314495,0.193729,2.516643,0.003527,  47.990
   203.8,0.312970,0.193005,2.512339,0.003514,  47.996
   204.0,0.311437,0.192340,2.505954,0.003523,  48.002
   204.2,0.309913,0.191745,2.501731,0.003510,  48.006
   204.4,0.308387,0.190896,2.497544,0.003510,  48.012
   204.6,0.306855,0.189975,2.495448,0.003497,  48.020
   204.8,0.305336,0.188991,2.489259,0.003497,  48.022
   205.0,0.303821,0.188068,2.485194,0.003484,  48.020
   205.2,0.302305,0.187156,2.479171,0.003470,  48.029
   205.4,0.300807,0.186234,2.473235,0.003470,  48.027
   205.6,0.299292,0.185317,2.467385,0.003457,  48.034
   205.8,0.297765,0.184413,2.463530,0.003431,  48.035
   206.0,0.296251,0.183507,2.455916,0.003417,  48.042
   206.2,0.294747,0.182595,2.450294,0.003404,  48.046
   206.4,0.293236,0.181690,2.444744,0.003391,  48.047
   206.6,0.291738,0.180781,2.437450,0.003378,  48.054
   206.8,0.290162,0.179852,2.432044,0.003351,  48.050
   207.0,0.288550,0.178922,2.424942,0.003338,  48.054
   207.2,0.286915,0.177979,2.417954,0.003338,  48.060
   207.4,0.285585,0.177037,2.411087,0.003325,  48.058
   207.6,0.284390,0.176097,2.404339,0.003298,  48.064
   207.8,0.283336,0.175154,2.396052,0.003285,  48.062
   208.0,0.282409,0.174248,2.389515,0.003272,  48.066
   208.2,0.281067,0.173363,2.383070,0.003245,  48.071
   208.4,0.279635,0.172502,2.375142,0.003232,  48.070
   208.6,0.278113,0.171628,2.368904,0.003219,  48.076
   208.8,0.276681,0.170757,2.361238,0.003205,  48.096
   209.0,0.275239,0.169898,2.352221,0.003192,  48.095
   209.2,0.273815,0.169047,2.344842,0.003179,  48.099
   209.4,0.272431,0.168210,2.336167,0.003152,  48.099
   209.6,0.271059,0.167382,2.329065,0.003139,  48.097
   209.8,0.269710,0.166518,2.322083,0.003126,  48.100
   210.0,0.268283,0.165647,2.311145,0.003113,  48.104
   210.2,0.266834,0.164764,2.301805,0.003113,  48.104
   210.4,0.265350,0.163899,2.293932,0.003099,  48.105
   210.6,0.263909,0.163030,2.286188,0.003060,  48.104
   210.8,0.262473,0.162172,2.277321,0.003047,  48.107
   211.0,0.261058,0.161315,2.269870,0.003047,  48.111
   211.2,0.259652,0.160463,2.262561,0.003020,  48.107
   211.4,0.258253,0.159626,2.253001,0.003007,  48.112
   211.6,0.256871,0.158765,2.244790,0.002994,  48.110
   211.8,0.255459,0.157885,2.237878,0.002967,  48.116
   212.0,0.254020,0.157010,2.228830,0.002967,  48.112
   212.2,0.252580,0.156141,2.221053,0.002967,  48.109
   212.4,0.251163,0.155274,2.212333,0.002941,  48.110
   212.6,0.249735,0.154411,2.203785,0.002927,  48.108
   212.8,0.248329,0.153542,2.195419,0.002904,  48.110
   213.0,0.246907,0.152680,2.186201,0.002927,  48.111
   213.2,0.245470,0.151818,2.176199,0.002914,  48.114
   213.4,0.244041,0.151072,2.168344,0.002878,  48.110
   213.6,0.242622,0.150395,2.161581,0.002865,  48.113
   213.8,0.241214,0.149772,2.154915,0.002888,  48.106
   214.0,0.239806,0.149215,2.149281,0.002888,  48.111
   214.2,0.238403,0.148420,2.140968,0.002874,  48.115
   214.4,0.237000,0.147579,2.131025,0.002848,  48.115
   214.6,0.235594,0.146678,2.120432,0.002848,  48.115
   214.8,0.234209,0.145830,2.110967,0.002835,  48.114
   215.0,0.232826,0.144980,2.100893,0.002808,  48.115
   215.2,0.231461,0.144127,2.091066,0.002795,  48.115
   215.4,0.230022,0.143269,2.082189,0.002782,  48.112
   215.6,0.228556,0.142405,2.071904,0.002755,  48.113
   215.8,0.227062,0.141536,2.061838,0.002742,  48.117
   216.0,0.225673,0.140678,2.052790,0.002729,  48.110
   216.2,0.224332,0.139829,2.042478,0.002716,  48.118
   216.4,0.223028,0.138984,2.031706,0.002703,  48.114
   216.6,0.221912,0.138171,2.021850,0.002689,  48.116
   216.8,0.220896,0.137378,2.012875,0.002663,  48.118
   217.0,0.219994,0.136600,2.002731,0.002650,  48.119
   217.2,0.219191,0.135818,1.992845,0.002636,  48.119
   217.4,0.218002,0.135037,1.983189,0.002610,  48.121
   217.6,0.216731,0.134260,1.972506,0.002610,  48.120
   217.8,0.215365,0.133509,1.962079,0.002610,  48.120
   218.0,0.214138,0.132765,1.951908,0.002597,  48.118
   218.2,0.212916,0.132035,1.940250,0.002597,  48.120
   218.4,0.211727,0.131272,1.929436,0.002584,  48.119
   218.6,0.210467,0.130487,1.918337,0.002570,  48.121
   218.8,0.209170,0.129699,1.906980,0.002557,  48.119
   219.0,0.207861,0.128930,1.896444,0.002544,  48.119
   219.2,0.206599,0.128159,1.886175,0.002531,  48.120
   219.4,0.205339,0.127394,1.876647,0.002517,  48.119
   219.6,0.204104,0.126639,1.866810,0.002504,  48.117
   219.8,0.202870,0.125893,1.857191,0.002491,  48.121
   220.0,0.201629,0.125151,1.847774,0.002491,  48.120
   220.2,0.200404,0.124391,1.838551,0.002491,  48.122
   220.4,0.199168,0.123624,1.829074,0.002465,  48.117
   220.6,0.197921,0.122857,1.819362,0.002451,  48.115
   220.8,0.196682,0.122095,1.809874,0.002438,  48.117
   221.0,0.195444,0.121336,1.799759,0.002412,  48.119
   221.2,0.194199,0.120578,1.789887,0.002398,  48.121
   221.4,0.192967,0.119817,1.779814,0.002362,  48.121
   221.6,0.191727,0.119062,1.769574,0.002385,  48.116
   221.8,0.190469,0.118303,1.759178,0.002385,  48.115
   222.0,0.189218,0.117656,1.750894,0.002349,  48.113
   222.2,0.187998,0.117069,1.743136,0.002336,  48.120
   222.4,0.186774,0.116536,1.736228,0.002359,  48.114
   222.6,0.185578,0.116060,1.729800,0.002359,  48.117
   222.8,0.184364,0.115365,1.720011,0.002346,  48.119
   223.0,0.183138,0.114613,1.709114,0.002332,  48.117
   223.2,0.181921,0.113811,1.697844,0.002319,  48.116
   223.4,0.180724,0.113067,1.688075,0.002306,  48.112
   223.6,0.179533,0.112336,1.678183,0.002293,  48.110
   223.8,0.178361,0.111604,1.668175,0.002293,  48.110
   224.0,0.177143,0.110841,1.658112,0.002243,  48.108
   224.2,0.175898,0.110070,1.648292,0.002243,  48.111
   224.4,0.174654,0.109284,1.638116,0.002243,  48.115
   224.6,0.173485,0.108555,1.627885,0.002194,  48.112
   224.8,0.172340,0.107854,1.617895,0.002204,  48.113
   225.0,0.171234,0.107170,1.607867,0.002191,  48.115
   225.2,0.170277,0.106487,1.598054,0.002141,  48.115
   225.4,0.169407,0.105812,1.587951,0.002164,  48.110
   225.6,0.168628,0.105150,1.577577,0.002151,  48.112
   225.8,0.167935,0.104477,1.567695,0.002101,  48.114
   226.0,0.166905,0.103805,1.557567,0.002124,  48.112
   226.2,0.165805,0.103134,1.547210,0.002124,  48.114
   226.4,0.164618,0.102484,1.537066,0.002088,  48.109
   226.6,0.163552,0.101844,1.526714,0.002098,  48.114
   226.8,0.162502,0.101211,1.515935,0.002098,  48.115
   227.0,0.161482,0.100550,1.506057,0.002062,  48.117
   227.2,0.160409,0.099885,1.495988,0.002072,  48.116
   227.4,0.159327,0.099211,1.485952,0.002058,  48.117
   227.6,0.158240,0.098559,1.476543,0.002022,  48.114
   227.8,0.157189,0.097909,1.467139,0.002045,  48.119
   228.0,0.156146,0.097265,1.457953,0.002032,  48.118
   228.2,0.155112,0.096624,1.448760,0.002019,  48.118
   228.4,0.154069,0.095984,1.439581,0.002042,  48.117
   228.6,0.153022,0.095353,1.430243,0.002055,  48.120
   228.8,0.151966,0.094703,1.421434,0.002042,  48.128
   229.0,0.150920,0.094049,1.412622,0.002029,  48.125
   229.2,0.149872,0.093402,1.403992,0.002029,  48.123
   229.4,0.148820,0.092764,1.395032,0.002015,  48.123
   229.6,0.147781,0.092129,1.385925,0.001989,  48.128
   229.8,0.146753,0.091505,1.376689,0.001976,  48.129
   230.0,0.145726,0.090870,1.367640,0.001976,  48.133
   230.2,0.144695,0.090241,1.358636,0.001963,  48.132
   230.4,0.143663,0.089603,1.349364,0.001963,  48.133
   230.6,0.142633,0.088976,1.340437,0.001926,  48.135
   230.8,0.141623,0.088357,1.331695,0.001963,  48.133
   231.0,0.140627,0.087751,1.322998,0.001949,  48.127
   231.2,0.139637,0.087224,1.315279,0.001913,  48.133
   231.4,0.138644,0.086734,1.308373,0.001900,  48.138
   231.6,0.137651,0.086292,1.301696,0.001923,  48.139
   231.8,0.136658,0.085895,1.295659,0.001923,  48.143
   232.0,0.135674,0.085335,1.287387,0.001923,  48.142
   232.2,0.134695,0.084736,1.278397,0.001897,  48.142
   232.4,0.133723,0.084092,1.268986,0.001897,  48.142
   232.6,0.132756,0.083483,1.260240,0.001897,  48.143
   232.8,0.131798,0.082873,1.251420,0.001870,  48.144
   233.0,0.130838,0.082260,1.242780,0.001857,  48.145
   233.2,0.129891,0.081672,1.234184,0.001857,  48.143
   233.4,0.128950,0.081092,1.225527,0.001844,  48.145
   233.6,0.128014,0.080520,1.216935,0.001831,  48.143
   233.8,0.127088,0.079951,1.208307,0.001817,  48.143
   234.0,0.126170,0.079387,1.199649,0.001817,  48.147
   234.2,0.125261,0.078835,1.191070,0.001831,  48.146
   234.4,0.124354,0.078271,1.182730,0.001817,  48.146
   234.6,0.123446,0.077706,1.174146,0.001804,  48.150
   234.8,0.122543,0.077147,1.165722,0.001804,  48.152
   235.0,0.121777,0.076596,1.157184,0.001804,  48.152
   235.2,0.121086,0.076060,1.148538,0.001778,  48.153
   235.4,0.120461,0.075531,1.139889,0.001778,  48.149
   235.6,0.119907,0.074989,1.131499,0.001778,  48.152
   235.8,0.119097,0.074447,1.123274,0.001751,  48.154
   236.0,0.118224,0.073906,1.115208,0.001738,  48.157
   236.2,0.117297,0.073375,1.107262,0.001738,  48.153
   236.4,0.116438,0.072840,1.099446,0.001712,  48.156
   236.6,0.115590,0.072313,1.091757,0.001712,  48.156
   236.8,0.114741,0.071788,1.083914,0.001699,  48.156
   237.0,0.113890,0.071264,1.075986,0.001685,  48.155
   237.2,0.113041,0.070741,1.067980,0.001699,  48.155
   237.4,0.112189,0.070223,1.059815,0.001685,  48.156
   237.6,0.111350,0.069699,1.051478,0.001672,  48.154
   237.8,0.110516,0.069182,1.042979,0.001672,  48.157
   238.0,0.109683,0.068671,1.035470,0.001623,  48.160
   238.2,0.108852,0.068148,1.028301,0.001610,  48.159
   238.4,0.108029,0.067638,1.021525,0.001610,  48.160
   238.6,0.107201,0.067133,1.014382,0.001560,  48.157
   238.8,0.106375,0.066629,1.007152,0.001583,  48.154
   239.0,0.105561,0.066127,0.999858,0.001570,  48.160
   239.2,0.104747,0.065633,0.992581,0.001534,  48.160
   239.4,0.103943,0.065141,0.985320,0.001570,  48.153
   239.6,0.103152,0.064655,0.977881,0.001570,  48.155
   239.8,0.102377,0.064165,0.970703,0.001521,  48.152
   240.0,0.101593,0.063677,0.963508,0.001570,  48.154
   240.2,0.100810,0.063199,0.956358,0.001557,  48.151
   240.4,0.100032,0.062790,0.950346,0.001521,  48.154
   240.6,0.099259,0.062408,0.944934,0.001557,  48.149
   240.8,0.098477,0.062076,0.939945,0.001544,  48.150
   241.0,0.097710,0.061771,0.935467,0.001557,  48.150
   241.2,0.096957,0.061329,0.929004,0.001494,  48.151
   241.4,0.096206,0.060847,0.921972,0.001517,  48.145
   241.6,0.095472,0.060334,0.914508,0.001517,  48.145
   241.8,0.094743,0.059875,0.907609,0.001481,  48.149
   242.0,0.094018,0.059424,0.900724,0.001504,  48.147
   242.2,0.093301,0.058989,0.893808,0.001504,  48.146
   242.4,0.092598,0.058550,0.887017,0.001468,  48.140
   242.6,0.091897,0.058111,0.880275,0.001478,  48.140
   242.8,0.091203,0.057686,0.873587,0.001465,  48.141
   243.0,0.090516,0.057253,0.866919,0.001428,  48.138
   243.2,0.089827,0.056818,0.860273,0.001451,  48.138
   243.4,0.089137,0.056390,0.853592,0.001438,  48.134
   243.6,0.088556,0.055975,0.846705,0.001402,  48.133
   243.8,0.088028,0.055563,0.839738,0.001438,  48.131
   244.0,0.087553,0.055165,0.832604,0.001451,  48.134
   244.2,0.087132,0.054755,0.826128,0.001402,  48.135
   244.4,0.086509,0.054331,0.819883,0.001425,  48.132
   244.6,0.085840,0.053908,0.813825,0.001438,  48.133
   244.8,0.085123,0.053500,0.807802,0.001376,  48.129
   245.0,0.084472,0.053102,0.801862,0.001399,  48.130
   245.2,0.083828,0.052704,0.795966,0.001399,  48.127
   245.4,0.083194,0.052304,0.790021,0.001349,  48.124
   245.6,0.082552,0.051903,0.784111,0.001372,  48.121
   245.8,0.081901,0.051504,0.778168,0.001372,  48.124
   246.0,0.081252,0.051107,0.772327,0.001336,  48.123
   246.2,0.080615,0.050709,0.766615,0.001359,  48.120
   246.4,0.079977,0.050309,0.760881,0.001359,  48.120
   246.6,0.079343,0.049911,0.755122,0.001323,  48.126
   246.8,0.078712,0.049521,0.749347,0.001346,  48.123
   247.0,0.078083,0.049132,0.743546,0.001333,  48.126
   247.2,0.077452,0.048739,0.737763,0.001296,  48.123
   247.4,0.076827,0.048350,0.732013,0.001319,  48.120
   247.6,0.076201,0.047964,0.726251,0.001319,  48.114
   247.8,0.075575,0.047584,0.720786,0.001283,  48.119
   248.0,0.074959,0.047209,0.715440,0.001319,  48.116
   248.2,0.074357,0.046829,0.710242,0.001306,  48.124
   248.4,0.073759,0.046450,0.704821,0.001283,  48.120
   248.6,0.073165,0.046084,0.699373,0.001306,  48.119
   248.8,0.072572,0.045716,0.693855,0.001306,  48.121
   249.0,0.071985,0.045403,0.689229,0.001270,  48.118
   249.2,0.071400,0.045112,0.685016,0.001280,  48.118
   249.4,0.070813,0.044858,0.681129,0.001280,  48.115
   249.6,0.070217,0.044624,0.677671,0.001293,  48.118
   249.8,0.069636,0.044281,0.672608,0.001244,  48.119
   250.0,0.069069,0.043922,0.667149,0.001280,  48.118
   250.2,0.068518,0.043537,0.661345,0.001280,  48.121
   250.4,0.067968,0.043191,0.656109,0.001244,  48.119
   250.6,0.067430,0.042851,0.650925,0.001267,  48.123
   250.8,0.066900,0.042518,0.645807,0.001267,  48.119
   251.0,0.066370,0.042186,0.640709,0.001231,  48.120
   251.2,0.065859,0.041861,0.635606,0.001254,  48.119
   251.4,0.065346,0.041542,0.630512,0.001254,  48.127
   251.6,0.064827,0.041221,0.625510,0.001217,  48.124
   251.8,0.064315,0.040901,0.620532,0.001240,  48.127
   252.0,0.063807,0.040582,0.615572,0.001227,  48.128
   252.2,0.063302,0.040269,0.610393,0.001191,  48.128
   252.4,0.062803,0.039962,0.605030,0.001214,  48.130
   252.6,0.062315,0.039665,0.599586,0.001201,  48.126
   252.8,0.061888,0.039354,0.594738,0.001165,  48.132
   253.0,0.061497,0.039043,0.590097,0.001201,  48.134
   253.2,0.061147,0.038722,0.585658,0.001214,  48.133
   253.4,0.060830,0.038420,0.581180,0.001165,  48.132
   253.6,0.060376,0.038123,0.576754,0.001188,  48.136
   253.8,0.059894,0.037826,0.572384,0.001201,  48.136
   254.0,0.059391,0.037525,0.568029,0.001151,  48.134
   254.2,0.058903,0.037222,0.563663,0.001174,  48.134
   254.4,0.058419,0.036917,0.559305,0.001188,  48.140
   254.6,0.057935,0.036616,0.555150,0.001151,  48.138
   254.8,0.057452,0.036320,0.551075,0.001174,  48.137
   255.0,0.056985,0.036027,0.547096,0.001188,  48.138
   255.2,0.056515,0.035733,0.542806,0.001138,  48.139
   255.4,0.056039,0.035436,0.538416,0.001161,  48.139
   255.6,0.055570,0.035143,0.533923,0.001161,  48.140
   255.8,0.055101,0.034853,0.529722,0.001125,  48.139
   256.0,0.054630,0.034562,0.525584,0.001148,  48.143
   256.2,0.054169,0.034274,0.521491,0.001148,  48.139
   256.4,0.053717,0.033990,0.517365,0.001112,  48.142
   256.6,0.053262,0.033709,0.513256,0.001135,  48.146
   256.8,0.052817,0.033432,0.509165,0.001135,  48.146
   257.0,0.052378,0.033159,0.505012,0.001099,  48.143
   257.2,0.051931,0.032885,0.500820,0.001122,  48.148
   257.4,0.051490,0.032617,0.496624,0.001109,  48.146
   257.6,0.051056,0.032347,0.492572,0.001086,  48.151
   257.8,0.050609,0.032071,0.488593,0.001109,  48.151
   258.0,0.050164,0.031801,0.484624,0.001109,  48.149
   258.2,0.049728,0.031576,0.481222,0.001072,  48.151
   258.4,0.049304,0.031364,0.478084,0.001109,  48.152
   258.6,0.048892,0.031181,0.475252,0.001095,  48.154
   258.8,0.048499,0.031015,0.472678,0.001082,  48.154
   259.0,0.048087,0.030780,0.469109,0.001046,  48.152
   259.2,0.047694,0.030533,0.465299,0.001082,  48.154
   259.4,0.047299,0.030262,0.461278,0.001095,  48.153
   259.6,0.046898,0.030017,0.457516,0.001046,  48.151
   259.8,0.046515,0.029769,0.453792,0.001069,  48.161
   260.0,0.046126,0.029526,0.450056,0.001082,  48.158
   260.2,0.045740,0.029283,0.446327,0.001033,  48.162
   260.4,0.045368,0.029044,0.442604,0.001056,  48.162
   260.6,0.044992,0.028810,0.438888,0.001069,  48.162
   260.8,0.044612,0.028573,0.435205,0.001033,  48.165
   261.0,0.044234,0.028340,0.431541,0.001056,  48.167
   261.2,0.043856,0.028106,0.427889,0.001069,  48.165
   261.4,0.043537,0.027872,0.424375,0.001020,  48.169
   261.6,0.043240,0.027645,0.420911,0.001043,  48.172
   261.8,0.042979,0.027417,0.417510,0.001043,  48.170
   262.0,0.042748,0.027190,0.414129,0.001007,  48.171
   262.2,0.042405,0.026967,0.410751,0.001030,  48.175
   262.4,0.042049,0.026742,0.407417,0.001030,  48.191
   262.6,0.041674,0.026519,0.404079,0.000993,  48.193
   262.8,0.041312,0.026295,0.400751,0.001016,  48.193
   263.0,0.040956,0.026070,0.397427,0.001016,  48.197
   263.2,0.040608,0.025850,0.394187,0.000980,  48.197
   263.4,0.040256,0.025635,0.390999,0.001003,  48.199
   263.6,0.039910,0.025419,0.387851,0.001003,  48.201
   263.8,0.039571,0.025201,0.384682,0.000967,  48.200
   264.0,0.039228,0.024992,0.381514,0.000990,  48.200
   264.2,0.038886,0.024778,0.378343,0.000977,  48.204
   264.4,0.038553,0.024565,0.375243,0.000977,  48.205
   264.6,0.038217,0.024360,0.372189,0.001013,  48.205
   264.8,0.037891,0.024152,0.369163,0.001000,  48.204
   265.0,0.037568,0.023950,0.366161,0.000964,  48.202
   265.2,0.037238,0.023747,0.363165,0.000977,  48.207
   265.4,0.036927,0.023549,0.360199,0.000977,  48.209
   265.6,0.036612,0.023348,0.357170,0.000941,  48.208
   265.8,0.036289,0.023155,0.354113,0.000977,  48.203
   266.0,0.035978,0.022960,0.351016,0.000977,  48.210
   266.2,0.035664,0.022761,0.348080,0.000927,  48.209
   266.4,0.035341,0.022563,0.345187,0.000950,  48.211
   266.6,0.035029,0.022369,0.342352,0.000937,  48.206
   266.8,0.034711,0.022175,0.339520,0.000901,  48.210
   267.0,0.034403,0.021986,0.336709,0.000937,  48.211
   267.2,0.034113,0.021803,0.333897,0.000937,  48.207
   267.4,0.033835,0.021645,0.331513,0.000888,  48.205
   267.6,0.033545,0.021503,0.329312,0.000924,  48.204
   267.8,0.033264,0.021376,0.327322,0.000937,  48.202
   268.0,0.032987,0.021265,0.325529,0.000950,  48.206
   268.2,0.032703,0.021100,0.323062,0.000914,  48.204
   268.4,0.032431,0.020924,0.320425,0.000937,  48.205
   268.6,0.032157,0.020739,0.317626,0.000950,  48.199
   268.8,0.031887,0.020568,0.314942,0.000914,  48.203
   269.0,0.031631,0.020404,0.312238,0.000937,  48.204
   269.2,0.031374,0.020239,0.309508,0.000950,  48.200
   269.4,0.031105,0.020079,0.306866,0.000901,  48.199
   269.6,0.030846,0.019915,0.304248,0.000924,  48.200
   269.8,0.030576,0.019747,0.301658,0.000937,  48.201
   270.0,0.030307,0.019587,0.299173,0.000888,  48.202
   270.2,0.030054,0.019430,0.296766,0.000924,  48.200
   270.4,0.029805,0.019268,0.294419,0.000924,  48.197
   270.6,0.029585,0.019109,0.291850,0.000888,  48.199
   270.8,0.029379,0.018949,0.289189,0.000911,  48.198
   271.0,0.029209,0.018792,0.286433,0.000911,  48.198
   271.2,0.029049,0.018626,0.284089,0.000875,  48.201
   271.4,0.028812,0.018471,0.281892,0.000898,  48.194
   271.6,0.028562,0.018321,0.279854,0.000898,  48.197
   271.8,0.028302,0.018164,0.277716,0.000862,  48.196
   272.0,0.028052,0.018009,0.275593,0.000898,  48.203
   272.2,0.027808,0.017865,0.273499,0.000898,  48.199
   272.4,0.027577,0.017714,0.271322,0.000862,  48.193
   272.6,0.027332,0.017564,0.269098,0.000885,  48.199
   272.8,0.027089,0.017415,0.266850,0.000885,  48.193
   273.0,0.026855,0.017264,0.264718,0.000848,  48.190
   273.2,0.026614,0.017113,0.262619,0.000871,  48.195
   273.4,0.026380,0.016959,0.260549,0.000871,  48.192
   273.6,0.026145,0.016813,0.258411,0.000835,  48.192
   273.8,0.025907,0.016673,0.256259,0.000871,  48.194
   274.0,0.025685,0.016532,0.254082,0.000871,  48.193
   274.2,0.025463,0.016391,0.251951,0.000835,  48.196
   274.4,0.025234,0.016253,0.249849,0.000871,  48.195
   274.6,0.025011,0.016114,0.247762,0.000871,  48.195
   274.8,0.024798,0.015973,0.245703,0.000835,  48.191
   275.0,0.024574,0.015835,0.243666,0.000871,  48.195
   275.2,0.024358,0.015693,0.241643,0.000871,  48.195
   275.4,0.024147,0.015555,0.239601,0.000835,  48.195
   275.6,0.023927,0.015426,0.237552,0.000871,  48.193
   275.8,0.023719,0.015294,0.235507,0.000871,  48.194
   276.0,0.023518,0.015182,0.233833,0.000835,  48.194
   276.2,0.023309,0.015083,0.232341,0.000885,  48.195
   276.4,0.023104,0.014989,0.231016,0.000871,  48.193
   276.6,0.022911,0.014913,0.229876,0.000858,  48.194
   276.8,0.022708,0.014795,0.228133,0.000822,  48.193
   277.0,0.022512,0.014670,0.226265,0.000858,  48.198
   277.2,0.022319,0.014543,0.224271,0.000845,  48.199
   277.4,0.022122,0.014422,0.222358,0.000809,  48.197
   277.6,0.021941,0.014301,0.220421,0.000845,  48.195
   277.8,0.021756,0.014182,0.218461,0.000858,  48.197
   278.0,0.021564,0.014062,0.216623,0.000822,  48.202
   278.2,0.021374,0.013946,0.214804,0.000845,  48.195
   278.4,0.021183,0.013833,0.213031,0.000858,  48.196
   278.6,0.020992,0.013715,0.211279,0.000822,  48.200
   278.8,0.020810,0.013600,0.209551,0.000845,  48.199
   279.0,0.020635,0.013478,0.207846,0.000858,  48.197
   279.2,0.020447,0.013365,0.206147,0.000822,  48.198
   279.4,0.020277,0.013255,0.204456,0.000845,  48.198
   279.6,0.020107,0.013142,0.202782,0.000858,  48.201
   279.8,0.019956,0.013029,0.201150,0.000809,  48.202
   280.0,0.019818,0.012918,0.199534,0.000832,  48.203
   280.2,0.019695,0.012809,0.197955,0.000845,  48.204
   280.4,0.019582,0.012698,0.196332,0.000796,  48.207
   280.6,0.019426,0.012589,0.194684,0.000832,  48.203
   280.8,0.019262,0.012487,0.193039,0.000845,  48.206
   281.0,0.019078,0.012375,0.191439,0.000796,  48.207
   281.2,0.018910,0.012272,0.189856,0.000819,  48.206
   281.4,0.018734,0.012170,0.188278,0.000832,  48.202
   281.6,0.018573,0.012061,0.186648,0.000783,  48.205
   281.8,0.018409,0.011963,0.184975,0.000806,  48.205
   282.0,0.018240,0.011860,0.183269,0.000819,  48.208
   282.2,0.018085,0.011759,0.181766,0.000769,  48.209
   282.4,0.017926,0.011660,0.180315,0.000806,  48.207
   282.6,0.017764,0.011563,0.178926,0.000819,  48.206
   282.8,0.017617,0.011462,0.177522,0.000769,  48.211
   283.0,0.017464,0.011364,0.176158,0.000806,  48.213
   283.2,0.017305,0.011268,0.174813,0.000819,  48.209
   283.4,0.017158,0.011167,0.173380,0.000769,  48.209
   283.6,0.017010,0.011077,0.171935,0.000806,  48.210
   283.8,0.016854,0.010983,0.170468,0.000783,  48.210
   284.0,0.016713,0.010884,0.169102,0.000769,  48.213
   284.2,0.016568,0.010797,0.167759,0.000769,  48.212
   284.4,0.016414,0.010704,0.166452,0.000769,  48.208
   284.6,0.016276,0.010624,0.165113,0.000733,  48.207
   284.8,0.016137,0.010554,0.163758,0.000720,  48.206
   285.0,0.015995,0.010492,0.162403,0.000756,  48.206
   285.2,0.015866,0.010439,0.161261,0.000720,  48.208
   285.4,0.015729,0.010355,0.160221,0.000720,  48.207
   285.6,0.015590,0.010266,0.159299,0.000756,  48.206
   285.8,0.015454,0.010178,0.158469,0.000720,  48.206
   286.0,0.015321,0.010091,0.157190,0.000756,  48.205
   286.2,0.015194,0.010009,0.155768,0.000730,  48.203
   286.4,0.015070,0.009930,0.154237,0.000694,  48.207
   286.6,0.014945,0.009847,0.152947,0.000743,  48.206
   286.8,0.014808,0.009760,0.151717,0.000730,  48.201
   287.0,0.014680,0.009687,0.150545,0.000694,  48.205
   287.2,0.014555,0.009611,0.149335,0.000743,  48.201
   287.4,0.014427,0.009531,0.148138,0.000730,  48.203
   287.6,0.014311,0.009455,0.146937,0.000694,  48.201
   287.8,0.014205,0.009381,0.145764,0.000743,  48.202
   288.0,0.014097,0.009302,0.144613,0.000730,  48.198
   288.2,0.014017,0.009228,0.143466,0.000694,  48.197
   288.4,0.013938,0.009150,0.142330,0.000743,  48.198
   288.6,0.013830,0.009071,0.141218,0.000730,  48.194
   288.8,0.013713,0.008997,0.140103,0.000694,  48.193
   289.0,0.013586,0.008919,0.138960,0.000743,  48.192
   289.2,0.013472,0.008849,0.137792,0.000730,  48.191
   289.4,0.013355,0.008782,0.136610,0.000694,  48.190
   289.6,0.013236,0.008710,0.135553,0.000743,  48.186
   289.8,0.013123,0.008634,0.134547,0.000730,  48.184
   290.0,0.013009,0.008563,0.133579,0.000694,  48.189
   290.2,0.012893,0.008493,0.132553,0.000743,  48.184
   290.4,0.012782,0.008422,0.131520,0.000730,  48.183
   290.6,0.012673,0.008356,0.130480,0.000717,  48.186
   290.8,0.012572,0.008285,0.129461,0.000717,  48.183
   291.0,0.012466,0.008224,0.128456,0.000740,  48.182
   291.2,0.012352,0.008156,0.127468,0.000727,  48.186
   291.4,0.012246,0.008088,0.126467,0.000690,  48.179
   291.6,0.012144,0.008024,0.125439,0.000740,  48.179
   291.8,0.012036,0.007954,0.124413,0.000740,  48.182
   292.0,0.011930,0.007888,0.123275,0.000704,  48.180
   292.2,0.011830,0.007825,0.122076,0.000740,  48.180
   292.4,0.011731,0.007760,0.120810,0.000704,  48.179
   292.6,0.011640,0.007691,0.119833,0.000704,  48.182
   292.8,0.011543,0.007634,0.118970,0.000704,  48.181
   293.0,0.011439,0.007577,0.118223,0.000704,  48.176
   293.2,0.011346,0.007515,0.117371,0.000667,  48.178
   293.4,0.011249,0.007457,0.116538,0.000681,  48.175
   293.6,0.011151,0.007404,0.115711,0.000704,  48.174
   293.8,0.011060,0.007344,0.114818,0.000681,  48.175
   294.0,0.010969,0.007292,0.113880,0.000681,  48.176
   294.2,0.010873,0.007237,0.112933,0.000704,  48.170
   294.4,0.010788,0.007189,0.112162,0.000667,  48.172
   294.6,0.010702,0.007141,0.111472,0.000704,  48.173
   294.8,0.010609,0.007105,0.110849,0.000704,  48.168
   295.0,0.010530,0.007068,0.110320,0.000667,  48.169
   295.2,0.010446,0.007018,0.109554,0.000704,  48.169
   295.4,0.010359,0.006966,0.108715,0.000704,  48.169
   295.6,0.010285,0.006906,0.107822,0.000667,  48.166
   295.8,0.010204,0.006854,0.107014,0.000704,  48.169
   296.0,0.010117,0.006801,0.106214,0.000704,  48.163
   296.2,0.010031,0.006752,0.105416,0.000681,  48.167
   296.4,0.009948,0.006699,0.104629,0.000717,  48.165
   296.6,0.009867,0.006649,0.103867,0.000717,  48.163
   296.8,0.009784,0.006598,0.103101,0.000694,  48.165
   297.0,0.009701,0.006540,0.102291,0.000730,  48.165
   297.2,0.009617,0.006490,0.101453,0.000717,  48.163
   297.4,0.009543,0.006441,0.100595,0.000681,  48.168
   297.6,0.009473,0.006387,0.099846,0.000730,  48.165
   297.8,0.009405,0.006333,0.099136,0.000730,  48.161
   298.0,0.009346,0.006283,0.098449,0.000694,  48.166
   298.2,0.009295,0.006227,0.097717,0.000743,  48.166
   298.4,0.009223,0.006182,0.096989,0.000730,  48.160
   298.6,0.009151,0.006133,0.096257,0.000694,  48.160
   298.8,0.009068,0.006079,0.095561,0.000743,  48.161
   299.0,0.008993,0.006034,0.094891,0.000730,  48.161
   299.2,0.008915,0.005984,0.094244,0.000694,  48.165
   299.4,0.008844,0.005934,0.093511,0.000743,  48.165
   299.6,0.008769,0.005888,0.092744,0.000730,  48.164
   299.8,0.008694,0.005845,0.091945,0.000694,  48.164
   300.0,0.008622,0.005793,0.091230,0.000743,  48.163
   300.2,0.008549,0.005750,0.090529,0.000730,  48.166
   300.4,0.008474,0.005709,0.089867,0.000694,  48.165
   300.6,0.008399,0.005660,0.089212,0.000730,  48.164
   300.8,0.008336,0.005613,0.088551,0.000717,  48.166
   301.0,0.008266,0.005573,0.087924,0.000681,  48.166
   301.2,0.008199,0.005529,0.087274,0.000717,  48.168
   301.4,0.008139,0.005481,0.086606,0.000717,  48.164
   301.6,0.008072,0.005448,0.085950,0.000681,  48.165
   301.8,0.007999,0.005408,0.085127,0.000717,  48.165
   302.0,0.007928,0.005363,0.084205,0.000717,  48.166
   302.2,0.007867,0.005323,0.083216,0.000717,  48.169
   302.4,0.007802,0.005281,0.082603,0.000717,  48.168
   302.6,0.007735,0.005241,0.082128,0.000681,  48.170
   302.8,0.007673,0.005200,0.081810,0.000717,  48.170
   303.0,0.007621,0.005169,0.081375,0.000694,  48.169
   303.2,0.007562,0.005137,0.080945,0.000681,  48.168
   303.4,0.007500,0.005110,0.080539,0.000681,  48.172
   303.6,0.007439,0.005085,0.080140,0.000644,  48.172
   303.8,0.007380,0.005049,0.079632,0.000644,  48.174
   304.0,0.007324,0.005011,0.079091,0.000681,  48.175
   304.2,0.007265,0.004972,0.078511,0.000631,  48.177
   304.4,0.007207,0.004934,0.077933,0.000667,  48.177
   304.6,0.007150,0.004896,0.077344,0.000690,  48.174
   304.8,0.007094,0.004859,0.076741,0.000654,  48.173
   305.0,0.007041,0.004826,0.076155,0.000690,  48.177
   305.2,0.006985,0.004788,0.075561,0.000690,  48.180
   305.4,0.006929,0.004760,0.074980,0.000667,  48.176
   305.6,0.006876,0.004723,0.074449,0.000704,  48.178
   305.8,0.006822,0.004687,0.073941,0.000690,  48.178
   306.0,0.006766,0.004655,0.073446,0.000667,  48.184
   306.2,0.006721,0.004620,0.072932,0.000704,  48.182
   306.4,0.006672,0.004589,0.072418,0.000690,  48.185
   306.6,0.006638,0.004557,0.071893,0.000667,  48.179
   306.8,0.006601,0.004521,0.071386,0.000704,  48.183
   307.0,0.006550,0.004487,0.070890,0.000690,  48.183
   307.2,0.006499,0.004456,0.070400,0.000667,  48.185
   307.4,0.006446,0.004419,0.069902,0.000704,  48.184
   307.6,0.006398,0.004385,0.069406,0.000690,  48.185
   307.8,0.006348,0.004355,0.068910,0.000667,  48.188
   308.0,0.006300,0.004321,0.068397,0.000704,  48.188
   308.2,0.006254,0.004293,0.067872,0.000690,  48.186
   308.4,0.006206,0.004266,0.067326,0.000667,  48.189
   308.6,0.006158,0.004234,0.066778,0.000690,  48.190
   308.8,0.006116,0.004206,0.066227,0.000677,  48.192
   309.0,0.006068,0.004183,0.065654,0.000654,  48.191
   309.2,0.006020,0.004153,0.065229,0.000677,  48.189
   309.4,0.005977,0.004122,0.064872,0.000677,  48.191
   309.6,0.005932,0.004092,0.064571,0.000654,  48.190
   309.8,0.005887,0.004067,0.064169,0.000677,  48.192
   310.0,0.005850,0.004039,0.063732,0.000677,  48.190
   310.2,0.005808,0.004009,0.063262,0.000654,  48.190
   310.4,0.005765,0.003981,0.062843,0.000677,  48.193
   310.6,0.005729,0.003949,0.062417,0.000677,  48.192
   310.8,0.005686,0.003925,0.062005,0.000677,  48.193
   311.0,0.005635,0.003895,0.061615,0.000677,  48.194
   311.2,0.005595,0.003865,0.061226,0.000654,  48.197
   311.4,0.005550,0.003845,0.060872,0.000677,  48.194
   311.6,0.005510,0.003824,0.060532,0.000641,  48.192
   311.8,0.005470,0.003797,0.060200,0.000654,  48.196
