Run Name,elute
Run Date,05:05:24 PM   01-21-09
Method Name,elute
Export Format Version, 1.00
Method ID,  603
Points/Second, 5.00
Number of Records,   1559
Offset from Run Start Time,00:00:00
Run End Time,00:05:11
Time,Second
QuadTec 1, (280.0 nm), AU
QuadTec 2, (260.0 nm), AU
Gradient Pump,%B
QuadTec 3, (214.0 nm), AU
QuadTec 4, (405.0 nm), AU
Conductivity,mS/cm
Trace 6,<Not Available>
GP Pressure,<Not Selected>
Volume,<Not Selected>
Fraction,<Not Available>
Time,QuadTec 1,QuadTec 2,Gradient Pump,QuadTec 3,QuadTec 4,Conductivity
     0.0,0.000281,0.000044,  0,0.000960,0.000054,  51.405
     0.2,0.000271,0.000039,  0,0.000891,0.000033,  51.421
     0.4,0.000274,0.000036,  0,0.001031,0.000054,  51.447
     0.6,0.000273,0.000036,  0,0.001382,0.000054,  51.458
     0.8,0.000263,0.000037,  0,0.001464,0.000033,  51.486
     1.0,0.000260,0.000035,  0,0.001517,0.000054,  51.500
     1.2,0.000256,0.000032,  0,0.001535,0.000054,  51.520
     1.4,0.000246,0.000025,  0,0.001561,0.000033,  51.534
     1.6,0.000242,0.000021,  0,0.001576,0.000054,  51.552
     1.8,0.000232,0.000017,  0,0.001577,0.000054,  51.570
     2.0,0.000222,0.000010,  0,0.001592,0.000033,  51.587
     2.2,0.000218,0.000002,  0,0.001601,0.000054,  51.606
     2.4,0.000063,-0.000004,  0,0.001062,0.000054,  51.648
     2.6,0.000014,-0.000061,  0,0.001062,0.000033,  51.659
     2.8,-0.000013,-0.000061,  0,0.000970,0.000054,  51.680
     3.0,-0.000052,-0.000167,  0,0.000789,0.000054,  51.695
     3.2,-0.000035,-0.000374,  0,0.000514,0.000054,  51.715
     3.4,-0.000003,-0.000306,  0,0.000653,0.000047,  51.733
     3.6,0.000039,-0.000090,  0,0.000961,0.000123,  51.762
     3.8,0.000068,-0.000015,  0,0.001435,0.000123,  51.787
     4.0,0.000095,0.000009,  0,0.001342,0.000123,  51.807
     4.2,0.000121,-0.000003,  0,0.001051,0.000109,  51.823
     4.4,0.000128,0.000012,  0,0.000565,0.000082,  51.840
     4.6,0.000127,0.000018,  0,-0.000118,0.000089,  51.857
     4.8,0.000117,0.000025,  0,0.000125,0.000048,  51.872
     5.0,0.000124,0.000030,  0,0.000618,-0.000006,  51.902
     5.2,0.000126,0.000037,  0,0.001361,-0.000027,  51.922
     5.4,0.000138,0.000041,  0,0.001530,-0.000014,  51.942
     5.6,0.000135,0.000038,  0,0.001543,0.000014,  51.954
     5.8,0.000133,0.000043,  0,0.001394,0.000055,  51.972
     6.0,0.000131,0.000043,  0,0.001357,0.000068,  51.990
     6.2,0.000126,0.000041,  0,0.001302,0.000096,  52.007
     6.4,0.000128,0.000041,  0,0.001222,0.000109,  52.047
     6.6,0.000131,0.000041,  0,0.001178,0.000096,  52.054
     6.8,0.000126,0.000041,  0,0.001140,0.000089,  52.075
     7.0,0.000126,0.000038,  0,0.001106,0.000089,  52.085
     7.2,0.000124,0.000038,  0,0.001101,0.000068,  52.104
     7.4,0.000119,0.000036,  0,0.001102,0.000068,  52.120
     7.6,0.000114,0.000032,  0,0.001116,0.000068,  52.137
     7.8,0.000113,0.000030,  0,0.001129,0.000034,  52.168
     8.0,0.000103,0.000025,  0,0.001143,0.000034,  52.180
     8.2,0.000100,0.000020,  0,0.001163,0.000034,  52.202
     8.4,0.000103,0.000018,  0,0.001127,0.000013,  52.215
     8.6,0.000096,0.000016,  0,0.001076,0.000047,  52.232
     8.8,0.000096,0.000013,  0,0.001009,0.000026,  52.243
     9.0,0.000095,0.000011,  0,0.000997,0.000026,  52.262
     9.2,0.000087,0.000005,  0,0.001005,0.000026,  52.276
     9.4,0.000092,0.000005,  0,0.001036,0.000026,  52.315
     9.6,0.000088,0.000005,  0,0.000874,0.000013,  52.326
     9.8,0.000082,0.000003,  0,0.000631,0.000034,  52.345
    10.0,0.000078,-0.000002,  0,0.000304,0.000013,  52.358
    10.2,0.000070,-0.000003,  0,0.000271,0.000026,  52.377
    10.4,0.000060,-0.000007,  0,0.000327,0.000040,  52.394
    10.6,0.000063,-0.000018,  0,0.000491,0.000019,  52.405
    10.8,0.000051,-0.000022,  0,0.000581,0.000040,  52.413
    11.0,0.000051,-0.000030,  0,0.000674,0.000026,  52.427
    11.2,0.000054,-0.000032,  0,0.000784,0.000005,  52.458
    11.4,0.000054,-0.000036,  0,0.000825,0.000026,  52.475
    11.6,0.000054,-0.000034,  0,0.000833,0.000026,  52.482
    11.8,0.000051,-0.000031,  0,0.000816,0.000026,  52.491
    12.0,0.000049,-0.000028,  0,0.000841,0.000026,  52.507
    12.2,0.000054,-0.000026,  0,0.000876,0.000047,  52.511
    12.4,0.000049,-0.000020,  0,0.000923,0.000061,  52.531
    12.6,0.000049,-0.000020,  0,0.000923,0.000026,  52.542
    12.8,0.000052,-0.000024,  0,0.000911,0.000061,  52.556
    13.0,0.000047,-0.000025,  0,0.000887,0.000040,  52.587
    13.2,0.000047,-0.000025,  0,0.000863,0.000026,  52.599
    13.4,0.000050,-0.000025,  0,0.000827,0.000026,  52.616
    13.6,0.000044,-0.000027,  0,0.000772,0.000005,  52.626
    13.8,0.000044,-0.000027,  0,0.000765,0.000026,  52.638
    14.0,0.000050,-0.000024,  0,0.000767,0.000026,  52.656
    14.2,0.000042,-0.000027,  0,0.000789,0.000026,  52.670
    14.4,0.000040,-0.000029,  0,0.000827,0.000054,  52.686
    14.6,0.000040,-0.000032,  0,0.000680,0.000019,  52.721
    14.8,0.000035,-0.000034,  0,0.000474,0.000054,  52.735
    15.0,0.000030,-0.000033,  0,0.000200,0.000019,  52.751
    15.2,0.000033,-0.000030,  0,0.000195,0.000019,  52.761
    15.4,0.000028,-0.000034,  0,0.000285,0.000040,  52.774
    15.6,0.000028,-0.000036,  0,0.000482,0.000019,  52.789
    15.8,0.000031,-0.000040,  0,0.000567,0.000054,  52.802
    16.0,0.000021,-0.000044,  0,0.000647,0.000040,  52.814
    16.2,0.000027,-0.000050,  0,0.000720,0.000019,  52.832
    16.4,0.000026,-0.000047,  0,0.000565,0.000054,  52.871
    16.6,0.000018,-0.000051,  0,0.000283,0.000040,  52.878
    16.8,0.000016,-0.000054,  0,-0.000107,0.000019,  52.896
    17.0,0.000008,-0.000058,  0,-0.000095,0.000040,  52.909
    17.2,0.000001,-0.000055,  0,0.000046,0.000026,  52.928
    17.4,0.000004,-0.000059,  0,0.000331,0.000005,  52.949
    17.6,0.000001,-0.000068,  0,0.000416,0.000026,  52.960
    17.8,-0.000006,-0.000070,  0,0.000471,0.000026,  52.977
    18.0,-0.000003,-0.000073,  0,0.000487,-0.000008,  53.010
    18.2,-0.000006,-0.000072,  0,0.000556,0.000026,  53.027
    18.4,-0.000013,-0.000072,  0,0.000619,0.000013,  53.048
    18.6,-0.000020,-0.000072,  0,0.000692,0.000013,  53.061
    18.8,-0.000035,-0.000080,  0,0.000707,0.000013,  53.083
    19.0,-0.000040,-0.000083,  0,0.000693,0.000020,  53.092
    19.2,-0.000044,-0.000086,  0,0.000654,-0.000015,  53.114
    19.4,-0.000047,-0.000086,  0,0.000601,-0.000001,  53.143
    19.6,-0.000049,-0.000088,  0,0.000519,-0.000001,  53.160
    19.8,-0.000049,-0.000092,  0,0.000422,-0.000036,  53.176
    20.0,-0.000047,-0.000096,  0,0.000390,-0.000001,  53.192
    20.2,-0.000044,-0.000102,  0,0.000371,-0.000015,  53.205
    20.4,-0.000046,-0.000111,  0,0.000387,-0.000049,  53.226
    20.6,-0.000045,-0.000111,  0,0.000251,-0.000001,  53.232
    20.8,-0.000050,-0.000113,  0,0.000054,-0.000015,  53.253
    21.0,-0.000052,-0.000116,  0,-0.000205,-0.000049,  53.267
    21.2,-0.000055,-0.000118,  0,-0.000176,-0.000001,  53.301
    21.4,-0.000062,-0.000113,  0,-0.000048,-0.000015,  53.319
    21.6,-0.000070,-0.000113,  0,0.000185,-0.000049,  53.331
    21.8,-0.000072,-0.000113,  0,0.000281,-0.000001,  53.348
    22.0,-0.000067,-0.000117,  0,0.000366,-0.000015,  53.364
    22.2,-0.000070,-0.000122,  0,0.000427,-0.000049,  53.374
    22.4,-0.000070,-0.000122,  0,0.000479,-0.000001,  53.397
    22.6,-0.000062,-0.000120,  0,0.000517,-0.000015,  53.409
    22.8,-0.000070,-0.000129,  0,0.000547,-0.000049,  53.447
    23.0,-0.000075,-0.000131,  0,0.000526,-0.000001,  53.467
    23.2,-0.000076,-0.000133,  0,0.000474,-0.000001,  53.482
    23.4,-0.000084,-0.000135,  0,0.000388,-0.000001,  53.502
    23.6,-0.000086,-0.000137,  0,0.000343,0.000013,  53.520
    23.8,-0.000083,-0.000135,  0,0.000303,-0.000036,  53.534
    24.0,-0.000091,-0.000133,  0,0.000260,-0.000001,  53.552
    24.2,-0.000093,-0.000133,  0,0.000226,-0.000036,  53.591
    24.4,-0.000088,-0.000134,  0,0.000238,-0.000036,  53.613
    24.6,-0.000091,-0.000134,  0,0.000262,-0.000001,  53.623
    24.8,-0.000093,-0.000136,  0,0.000304,-0.000036,  53.643
    25.0,-0.000088,-0.000141,  0,0.000309,-0.000001,  53.662
    25.2,-0.000093,-0.000143,  0,0.000292,-0.000015,  53.679
    25.4,-0.000095,-0.000146,  0,0.000264,-0.000049,  53.698
    25.6,-0.000096,-0.000146,  0,0.000282,-0.000001,  53.739
    25.8,-0.000104,-0.000149,  0,0.000315,-0.000015,  53.758
    26.0,-0.000104,-0.000147,  0,0.000353,-0.000049,  53.773
    26.2,-0.000104,-0.000151,  0,0.000346,-0.000001,  53.797
    26.4,-0.000112,-0.000150,  0,0.000334,-0.000015,  53.817
    26.6,-0.000112,-0.000153,  0,0.000296,-0.000049,  53.829
    26.8,-0.000106,-0.000151,  0,0.000282,-0.000015,  53.849
    27.0,-0.000112,-0.000154,  0,0.000277,-0.000028,  53.892
    27.2,-0.000114,-0.000156,  0,0.000272,-0.000063,  53.906
    27.4,-0.000116,-0.000161,  0,0.000280,-0.000015,  53.926
    27.6,-0.000124,-0.000159,  0,0.000293,-0.000001,  53.938
    27.8,-0.000126,-0.000161,  0,0.000311,-0.000036,  53.960
    28.0,-0.000127,-0.000165,  0,0.000207,-0.000001,  53.977
    28.2,-0.000133,-0.000166,  0,0.000037,-0.000015,  53.990
    28.4,-0.000132,-0.000170,  0,-0.000186,-0.000015,  54.016
    28.6,-0.000124,-0.000170,  0,-0.000226,-0.000015,  54.053
    28.8,-0.000121,-0.000169,  0,-0.000211,0.000006,  54.066
    29.0,-0.000126,-0.000170,  0,-0.000135,0.000006,  54.081
    29.2,-0.000126,-0.000170,  0,-0.000102,-0.000028,  54.104
    29.4,-0.000126,-0.000167,  0,-0.000067,0.000006,  54.118
    29.6,-0.000131,-0.000167,  0,-0.000022,-0.000028,  54.129
    29.8,-0.000139,-0.000171,  0,0.000017,-0.000028,  54.149
    30.0,-0.000144,-0.000178,  0,0.000049,-0.000028,  54.182
    30.2,-0.000149,-0.000179,  0,0.000087,-0.000063,  54.206
    30.4,-0.000147,-0.000180,  0,0.000115,-0.000028,  54.223
    30.6,-0.000145,-0.000180,  0,0.000135,-0.000028,  54.239
    30.8,-0.000147,-0.000184,  0,0.000151,-0.000063,  54.253
    31.0,-0.000149,-0.000188,  0,0.000148,-0.000028,  54.268
    31.2,-0.000154,-0.000191,  0,0.000131,-0.000028,  54.286
    31.4,-0.000159,-0.000195,  0,0.000093,-0.000063,  54.306
    31.6,-0.000162,-0.000198,  0,0.000056,-0.000015,  54.340
    31.8,-0.000164,-0.000196,  0,0.000016,-0.000001,  54.360
    32.0,-0.000164,-0.000194,  0,-0.000041,-0.000001,  54.373
    32.2,-0.000169,-0.000197,  0,-0.000064,-0.000001,  54.389
    32.4,-0.000170,-0.000195,  0,-0.000084,-0.000036,  54.411
    32.6,-0.000167,-0.000195,  0,-0.000089,-0.000015,  54.421
    32.8,-0.000169,-0.000195,  0,-0.000089,-0.000049,  54.436
    33.0,-0.000174,-0.000200,  0,-0.000094,-0.000049,  54.470
    33.2,-0.000179,-0.000205,  0,-0.000099,-0.000015,  54.487
    33.4,-0.000182,-0.000208,  0,-0.000113,-0.000049,  54.507
    33.6,-0.000182,-0.000209,  0,-0.000115,-0.000015,  54.517
    33.8,-0.000182,-0.000210,  0,-0.000104,-0.000028,  54.540
    34.0,-0.000182,-0.000212,  0,-0.000097,-0.000063,  54.549
    34.2,-0.000184,-0.000214,  0,-0.000117,-0.000028,  54.570
    34.4,-0.000184,-0.000218,  0,-0.000151,-0.000028,  54.587
    34.6,-0.000182,-0.000222,  0,-0.000201,-0.000063,  54.597
    34.8,-0.000184,-0.000224,  0,-0.000178,-0.000028,  54.635
    35.0,-0.000186,-0.000226,  0,-0.000126,-0.000028,  54.651
    35.2,-0.000189,-0.000226,  0,-0.000060,-0.000042,  54.667
    35.4,-0.000193,-0.000224,  0,-0.000037,-0.000042,  54.682
    35.6,-0.000196,-0.000219,  0,-0.000029,-0.000007,  54.694
    35.8,-0.000198,-0.000221,  0,-0.000034,-0.000021,  54.712
    36.0,-0.000198,-0.000215,  0,-0.000241,-0.000035,  54.726
    36.2,-0.000198,-0.000220,  0,-0.000551,0.000000,  54.750
    36.4,-0.000200,-0.000226,  0,-0.000967,0.000014,  54.788
    36.6,-0.000205,-0.000226,  0,-0.001003,0.000000,  54.794
    36.8,-0.000203,-0.000227,  0,-0.000895,0.000000,  54.814
    37.0,-0.000203,-0.000231,  0,-0.000652,0.000014,  54.827
    37.2,-0.000203,-0.000233,  0,-0.000614,-0.000021,  54.841
    37.4,-0.000203,-0.000235,  0,-0.000615,-0.000007,  54.860
    37.6,-0.000205,-0.000242,  0,-0.000650,-0.000007,  54.877
    37.8,-0.000204,-0.000238,  0,-0.000587,-0.000042,  54.888
    38.0,-0.000207,-0.000239,  0,-0.000498,-0.000007,  54.899
    38.2,-0.000212,-0.000243,  0,-0.000378,-0.000007,  54.940
    38.4,-0.000207,-0.000243,  0,-0.000310,-0.000042,  54.959
    38.6,-0.000207,-0.000241,  0,-0.000254,-0.000007,  54.965
    38.8,-0.000207,-0.000243,  0,-0.000218,-0.000007,  54.989
    39.0,-0.000199,-0.000241,  0,-0.000229,-0.000042,  55.003
    39.2,-0.000201,-0.000238,  0,-0.000284,-0.000007,  55.019
    39.4,-0.000209,-0.000240,  0,-0.000369,-0.000028,  55.031
    39.6,-0.000211,-0.000240,  0,-0.000361,-0.000028,  55.046
    39.8,-0.000216,-0.000240,  0,-0.000331,-0.000028,  55.081
    40.0,-0.000224,-0.000246,  0,-0.000268,-0.000049,  55.098
    40.2,-0.000226,-0.000247,  0,-0.000283,-0.000001,  55.119
    40.4,-0.000231,-0.000252,  0,-0.000328,-0.000015,  55.134
    40.6,-0.000233,-0.000258,  0,-0.000401,-0.000028,  55.147
    40.8,-0.000233,-0.000257,  0,-0.000430,-0.000028,  55.159
    41.0,-0.000238,-0.000257,  0,-0.000446,-0.000042,  55.175
    41.2,-0.000238,-0.000259,  0,-0.000458,-0.000007,  55.193
    41.4,-0.000238,-0.000261,  0,-0.000459,-0.000042,  55.235
    41.6,-0.000232,-0.000256,  0,-0.000463,-0.000028,  55.244
    41.8,-0.000235,-0.000258,  0,-0.000463,-0.000049,  55.265
    42.0,-0.000235,-0.000260,  0,-0.000456,-0.000071,  55.277
    42.2,-0.000234,-0.000265,  0,-0.000443,-0.000071,  55.295
    42.4,-0.000237,-0.000269,  0,-0.000427,-0.000063,  55.315
    42.6,-0.000229,-0.000263,  0,-0.000405,-0.000112,  55.330
    42.8,-0.000227,-0.000265,  0,-0.000542,-0.000077,  55.346
    43.0,-0.000233,-0.000265,  0,-0.000750,-0.000042,  55.362
    43.2,-0.000228,-0.000265,  0,-0.001039,-0.000091,  55.398
    43.4,-0.000231,-0.000265,  0,-0.001027,-0.000056,  55.417
    43.6,-0.000229,-0.000267,  0,-0.000906,-0.000042,  55.430
    43.8,-0.000231,-0.000269,  0,-0.000675,-0.000077,  55.445
    44.0,-0.000228,-0.000264,  0,-0.000579,-0.000042,  55.461
    44.2,-0.000230,-0.000263,  0,-0.000480,-0.000042,  55.478
    44.4,-0.000232,-0.000266,  0,-0.000406,-0.000063,  55.496
    44.6,-0.000235,-0.000266,  0,-0.000349,-0.000028,  55.509
    44.8,-0.000240,-0.000261,  0,-0.000310,-0.000028,  55.543
    45.0,-0.000242,-0.000261,  0,-0.000288,-0.000063,  55.563
    45.2,-0.000237,-0.000259,  0,-0.000323,-0.000028,  55.576
    45.4,-0.000240,-0.000262,  0,-0.000402,-0.000042,  55.590
    45.6,-0.000242,-0.000262,  0,-0.000518,-0.000077,  55.604
    45.8,-0.000239,-0.000258,  0,-0.000541,-0.000042,  55.620
    46.0,-0.000245,-0.000260,  0,-0.000541,-0.000028,  55.636
    46.2,-0.000247,-0.000265,  0,-0.000518,-0.000049,  55.651
    46.4,-0.000246,-0.000265,  0,-0.000523,-0.000015,  55.670
    46.6,-0.000246,-0.000268,  0,-0.000519,-0.000028,  55.698
    46.8,-0.000252,-0.000276,  0,-0.000521,-0.000063,  55.715
    47.0,-0.000249,-0.000273,  0,-0.000466,-0.000063,  55.733
    47.2,-0.000247,-0.000273,  0,-0.000391,-0.000063,  55.751
    47.4,-0.000239,-0.000271,  0,-0.000294,-0.000112,  55.772
    47.6,-0.000239,-0.000271,  0,-0.000277,-0.000077,  55.781
    47.8,-0.000239,-0.000273,  0,-0.000289,-0.000042,  55.801
    48.0,-0.000245,-0.000271,  0,-0.000342,-0.000091,  55.814
    48.2,-0.000247,-0.000271,  0,-0.000329,-0.000056,  55.824
    48.4,-0.000249,-0.000274,  0,-0.000292,-0.000042,  55.873
    48.6,-0.000252,-0.000279,  0,-0.000234,-0.000042,  55.883
    48.8,-0.000254,-0.000279,  0,-0.000221,-0.000042,  55.898
    49.0,-0.000251,-0.000275,  0,-0.000221,-0.000007,  55.920
    49.2,-0.000259,-0.000280,  0,-0.000236,-0.000042,  55.930
    49.4,-0.000259,-0.000278,  0,-0.000269,-0.000042,  55.948
    49.6,-0.000253,-0.000276,  0,-0.000320,-0.000042,  55.966
    49.8,-0.000256,-0.000280,  0,-0.000399,-0.000028,  55.979
    50.0,-0.000259,-0.000279,  0,-0.000422,-0.000063,  56.020
    50.2,-0.000258,-0.000278,  0,-0.000433,-0.000063,  56.032
    50.4,-0.000263,-0.000278,  0,-0.000425,-0.000028,  56.052
    50.6,-0.000266,-0.000282,  0,-0.000408,-0.000063,  56.065
    50.8,-0.000265,-0.000282,  0,-0.000401,-0.000063,  56.079
    51.0,-0.000270,-0.000286,  0,-0.000400,-0.000056,  56.092
    51.2,-0.000265,-0.000287,  0,-0.000402,-0.000056,  56.107
    51.4,-0.000262,-0.000287,  0,-0.000407,-0.000056,  56.095
    51.6,-0.000267,-0.000293,  0,-0.000419,-0.000021,  56.103
    51.8,-0.000260,-0.000295,  0,-0.000440,-0.000007,  56.114
    52.0,-0.000260,-0.000293,  0,-0.000467,-0.000042,  56.123
    52.2,-0.000267,-0.000295,  0,-0.000495,-0.000021,  56.130
    52.4,-0.000264,-0.000293,  0,-0.000538,-0.000007,  56.161
    52.6,-0.000267,-0.000288,  0,-0.000514,-0.000042,  56.166
    52.8,-0.000274,-0.000290,  0,-0.000456,-0.000021,  56.169
    53.0,-0.000279,-0.000294,  0,-0.000371,-0.000007,  56.175
    53.2,-0.000281,-0.000294,  0,-0.000370,-0.000042,  56.181
    53.4,-0.000287,-0.000298,  0,-0.000393,-0.000007,  56.186
    53.6,-0.000286,-0.000305,  0,-0.000451,-0.000007,  56.191
    53.8,-0.000285,-0.000308,  0,-0.000489,-0.000042,  56.198
    54.0,-0.000291,-0.000308,  0,-0.000527,-0.000007,  56.196
    54.2,-0.000285,-0.000313,  0,-0.000565,-0.000042,  56.193
    54.4,-0.000280,-0.000309,  0,-0.000565,-0.000042,  56.172
    54.6,-0.000285,-0.000305,  0,-0.000551,-0.000042,  56.167
    54.8,-0.000285,-0.000309,  0,-0.000506,-0.000077,  56.156
    55.0,-0.000280,-0.000305,  0,-0.000440,-0.000042,  56.151
    55.2,-0.000255,-0.000307,  0,-0.000364,-0.000042,  56.154
    55.4,-0.000206,-0.000258,  0,-0.000269,-0.000077,  56.168
    55.6,-0.000141,-0.000182,  0,-0.000073,-0.000042,  56.177
    55.8,-0.000101,-0.000079,  0,0.000184,-0.000042,  56.188
    56.0,-0.000061,-0.000020,  0,0.000492,-0.000077,  56.208
    56.2,-0.000031,0.000030,  0,0.000704,-0.000042,  56.217
    56.4,0.000002,0.000078,  0,0.000904,-0.000056,  56.231
    56.6,0.000034,0.000122,  0,0.001076,-0.000063,  56.244
    56.8,0.000071,0.000162,  0,0.001265,-0.000001,  56.253
    57.0,0.000116,0.000195,  0,0.001455,0.000013,  56.268
    57.2,0.000147,0.000232,  0,0.001643,0.000019,  56.279
    57.4,0.000185,0.000270,  0,0.001788,0.000095,  56.294
    57.6,0.000227,0.000303,  0,0.001908,0.000108,  56.331
    57.8,0.000227,0.000324,  0,0.002014,0.000115,  56.344
    58.0,0.000212,0.000335,  0,0.002117,0.000190,  56.353
    58.2,0.000178,0.000342,  0,0.002213,0.000218,  56.375
    58.4,0.000042,0.000240,  0,0.002297,0.000210,  56.389
    58.6,-0.000152,0.000077,  0,0.002056,0.000273,  56.398
    58.8,-0.000416,-0.000146,  0,0.001641,0.000300,  56.413
    59.0,-0.000510,-0.000270,  0,0.001059,0.000300,  56.430
    59.2,-0.000544,-0.000373,  0,0.000766,0.000286,  56.435
    59.4,-0.000534,-0.000459,  0,0.000545,0.000238,  56.459
    59.6,-0.000544,-0.000505,  0,0.000377,0.000218,  56.485
    59.8,-0.000535,-0.000519,  0,0.000279,0.000087,  56.505
    60.0,-0.000512,-0.000499,  0,0.000133,-0.000049,  56.524
    60.2,-0.000503,-0.000501,  0,0.000009,-0.000206,  56.533
    60.4,-0.000489,-0.000496,  0,-0.000084,-0.000296,  56.559
    60.6,-0.000468,-0.000483,  0,-0.000464,-0.000261,  56.576
    60.8,-0.000454,-0.000474,  0,-0.000983,-0.000234,  56.601
    61.0,-0.000436,-0.000463,  0,-0.001620,-0.000255,  56.628
    61.2,-0.000417,-0.000446,  0,-0.001638,-0.000206,  56.672
    61.4,-0.000382,-0.000416,  0,-0.001412,-0.000193,  56.686
    61.6,-0.000333,-0.000374,  0,-0.000938,-0.000200,  56.698
    61.8,-0.000273,-0.000318,  0,-0.000756,-0.000152,  56.710
    62.0,-0.000248,-0.000289,  0,-0.000598,-0.000138,  56.730
    62.2,-0.000222,-0.000266,  0,-0.000464,-0.000110,  56.742
    62.4,-0.000206,-0.000252,  0,-0.000388,-0.000083,  56.761
    62.6,-0.000195,-0.000240,  0,-0.000356,-0.000048,  56.795
    62.8,-0.000183,-0.000224,  0,-0.000372,-0.000056,  56.812
    63.0,-0.000180,-0.000218,  0,-0.000321,-0.000028,  56.826
    63.2,-0.000179,-0.000215,  0,-0.000263,-0.000001,  56.836
    63.4,-0.000172,-0.000200,  0,-0.000197,0.000026,  56.856
    63.6,-0.000167,-0.000180,  0,-0.000168,0.000026,  56.865
    63.8,-0.000158,-0.000160,  0,-0.000152,0.000061,  56.875
    64.0,-0.000140,-0.000154,  0,-0.000157,0.000075,  56.894
    64.2,-0.000111,-0.000148,  0,-0.000165,0.000054,  56.908
    64.4,-0.000117,-0.000150,  0,-0.000184,0.000116,  56.919
    64.6,-0.000125,-0.000152,  0,-0.000215,0.000116,  56.930
    64.8,-0.000148,-0.000154,  0,-0.000230,0.000067,  56.971
    65.0,-0.000159,-0.000151,  0,-0.000245,0.000088,  56.984
    65.2,-0.000176,-0.000164,  0,-0.000249,0.000116,  56.996
    65.4,-0.000180,-0.000183,  0,-0.000311,0.000095,  57.009
    65.6,-0.000195,-0.000207,  0,-0.000391,0.000157,  57.018
    65.8,-0.000206,-0.000214,  0,-0.000498,0.000157,  57.038
    66.0,-0.000199,-0.000215,  0,-0.000513,0.000081,  57.057
    66.2,-0.000184,-0.000209,  0,-0.000477,0.000061,  57.066
    66.4,-0.000179,-0.000210,  0,-0.000408,0.000061,  57.079
    66.6,-0.000179,-0.000207,  0,-0.000431,0.000013,  57.093
    66.8,-0.000176,-0.000196,  0,-0.000481,0.000061,  57.103
    67.0,-0.000179,-0.000194,  0,-0.000555,0.000075,  57.138
    67.2,-0.000174,-0.000195,  0,-0.000562,0.000040,  57.152
    67.4,-0.000169,-0.000192,  0,-0.000550,0.000088,  57.166
    67.6,-0.000167,-0.000186,  0,-0.000517,0.000102,  57.175
    67.8,-0.000152,-0.000178,  0,-0.000487,0.000067,  57.195
    68.0,-0.000143,-0.000172,  0,-0.000453,0.000102,  57.204
    68.2,-0.000141,-0.000165,  0,-0.000399,0.000116,  57.218
    68.4,-0.000134,-0.000163,  0,-0.000394,0.000081,  57.229
    68.6,-0.000136,-0.000158,  0,-0.000411,0.000116,  57.240
    68.8,-0.000139,-0.000157,  0,-0.000440,0.000116,  57.254
    69.0,-0.000134,-0.000162,  0,-0.000497,0.000095,  57.268
    69.2,-0.000138,-0.000161,  0,-0.000479,0.000095,  57.305
    69.4,-0.000141,-0.000159,  0,-0.000454,0.000095,  57.312
    69.6,-0.000137,-0.000160,  0,-0.000399,0.000074,  57.322
    69.8,-0.000132,-0.000162,  0,-0.000384,0.000060,  57.342
    70.0,-0.000138,-0.000164,  0,-0.000394,0.000081,  57.358
    70.2,-0.000140,-0.000162,  0,-0.000412,0.000033,  57.366
    70.4,-0.000145,-0.000156,  0,-0.000389,0.000067,  57.384
    70.6,-0.000147,-0.000158,  0,-0.000349,0.000081,  57.396
    70.8,-0.000149,-0.000160,  0,-0.000298,0.000046,  57.414
    71.0,-0.000148,-0.000162,  0,-0.000267,0.000081,  57.424
    71.2,-0.000156,-0.000164,  0,-0.000223,0.000081,  57.432
    71.4,-0.000155,-0.000168,  0,-0.000185,0.000046,  57.475
    71.6,-0.000155,-0.000164,  0,-0.000200,0.000081,  57.487
    71.8,-0.000158,-0.000159,  0,-0.000240,0.000081,  57.501
    72.0,-0.000153,-0.000158,  0,-0.000308,0.000060,  57.514
    72.2,-0.000146,-0.000153,  0,-0.000333,0.000095,  57.526
    72.4,-0.000154,-0.000146,  0,-0.000341,0.000095,  57.552
    72.6,-0.000156,-0.000144,  0,-0.000343,0.000060,  57.558
    72.8,-0.000158,-0.000148,  0,-0.000323,0.000095,  57.572
    73.0,-0.000163,-0.000153,  0,-0.000270,0.000081,  57.586
    73.2,-0.000163,-0.000154,  0,-0.000203,0.000033,  57.603
    73.4,-0.000162,-0.000154,  0,-0.000218,0.000067,  57.640
    73.6,-0.000168,-0.000156,  0,-0.000263,0.000081,  57.652
    73.8,-0.000165,-0.000159,  0,-0.000336,0.000046,  57.661
    74.0,-0.000162,-0.000164,  0,-0.000351,0.000081,  57.681
    74.2,-0.000159,-0.000167,  0,-0.000351,0.000067,  57.693
    74.4,-0.000167,-0.000175,  0,-0.000341,0.000046,  57.711
    74.6,-0.000164,-0.000181,  0,-0.000356,0.000081,  57.718
    74.8,-0.000169,-0.000182,  0,-0.000375,0.000081,  57.735
    75.0,-0.000169,-0.000188,  0,-0.000399,0.000046,  57.748
    75.2,-0.000166,-0.000191,  0,-0.000404,0.000081,  57.759
    75.4,-0.000171,-0.000189,  0,-0.000406,0.000081,  57.775
    75.6,-0.000174,-0.000190,  0,-0.000390,0.000046,  57.812
    75.8,-0.000176,-0.000196,  0,-0.000355,0.000081,  57.824
    76.0,-0.000176,-0.000200,  0,-0.000307,0.000081,  57.836
    76.2,-0.000182,-0.000198,  0,-0.000239,0.000046,  57.856
    76.4,-0.000184,-0.000201,  0,-0.000251,0.000081,  57.870
    76.6,-0.000183,-0.000203,  0,-0.000297,0.000081,  57.878
    76.8,-0.000191,-0.000201,  0,-0.000380,0.000046,  57.895
    77.0,-0.000191,-0.000202,  0,-0.000393,0.000081,  57.904
    77.2,-0.000188,-0.000205,  0,-0.000398,0.000081,  57.922
    77.4,-0.000193,-0.000203,  0,-0.000381,0.000081,  57.934
    77.6,-0.000193,-0.000208,  0,-0.000362,0.000095,  57.968
    77.8,-0.000186,-0.000210,  0,-0.000503,0.000046,  57.982
    78.0,-0.000189,-0.000212,  0,-0.000707,0.000081,  57.990
    78.2,-0.000189,-0.000212,  0,-0.000961,0.000046,  58.007
    78.4,-0.000186,-0.000204,  0,-0.000954,0.000046,  58.021
    78.6,-0.000193,-0.000206,  0,-0.000852,0.000067,  58.034
    78.8,-0.000190,-0.000206,  0,-0.000641,0.000046,  58.047
    79.0,-0.000187,-0.000204,  0,-0.000754,0.000081,  58.057
    79.2,-0.000193,-0.000207,  0,-0.000991,0.000067,  58.076
    79.4,-0.000195,-0.000209,  0,-0.001329,0.000046,  58.090
    79.6,-0.000198,-0.000212,  0,-0.001450,0.000081,  58.099
    79.8,-0.000201,-0.000214,  0,-0.001522,0.000081,  58.137
    80.0,-0.000203,-0.000214,  0,-0.001538,0.000081,  58.152
    80.2,-0.000206,-0.000216,  0,-0.001455,0.000067,  58.166
    80.4,-0.000206,-0.000212,  0,-0.001292,0.000088,  58.183
    80.6,-0.000206,-0.000214,  0,-0.001055,0.000067,  58.187
    80.8,-0.000205,-0.000217,  0,-0.000905,0.000067,  58.207
    81.0,-0.000202,-0.000217,  0,-0.000777,0.000081,  58.221
    81.2,-0.000204,-0.000213,  0,-0.000651,0.000081,  58.234
    81.4,-0.000209,-0.000215,  0,-0.000699,0.000081,  58.252
    81.6,-0.000217,-0.000219,  0,-0.000848,0.000102,  58.262
    81.8,-0.000217,-0.000222,  0,-0.001085,0.000116,  58.296
    82.0,-0.000209,-0.000224,  0,-0.001072,0.000067,  58.306
    82.2,-0.000214,-0.000227,  0,-0.000979,0.000088,  58.322
    82.4,-0.000214,-0.000229,  0,-0.000808,0.000102,  58.341
    82.6,-0.000217,-0.000231,  0,-0.000717,0.000054,  58.353
    82.8,-0.000217,-0.000232,  0,-0.000622,0.000075,  58.367
    83.0,-0.000219,-0.000232,  0,-0.000519,0.000088,  58.384
    83.2,-0.000221,-0.000235,  0,-0.000507,0.000054,  58.393
    83.4,-0.000223,-0.000238,  0,-0.000532,0.000075,  58.408
    83.6,-0.000228,-0.000241,  0,-0.000601,0.000088,  58.417
    83.8,-0.000228,-0.000245,  0,-0.000704,0.000054,  58.437
    84.0,-0.000228,-0.000241,  0,-0.000842,0.000075,  58.441
    84.2,-0.000223,-0.000245,  0,-0.001019,0.000054,  58.482
    84.4,-0.000225,-0.000243,  0,-0.000984,0.000054,  58.495
    84.6,-0.000225,-0.000242,  0,-0.000871,0.000040,  58.508
    84.8,-0.000233,-0.000244,  0,-0.000672,0.000019,  58.520
    85.0,-0.000233,-0.000241,  0,-0.000622,0.000054,  58.535
    85.2,-0.000230,-0.000239,  0,-0.000608,0.000054,  58.543
    85.4,-0.000238,-0.000241,  0,-0.000637,0.000033,  58.562
    85.6,-0.000240,-0.000240,  0,-0.000595,0.000054,  58.568
    85.8,-0.000237,-0.000236,  0,-0.000529,0.000040,  58.582
    86.0,-0.000238,-0.000240,  0,-0.000446,0.000019,  58.589
    86.2,-0.000233,-0.000242,  0,-0.000434,0.000054,  58.604
    86.4,-0.000225,-0.000246,  0,-0.000446,0.000040,  58.619
    86.6,-0.000228,-0.000250,  0,-0.000485,0.000040,  58.648
    86.8,-0.000228,-0.000250,  0,-0.000550,0.000026,  58.662
    87.0,-0.000228,-0.000251,  0,-0.000522,0.000005,  58.676
    87.2,-0.000235,-0.000250,  0,-0.000472,0.000026,  58.688
    87.4,-0.000235,-0.000253,  0,-0.000393,0.000005,  58.702
    87.6,-0.000235,-0.000253,  0,-0.000370,0.000005,  58.715
    87.8,-0.000238,-0.000251,  0,-0.000360,0.000040,  58.726
    88.0,-0.000240,-0.000251,  0,-0.000365,0.000019,  58.737
    88.2,-0.000235,-0.000250,  0,-0.000388,0.000040,  58.748
    88.4,-0.000238,-0.000253,  0,-0.000433,0.000026,  58.763
    88.6,-0.000240,-0.000251,  0,-0.000491,0.000005,  58.766
    88.8,-0.000240,-0.000255,  0,-0.000496,0.000026,  58.781
    89.0,-0.000238,-0.000253,  0,-0.000485,0.000026,  58.794
    89.2,-0.000240,-0.000253,  0,-0.000443,0.000005,  58.836
    89.4,-0.000237,-0.000253,  0,-0.000441,0.000040,  58.850
    89.6,-0.000240,-0.000249,  0,-0.000438,0.000040,  58.859
    89.8,-0.000240,-0.000250,  0,-0.000444,0.000019,  58.872
    90.0,-0.000242,-0.000255,  0,-0.000456,0.000054,  58.882
    90.2,-0.000238,-0.000254,  0,-0.000489,0.000040,  58.899
    90.4,-0.000233,-0.000256,  0,-0.000529,0.000019,  58.916
    90.6,-0.000228,-0.000254,  0,-0.000529,0.000054,  58.927
    90.8,-0.000228,-0.000256,  0,-0.000513,0.000040,  58.936
    91.0,-0.000231,-0.000260,  0,-0.000488,0.000019,  58.948
    91.2,-0.000235,-0.000257,  0,-0.000462,0.000040,  58.959
    91.4,-0.000243,-0.000253,  0,-0.000417,0.000026,  59.006
    91.6,-0.000248,-0.000249,  0,-0.000366,0.000005,  59.017
    91.8,-0.000246,-0.000250,  0,-0.000601,0.000040,  59.030
    92.0,-0.000248,-0.000243,  0,-0.000965,0.000054,  59.040
    92.2,-0.000252,-0.000242,  0,-0.001458,0.000033,  59.055
    92.4,-0.000243,-0.000246,  0,-0.001449,0.000054,  59.068
    92.6,-0.000245,-0.000248,  0,-0.001272,0.000040,  59.081
    92.8,-0.000250,-0.000253,  0,-0.000905,0.000019,  59.092
    93.0,-0.000252,-0.000254,  0,-0.000761,0.000054,  59.102
    93.2,-0.000252,-0.000256,  0,-0.000652,0.000040,  59.118
    93.4,-0.000246,-0.000257,  0,-0.000563,0.000019,  59.136
    93.6,-0.000246,-0.000256,  0,-0.000502,0.000054,  59.146
    93.8,-0.000254,-0.000249,  0,-0.000464,0.000040,  59.182
    94.0,-0.000262,-0.000247,  0,-0.000453,0.000019,  59.199
    94.2,-0.000262,-0.000257,  0,-0.000425,0.000054,  59.212
    94.4,-0.000264,-0.000262,  0,-0.000402,0.000040,  59.226
    94.6,-0.000262,-0.000262,  0,-0.000382,0.000019,  59.233
    94.8,-0.000262,-0.000265,  0,-0.000443,0.000054,  59.245
    95.0,-0.000254,-0.000267,  0,-0.000553,0.000040,  59.261
    95.2,-0.000249,-0.000270,  0,-0.000703,0.000040,  59.273
    95.4,-0.000249,-0.000271,  0,-0.000896,0.000026,  59.289
    95.6,-0.000259,-0.000273,  0,-0.000876,0.000040,  59.300
    95.8,-0.000259,-0.000277,  0,-0.000800,0.000061,  59.316
    96.0,-0.000261,-0.000275,  0,-0.000675,0.000026,  59.330
    96.2,-0.000263,-0.000273,  0,-0.000617,0.000061,  59.368
    96.4,-0.000261,-0.000279,  0,-0.000568,0.000047,  59.378
    96.6,-0.000263,-0.000280,  0,-0.000536,0.000047,  59.391
    96.8,-0.000260,-0.000281,  0,-0.000492,0.000026,  59.410
    97.0,-0.000263,-0.000283,  0,-0.000443,0.000047,  59.422
    97.2,-0.000263,-0.000287,  0,-0.000400,0.000047,  59.434
    97.4,-0.000256,-0.000281,  0,-0.000375,0.000026,  59.446
    97.6,-0.000259,-0.000278,  0,-0.000359,0.000047,  59.460
    97.8,-0.000261,-0.000273,  0,-0.000353,0.000026,  59.470
    98.0,-0.000261,-0.000269,  0,-0.000330,0.000040,  59.484
    98.2,-0.000259,-0.000266,  0,-0.000307,0.000040,  59.500
    98.4,-0.000263,-0.000266,  0,-0.000279,0.000019,  59.538
    98.6,-0.000260,-0.000269,  0,-0.000279,0.000054,  59.545
    98.8,-0.000263,-0.000270,  0,-0.000297,0.000040,  59.562
    99.0,-0.000263,-0.000270,  0,-0.000332,0.000019,  59.570
    99.2,-0.000263,-0.000272,  0,-0.000297,0.000054,  59.589
    99.4,-0.000261,-0.000268,  0,-0.000229,0.000040,  59.602
    99.6,-0.000263,-0.000270,  0,-0.000136,0.000019,  59.611
    99.8,-0.000260,-0.000267,  0,-0.000131,0.000040,  59.624
   100.0,-0.000263,-0.000269,  0,-0.000155,0.000026,  59.635
   100.2,-0.000263,-0.000269,  0,-0.000213,0.000005,  59.656
   100.4,-0.000258,-0.000273,  0,-0.000208,0.000040,  59.671
   100.6,-0.000250,-0.000276,  0,-0.000188,0.000040,  59.679
   100.8,-0.000251,-0.000274,  0,-0.000154,0.000019,  59.712
   101.0,-0.000239,-0.000273,  0,-0.000144,0.000040,  59.722
   101.2,-0.000234,-0.000265,  0,-0.000146,0.000026,  59.742
   101.4,-0.000230,-0.000257,  0,-0.000147,0.000005,  59.757
   101.6,-0.000223,-0.000248,  0,-0.000117,0.000026,  59.767
   101.8,-0.000219,-0.000233,  0,-0.000065,0.000026,  59.781
   102.0,-0.000203,-0.000224,  0,-0.000000,0.000005,  59.790
   102.2,-0.000189,-0.000210,  0,-0.000172,0.000026,  59.806
   102.4,-0.000170,-0.000191,  0,-0.000447,0.000026,  59.825
   102.6,-0.000152,-0.000173,  0,-0.000833,0.000005,  59.837
   102.8,-0.000133,-0.000148,  0,-0.000765,0.000040,  59.844
   103.0,-0.000111,-0.000122,  0,-0.000538,0.000054,  59.861
   103.2,-0.000093,-0.000096,  0,-0.000135,0.000033,  59.902
   103.4,-0.000065,-0.000064,  0,0.000021,0.000067,  59.910
   103.6,-0.000032,-0.000031,  0,0.000144,0.000067,  59.920
   103.8,-0.000012,-0.000004,  0,0.000219,0.000081,  59.934
   104.0,0.000012,0.000022,  0,0.000268,0.000081,  59.947
   104.2,0.000033,0.000043,  0,0.000349,0.000095,  59.960
   104.4,0.000061,0.000071,  0,0.000421,0.000129,  59.978
   104.6,0.000084,0.000098,  0,0.000492,0.000122,  59.987
   104.8,0.000112,0.000123,  0,0.000533,0.000157,  59.995
   105.0,0.000140,0.000150,  0,0.000556,0.000170,  60.012
   105.2,0.000163,0.000181,  0,0.000561,0.000170,  60.020
   105.4,0.000187,0.000212,  0,0.000619,0.000149,  60.042
   105.6,0.000202,0.000234,  0,0.000689,0.000170,  60.076
   105.8,0.000215,0.000257,  0,0.000784,0.000184,  60.082
   106.0,0.000232,0.000281,  0,0.000826,0.000163,  60.096
   106.2,0.000248,0.000293,  0,0.000856,0.000198,  60.105
   106.4,0.000260,0.000308,  0,0.000870,0.000225,  60.122
   106.6,0.000282,0.000313,  0,0.000880,0.000204,  60.131
   106.8,0.000302,0.000322,  0,0.000882,0.000253,  60.139
   107.0,0.000311,0.000335,  0,0.000871,0.000266,  60.154
   107.2,0.000313,0.000346,  0,0.000888,0.000245,  60.167
   107.4,0.000327,0.000361,  0,0.000920,0.000280,  60.180
   107.6,0.000343,0.000375,  0,0.000952,0.000259,  60.188
   107.8,0.000365,0.000387,  0,0.001006,0.000259,  60.199
   108.0,0.000369,0.000401,  0,0.001066,0.000273,  60.206
   108.2,0.000373,0.000409,  0,0.001137,0.000238,  60.223
   108.4,0.000376,0.000422,  0,0.001134,0.000273,  60.262
   108.6,0.000387,0.000428,  0,0.001101,0.000259,  60.270
   108.8,0.000404,0.000438,  0,0.001037,0.000238,  60.284
   109.0,0.000428,0.000456,  0,0.001091,0.000286,  60.297
   109.2,0.000442,0.000472,  0,0.001198,0.000286,  60.310
   109.4,0.000450,0.000486,  0,0.001346,0.000265,  60.319
   109.6,0.000467,0.000508,  0,0.001403,0.000314,  60.329
   109.8,0.000477,0.000529,  0,0.001439,0.000314,  60.340
   110.0,0.000491,0.000547,  0,0.001445,0.000327,  60.347
   110.2,0.000507,0.000569,  0,0.001504,0.000314,  60.364
   110.4,0.000523,0.000594,  0,0.001578,0.000335,  60.381
   110.6,0.000537,0.000609,  0,0.001660,0.000314,  60.387
   110.8,0.000553,0.000623,  0,0.001687,0.000314,  60.403
   111.0,0.000572,0.000638,  0,0.001693,0.000327,  60.434
   111.2,0.000579,0.000649,  0,0.001682,0.000306,  60.449
   111.4,0.000590,0.000662,  0,0.001597,0.000355,  60.466
   111.6,0.000598,0.000677,  0,0.001451,0.000355,  60.477
   111.8,0.000597,0.000684,  0,0.001266,0.000334,  60.487
   112.0,0.000607,0.000688,  0,0.001258,0.000382,  60.499
   112.2,0.000613,0.000693,  0,0.001303,0.000355,  60.512
   112.4,0.000600,0.000691,  0,0.001414,0.000355,  60.529
   112.6,0.000586,0.000679,  0,0.001437,0.000382,  60.536
   112.8,0.000568,0.000668,  0,0.001450,0.000334,  60.551
   113.0,0.000551,0.000656,  0,0.001450,0.000382,  60.564
   113.2,0.000537,0.000638,  0,0.001436,0.000347,  60.571
   113.4,0.000523,0.000622,  0,0.001434,0.000347,  60.587
   113.6,0.000509,0.000603,  0,0.001423,0.000368,  60.597
   113.8,0.000492,0.000579,  0,0.001419,0.000334,  60.638
   114.0,0.000471,0.000552,  0,0.001372,0.000355,  60.648
   114.2,0.000448,0.000524,  0,0.001303,0.000341,  60.657
   114.4,0.000422,0.000502,  0,0.001220,0.000293,  60.674
   114.6,0.000392,0.000481,  0,0.001201,0.000327,  60.684
   114.8,0.000366,0.000460,  0,0.001196,0.000314,  60.691
   115.0,0.000338,0.000440,  0,0.001222,0.000279,  60.707
   115.2,0.000310,0.000415,  0,0.001160,0.000300,  60.718
   115.4,0.000287,0.000398,  0,0.001074,0.000300,  60.731
   115.6,0.000261,0.000374,  0,0.000954,0.000279,  60.745
   115.8,0.000243,0.000347,  0,0.000943,0.000286,  60.754
   116.0,0.000224,0.000326,  0,0.000973,0.000273,  60.769
   116.2,0.000208,0.000305,  0,0.001042,0.000238,  60.802
   116.4,0.000196,0.000286,  0,0.001028,0.000259,  60.813
   116.6,0.000180,0.000267,  0,0.000981,0.000245,  60.824
   116.8,0.000161,0.000243,  0,0.000913,0.000210,  60.839
   117.0,0.000140,0.000218,  0,0.000911,0.000232,  60.851
   117.2,0.000126,0.000188,  0,0.000929,0.000218,  60.867
   117.4,0.000112,0.000166,  0,0.000960,0.000169,  60.877
   117.6,0.000100,0.000151,  0,0.000791,0.000204,  60.888
   117.8,0.000081,0.000137,  0,0.000527,0.000204,  60.899
   118.0,0.000062,0.000123,  0,0.000168,0.000156,  60.913
   118.2,0.000045,0.000112,  0,0.000137,0.000177,  60.929
   118.4,0.000036,0.000096,  0,0.000231,0.000177,  60.941
   118.6,0.000021,0.000084,  0,0.000441,0.000156,  60.951
   118.8,0.000027,0.000069,  0,0.000488,0.000163,  60.961
   119.0,0.000023,0.000056,  0,0.000521,0.000149,  60.974
   119.2,0.000018,0.000040,  0,0.000531,0.000128,  61.014
   119.4,0.000009,0.000032,  0,0.000561,0.000149,  61.035
   119.6,0.000005,0.000026,  0,0.000590,0.000149,  61.039
   119.8,-0.000002,0.000013,  0,0.000617,0.000115,  61.050
   120.0,-0.000009,0.000005,  0,0.000646,0.000136,  61.063
   120.2,-0.000026,-0.000003,  0,0.000659,0.000122,  61.071
   120.4,-0.000036,-0.000020,  0,0.000675,0.000087,  61.091
   120.6,-0.000036,-0.000028,  0,0.000679,0.000122,  61.098
   120.8,-0.000033,-0.000038,  0,0.000670,0.000122,  61.110
   121.0,-0.000033,-0.000045,  0,0.000649,0.000087,  61.125
   121.2,-0.000040,-0.000052,  0,0.000646,0.000122,  61.137
   121.4,-0.000049,-0.000052,  0,0.000641,0.000122,  61.149
   121.6,-0.000051,-0.000055,  0,0.000649,0.000122,  61.183
   121.8,-0.000054,-0.000054,  0,0.000659,0.000108,  61.199
   122.0,-0.000064,-0.000055,  0,0.000630,0.000074,  61.209
   122.2,-0.000064,-0.000060,  0,0.000587,0.000095,  61.217
   122.4,-0.000066,-0.000063,  0,0.000528,0.000074,  61.238
   122.6,-0.000060,-0.000063,  0,0.000162,0.000060,  61.242
   122.8,-0.000062,-0.000069,  0,-0.000366,0.000081,  61.259
   123.0,-0.000062,-0.000077,  0,-0.001052,0.000067,  61.269
   123.2,-0.000062,-0.000088,  0,-0.000980,0.000054,  61.283
   123.4,-0.000068,-0.000093,  0,-0.000610,0.000088,  61.298
   123.6,-0.000065,-0.000097,  0,0.000067,0.000067,  61.309
   123.8,-0.000061,-0.000104,  0,0.000338,0.000067,  61.317
   124.0,-0.000061,-0.000106,  0,0.000542,0.000067,  61.331
   124.2,-0.000059,-0.000102,  0,0.000700,0.000046,  61.341
   124.4,-0.000057,-0.000104,  0,0.000910,0.000067,  61.384
   124.6,-0.000052,-0.000098,  0,0.001106,0.000054,  61.395
   124.8,-0.000050,-0.000101,  0,0.001301,0.000033,  61.407
   125.0,-0.000042,-0.000100,  0,0.001438,0.000054,  61.415
   125.2,-0.000032,-0.000103,  0,0.001536,0.000054,  61.429
   125.4,-0.000027,-0.000107,  0,0.001594,0.000033,  61.441
   125.6,-0.000033,-0.000101,  0,0.001727,0.000054,  61.449
   125.8,-0.000031,-0.000098,  0,0.001887,0.000054,  61.465
   126.0,-0.000022,-0.000096,  0,0.002061,0.000033,  61.475
   126.2,-0.000012,-0.000092,  0,0.002168,0.000054,  61.489
   126.4,-0.000006,-0.000088,  0,0.002261,0.000054,  61.498
   126.6,0.000006,-0.000083,  0,0.002320,0.000067,  61.511
   126.8,0.000020,-0.000076,  0,0.002427,0.000054,  61.522
   127.0,0.000027,-0.000072,  0,0.002558,0.000075,  61.530
   127.2,0.000034,-0.000072,  0,0.002691,0.000088,  61.566
   127.4,0.000039,-0.000066,  0,0.002847,0.000040,  61.574
   127.6,0.000047,-0.000060,  0,0.003024,0.000061,  61.585
   127.8,0.000058,-0.000057,  0,0.003216,0.000040,  61.595
   128.0,0.000068,-0.000055,  0,0.003393,0.000040,  61.604
   128.2,0.000084,-0.000052,  0,0.003568,0.000054,  61.612
   128.4,0.000096,-0.000050,  0,0.003747,0.000033,  61.622
   128.6,0.000110,-0.000041,  0,0.003950,0.000054,  61.634
   128.8,0.000119,-0.000036,  0,0.004169,0.000054,  61.641
   129.0,0.000133,-0.000031,  0,0.004403,0.000067,  61.656
   129.2,0.000147,-0.000025,  0,0.004593,0.000054,  61.667
   129.4,0.000166,-0.000018,  0,0.004768,0.000075,  61.685
   129.6,0.000182,-0.000013,  0,0.004935,0.000088,  61.694
   129.8,0.000198,-0.000006,  0,0.005105,0.000054,  61.697
   130.0,0.000217,-0.000006,  0,0.005266,0.000088,  61.715
   130.2,0.000236,0.000002,  0,0.005417,0.000088,  61.718
   130.4,0.000252,0.000016,  0,0.005568,0.000054,  61.759
   130.6,0.000274,0.000033,  0,0.005783,0.000102,  61.766
   130.8,0.000289,0.000044,  0,0.006018,0.000088,  61.777
   131.0,0.000315,0.000057,  0,0.006277,0.000054,  61.788
   131.2,0.000346,0.000069,  0,0.006508,0.000054,  61.804
   131.4,0.000366,0.000082,  0,0.006718,0.000054,  61.810
   131.6,0.000392,0.000090,  0,0.006929,0.000033,  61.821
   131.8,0.000421,0.000105,  0,0.007227,0.000054,  61.832
   132.0,0.000441,0.000117,  0,0.007555,0.000040,  61.843
   132.2,0.000464,0.000127,  0,0.007921,0.000019,  61.843
   132.4,0.000495,0.000141,  0,0.008248,0.000054,  61.862
   132.6,0.000520,0.000154,  0,0.008578,0.000040,  61.875
   132.8,0.000548,0.000165,  0,0.008906,0.000019,  61.877
   133.0,0.000582,0.000175,  0,0.009306,0.000054,  61.893
   133.2,0.000609,0.000188,  0,0.009746,0.000054,  61.899
   133.4,0.000647,0.000204,  0,0.010227,0.000033,  61.910
   133.6,0.000683,0.000215,  0,0.010648,0.000054,  61.942
   133.8,0.000712,0.000233,  0,0.011055,0.000054,  61.953
   134.0,0.000747,0.000249,  0,0.011455,0.000033,  61.966
   134.2,0.000780,0.000267,  0,0.011897,0.000054,  61.979
   134.4,0.000810,0.000285,  0,0.012368,0.000054,  61.990
   134.6,0.000847,0.000300,  0,0.012843,0.000067,  61.998
   134.8,0.000888,0.000321,  0,0.013324,0.000040,  62.009
   135.0,0.000920,0.000336,  0,0.013825,0.000061,  62.019
   135.2,0.000962,0.000351,  0,0.014326,0.000075,  62.033
   135.4,0.001001,0.000373,  0,0.014821,0.000026,  62.048
   135.6,0.001041,0.000397,  0,0.015314,0.000061,  62.053
   135.8,0.001078,0.000415,  0,0.015802,0.000061,  62.065
   136.0,0.001121,0.000441,  0,0.016241,0.000026,  62.077
   136.2,0.001154,0.000467,  0,0.016655,0.000047,  62.088
   136.4,0.001179,0.000486,  0,0.017038,0.000026,  62.101
   136.6,0.001212,0.000508,  0,0.017571,0.000026,  62.136
   136.8,0.001238,0.000532,  0,0.018158,0.000026,  62.149
   137.0,0.001277,0.000552,  0,0.018808,0.000005,  62.166
   137.2,0.001324,0.000576,  0,0.019413,0.000026,  62.173
   137.4,0.001380,0.000602,  0,0.020011,0.000026,  62.184
   137.6,0.001432,0.000625,  0,0.020618,0.000005,  62.195
   137.8,0.001478,0.000647,  0,0.021105,0.000026,  62.198
   138.0,0.001523,0.000677,  0,0.021541,0.000026,  62.213
   138.2,0.001574,0.000702,  0,0.021917,0.000005,  62.223
   138.4,0.001623,0.000726,  0,0.022523,0.000026,  62.238
   138.6,0.001676,0.000757,  0,0.023221,0.000026,  62.249
   138.8,0.001724,0.000781,  0,0.024008,-0.000008,  62.257
   139.0,0.001776,0.000806,  0,0.024516,0.000026,  62.269
   139.2,0.001827,0.000831,  0,0.024925,0.000013,  62.276
   139.4,0.001881,0.000859,  0,0.025237,0.000013,  62.295
   139.6,0.001935,0.000887,  0,0.025446,0.000013,  62.330
   139.8,0.001992,0.000917,  0,0.026127,-0.000036,  62.338
   140.0,0.002042,0.000944,  0,0.026934,-0.000015,  62.345
   140.2,0.002096,0.000975,  0,0.027877,-0.000049,  62.360
   140.4,0.002158,0.001005,  0,0.028442,-0.000049,  62.376
   140.6,0.002211,0.001034,  0,0.028887,-0.000015,  62.387
   140.8,0.002270,0.001068,  0,0.029196,-0.000049,  62.394
   141.0,0.002328,0.001104,  0,0.030032,-0.000001,  62.406
   141.2,0.002392,0.001128,  0,0.031068,-0.000015,  62.415
   141.4,0.002453,0.001154,  0,0.032303,-0.000049,  62.426
   141.6,0.002516,0.001183,  0,0.033229,-0.000001,  62.435
   141.8,0.002579,0.001206,  0,0.034106,-0.000015,  62.446
   142.0,0.002638,0.001229,  0,0.034938,-0.000049,  62.459
   142.2,0.002700,0.001253,  0,0.035789,-0.000015,  62.472
   142.4,0.002757,0.001277,  0,0.036609,-0.000028,  62.488
   142.6,0.002823,0.001304,  0,0.037425,-0.000042,  62.516
   142.8,0.002884,0.001337,  0,0.038133,-0.000042,  62.531
   143.0,0.002945,0.001373,  0,0.038775,-0.000007,  62.542
   143.2,0.003009,0.001402,  0,0.039355,-0.000021,  62.548
   143.4,0.003070,0.001436,  0,0.040226,-0.000083,  62.561
   143.6,0.003133,0.001471,  0,0.041218,-0.000062,  62.568
   143.8,0.003201,0.001501,  0,0.042325,-0.000048,  62.577
   144.0,0.003269,0.001533,  0,0.043281,-0.000083,  62.589
   144.2,0.003337,0.001567,  0,0.044217,-0.000048,  62.595
   144.4,0.003406,0.001602,  0,0.045126,-0.000035,  62.614
   144.6,0.003471,0.001641,  0,0.046041,-0.000083,  62.617
   144.8,0.003528,0.001674,  0,0.046933,-0.000062,  62.626
   145.0,0.003582,0.001708,  0,0.047823,-0.000083,  62.637
   145.2,0.003626,0.001745,  0,0.048765,-0.000097,  62.648
   145.4,0.003669,0.001774,  0,0.049722,-0.000097,  62.653
   145.6,0.003735,0.001809,  0,0.050701,-0.000118,  62.662
   145.8,0.003808,0.001847,  0,0.051641,-0.000097,  62.673
   146.0,0.003885,0.001887,  0,0.052562,-0.000097,  62.681
   146.2,0.003953,0.001921,  0,0.053468,-0.000097,  62.687
   146.4,0.004019,0.001956,  0,0.054393,-0.000124,  62.719
   146.6,0.004085,0.001997,  0,0.055310,-0.000117,  62.729
   146.8,0.004153,0.002027,  0,0.056228,-0.000152,  62.737
   147.0,0.004222,0.002060,  0,0.057120,-0.000138,  62.747
   147.2,0.004290,0.002096,  0,0.058004,-0.000138,  62.764
   147.4,0.004361,0.002129,  0,0.058873,-0.000173,  62.775
   147.6,0.004429,0.002164,  0,0.059862,-0.000138,  62.781
   147.8,0.004495,0.002200,  0,0.060898,-0.000152,  62.792
   148.0,0.004563,0.002237,  0,0.061988,-0.000152,  62.799
   148.2,0.004631,0.002272,  0,0.062816,-0.000152,  62.807
   148.4,0.004697,0.002302,  0,0.063547,-0.000186,  62.816
   148.6,0.004768,0.002336,  0,0.064159,-0.000165,  62.829
   148.8,0.004837,0.002372,  0,0.064669,-0.000214,  62.837
   149.0,0.004905,0.002413,  0,0.065448,-0.000193,  62.844
   149.2,0.004976,0.002443,  0,0.066267,-0.000185,  62.856
   149.4,0.005044,0.002480,  0,0.067130,-0.000171,  62.867
   149.6,0.005115,0.002518,  0,0.068116,-0.000220,  62.868
   149.8,0.005181,0.002553,  0,0.069188,-0.000185,  62.881
   150.0,0.005252,0.002590,  0,0.070333,-0.000185,  62.910
   150.2,0.005328,0.002628,  0,0.071340,-0.000220,  62.924
   150.4,0.005391,0.002658,  0,0.072317,-0.000199,  62.930
   150.6,0.005457,0.002682,  0,0.073261,-0.000199,  62.932
   150.8,0.005529,0.002707,  0,0.074210,-0.000234,  62.945
   151.0,0.005592,0.002727,  0,0.075163,-0.000212,  62.952
   151.2,0.005660,0.002758,  0,0.076104,-0.000247,  62.959
   151.4,0.005734,0.002794,  0,0.077072,-0.000247,  62.961
   151.6,0.005797,0.002835,  0,0.078053,-0.000247,  62.968
   151.8,0.005863,0.002869,  0,0.079051,-0.000282,  62.976
   152.0,0.005925,0.002911,  0,0.079981,-0.000261,  62.976
   152.2,0.005991,0.002943,  0,0.080878,-0.000275,  62.982
   152.4,0.006052,0.002975,  0,0.081752,-0.000309,  62.983
   152.6,0.006114,0.003009,  0,0.082672,-0.000309,  62.984
   152.8,0.006180,0.003040,  0,0.083602,-0.000309,  62.992
   153.0,0.006244,0.003070,  0,0.084540,-0.000358,  62.994
   153.2,0.006310,0.003108,  0,0.085396,-0.000323,  63.002
   153.4,0.006376,0.003139,  0,0.086219,-0.000302,  63.001
   153.6,0.006438,0.003170,  0,0.087007,-0.000337,  63.006
   153.8,0.006502,0.003204,  0,0.087916,-0.000316,  63.012
   154.0,0.006556,0.003234,  0,0.088869,-0.000329,  63.010
   154.2,0.006608,0.003266,  0,0.089860,-0.000350,  63.018
   154.4,0.006659,0.003305,  0,0.090750,-0.000329,  63.026
   154.6,0.006699,0.003339,  0,0.091617,-0.000343,  63.023
   154.8,0.006758,0.003370,  0,0.092450,-0.000378,  63.025
   155.0,0.006820,0.003401,  0,0.093365,-0.000357,  63.023
   155.2,0.006884,0.003431,  0,0.094313,-0.000370,  63.032
   155.4,0.006940,0.003461,  0,0.095275,-0.000405,  63.030
   155.6,0.007001,0.003494,  0,0.096132,-0.000370,  63.031
   155.8,0.007061,0.003524,  0,0.096944,-0.000384,  63.038
   156.0,0.007120,0.003553,  0,0.097711,-0.000432,  63.032
   156.2,0.007177,0.003583,  0,0.098547,-0.000398,  63.035
   156.4,0.007239,0.003614,  0,0.099391,-0.000411,  63.042
   156.6,0.007291,0.003641,  0,0.100252,-0.000460,  63.041
   156.8,0.007345,0.003666,  0,0.100949,-0.000439,  63.036
   157.0,0.007403,0.003697,  0,0.101561,-0.000439,  63.037
   157.2,0.007454,0.003724,  0,0.102108,-0.000452,  63.032
   157.4,0.007509,0.003755,  0,0.102565,-0.000452,  63.033
   157.6,0.007571,0.003785,  0,0.103330,-0.000487,  63.031
   157.8,0.007623,0.003808,  0,0.104169,-0.000466,  63.027
   158.0,0.007677,0.003842,  0,0.105091,-0.000487,  63.026
   158.2,0.007732,0.003871,  0,0.105858,-0.000466,  63.020
   158.4,0.007779,0.003899,  0,0.106578,-0.000445,  63.019
   158.6,0.007831,0.003927,  0,0.107252,-0.000480,  63.018
   158.8,0.007879,0.003959,  0,0.107954,-0.000466,  63.012
   159.0,0.007929,0.003984,  0,0.108650,-0.000480,  63.009
   159.2,0.007979,0.004001,  0,0.109338,-0.000514,  63.001
   159.4,0.008029,0.004017,  0,0.110049,-0.000480,  62.995
   159.6,0.008078,0.004029,  0,0.110765,-0.000507,  62.987
   159.8,0.008126,0.004052,  0,0.111486,-0.000555,  62.986
   160.0,0.008179,0.004076,  0,0.112146,-0.000521,  62.976
   160.2,0.008221,0.004105,  0,0.112777,-0.000534,  62.973
   160.4,0.008268,0.004130,  0,0.113388,-0.000583,  62.964
   160.6,0.008316,0.004154,  0,0.114041,-0.000548,  62.958
   160.8,0.008361,0.004181,  0,0.114687,-0.000534,  62.955
   161.0,0.008402,0.004200,  0,0.115354,-0.000569,  62.946
   161.2,0.008442,0.004215,  0,0.116058,-0.000548,  62.943
   161.4,0.008487,0.004238,  0,0.116786,-0.000562,  62.935
   161.6,0.008528,0.004256,  0,0.117534,-0.000583,  62.928
   161.8,0.008573,0.004276,  0,0.118143,-0.000562,  62.921
   162.0,0.008611,0.004304,  0,0.118691,-0.000575,  62.914
   162.2,0.008654,0.004323,  0,0.119183,-0.000596,  62.907
   162.4,0.008694,0.004345,  0,0.119751,-0.000575,  62.899
   162.6,0.008725,0.004369,  0,0.120323,-0.000589,  62.895
   162.8,0.008753,0.004393,  0,0.120896,-0.000589,  62.884
   163.0,0.008775,0.004417,  0,0.121389,-0.000603,  62.886
   163.2,0.008794,0.004443,  0,0.121850,-0.000581,  62.875
   163.4,0.008830,0.004462,  0,0.122254,-0.000616,  62.828
   163.6,0.008865,0.004483,  0,0.122755,-0.000616,  62.822
   163.8,0.008900,0.004491,  0,0.123293,-0.000630,  62.816
   164.0,0.008936,0.004506,  0,0.123849,-0.000665,  62.804
   164.2,0.008974,0.004532,  0,0.124334,-0.000630,  62.796
   164.4,0.009015,0.004555,  0,0.124798,-0.000643,  62.781
   164.6,0.009056,0.004567,  0,0.125245,-0.000692,  62.775
   164.8,0.009092,0.004590,  0,0.125655,-0.000657,  62.762
   165.0,0.009123,0.004606,  0,0.126032,-0.000657,  62.749
   165.2,0.009149,0.004620,  0,0.126375,-0.000706,  62.739
   165.4,0.009177,0.004634,  0,0.126739,-0.000684,  62.721
   165.6,0.009201,0.004649,  0,0.127092,-0.000684,  62.711
   165.8,0.009227,0.004663,  0,0.127428,-0.000684,  62.702
   166.0,0.009256,0.004682,  0,0.127765,-0.000684,  62.691
   166.2,0.009284,0.004699,  0,0.128126,-0.000719,  62.676
   166.4,0.009310,0.004710,  0,0.128467,-0.000684,  62.630
   166.6,0.009337,0.004727,  0,0.128809,-0.000719,  62.619
   166.8,0.009363,0.004741,  0,0.129168,-0.000706,  62.600
   167.0,0.009384,0.004758,  0,0.129520,-0.000684,  62.593
   167.2,0.009401,0.004777,  0,0.129883,-0.000706,  62.571
   167.4,0.009413,0.004800,  0,0.130215,-0.000684,  62.557
   167.6,0.009434,0.004812,  0,0.130519,-0.000698,  62.544
   167.8,0.009461,0.004820,  0,0.130813,-0.000719,  62.530
   168.0,0.009487,0.004826,  0,0.131084,-0.000698,  62.516
   168.2,0.009511,0.004834,  0,0.131350,-0.000712,  62.497
   168.4,0.009532,0.004845,  0,0.131577,-0.000747,  62.474
   168.6,0.009546,0.004857,  0,0.131866,-0.000725,  62.438
   168.8,0.009565,0.004870,  0,0.132174,-0.000739,  62.423
   169.0,0.009587,0.004879,  0,0.132497,-0.000774,  62.406
   169.2,0.009609,0.004888,  0,0.132717,-0.000739,  62.384
   169.4,0.009613,0.004899,  0,0.132885,-0.000739,  62.364
   169.6,0.009624,0.004902,  0,0.133007,-0.000774,  62.355
   169.8,0.009632,0.004907,  0,0.133237,-0.000739,  62.329
   170.0,0.009640,0.004911,  0,0.133502,-0.000753,  62.313
   170.2,0.009652,0.004918,  0,0.133798,-0.000787,  62.292
   170.4,0.009667,0.004927,  0,0.133974,-0.000739,  62.268
   170.6,0.009682,0.004944,  0,0.134096,-0.000753,  62.229
   170.8,0.009694,0.004947,  0,0.134172,-0.000787,  62.206
   171.0,0.009701,0.004952,  0,0.134287,-0.000739,  62.187
   171.2,0.009706,0.004957,  0,0.134391,-0.000753,  62.165
   171.4,0.009708,0.004962,  0,0.134496,-0.000787,  62.143
   171.6,0.009706,0.004969,  0,0.134617,-0.000753,  62.125
   171.8,0.009701,0.004981,  0,0.134751,-0.000766,  62.100
   172.0,0.009708,0.004991,  0,0.134889,-0.000801,  62.077
   172.2,0.009723,0.004993,  0,0.135023,-0.000766,  62.032
   172.4,0.009737,0.005000,  0,0.135147,-0.000766,  62.006
   172.6,0.009744,0.005007,  0,0.135269,-0.000815,  61.989
   172.8,0.009749,0.005010,  0,0.135334,-0.000780,  61.970
   173.0,0.009757,0.005015,  0,0.135372,-0.000794,  61.944
   173.2,0.009754,0.005016,  0,0.135383,-0.000828,  61.929
   173.4,0.009754,0.005016,  0,0.135404,-0.000794,  61.895
   173.6,0.009762,0.005023,  0,0.135421,-0.000794,  61.857
   173.8,0.009756,0.005025,  0,0.135427,-0.000815,  61.832
   174.0,0.009756,0.005021,  0,0.135413,-0.000780,  61.811
   174.2,0.009759,0.005017,  0,0.135383,-0.000794,  61.788
   174.4,0.009756,0.005017,  0,0.135318,-0.000807,  61.762
   174.6,0.009759,0.005018,  0,0.135294,-0.000794,  61.748
   174.8,0.009762,0.005022,  0,0.135284,-0.000842,  61.720
   175.0,0.009754,0.005021,  0,0.135280,-0.000807,  61.695
   175.2,0.009747,0.005014,  0,0.135283,-0.000842,  61.647
   175.4,0.009738,0.005011,  0,0.135273,-0.000856,  61.619
   175.6,0.009723,0.005006,  0,0.135252,-0.000807,  61.598
   175.8,0.009708,0.005001,  0,0.135235,-0.000794,  61.577
   176.0,0.009692,0.005000,  0,0.135193,-0.000821,  61.558
   176.2,0.009687,0.004996,  0,0.135140,-0.000800,  61.524
   176.4,0.009685,0.004994,  0,0.135070,-0.000786,  61.504
   176.6,0.009685,0.004996,  0,0.135001,-0.000835,  61.462
   176.8,0.009682,0.004996,  0,0.134921,-0.000800,  61.434
   177.0,0.009675,0.004997,  0,0.134834,-0.000821,  61.410
   177.2,0.009663,0.004995,  0,0.134710,-0.000835,  61.386
   177.4,0.009656,0.004999,  0,0.134558,-0.000835,  61.352
   177.6,0.009649,0.005002,  0,0.134393,-0.000856,  61.336
   177.8,0.009637,0.004998,  0,0.134196,-0.000821,  61.311
   178.0,0.009627,0.004996,  0,0.133972,-0.000807,  61.253
   178.2,0.009615,0.004991,  0,0.133720,-0.000828,  61.232
   178.4,0.009601,0.004978,  0,0.133510,-0.000807,  61.196
   178.6,0.009589,0.004970,  0,0.133307,-0.000807,  61.178
   178.8,0.009575,0.004961,  0,0.133111,-0.000828,  61.149
   179.0,0.009563,0.004961,  0,0.132912,-0.000807,  61.119
   179.2,0.009551,0.004961,  0,0.132705,-0.000807,  61.068
   179.4,0.009539,0.004955,  0,0.132495,-0.000828,  61.040
   179.6,0.009527,0.004955,  0,0.132193,-0.000807,  61.014
   179.8,0.009511,0.004949,  0,0.131841,-0.000807,  60.988
   180.0,0.009494,0.004942,  0,0.131431,-0.000828,  60.961
   180.2,0.009475,0.004930,  0,0.131191,-0.000842,  60.935
   180.4,0.009454,0.004917,  0,0.131005,-0.000842,  60.868
   180.6,0.009437,0.004904,  0,0.130869,-0.000863,  60.844
   180.8,0.009425,0.004898,  0,0.130707,-0.000842,  60.820
   181.0,0.009413,0.004898,  0,0.130552,-0.000807,  60.778
   181.2,0.009394,0.004891,  0,0.130414,-0.000828,  60.761
   181.4,0.009370,0.004886,  0,0.130231,-0.000807,  60.728
   181.6,0.009344,0.004887,  0,0.130039,-0.000807,  60.677
   181.8,0.009330,0.004884,  0,0.129819,-0.000828,  60.644
   182.0,0.009310,0.004872,  0,0.129490,-0.000794,  60.615
   182.2,0.009296,0.004862,  0,0.129105,-0.000794,  60.590
   182.4,0.009277,0.004848,  0,0.128645,-0.000815,  60.553
   182.6,0.009256,0.004839,  0,0.128362,-0.000780,  60.506
   182.8,0.009230,0.004824,  0,0.128141,-0.000780,  60.468
   183.0,0.009208,0.004810,  0,0.127956,-0.000780,  60.441
   183.2,0.009189,0.004800,  0,0.127829,-0.000780,  60.403
   183.4,0.009165,0.004794,  0,0.127442,-0.000828,  60.369
   183.6,0.009144,0.004786,  0,0.126979,-0.000794,  60.318
   183.8,0.009122,0.004775,  0,0.126452,-0.000815,  60.289
   184.0,0.009104,0.004770,  0,0.126146,-0.000815,  60.258
   184.2,0.009070,0.004760,  0,0.125904,-0.000766,  60.229
   184.4,0.009039,0.004742,  0,0.125729,-0.000787,  60.194
   184.6,0.009006,0.004725,  0,0.125407,-0.000753,  60.149
   184.8,0.008982,0.004713,  0,0.125038,-0.000766,  60.113
   185.0,0.008960,0.004704,  0,0.124615,-0.000801,  60.085
   185.2,0.008949,0.004691,  0,0.124246,-0.000766,  60.059
   185.4,0.008922,0.004687,  0,0.123878,-0.000766,  60.022
   185.6,0.008899,0.004678,  0,0.123505,-0.000801,  59.998
   185.8,0.008870,0.004670,  0,0.123151,-0.000766,  59.948
   186.0,0.008846,0.004660,  0,0.122793,-0.000766,  59.919
   186.2,0.008820,0.004644,  0,0.122436,-0.000801,  59.891
   186.4,0.008794,0.004635,  0,0.122016,-0.000753,  59.854
   186.6,0.008768,0.004625,  0,0.121569,-0.000753,  59.832
   186.8,0.008742,0.004611,  0,0.121083,-0.000787,  59.776
   187.0,0.008711,0.004595,  0,0.120690,-0.000739,  59.744
   187.2,0.008684,0.004580,  0,0.120331,-0.000739,  59.718
   187.4,0.008658,0.004568,  0,0.120002,-0.000774,  59.681
   187.6,0.008632,0.004561,  0,0.119696,-0.000739,  59.653
   187.8,0.008611,0.004549,  0,0.119412,-0.000753,  59.601
   188.0,0.008589,0.004532,  0,0.119153,-0.000774,  59.575
   188.2,0.008568,0.004521,  0,0.118752,-0.000760,  59.538
   188.4,0.008549,0.004503,  0,0.118285,-0.000747,  59.505
   188.6,0.008516,0.004479,  0,0.117761,-0.000768,  59.482
   188.8,0.008478,0.004461,  0,0.117253,-0.000781,  59.451
   189.0,0.008432,0.004437,  0,0.116720,-0.000747,  59.393
   189.2,0.008402,0.004418,  0,0.116161,-0.000768,  59.359
   189.4,0.008378,0.004404,  0,0.115707,-0.000747,  59.323
   189.6,0.008357,0.004396,  0,0.115292,-0.000712,  59.299
   189.8,0.008321,0.004380,  0,0.114920,-0.000733,  59.269
   190.0,0.008287,0.004368,  0,0.114464,-0.000712,  59.206
   190.2,0.008249,0.004356,  0,0.113983,-0.000712,  59.177
   190.4,0.008219,0.004339,  0,0.113476,-0.000733,  59.138
   190.6,0.008188,0.004329,  0,0.112941,-0.000712,  59.113
   190.8,0.008154,0.004310,  0,0.112370,-0.000712,  59.054
   191.0,0.008124,0.004290,  0,0.111777,-0.000733,  59.024
   191.2,0.008093,0.004275,  0,0.111357,-0.000698,  58.994
   191.4,0.008057,0.004255,  0,0.111009,-0.000698,  58.952
   191.6,0.008026,0.004237,  0,0.110749,-0.000698,  58.930
   191.8,0.007995,0.004216,  0,0.110548,-0.000698,  58.871
   192.0,0.007964,0.004197,  0,0.110116,-0.000733,  58.842
   192.2,0.007934,0.004182,  0,0.109630,-0.000712,  58.811
   192.4,0.007903,0.004168,  0,0.109086,-0.000733,  58.774
   192.6,0.007877,0.004157,  0,0.108555,-0.000747,  58.752
   192.8,0.007834,0.004136,  0,0.107988,-0.000712,  58.695
   193.0,0.007791,0.004107,  0,0.107398,-0.000733,  58.669
   193.2,0.007751,0.004079,  0,0.106876,-0.000698,  58.634
   193.4,0.007713,0.004064,  0,0.106380,-0.000684,  58.599
   193.6,0.007682,0.004048,  0,0.105901,-0.000706,  58.575
   193.8,0.007656,0.004039,  0,0.105438,-0.000671,  58.520
   194.0,0.007615,0.004036,  0,0.104987,-0.000671,  58.491
   194.2,0.007578,0.004018,  0,0.104563,-0.000692,  58.461
   194.4,0.007540,0.003996,  0,0.104117,-0.000657,  58.424
   194.6,0.007497,0.003973,  0,0.103662,-0.000671,  58.405
   194.8,0.007461,0.003953,  0,0.103208,-0.000692,  58.352
   195.0,0.007429,0.003934,  0,0.102687,-0.000657,  58.324
   195.2,0.007380,0.003921,  0,0.102129,-0.000671,  58.292
   195.4,0.007344,0.003898,  0,0.101528,-0.000692,  58.251
   195.6,0.007309,0.003877,  0,0.100608,-0.000657,  58.234
   195.8,0.007276,0.003859,  0,0.099516,-0.000671,  58.182
   196.0,0.007238,0.003837,  0,0.098232,-0.000692,  58.156
   196.2,0.007203,0.003813,  0,0.097723,-0.000657,  58.123
   196.4,0.007170,0.003798,  0,0.097514,-0.000671,  58.089
   196.6,0.007135,0.003773,  0,0.097596,-0.000692,  58.068
   196.8,0.007093,0.003751,  0,0.097305,-0.000657,  58.012
   197.0,0.007063,0.003730,  0,0.096970,-0.000671,  57.989
   197.2,0.007024,0.003704,  0,0.096599,-0.000692,  57.964
   197.4,0.006999,0.003677,  0,0.096194,-0.000657,  57.921
   197.6,0.006962,0.003649,  0,0.095757,-0.000657,  57.895
   197.8,0.006916,0.003627,  0,0.095274,-0.000692,  57.845
   198.0,0.006881,0.003608,  0,0.094851,-0.000657,  57.820
   198.2,0.006843,0.003595,  0,0.094438,-0.000657,  57.794
   198.4,0.006807,0.003567,  0,0.094048,-0.000692,  57.758
   198.6,0.006767,0.003546,  0,0.093609,-0.000657,  57.738
   198.8,0.006724,0.003522,  0,0.093140,-0.000671,  57.682
   199.0,0.006684,0.003502,  0,0.092666,-0.000692,  57.655
   199.2,0.006644,0.003481,  0,0.092155,-0.000657,  57.620
   199.4,0.006599,0.003465,  0,0.091610,-0.000671,  57.588
   199.6,0.006561,0.003449,  0,0.091033,-0.000692,  57.567
   199.8,0.006528,0.003426,  0,0.090592,-0.000657,  57.511
   200.0,0.006495,0.003399,  0,0.090205,-0.000671,  57.484
   200.2,0.006459,0.003373,  0,0.089868,-0.000671,  57.457
   200.4,0.006424,0.003351,  0,0.089583,-0.000671,  57.427
   200.6,0.006383,0.003330,  0,0.089113,-0.000719,  57.406
   200.8,0.006348,0.003307,  0,0.088591,-0.000684,  57.354
   201.0,0.006315,0.003291,  0,0.088026,-0.000706,  57.325
   201.2,0.006277,0.003276,  0,0.087535,-0.000706,  57.300
   201.4,0.006231,0.003250,  0,0.087059,-0.000671,  57.265
   201.6,0.006189,0.003227,  0,0.086592,-0.000657,  57.239
   201.8,0.006142,0.003202,  0,0.086124,-0.000657,  57.184
   202.0,0.006098,0.003183,  0,0.085656,-0.000636,  57.161
   202.2,0.006065,0.003164,  0,0.085190,-0.000622,  57.127
   202.4,0.006040,0.003147,  0,0.084709,-0.000657,  57.096
   202.6,0.006007,0.003132,  0,0.084222,-0.000636,  57.075
   202.8,0.005967,0.003109,  0,0.083733,-0.000657,  57.023
   203.0,0.005925,0.003092,  0,0.083262,-0.000657,  56.996
   203.2,0.005890,0.003074,  0,0.082802,-0.000671,  56.966
   203.4,0.005850,0.003053,  0,0.082356,-0.000692,  56.937
   203.6,0.005804,0.003036,  0,0.081855,-0.000657,  56.915
   203.8,0.005769,0.003019,  0,0.081330,-0.000671,  56.887
   204.0,0.005738,0.002995,  0,0.080786,-0.000657,  56.834
   204.2,0.005707,0.002979,  0,0.079977,-0.000671,  56.809
   204.4,0.005674,0.002955,  0,0.079023,-0.000650,  56.774
   204.6,0.005636,0.002930,  0,0.077923,-0.000636,  56.752
   204.8,0.005594,0.002910,  0,0.077499,-0.000671,  56.722
   205.0,0.005556,0.002889,  0,0.077332,-0.000622,  56.679
   205.2,0.005521,0.002867,  0,0.077423,-0.000657,  56.647
   205.4,0.005483,0.002840,  0,0.077093,-0.000657,  56.613
   205.6,0.005448,0.002818,  0,0.076685,-0.000657,  56.596
   205.8,0.005414,0.002796,  0,0.076191,-0.000692,  56.568
   206.0,0.005389,0.002768,  0,0.075782,-0.000657,  56.520
   206.2,0.005355,0.002745,  0,0.075371,-0.000657,  56.488
   206.4,0.005319,0.002724,  0,0.074956,-0.000692,  56.461
   206.6,0.005282,0.002705,  0,0.074533,-0.000657,  56.444
   206.8,0.005247,0.002689,  0,0.074108,-0.000657,  56.420
   207.0,0.005213,0.002666,  0,0.073671,-0.000657,  56.372
   207.2,0.005179,0.002650,  0,0.073290,-0.000671,  56.347
   207.4,0.005146,0.002629,  0,0.072942,-0.000650,  56.315
   207.6,0.005103,0.002608,  0,0.072602,-0.000636,  56.298
   207.8,0.005065,0.002592,  0,0.072065,-0.000671,  56.270
   208.0,0.005023,0.002579,  0,0.071447,-0.000636,  56.247
   208.2,0.004989,0.002555,  0,0.070733,-0.000622,  56.198
   208.4,0.004958,0.002536,  0,0.070279,-0.000657,  56.170
   208.6,0.004922,0.002516,  0,0.069901,-0.000636,  56.154
   208.8,0.004881,0.002494,  0,0.069610,-0.000657,  56.127
   209.0,0.004850,0.002472,  0,0.069281,-0.000657,  56.104
   209.2,0.004817,0.002456,  0,0.068973,-0.000671,  56.054
   209.4,0.004784,0.002435,  0,0.068689,-0.000671,  56.022
   209.6,0.004749,0.002411,  0,0.068422,-0.000692,  56.004
   209.8,0.004719,0.002391,  0,0.068003,-0.000692,  55.982
   210.0,0.004691,0.002369,  0,0.067532,-0.000643,  55.953
   210.2,0.004651,0.002344,  0,0.067008,-0.000665,  55.930
   210.4,0.004606,0.002322,  0,0.066599,-0.000678,  55.870
   210.6,0.004567,0.002303,  0,0.066219,-0.000643,  55.853
   210.8,0.004534,0.002283,  0,0.065863,-0.000678,  55.830
   211.0,0.004504,0.002269,  0,0.065452,-0.000643,  55.805
   211.2,0.004471,0.002251,  0,0.065040,-0.000643,  55.778
   211.4,0.004435,0.002230,  0,0.064601,-0.000692,  55.731
   211.6,0.004405,0.002209,  0,0.064229,-0.000657,  55.710
   211.8,0.004373,0.002192,  0,0.063874,-0.000657,  55.682
   212.0,0.004335,0.002174,  0,0.063542,-0.000706,  55.659
   212.2,0.004285,0.002158,  0,0.063035,-0.000671,  55.634
   212.4,0.004247,0.002147,  0,0.062441,-0.000657,  55.578
   212.6,0.004219,0.002128,  0,0.061772,-0.000692,  55.554
   212.8,0.004193,0.002110,  0,0.061352,-0.000657,  55.528
   213.0,0.004162,0.002093,  0,0.061008,-0.000657,  55.504
   213.2,0.004132,0.002075,  0,0.060751,-0.000657,  55.477
   213.4,0.004104,0.002057,  0,0.060422,-0.000657,  55.448
   213.6,0.004079,0.002033,  0,0.060087,-0.000622,  55.408
   213.8,0.004046,0.002010,  0,0.059761,-0.000622,  55.384
   214.0,0.004007,0.001995,  0,0.059266,-0.000657,  55.359
   214.2,0.003975,0.001977,  0,0.058685,-0.000622,  55.333
   214.4,0.003942,0.001953,  0,0.058024,-0.000609,  55.301
   214.6,0.003904,0.001931,  0,0.057628,-0.000643,  55.258
   214.8,0.003878,0.001908,  0,0.057316,-0.000609,  55.238
   215.0,0.003855,0.001886,  0,0.057091,-0.000630,  55.219
   215.2,0.003838,0.001868,  0,0.056788,-0.000630,  55.197
   215.4,0.003819,0.001860,  0,0.056480,-0.000643,  55.164
   215.6,0.003789,0.001841,  0,0.056171,-0.000692,  55.126
   215.8,0.003753,0.001826,  0,0.055835,-0.000657,  55.105
   216.0,0.003710,0.001809,  0,0.055477,-0.000657,  55.077
   216.2,0.003671,0.001787,  0,0.055104,-0.000706,  55.054
   216.4,0.003628,0.001769,  0,0.054726,-0.000671,  55.028
   216.6,0.003602,0.001748,  0,0.054348,-0.000657,  55.005
   216.8,0.003579,0.001731,  0,0.053959,-0.000692,  54.956
   217.0,0.003548,0.001713,  0,0.053586,-0.000657,  54.935
   217.2,0.003525,0.001694,  0,0.053222,-0.000657,  54.911
   217.4,0.003503,0.001679,  0,0.052864,-0.000692,  54.882
   217.6,0.003472,0.001663,  0,0.052563,-0.000657,  54.869
   217.8,0.003436,0.001648,  0,0.052292,-0.000671,  54.822
   218.0,0.003408,0.001626,  0,0.052066,-0.000671,  54.798
   218.2,0.003382,0.001609,  0,0.051858,-0.000657,  54.777
   218.4,0.003354,0.001594,  0,0.051546,-0.000692,  54.750
   218.6,0.003323,0.001572,  0,0.051216,-0.000643,  54.733
   218.8,0.003293,0.001555,  0,0.050862,-0.000665,  54.703
   219.0,0.003258,0.001535,  0,0.050338,-0.000665,  54.657
   219.2,0.003232,0.001516,  0,0.049714,-0.000630,  54.635
   219.4,0.003208,0.001508,  0,0.048994,-0.000665,  54.604
   219.6,0.003185,0.001500,  0,0.048494,-0.000616,  54.595
   219.8,0.003159,0.001481,  0,0.048058,-0.000630,  54.570
   220.0,0.003128,0.001459,  0,0.047671,-0.000665,  54.545
   220.2,0.003093,0.001436,  0,0.047383,-0.000630,  54.504
   220.4,0.003060,0.001417,  0,0.047177,-0.000643,  54.473
   220.6,0.003025,0.001402,  0,0.047046,-0.000678,  54.458
   220.8,0.002987,0.001388,  0,0.046842,-0.000643,  54.431
   221.0,0.002957,0.001382,  0,0.046641,-0.000643,  54.408
   221.2,0.002929,0.001363,  0,0.046439,-0.000692,  54.367
   221.4,0.002908,0.001352,  0,0.046211,-0.000657,  54.339
   221.6,0.002869,0.001335,  0,0.045971,-0.000657,  54.319
   221.8,0.002846,0.001316,  0,0.045714,-0.000706,  54.299
   222.0,0.002820,0.001304,  0,0.045441,-0.000671,  54.274
   222.2,0.002797,0.001289,  0,0.045147,-0.000657,  54.253
   222.4,0.002773,0.001272,  0,0.044839,-0.000692,  54.198
   222.6,0.002755,0.001262,  0,0.044539,-0.000657,  54.186
   222.8,0.002729,0.001255,  0,0.044238,-0.000657,  54.165
   223.0,0.002698,0.001235,  0,0.043935,-0.000692,  54.138
   223.2,0.002665,0.001213,  0,0.043525,-0.000657,  54.119
   223.4,0.002643,0.001195,  0,0.043045,-0.000657,  54.068
   223.6,0.002617,0.001178,  0,0.042521,-0.000692,  54.053
   223.8,0.002611,0.001162,  0,0.042189,-0.000657,  54.028
   224.0,0.002595,0.001151,  0,0.041923,-0.000657,  54.004
   224.2,0.002574,0.001132,  0,0.041723,-0.000692,  53.984
   224.4,0.002548,0.001116,  0,0.041487,-0.000657,  53.953
   224.6,0.002520,0.001100,  0,0.041271,-0.000657,  53.917
   224.8,0.002492,0.001081,  0,0.041069,-0.000692,  53.893
   225.0,0.002458,0.001064,  0,0.040786,-0.000657,  53.872
   225.2,0.002425,0.001054,  0,0.040482,-0.000657,  53.849
   225.4,0.002397,0.001038,  0,0.040140,-0.000692,  53.822
   225.6,0.002374,0.001023,  0,0.039689,-0.000657,  53.804
   225.8,0.002356,0.001009,  0,0.039171,-0.000657,  53.761
   226.0,0.002335,0.000997,  0,0.038575,-0.000692,  53.736
   226.2,0.002314,0.000984,  0,0.038285,-0.000657,  53.713
   226.4,0.002290,0.000978,  0,0.038111,-0.000657,  53.686
   226.6,0.002269,0.000964,  0,0.038051,-0.000692,  53.669
   226.8,0.002243,0.000944,  0,0.037869,-0.000657,  53.624
   227.0,0.002221,0.000933,  0,0.037686,-0.000657,  53.605
   227.2,0.002198,0.000915,  0,0.037496,-0.000657,  53.584
   227.4,0.002172,0.000902,  0,0.037308,-0.000657,  53.548
   227.6,0.002152,0.000888,  0,0.037133,-0.000643,  53.534
   227.8,0.002131,0.000873,  0,0.036957,-0.000622,  53.490
   228.0,0.002110,0.000859,  0,0.036786,-0.000643,  53.469
   228.2,0.002093,0.000853,  0,0.036534,-0.000643,  53.442
   228.4,0.002072,0.000843,  0,0.036243,-0.000657,  53.419
   228.6,0.002051,0.000827,  0,0.035920,-0.000678,  53.399
   228.8,0.002030,0.000819,  0,0.035688,-0.000643,  53.375
   229.0,0.002012,0.000807,  0,0.035496,-0.000643,  53.335
   229.2,0.001986,0.000799,  0,0.035329,-0.000665,  53.311
   229.4,0.001956,0.000784,  0,0.035070,-0.000630,  53.280
   229.6,0.001935,0.000776,  0,0.034791,-0.000643,  53.264
   229.8,0.001911,0.000762,  0,0.034485,-0.000678,  53.239
   230.0,0.001884,0.000754,  0,0.034269,-0.000643,  53.202
   230.2,0.001858,0.000742,  0,0.034076,-0.000643,  53.171
   230.4,0.001829,0.000729,  0,0.033902,-0.000657,  53.141
   230.6,0.001816,0.000715,  0,0.033661,-0.000657,  53.120
   230.8,0.001798,0.000701,  0,0.033397,-0.000636,  53.100
   231.0,0.001781,0.000689,  0,0.033107,-0.000622,  53.078
   231.2,0.001770,0.000677,  0,0.032819,-0.000657,  53.038
   231.4,0.001751,0.000671,  0,0.032511,-0.000609,  53.009
   231.6,0.001730,0.000657,  0,0.032195,-0.000595,  52.993
   231.8,0.001707,0.000641,  0,0.031980,-0.000630,  52.963
   232.0,0.001688,0.000630,  0,0.031800,-0.000609,  52.942
   232.2,0.001671,0.000618,  0,0.031667,-0.000622,  52.899
   232.4,0.001662,0.000605,  0,0.031471,-0.000657,  52.869
   232.6,0.001651,0.000594,  0,0.031262,-0.000622,  52.851
   232.8,0.001634,0.000580,  0,0.031046,-0.000657,  52.827
   233.0,0.001616,0.000572,  0,0.030806,-0.000643,  52.799
   233.2,0.001592,0.000560,  0,0.030552,-0.000630,  52.758
   233.4,0.001571,0.000545,  0,0.030287,-0.000651,  52.729
   233.6,0.001550,0.000533,  0,0.030071,-0.000603,  52.710
   233.8,0.001522,0.000520,  0,0.029874,-0.000630,  52.688
   234.0,0.001506,0.000506,  0,0.029703,-0.000665,  52.664
   234.2,0.001489,0.000498,  0,0.029517,-0.000616,  52.616
   234.4,0.001475,0.000495,  0,0.029327,-0.000616,  52.587
   234.6,0.001464,0.000483,  0,0.029155,-0.000651,  52.567
   234.8,0.001446,0.000475,  0,0.028925,-0.000616,  52.542
   235.0,0.001425,0.000467,  0,0.028669,-0.000630,  52.515
   235.2,0.001406,0.000456,  0,0.028392,-0.000630,  52.473
   235.4,0.001387,0.000445,  0,0.028188,-0.000616,  52.439
   235.6,0.001363,0.000431,  0,0.028014,-0.000665,  52.422
   235.8,0.001347,0.000419,  0,0.027858,-0.000643,  52.394
   236.0,0.001330,0.000406,  0,0.027727,-0.000665,  52.351
   236.2,0.001319,0.000393,  0,0.027566,-0.000665,  52.319
   236.4,0.001303,0.000384,  0,0.027397,-0.000630,  52.297
   236.6,0.001281,0.000376,  0,0.027236,-0.000630,  52.272
   236.8,0.001262,0.000373,  0,0.027042,-0.000630,  52.249
   237.0,0.001245,0.000367,  0,0.026828,-0.000609,  52.210
   237.2,0.001223,0.000354,  0,0.026596,-0.000609,  52.185
   237.4,0.001217,0.000342,  0,0.026413,-0.000630,  52.150
   237.6,0.001206,0.000328,  0,0.026237,-0.000595,  52.136
   237.8,0.001188,0.000316,  0,0.026075,-0.000595,  52.107
   238.0,0.001170,0.000309,  0,0.025927,-0.000630,  52.068
   238.2,0.001156,0.000300,  0,0.025793,-0.000609,  52.043
   238.4,0.001142,0.000295,  0,0.025663,-0.000609,  52.011
   238.6,0.001125,0.000292,  0,0.025464,-0.000643,  51.996
   238.8,0.001105,0.000292,  0,0.025247,-0.000609,  51.971
   239.0,0.001089,0.000285,  0,0.025000,-0.000609,  51.923
   239.2,0.001078,0.000279,  0,0.024812,-0.000630,  51.901
   239.4,0.001064,0.000273,  0,0.024644,-0.000581,  51.870
   239.6,0.001045,0.000262,  0,0.024495,-0.000603,  51.856
   239.8,0.001026,0.000255,  0,0.024172,-0.000637,  51.837
   240.0,0.001015,0.000249,  0,0.023776,-0.000624,  51.790
   240.2,0.001001,0.000235,  0,0.023299,-0.000658,  51.760
   240.4,0.000989,0.000227,  0,0.023028,-0.000658,  51.730
   240.6,0.000977,0.000217,  0,0.022825,-0.000637,  51.711
   240.8,0.000958,0.000205,  0,0.022681,-0.000672,  51.689
   241.0,0.000944,0.000196,  0,0.022581,-0.000637,  51.646
   241.2,0.000932,0.000191,  0,0.022534,-0.000630,  51.618
   241.4,0.000917,0.000177,  0,0.022533,-0.000630,  51.590
   241.6,0.000917,0.000170,  0,0.022444,-0.000616,  51.576
   241.8,0.000907,0.000161,  0,0.022321,-0.000595,  51.533
   242.0,0.000893,0.000150,  0,0.022182,-0.000630,  51.511
   242.2,0.000877,0.000140,  0,0.022103,-0.000616,  51.488
   242.4,0.000858,0.000136,  0,0.022039,-0.000630,  51.458
   242.6,0.000849,0.000127,  0,0.021987,-0.000665,  51.433
   242.8,0.000838,0.000120,  0,0.021888,-0.000616,  51.398
   243.0,0.000824,0.000112,  0,0.021781,-0.000630,  51.375
   243.2,0.000812,0.000106,  0,0.021660,-0.000665,  51.350
   243.4,0.000800,0.000098,  0,0.021525,-0.000616,  51.321
   243.6,0.000781,0.000096,  0,0.021392,-0.000616,  51.305
   243.8,0.000762,0.000090,  0,0.021239,-0.000651,  51.261
   244.0,0.000745,0.000083,  0,0.021099,-0.000616,  51.236
   244.2,0.000730,0.000078,  0,0.020959,-0.000616,  51.214
   244.4,0.000723,0.000065,  0,0.020822,-0.000616,  51.184
   244.6,0.000714,0.000060,  0,0.020684,-0.000616,  51.166
   244.8,0.000710,0.000053,  0,0.020505,-0.000651,  51.125
   245.0,0.000701,0.000042,  0,0.020316,-0.000630,  51.104
   245.2,0.000687,0.000033,  0,0.020111,-0.000651,  51.080
   245.4,0.000675,0.000026,  0,0.019962,-0.000651,  51.053
   245.6,0.000653,0.000016,  0,0.019836,-0.000630,  51.038
   245.8,0.000643,0.000007,  0,0.019726,-0.000665,  51.009
   246.0,0.000629,0.000003,  0,0.019621,-0.000603,  50.974
   246.2,0.000615,-0.000004,  0,0.019520,-0.000603,  50.952
   246.4,0.000601,-0.000016,  0,0.019437,-0.000637,  50.921
   246.6,0.000588,-0.000024,  0,0.019280,-0.000589,  50.902
   246.8,0.000576,-0.000029,  0,0.019091,-0.000603,  50.860
   247.0,0.000562,-0.000033,  0,0.018862,-0.000637,  50.842
   247.2,0.000547,-0.000039,  0,0.018735,-0.000589,  50.813
   247.4,0.000532,-0.000042,  0,0.018638,-0.000603,  50.790
   247.6,0.000520,-0.000051,  0,0.018561,-0.000637,  50.766
   247.8,0.000522,-0.000052,  0,0.018472,-0.000589,  50.726
   248.0,0.000516,-0.000055,  0,0.018400,-0.000603,  50.705
   248.2,0.000502,-0.000063,  0,0.018329,-0.000637,  50.681
   248.4,0.000485,-0.000063,  0,0.018225,-0.000589,  50.650
   248.6,0.000484,-0.000063,  0,0.018098,-0.000603,  50.631
   248.8,0.000479,-0.000070,  0,0.017962,-0.000637,  50.586
   249.0,0.000474,-0.000075,  0,0.017823,-0.000589,  50.562
   249.2,0.000469,-0.000084,  0,0.017676,-0.000603,  50.547
   249.4,0.000457,-0.000087,  0,0.017526,-0.000637,  50.518
   249.6,0.000448,-0.000092,  0,0.017265,-0.000589,  50.482
   249.8,0.000436,-0.000090,  0,0.016939,-0.000603,  50.454
   250.0,0.000421,-0.000093,  0,0.016553,-0.000637,  50.435
   250.2,0.000411,-0.000095,  0,0.016069,-0.000589,  50.403
   250.4,0.000402,-0.000099,  0,0.015504,-0.000603,  50.382
   250.6,0.000387,-0.000110,  0,0.014850,-0.000624,  50.347
   250.8,0.000383,-0.000117,  0,0.014804,-0.000575,  50.325
   251.0,0.000372,-0.000127,  0,0.015025,-0.000575,  50.300
   251.2,0.000362,-0.000134,  0,0.015508,-0.000596,  50.274
   251.4,0.000353,-0.000142,  0,0.015624,-0.000575,  50.246
   251.6,0.000344,-0.000145,  0,0.015698,-0.000589,  50.211
   251.8,0.000338,-0.000152,  0,0.015730,-0.000610,  50.185
   252.0,0.000330,-0.000154,  0,0.015735,-0.000589,  50.165
   252.2,0.000326,-0.000159,  0,0.015703,-0.000589,  50.144
   252.4,0.000312,-0.000164,  0,0.015627,-0.000610,  50.114
   252.6,0.000297,-0.000173,  0,0.015604,-0.000589,  50.081
   252.8,0.000280,-0.000179,  0,0.015576,-0.000589,  50.062
   253.0,0.000270,-0.000190,  0,0.015549,-0.000610,  50.037
   253.2,0.000260,-0.000197,  0,0.015427,-0.000575,  50.011
   253.4,0.000257,-0.000203,  0,0.015259,-0.000575,  49.987
   253.6,0.000247,-0.000209,  0,0.015047,-0.000575,  49.951
   253.8,0.000240,-0.000214,  0,0.014939,-0.000575,  49.931
   254.0,0.000234,-0.000215,  0,0.014862,-0.000610,  49.909
   254.2,0.000219,-0.000224,  0,0.014816,-0.000589,  49.890
   254.4,0.000212,-0.000234,  0,0.014793,-0.000624,  49.864
   254.6,0.000205,-0.000239,  0,0.014700,-0.000624,  49.833
   254.8,0.000191,-0.000247,  0,0.014591,-0.000589,  49.810
   255.0,0.000181,-0.000253,  0,0.014471,-0.000610,  49.789
   255.2,0.000172,-0.000259,  0,0.014407,-0.000589,  49.765
   255.4,0.000165,-0.000267,  0,0.014361,-0.000589,  49.718
   255.6,0.000158,-0.000269,  0,0.014342,-0.000610,  49.706
   255.8,0.000152,-0.000268,  0,0.014285,-0.000589,  49.683
   256.0,0.000147,-0.000270,  0,0.014229,-0.000589,  49.659
   256.2,0.000135,-0.000279,  0,0.014162,-0.000610,  49.640
   256.4,0.000122,-0.000279,  0,0.014061,-0.000575,  49.609
   256.6,0.000107,-0.000283,  0,0.013936,-0.000575,  49.581
   256.8,0.000096,-0.000285,  0,0.013790,-0.000596,  49.556
   257.0,0.000095,-0.000285,  0,0.013592,-0.000562,  49.535
   257.2,0.000093,-0.000287,  0,0.013354,-0.000575,  49.511
   257.4,0.000089,-0.000293,  0,0.013087,-0.000596,  49.483
   257.6,0.000084,-0.000295,  0,0.013005,-0.000562,  49.451
   257.8,0.000079,-0.000300,  0,0.013006,-0.000575,  49.428
   258.0,0.000075,-0.000306,  0,0.013078,-0.000596,  49.410
   258.2,0.000058,-0.000309,  0,0.013076,-0.000562,  49.384
   258.4,0.000051,-0.000309,  0,0.013066,-0.000575,  49.344
   258.6,0.000046,-0.000314,  0,0.013052,-0.000596,  49.325
   258.8,0.000044,-0.000318,  0,0.012961,-0.000575,  49.301
   259.0,0.000043,-0.000321,  0,0.012819,-0.000589,  49.284
   259.2,0.000036,-0.000330,  0,0.012635,-0.000610,  49.260
   259.4,0.000021,-0.000341,  0,0.012307,-0.000575,  49.210
   259.6,0.000014,-0.000348,  0,0.011882,-0.000575,  49.194
   259.8,0.000009,-0.000357,  0,0.011374,-0.000596,  49.175
   260.0,0.000008,-0.000360,  0,0.011301,-0.000562,  49.152
   260.2,0.000001,-0.000359,  0,0.011395,-0.000575,  49.129
   260.4,-0.000004,-0.000366,  0,0.011668,-0.000596,  49.081
   260.6,-0.000011,-0.000368,  0,0.011750,-0.000562,  49.063
   260.8,-0.000018,-0.000369,  0,0.011821,-0.000575,  49.041
   261.0,-0.000030,-0.000368,  0,0.011886,-0.000596,  49.022
   261.2,-0.000040,-0.000366,  0,0.011870,-0.000562,  48.997
   261.4,-0.000048,-0.000360,  0,0.011805,-0.000562,  48.954
   261.6,-0.000058,-0.000365,  0,0.011691,-0.000583,  48.931
   261.8,-0.000061,-0.000374,  0,0.011611,-0.000562,  48.911
   262.0,-0.000058,-0.000384,  0,0.011526,-0.000562,  48.889
   262.2,-0.000073,-0.000389,  0,0.011428,-0.000548,  48.852
   262.4,-0.000075,-0.000393,  0,0.011383,-0.000575,  48.823
   262.6,-0.000085,-0.000388,  0,0.011366,-0.000554,  48.808
   262.8,-0.000089,-0.000390,  0,0.011368,-0.000554,  48.788
   263.0,-0.000096,-0.000398,  0,0.011396,-0.000540,  48.765
   263.2,-0.000098,-0.000401,  0,0.011366,-0.000575,  48.728
   263.4,-0.000097,-0.000406,  0,0.011329,-0.000562,  48.700
   263.6,-0.000102,-0.000416,  0,0.011292,-0.000583,  48.685
   263.8,-0.000112,-0.000424,  0,0.011231,-0.000583,  48.660
   264.0,-0.000122,-0.000430,  0,0.011158,-0.000534,  48.623
   264.2,-0.000134,-0.000431,  0,0.011070,-0.000569,  48.602
   264.4,-0.000144,-0.000433,  0,0.010962,-0.000534,  48.580
   264.6,-0.000146,-0.000437,  0,0.010837,-0.000548,  48.558
   264.8,-0.000151,-0.000444,  0,0.010693,-0.000569,  48.542
   265.0,-0.000145,-0.000446,  0,0.010637,-0.000548,  48.502
   265.2,-0.000146,-0.000448,  0,0.010621,-0.000562,  48.477
   265.4,-0.000155,-0.000446,  0,0.010634,-0.000583,  48.453
   265.6,-0.000172,-0.000450,  0,0.010369,-0.000548,  48.434
   265.8,-0.000179,-0.000443,  0,0.009982,-0.000548,  48.415
   266.0,-0.000184,-0.000447,  0,0.009472,-0.000569,  48.393
   266.2,-0.000186,-0.000453,  0,0.009425,-0.000534,  48.357
   266.4,-0.000189,-0.000462,  0,0.009537,-0.000548,  48.328
   266.6,-0.000193,-0.000461,  0,0.009814,-0.000569,  48.314
   266.8,-0.000195,-0.000462,  0,0.009870,-0.000548,  48.289
   267.0,-0.000203,-0.000457,  0,0.009894,-0.000562,  48.259
   267.2,-0.000207,-0.000461,  0,0.009886,-0.000548,  48.233
   267.4,-0.000207,-0.000469,  0,0.009911,-0.000562,  48.208
   267.6,-0.000214,-0.000472,  0,0.009931,-0.000540,  48.192
   267.8,-0.000211,-0.000474,  0,0.009959,-0.000527,  48.176
   268.0,-0.000211,-0.000477,  0,0.009901,-0.000562,  48.132
   268.2,-0.000221,-0.000480,  0,0.009784,-0.000540,  48.112
   268.4,-0.000225,-0.000486,  0,0.009626,-0.000527,  48.090
   268.6,-0.000238,-0.000488,  0,0.009253,-0.000562,  48.073
   268.8,-0.000248,-0.000492,  0,0.008753,-0.000527,  48.053
   269.0,-0.000250,-0.000498,  0,0.008112,-0.000513,  48.015
   269.2,-0.000260,-0.000499,  0,0.008069,-0.000548,  47.991
   269.4,-0.000265,-0.000500,  0,0.008265,-0.000513,  47.964
   269.6,-0.000272,-0.000505,  0,0.008686,-0.000534,  47.946
   269.8,-0.000276,-0.000510,  0,0.008811,-0.000534,  47.911
   270.0,-0.000290,-0.000518,  0,0.008898,-0.000548,  47.893
   270.2,-0.000289,-0.000524,  0,0.008954,-0.000569,  47.867
   270.4,-0.000291,-0.000526,  0,0.008980,-0.000548,  47.842
   270.6,-0.000291,-0.000526,  0,0.008968,-0.000575,  47.825
   270.8,-0.000288,-0.000529,  0,0.008915,-0.000596,  47.789
   271.0,-0.000295,-0.000532,  0,0.008921,-0.000562,  47.769
   271.2,-0.000302,-0.000528,  0,0.008943,-0.000575,  47.745
   271.4,-0.000312,-0.000531,  0,0.008966,-0.000596,  47.716
   271.6,-0.000319,-0.000534,  0,0.008750,-0.000548,  47.685
   271.8,-0.000324,-0.000539,  0,0.008415,-0.000548,  47.661
   272.0,-0.000332,-0.000544,  0,0.007962,-0.000548,  47.640
   272.2,-0.000339,-0.000544,  0,0.007390,-0.000534,  47.621
   272.4,-0.000343,-0.000551,  0,0.007405,-0.000569,  47.590
   272.6,-0.000353,-0.000560,  0,0.007573,-0.000548,  47.557
   272.8,-0.000356,-0.000562,  0,0.007908,-0.000583,  47.538
   273.0,-0.000357,-0.000565,  0,0.007993,-0.000583,  47.518
   273.2,-0.000357,-0.000566,  0,0.008037,-0.000562,  47.498
   273.4,-0.000361,-0.000570,  0,0.008034,-0.000583,  47.469
   273.6,-0.000366,-0.000573,  0,0.008068,-0.000562,  47.437
   273.8,-0.000365,-0.000574,  0,0.008107,-0.000562,  47.419
   274.0,-0.000377,-0.000580,  0,0.008130,-0.000583,  47.396
   274.2,-0.000391,-0.000589,  0,0.008129,-0.000562,  47.372
   274.4,-0.000394,-0.000591,  0,0.008115,-0.000562,  47.324
   274.6,-0.000396,-0.000596,  0,0.008075,-0.000583,  47.313
   274.8,-0.000396,-0.000594,  0,0.008012,-0.000562,  47.280
   275.0,-0.000398,-0.000592,  0,0.007925,-0.000562,  47.266
   275.2,-0.000403,-0.000595,  0,0.007812,-0.000583,  47.240
   275.4,-0.000405,-0.000591,  0,0.007788,-0.000562,  47.198
   275.6,-0.000415,-0.000594,  0,0.007794,-0.000562,  47.182
   275.8,-0.000419,-0.000596,  0,0.007822,-0.000548,  47.164
   276.0,-0.000424,-0.000601,  0,0.007764,-0.000575,  47.145
   276.2,-0.000426,-0.000603,  0,0.007682,-0.000554,  47.106
   276.4,-0.000429,-0.000609,  0,0.007569,-0.000540,  47.077
   276.6,-0.000431,-0.000612,  0,0.007569,-0.000575,  47.057
   276.8,-0.000431,-0.000611,  0,0.007612,-0.000540,  47.039
   277.0,-0.000433,-0.000613,  0,0.007703,-0.000562,  47.003
   277.2,-0.000438,-0.000611,  0,0.007718,-0.000562,  46.983
   277.4,-0.000446,-0.000605,  0,0.007711,-0.000575,  46.950
   277.6,-0.000448,-0.000605,  0,0.007675,-0.000596,  46.936
   277.8,-0.000450,-0.000611,  0,0.007627,-0.000562,  46.917
   278.0,-0.000453,-0.000615,  0,0.007562,-0.000575,  46.877
   278.2,-0.000460,-0.000620,  0,0.007469,-0.000596,  46.853
   278.4,-0.000460,-0.000627,  0,0.007377,-0.000562,  46.825
   278.6,-0.000464,-0.000629,  0,0.007273,-0.000562,  46.814
   278.8,-0.000464,-0.000629,  0,0.007166,-0.000583,  46.771
   279.0,-0.000467,-0.000631,  0,0.007107,-0.000562,  46.758
   279.2,-0.000469,-0.000623,  0,0.007070,-0.000562,  46.734
   279.4,-0.000466,-0.000622,  0,0.007056,-0.000583,  46.706
   279.6,-0.000471,-0.000624,  0,0.007016,-0.000548,  46.678
   279.8,-0.000475,-0.000627,  0,0.006984,-0.000548,  46.658
   280.0,-0.000475,-0.000632,  0,0.006948,-0.000569,  46.638
   280.2,-0.000479,-0.000634,  0,0.006925,-0.000548,  46.617
   280.4,-0.000484,-0.000634,  0,0.006916,-0.000562,  46.591
   280.6,-0.000489,-0.000634,  0,0.006914,-0.000583,  46.567
   280.8,-0.000492,-0.000640,  0,0.006849,-0.000562,  46.541
   281.0,-0.000489,-0.000642,  0,0.006759,-0.000562,  46.523
   281.2,-0.000494,-0.000644,  0,0.006642,-0.000562,  46.508
   281.4,-0.000494,-0.000648,  0,0.006498,-0.000548,  46.480
   281.6,-0.000499,-0.000650,  0,0.006494,-0.000596,  46.450
   281.8,-0.000506,-0.000652,  0,0.006537,-0.000562,  46.427
   282.0,-0.000509,-0.000657,  0,0.006618,-0.000583,  46.406
   282.2,-0.000513,-0.000659,  0,0.006607,-0.000596,  46.386
   282.4,-0.000523,-0.000665,  0,0.006569,-0.000548,  46.361
   282.6,-0.000528,-0.000670,  0,0.006498,-0.000569,  46.333
   282.8,-0.000530,-0.000671,  0,0.006462,-0.000534,  46.303
   283.0,-0.000529,-0.000673,  0,0.006431,-0.000548,  46.279
   283.2,-0.000528,-0.000678,  0,0.006397,-0.000534,  46.260
   283.4,-0.000529,-0.000673,  0,0.006373,-0.000548,  46.215
   283.6,-0.000531,-0.000673,  0,0.006348,-0.000527,  46.202
   283.8,-0.000532,-0.000678,  0,0.006334,-0.000513,  46.178
   284.0,-0.000535,-0.000675,  0,0.006351,-0.000562,  46.155
   284.2,-0.000546,-0.000672,  0,0.006381,-0.000540,  46.117
   284.4,-0.000548,-0.000674,  0,0.006425,-0.000540,  46.093
   284.6,-0.000553,-0.000675,  0,0.006411,-0.000540,  46.075
   284.8,-0.000555,-0.000676,  0,0.006370,-0.000533,  46.055
   285.0,-0.000558,-0.000680,  0,0.006305,-0.000519,  46.032
   285.2,-0.000555,-0.000678,  0,0.006249,-0.000540,  45.994
   285.4,-0.000555,-0.000677,  0,0.006182,-0.000540,  45.969
   285.6,-0.000555,-0.000678,  0,0.006106,-0.000527,  45.950
   285.8,-0.000558,-0.000682,  0,0.006058,-0.000562,  45.932
   286.0,-0.000560,-0.000678,  0,0.006021,-0.000527,  45.894
   286.2,-0.000560,-0.000681,  0,0.005985,-0.000513,  45.873
   286.4,-0.000559,-0.000681,  0,0.005940,-0.000562,  45.849
   286.6,-0.000558,-0.000681,  0,0.005901,-0.000540,  45.829
   286.8,-0.000566,-0.000687,  0,0.005848,-0.000562,  45.795
   287.0,-0.000568,-0.000685,  0,0.005812,-0.000562,  45.773
   287.2,-0.000571,-0.000688,  0,0.005786,-0.000562,  45.750
   287.4,-0.000573,-0.000689,  0,0.005769,-0.000583,  45.722
   287.6,-0.000575,-0.000689,  0,0.005767,-0.000548,  45.696
   287.8,-0.000575,-0.000686,  0,0.005777,-0.000548,  45.680
   288.0,-0.000575,-0.000686,  0,0.005807,-0.000569,  45.656
   288.2,-0.000578,-0.000687,  0,0.005839,-0.000548,  45.635
   288.4,-0.000582,-0.000684,  0,0.005872,-0.000562,  45.609
   288.6,-0.000580,-0.000685,  0,0.005921,-0.000583,  45.581
   288.8,-0.000580,-0.000685,  0,0.005885,-0.000548,  45.558
   289.0,-0.000580,-0.000678,  0,0.005817,-0.000548,  45.538
   289.2,-0.000583,-0.000677,  0,0.005714,-0.000548,  45.516
   289.4,-0.000583,-0.000679,  0,0.005659,-0.000534,  45.477
   289.6,-0.000583,-0.000683,  0,0.005629,-0.000569,  45.458
   289.8,-0.000586,-0.000683,  0,0.005593,-0.000548,  45.434
   290.0,-0.000584,-0.000681,  0,0.005576,-0.000583,  45.418
   290.2,-0.000576,-0.000682,  0,0.005574,-0.000548,  45.378
   290.4,-0.000576,-0.000686,  0,0.005587,-0.000527,  45.353
   290.6,-0.000579,-0.000682,  0,0.005618,-0.000513,  45.337
   290.8,-0.000583,-0.000681,  0,0.005571,-0.000562,  45.313
   291.0,-0.000578,-0.000681,  0,0.005509,-0.000527,  45.282
   291.2,-0.000580,-0.000679,  0,0.005423,-0.000513,  45.264
   291.4,-0.000587,-0.000681,  0,0.005385,-0.000548,  45.238
   291.6,-0.000582,-0.000678,  0,0.005365,-0.000499,  45.218
   291.8,-0.000579,-0.000678,  0,0.005358,-0.000486,  45.199
   292.0,-0.000585,-0.000673,  0,0.005368,-0.000507,  45.168
   292.2,-0.000587,-0.000673,  0,0.005398,-0.000472,  45.139
   292.4,-0.000589,-0.000675,  0,0.005440,-0.000459,  45.114
   292.6,-0.000592,-0.000672,  0,0.005419,-0.000493,  45.106
   292.8,-0.000596,-0.000676,  0,0.005375,-0.000486,  45.065
   293.0,-0.000599,-0.000674,  0,0.005304,-0.000521,  45.043
   293.2,-0.000603,-0.000675,  0,0.005314,-0.000521,  45.023
   293.4,-0.000609,-0.000674,  0,0.005347,-0.000521,  44.999
   293.6,-0.000606,-0.000674,  0,0.005403,-0.000555,  44.969
   293.8,-0.000609,-0.000680,  0,0.005374,-0.000507,  44.944
   294.0,-0.000614,-0.000683,  0,0.005313,-0.000507,  44.925
   294.2,-0.000614,-0.000689,  0,0.005231,-0.000555,  44.907
   294.4,-0.000611,-0.000691,  0,0.005210,-0.000521,  44.879
   294.6,-0.000611,-0.000685,  0,0.005196,-0.000534,  44.848
   294.8,-0.000609,-0.000689,  0,0.005203,-0.000569,  44.833
   295.0,-0.000609,-0.000687,  0,0.004873,-0.000534,  44.812
   295.2,-0.000609,-0.000686,  0,0.004394,-0.000521,  44.787
   295.4,-0.000616,-0.000690,  0,0.003760,-0.000542,  44.754
   295.6,-0.000611,-0.000689,  0,0.003741,-0.000507,  44.736
   295.8,-0.000616,-0.000689,  0,0.003965,-0.000521,  44.714
   296.0,-0.000613,-0.000691,  0,0.004422,-0.000555,  44.700
   296.2,-0.000611,-0.000687,  0,0.004527,-0.000521,  44.664
   296.4,-0.000609,-0.000685,  0,0.004566,-0.000521,  44.634
   296.6,-0.000609,-0.000691,  0,0.004541,-0.000569,  44.619
   296.8,-0.000611,-0.000692,  0,0.004600,-0.000534,  44.596
   297.0,-0.000616,-0.000690,  0,0.004669,-0.000534,  44.559
   297.2,-0.000618,-0.000694,  0,0.004753,-0.000569,  44.534
   297.4,-0.000620,-0.000692,  0,0.004802,-0.000521,  44.504
   297.6,-0.000625,-0.000685,  0,0.004849,-0.000507,  44.474
   297.8,-0.000620,-0.000687,  0,0.004885,-0.000528,  44.452
   298.0,-0.000622,-0.000686,  0,0.004877,-0.000493,  44.426
   298.2,-0.000622,-0.000683,  0,0.004849,-0.000521,  44.401
   298.4,-0.000622,-0.000686,  0,0.004802,-0.000521,  44.361
   298.6,-0.000624,-0.000690,  0,0.004732,-0.000521,  44.344
   298.8,-0.000632,-0.000691,  0,0.004757,-0.000542,  44.316
   299.0,-0.000637,-0.000695,  0,0.004795,-0.000507,  44.289
   299.2,-0.000640,-0.000696,  0,0.004866,-0.000542,  44.252
   299.4,-0.000637,-0.000697,  0,0.004867,-0.000542,  44.217
   299.6,-0.000634,-0.000704,  0,0.004840,-0.000507,  44.206
   299.8,-0.000634,-0.000705,  0,0.004781,-0.000542,  44.181
   300.0,-0.000634,-0.000705,  0,0.004772,-0.000493,  44.142
   300.2,-0.000628,-0.000707,  0,0.004767,-0.000493,  44.110
   300.4,-0.000626,-0.000705,  0,0.004763,-0.000528,  44.083
   300.6,-0.000629,-0.000705,  0,0.004736,-0.000493,  44.050
   300.8,-0.000629,-0.000698,  0,0.004687,-0.000507,  44.029
   301.0,-0.000629,-0.000698,  0,0.004621,-0.000542,  44.003
   301.2,-0.000634,-0.000700,  0,0.004602,-0.000493,  43.967
   301.4,-0.000636,-0.000701,  0,0.004600,-0.000507,  43.940
   301.6,-0.000641,-0.000700,  0,0.004609,-0.000542,  43.920
   301.8,-0.000643,-0.000706,  0,0.004600,-0.000493,  43.900
   302.0,-0.000643,-0.000703,  0,0.004587,-0.000507,  43.868
   302.2,-0.000643,-0.000702,  0,0.004576,-0.000542,  43.845
   302.4,-0.000645,-0.000701,  0,0.004557,-0.000493,  43.817
   302.6,-0.000645,-0.000699,  0,0.004532,-0.000507,  43.802
   302.8,-0.000643,-0.000699,  0,0.004513,-0.000542,  43.769
   303.0,-0.000645,-0.000699,  0,0.004478,-0.000493,  43.743
   303.2,-0.000645,-0.000701,  0,0.004433,-0.000507,  43.721
   303.4,-0.000645,-0.000703,  0,0.004370,-0.000507,  43.698
   303.6,-0.000650,-0.000705,  0,0.003931,-0.000507,  43.666
   303.8,-0.000650,-0.000705,  0,0.003300,-0.000486,  43.647
   304.0,-0.000652,-0.000707,  0,0.002467,-0.000521,  43.628
   304.2,-0.000652,-0.000708,  0,0.002447,-0.000507,  43.607
   304.4,-0.000657,-0.000711,  0,0.002732,-0.000493,  43.565
   304.6,-0.000657,-0.000713,  0,0.003334,-0.000528,  43.551
   304.8,-0.000659,-0.000708,  0,0.003558,-0.000493,  43.533
   305.0,-0.000659,-0.000706,  0,0.003746,-0.000493,  43.504
   305.2,-0.000659,-0.000705,  0,0.003904,-0.000528,  43.474
   305.4,-0.000664,-0.000707,  0,0.004020,-0.000493,  43.453
   305.6,-0.000669,-0.000707,  0,0.004102,-0.000507,  43.436
   305.8,-0.000669,-0.000711,  0,0.004138,-0.000542,  43.412
   306.0,-0.000671,-0.000714,  0,0.004151,-0.000493,  43.381
   306.2,-0.000673,-0.000715,  0,0.004133,-0.000507,  43.365
   306.4,-0.000673,-0.000717,  0,0.004080,-0.000542,  43.340
   306.6,-0.000669,-0.000722,  0,0.004063,-0.000493,  43.310
   306.8,-0.000666,-0.000716,  0,0.004046,-0.000507,  43.292
   307.0,-0.000666,-0.000717,  0,0.004019,-0.000507,  43.274
   307.2,-0.000664,-0.000717,  0,0.003992,-0.000507,  43.251
   307.4,-0.000666,-0.000718,  0,0.003970,-0.000507,  43.231
   307.6,-0.000664,-0.000718,  0,0.003941,-0.000472,  43.202
   307.8,-0.000662,-0.000709,  0,0.003914,-0.000493,  43.185
   308.0,-0.000659,-0.000707,  0,0.003934,-0.000459,  43.167
   308.2,-0.000657,-0.000705,  0,0.003974,-0.000459,  43.145
   308.4,-0.000652,-0.000704,  0,0.004038,-0.000493,  43.105
   308.6,-0.000646,-0.000701,  0,0.004061,-0.000493,  43.088
   308.8,-0.000647,-0.000701,  0,0.004073,-0.000493,  43.070
   309.0,-0.000642,-0.000702,  0,0.004068,-0.000528,  43.051
   309.2,-0.000642,-0.000698,  0,0.004068,-0.000493,  43.024
   309.4,-0.000645,-0.000697,  0,0.004065,-0.000493,  43.006
   309.6,-0.000639,-0.000697,  0,0.004052,-0.000514,  42.992
   309.8,-0.000642,-0.000699,  0,0.004053,-0.000480,  42.973
   310.0,-0.000649,-0.000695,  0,0.004056,-0.000466,  42.953
   310.2,-0.000646,-0.000695,N/A,0.004061,-0.000487,  42.927
   310.4,-0.000651,-0.000695,N/A,0.004066,-0.000466,  42.905
   310.6,-0.000659,-0.000695,N/A,0.004061,-0.000466,  42.890
   310.8,-0.000650,-0.000695,N/A,0.004045,-0.000487,  42.867
   311.0,-0.000649,-0.000694,N/A,0.004065,-0.000466,  42.841
   311.2,-0.000652,-0.000695,N/A,0.004100,-0.000466,  42.826
   311.4,-0.000645,-0.000697,N/A,0.004147,-0.000487,  42.803
   311.6,-0.000642,-0.000691,N/A,0.004167,-0.000466,  42.789
