Run Name,Run 3
Run Date,07:13:23 PM   03-21-13
Method Name,50%B-Isocratic
Export Format Version, 1.00
Method ID, 1619
Points/Second, 5.00
Number of Records,   1407
Offset from Run Start Time,00:00:00
Run End Time,00:04:41
Time,Second
QuadTec 1, (280.0 nm), AU
QuadTec 2, (260.0 nm), AU
Gradient Pump,<Not Selected>
QuadTec 3, (214.0 nm), AU
QuadTec 4, (405.0 nm), AU
Conductivity,mS/cm
Trace 6,<Not Available>
GP Pressure,<Not Selected>
Volume,<Not Selected>
Fraction,<Not Available>
Time,QuadTec 1,QuadTec 2,QuadTec 3,QuadTec 4,Conductivity
     0.0,-0.000261,0.000000,0.001988,0.000000,  47.806
     0.2,-0.000249,0.000000,0.001988,0.000000,  47.802
     0.4,-0.000240,0.000000,0.001988,0.000000,  47.805
     0.6,-0.000240,0.000000,0.001988,0.000000,  47.804
     0.8,0.000000,0.000000,0.000000,0.000000,  47.803
     1.0,0.000000,0.000000,0.000000,0.000000,  47.799
     1.2,0.000000,0.000000,0.000000,0.000000,  47.799
     1.4,0.000000,0.000000,0.000000,0.000000,  47.797
     1.6,0.000000,0.000000,0.000000,0.000000,  47.797
     1.8,0.000000,0.000000,0.000000,0.000000,  47.801
     2.0,0.000000,0.000000,0.000000,0.000000,  47.799
     2.2,0.000000,0.000000,0.000000,0.000000,  47.793
     2.4,0.000000,0.000000,0.000000,0.000000,  47.798
     2.6,0.000000,0.000000,0.000000,0.000000,  47.796
     2.8,0.000000,0.000000,0.000000,0.000000,  47.791
     3.0,0.000000,0.000000,0.000000,0.000000,  47.793
     3.2,0.000000,0.000000,0.000000,0.000000,  47.794
     3.4,0.000000,0.000000,0.000000,0.000000,  47.795
     3.6,0.000000,0.000000,0.000000,0.000000,  47.796
     3.8,0.000000,0.000000,0.000000,0.000000,  47.791
     4.0,0.000000,0.000000,0.000000,0.000000,  47.792
     4.2,-0.000004,0.000005,0.000049,0.000000,  47.790
     4.4,-0.000002,0.000013,0.000096,-0.000013,  47.792
     4.6,0.000002,0.000020,0.000109,-0.000035,  47.787
     4.8,0.000002,0.000018,0.000109,-0.000070,  47.789
     5.0,0.000002,0.000014,0.000082,-0.000035,  47.786
     5.2,-0.000004,0.000007,0.000039,-0.000070,  47.788
     5.4,-0.000001,0.000003,0.000006,-0.000070,  47.783
     5.6,-0.000001,0.000002,-0.000017,-0.000035,  47.786
     5.8,-0.000007,-0.000001,-0.000065,-0.000070,  47.785
     6.0,-0.000001,-0.000001,-0.000148,-0.000070,  47.785
     6.2,-0.000001,-0.000008,-0.000264,-0.000035,  47.785
     6.4,-0.000007,-0.000006,-0.000396,-0.000070,  47.780
     6.6,-0.000007,-0.000008,-0.000396,-0.000070,  47.779
     6.8,-0.000007,-0.000010,-0.000355,-0.000035,  47.779
     7.0,-0.000007,-0.000011,-0.000258,-0.000057,  47.781
     7.2,-0.000010,-0.000013,-0.000223,-0.000057,  47.783
     7.4,-0.000012,-0.000017,-0.000202,-0.000022,  47.776
     7.6,-0.000015,-0.000022,-0.000195,-0.000044,  47.779
     7.8,-0.000020,-0.000020,-0.000159,-0.000044,  47.779
     8.0,-0.000020,-0.000022,-0.000098,-0.000022,  47.774
     8.2,-0.000027,-0.000023,-0.000055,-0.000057,  47.777
     8.4,-0.000021,-0.000018,-0.000199,-0.000057,  47.776
     8.6,-0.000021,-0.000018,-0.000436,-0.000022,  47.776
     8.8,-0.000030,-0.000020,-0.000770,-0.000057,  47.775
     9.0,-0.000029,-0.000014,-0.000763,-0.000057,  47.774
     9.2,-0.000029,-0.000014,-0.000652,-0.000022,  47.769
     9.4,-0.000041,-0.000018,-0.000409,-0.000057,  47.763
     9.6,-0.000026,-0.000014,-0.000403,-0.000057,  47.752
     9.8,-0.000028,-0.000014,-0.000471,-0.000022,  47.745
    10.0,-0.000035,-0.000016,-0.000590,-0.000057,  47.742
    10.2,-0.000037,-0.000016,-0.000575,-0.000057,  47.744
    10.4,-0.000037,-0.000016,-0.000532,-0.000022,  47.741
    10.6,-0.000037,-0.000023,-0.000436,-0.000057,  47.738
    10.8,-0.000040,-0.000027,-0.000380,-0.000057,  47.736
    11.0,-0.000036,-0.000029,-0.000310,-0.000022,  47.734
    11.2,-0.000036,-0.000035,-0.000241,-0.000057,  47.728
    11.4,-0.000034,-0.000035,-0.000184,-0.000057,  47.729
    11.6,-0.000031,-0.000037,-0.000135,-0.000022,  47.729
    11.8,-0.000031,-0.000041,-0.000100,-0.000022,  47.729
    12.0,-0.000031,-0.000039,-0.000433,-0.000008,  47.727
    12.2,-0.000031,-0.000041,-0.000966,-0.000022,  47.719
    12.4,-0.000031,-0.000042,-0.001685,-0.000022,  47.715
    12.6,-0.000031,-0.000038,-0.001830,-0.000008,  47.715
    12.8,-0.000031,-0.000042,-0.001782,-0.000022,  47.714
    13.0,-0.000031,-0.000038,-0.001540,-0.000022,  47.712
    13.2,-0.000031,-0.000035,-0.001099,-0.000057,  47.715
    13.4,-0.000031,-0.000035,-0.000960,-0.000057,  47.711
    13.6,-0.000031,-0.000035,-0.000822,-0.000022,  47.711
    13.8,-0.000031,-0.000036,-0.000690,-0.000057,  47.712
    14.0,-0.000025,-0.000036,-0.000607,-0.000057,  47.710
    14.2,-0.000025,-0.000035,-0.000559,-0.000022,  47.708
    14.4,-0.000031,-0.000039,-0.000540,-0.000057,  47.707
    14.6,-0.000027,-0.000039,-0.000490,-0.000057,  47.705
    14.8,-0.000027,-0.000035,-0.000441,-0.000022,  47.697
    15.0,-0.000025,-0.000033,-0.000386,-0.000057,  47.702
    15.2,-0.000018,-0.000036,-0.000350,-0.000057,  47.696
    15.4,-0.000018,-0.000034,-0.000316,-0.000022,  47.695
    15.6,-0.000018,-0.000034,-0.000296,-0.000057,  47.693
    15.8,-0.000021,-0.000031,-0.000289,-0.000057,  47.690
    16.0,-0.000021,-0.000029,-0.000289,-0.000022,  47.693
    16.2,-0.000018,-0.000027,-0.000297,-0.000057,  47.693
    16.4,-0.000018,-0.000025,-0.000298,-0.000057,  47.686
    16.6,-0.000018,-0.000023,-0.000305,-0.000022,  47.685
    16.8,-0.000016,-0.000026,-0.000318,-0.000057,  47.685
    17.0,-0.000016,-0.000024,-0.000298,-0.000057,  47.684
    17.2,-0.000016,-0.000021,-0.000277,-0.000022,  47.682
    17.4,-0.000013,-0.000027,-0.000248,-0.000057,  47.677
    17.6,-0.000016,-0.000029,-0.000233,-0.000057,  47.677
    17.8,-0.000016,-0.000027,-0.000218,-0.000022,  47.674
    18.0,-0.000013,-0.000029,-0.000205,-0.000070,  47.665
    18.2,-0.000016,-0.000032,-0.000204,-0.000070,  47.665
    18.4,-0.000018,-0.000031,-0.000197,-0.000048,  47.664
    18.6,-0.000018,-0.000033,-0.000198,-0.000084,  47.661
    18.8,-0.000030,-0.000027,-0.000197,-0.000084,  47.658
    19.0,-0.000026,-0.000027,-0.000191,-0.000035,  47.661
    19.2,-0.000026,-0.000035,-0.000191,-0.000057,  47.656
    19.4,-0.000033,-0.000037,-0.000197,-0.000044,  47.658
    19.6,-0.000030,-0.000039,-0.000212,-0.000044,  47.659
    19.8,-0.000027,-0.000043,-0.000233,-0.000030,  47.648
    20.0,-0.000031,-0.000040,-0.000225,-0.000030,  47.636
    20.2,-0.000027,-0.000038,-0.000197,-0.000057,  47.640
    20.4,-0.000030,-0.000039,-0.000164,-0.000057,  47.635
    20.6,-0.000036,-0.000035,-0.000343,-0.000044,  47.631
    20.8,-0.000035,-0.000034,-0.000614,-0.000092,  47.636
    21.0,-0.000035,-0.000036,-0.000988,-0.000057,  47.629
    21.2,-0.000042,-0.000034,-0.001057,-0.000044,  47.628
    21.4,-0.000033,-0.000039,-0.001022,-0.000057,  47.625
    21.6,-0.000033,-0.000035,-0.000877,-0.000057,  47.626
    21.8,-0.000039,-0.000035,-0.000628,-0.000057,  47.626
    22.0,-0.000035,-0.000038,-0.000574,-0.000057,  47.624
    22.2,-0.000033,-0.000040,-0.000539,-0.000057,  47.624
    22.4,-0.000039,-0.000037,-0.000518,-0.000057,  47.623
    22.6,-0.000035,-0.000035,-0.000469,-0.000057,  47.624
    22.8,-0.000033,-0.000039,-0.000427,-0.000057,  47.621
    23.0,-0.000039,-0.000041,-0.000378,-0.000057,  47.624
    23.2,-0.000035,-0.000037,-0.000349,-0.000057,  47.625
    23.4,-0.000026,-0.000038,-0.000322,-0.000057,  47.622
    23.6,-0.000032,-0.000036,-0.000295,-0.000070,  47.620
    23.8,-0.000031,-0.000034,-0.000280,-0.000070,  47.626
    24.0,-0.000025,-0.000039,-0.000266,-0.000070,  47.622
    24.2,-0.000027,-0.000034,-0.000253,-0.000070,  47.625
    24.4,-0.000036,-0.000036,-0.000267,-0.000070,  47.623
    24.6,-0.000042,-0.000034,-0.000295,-0.000022,  47.624
    24.8,-0.000042,-0.000031,-0.000339,-0.000044,  47.627
    25.0,-0.000042,-0.000031,-0.000344,-0.000044,  47.625
    25.2,-0.000042,-0.000029,-0.000324,-0.000022,  47.625
    25.4,-0.000042,-0.000033,-0.000296,-0.000057,  47.628
    25.6,-0.000036,-0.000040,-0.000309,-0.000057,  47.627
    25.8,-0.000030,-0.000045,-0.000330,-0.000022,  47.629
    26.0,-0.000030,-0.000044,-0.000359,-0.000070,  47.631
    26.2,-0.000036,-0.000041,-0.000379,-0.000070,  47.635
    26.4,-0.000036,-0.000041,-0.000393,-0.000035,  47.632
    26.6,-0.000039,-0.000043,-0.000400,-0.000084,  47.629
    26.8,-0.000042,-0.000041,-0.000377,-0.000084,  47.635
    27.0,-0.000044,-0.000037,-0.000328,-0.000035,  47.630
    27.2,-0.000044,-0.000041,-0.000259,-0.000057,  47.636
    27.4,-0.000047,-0.000040,-0.000236,-0.000057,  47.633
    27.6,-0.000047,-0.000040,-0.000222,-0.000022,  47.635
    27.8,-0.000044,-0.000038,-0.000222,-0.000044,  47.640
    28.0,-0.000042,-0.000041,-0.000214,-0.000044,  47.641
    28.2,-0.000039,-0.000041,-0.000213,-0.000022,  47.639
    28.4,-0.000036,-0.000041,-0.000208,-0.000057,  47.644
    28.6,-0.000036,-0.000041,-0.000214,-0.000057,  47.640
    28.8,-0.000045,-0.000045,-0.000222,-0.000022,  47.643
    29.0,-0.000051,-0.000043,-0.000236,-0.000057,  47.646
    29.2,-0.000051,-0.000043,-0.000229,-0.000057,  47.645
    29.4,-0.000048,-0.000046,-0.000234,-0.000022,  47.639
    29.6,-0.000050,-0.000050,-0.000220,-0.000022,  47.636
    29.8,-0.000050,-0.000046,-0.000220,-0.000008,  47.640
    30.0,-0.000050,-0.000041,-0.000239,-0.000022,  47.639
    30.2,-0.000053,-0.000045,-0.000253,-0.000022,  47.637
    30.4,-0.000053,-0.000040,-0.000260,-0.000008,  47.634
    30.6,-0.000050,-0.000040,-0.000272,-0.000022,  47.637
    30.8,-0.000044,-0.000038,-0.000274,-0.000022,  47.639
    31.0,-0.000047,-0.000041,-0.000288,-0.000070,  47.632
    31.2,-0.000049,-0.000042,-0.000315,-0.000070,  47.634
    31.4,-0.000040,-0.000040,-0.000351,-0.000035,  47.633
    31.6,-0.000047,-0.000039,-0.000392,-0.000084,  47.636
    31.8,-0.000047,-0.000040,-0.000398,-0.000062,  47.632
    32.0,-0.000051,-0.000038,-0.000386,-0.000040,  47.634
    32.2,-0.000052,-0.000037,-0.000366,-0.000062,  47.638
    32.4,-0.000044,-0.000033,-0.000497,-0.000013,  47.635
    32.6,-0.000045,-0.000031,-0.000706,-0.000013,  47.638
    32.8,-0.000043,-0.000029,-0.000984,-0.000035,  47.637
    33.0,-0.000041,-0.000027,-0.000989,0.000000,  47.639
    33.2,-0.000048,-0.000025,-0.000885,0.000000,  47.642
    33.4,-0.000042,-0.000023,-0.000683,-0.000035,  47.639
    33.6,-0.000040,-0.000023,-0.000606,0.000000,  47.643
    33.8,-0.000041,-0.000025,-0.000538,0.000000,  47.643
    34.0,-0.000042,-0.000021,-0.000490,-0.000035,  47.639
    34.2,-0.000035,-0.000017,-0.000447,0.000000,  47.644
    34.4,-0.000033,-0.000017,-0.000419,0.000000,  47.645
    34.6,-0.000039,-0.000017,-0.000399,-0.000035,  47.647
    34.8,-0.000033,-0.000014,-0.000621,0.000000,  47.647
    35.0,-0.000030,-0.000014,-0.000981,0.000000,  47.647
    35.2,-0.000034,-0.000009,-0.001465,-0.000035,  47.646
    35.4,-0.000027,-0.000014,-0.001569,0.000000,  47.650
    35.6,-0.000025,-0.000014,-0.001543,0.000000,  47.649
    35.8,-0.000026,-0.000010,-0.001399,-0.000035,  47.649
    36.0,-0.000022,-0.000004,-0.001301,-0.000035,  47.649
    36.2,-0.000022,-0.000011,-0.001157,-0.000035,  47.649
    36.4,-0.000028,-0.000011,-0.000971,-0.000070,  47.650
    36.6,-0.000025,-0.000013,-0.000847,-0.000070,  47.650
    36.8,-0.000027,-0.000018,-0.000728,-0.000035,  47.653
    37.0,-0.000025,-0.000016,-0.000630,-0.000070,  47.655
    37.2,-0.000025,-0.000011,-0.000559,-0.000070,  47.655
    37.4,-0.000025,-0.000013,-0.000517,-0.000035,  47.657
    37.6,-0.000025,-0.000013,-0.000496,-0.000070,  47.662
    37.8,-0.000021,-0.000015,-0.000474,-0.000070,  47.658
    38.0,-0.000024,-0.000015,-0.000461,-0.000035,  47.662
    38.2,-0.000024,-0.000016,-0.000448,-0.000070,  47.664
    38.4,-0.000024,-0.000016,-0.000546,-0.000070,  47.661
    38.6,-0.000024,-0.000012,-0.000712,-0.000035,  47.659
    38.8,-0.000024,-0.000012,-0.000929,-0.000035,  47.661
    39.0,-0.000024,-0.000014,-0.000999,-0.000035,  47.657
    39.2,-0.000024,-0.000014,-0.001032,-0.000022,  47.662
    39.4,-0.000026,-0.000018,-0.001018,-0.000035,  47.658
    39.6,-0.000026,-0.000018,-0.000962,-0.000022,  47.659
    39.8,-0.000029,-0.000020,-0.000871,-0.000022,  47.660
    40.0,-0.000026,-0.000028,-0.000727,-0.000035,  47.659
    40.2,-0.000028,-0.000028,-0.000658,-0.000070,  47.663
    40.4,-0.000034,-0.000030,-0.000615,-0.000070,  47.663
    40.6,-0.000027,-0.000036,-0.000585,-0.000035,  47.665
    40.8,-0.000027,-0.000032,-0.000565,-0.000070,  47.664
    41.0,-0.000039,-0.000031,-0.000528,-0.000070,  47.664
    41.2,-0.000039,-0.000037,-0.000480,-0.000035,  47.667
    41.4,-0.000039,-0.000041,-0.000438,-0.000070,  47.665
    41.6,-0.000042,-0.000041,-0.000415,-0.000070,  47.659
    41.8,-0.000044,-0.000041,-0.000388,-0.000035,  47.664
    42.0,-0.000044,-0.000041,-0.000374,-0.000070,  47.664
    42.2,-0.000044,-0.000044,-0.000360,-0.000070,  47.664
    42.4,-0.000044,-0.000042,-0.000351,-0.000035,  47.659
    42.6,-0.000044,-0.000046,-0.000345,-0.000070,  47.664
    42.8,-0.000042,-0.000042,-0.000373,-0.000070,  47.659
    43.0,-0.000039,-0.000039,-0.000423,-0.000035,  47.662
    43.2,-0.000034,-0.000037,-0.000494,-0.000070,  47.660
    43.4,-0.000034,-0.000036,-0.000481,-0.000070,  47.658
    43.6,-0.000034,-0.000036,-0.000445,-0.000035,  47.655
    43.8,-0.000031,-0.000030,-0.000376,-0.000070,  47.656
    44.0,-0.000027,-0.000030,-0.000604,-0.000070,  47.653
    44.2,-0.000034,-0.000037,-0.000965,-0.000035,  47.654
    44.4,-0.000031,-0.000035,-0.001469,-0.000070,  47.653
    44.6,-0.000027,-0.000037,-0.001489,-0.000035,  47.655
    44.8,-0.000034,-0.000040,-0.001329,-0.000013,  47.656
    45.0,-0.000034,-0.000042,-0.000985,-0.000035,  47.653
    45.2,-0.000036,-0.000037,-0.000860,0.000000,  47.653
    45.4,-0.000036,-0.000033,-0.000741,-0.000013,  47.657
    45.6,-0.000036,-0.000038,-0.000630,-0.000035,  47.653
    45.8,-0.000036,-0.000040,-0.000575,-0.000035,  47.654
    46.0,-0.000036,-0.000041,-0.000549,-0.000048,  47.650
    46.2,-0.000036,-0.000039,-0.000569,-0.000070,  47.656
    46.4,-0.000036,-0.000041,-0.000527,-0.000070,  47.653
    46.6,-0.000036,-0.000047,-0.000465,-0.000048,  47.657
    46.8,-0.000036,-0.000044,-0.000414,-0.000070,  47.657
    47.0,-0.000036,-0.000048,-0.000385,-0.000048,  47.652
    47.2,-0.000045,-0.000050,-0.000358,-0.000027,  47.651
    47.4,-0.000048,-0.000051,-0.000350,-0.000027,  47.653
    47.6,-0.000048,-0.000052,-0.000370,-0.000027,  47.649
    47.8,-0.000047,-0.000054,-0.000394,-0.000013,  47.649
    48.0,-0.000041,-0.000052,-0.000451,-0.000013,  47.655
    48.2,-0.000046,-0.000052,-0.000459,0.000000,  47.649
    48.4,-0.000055,-0.000054,-0.000465,-0.000013,  47.649
    48.6,-0.000052,-0.000054,-0.000451,-0.000013,  47.652
    48.8,-0.000055,-0.000050,-0.000436,-0.000035,  47.652
    49.0,-0.000055,-0.000054,-0.000456,0.000000,  47.652
    49.2,-0.000052,-0.000052,-0.000484,-0.000013,  47.654
    49.4,-0.000055,-0.000049,-0.000520,-0.000035,  47.653
    49.6,-0.000055,-0.000056,-0.000512,0.000000,  47.654
    49.8,-0.000052,-0.000053,-0.000484,-0.000013,  47.658
    50.0,-0.000052,-0.000053,-0.000436,-0.000035,  47.656
    50.2,-0.000049,-0.000053,-0.000428,0.000000,  47.656
    50.4,-0.000047,-0.000049,-0.000416,-0.000013,  47.654
    50.6,-0.000047,-0.000051,-0.000424,-0.000035,  47.662
    50.8,-0.000047,-0.000041,-0.000430,0.000000,  47.658
    51.0,-0.000044,-0.000041,-0.000443,-0.000013,  47.659
    51.2,-0.000047,-0.000044,-0.000452,-0.000035,  47.659
    51.4,-0.000049,-0.000044,-0.000480,0.000000,  47.663
    51.6,-0.000047,-0.000050,-0.000535,-0.000013,  47.667
    51.8,-0.000049,-0.000049,-0.000579,-0.000035,  47.664
    52.0,-0.000052,-0.000050,-0.000724,-0.000013,  47.659
    52.2,-0.000052,-0.000053,-0.000930,-0.000027,  47.662
    52.4,-0.000057,-0.000055,-0.001185,-0.000048,  47.661
    52.6,-0.000065,-0.000054,-0.001247,-0.000027,  47.662
    52.8,-0.000072,-0.000058,-0.001253,-0.000027,  47.667
    53.0,-0.000072,-0.000062,-0.001191,-0.000048,  47.662
    53.2,-0.000072,-0.000064,-0.001128,-0.000062,  47.667
    53.4,-0.000081,-0.000068,-0.001037,-0.000062,  47.663
    53.6,-0.000081,-0.000070,-0.000912,-0.000084,  47.666
    53.8,-0.000074,-0.000068,-0.000836,-0.000097,  47.665
    54.0,-0.000077,-0.000066,-0.000773,-0.000062,  47.663
    54.2,-0.000077,-0.000066,-0.000724,-0.000084,  47.670
    54.4,-0.000077,-0.000066,-0.000781,-0.000097,  47.665
    54.6,-0.000068,-0.000064,-0.000899,-0.000062,  47.670
    54.8,-0.000065,-0.000066,-0.001099,-0.000084,  47.661
    55.0,-0.000065,-0.000070,-0.001057,-0.000097,  47.665
    55.2,-0.000065,-0.000073,-0.000925,-0.000062,  47.670
    55.4,-0.000063,-0.000073,-0.000722,-0.000084,  47.669
    55.6,-0.000063,-0.000073,-0.000631,-0.000097,  47.669
    55.8,-0.000065,-0.000059,-0.000551,-0.000062,  47.667
    56.0,-0.000057,-0.000045,-0.000497,-0.000070,  47.665
    56.2,-0.000038,-0.000019,-0.000512,-0.000070,  47.667
    56.4,-0.000016,-0.000002,-0.000569,-0.000022,  47.665
    56.6,-0.000009,0.000006,-0.000681,-0.000022,  47.666
    56.8,0.000008,0.000010,-0.000668,-0.000008,  47.665
    57.0,0.000019,0.000017,-0.000614,-0.000008,  47.667
    57.2,0.000023,0.000033,-0.000524,-0.000008,  47.668
    57.4,0.000040,0.000054,-0.000483,0.000005,  47.665
    57.6,0.000048,0.000062,-0.000449,0.000005,  47.670
    57.8,0.000050,0.000067,-0.000434,0.000005,  47.669
    58.0,0.000062,0.000068,-0.000415,-0.000030,  47.671
    58.2,0.000067,0.000072,-0.000380,-0.000017,  47.670
    58.4,0.000066,0.000073,-0.000352,0.000018,  47.673
    58.6,0.000078,0.000075,-0.000318,-0.000004,  47.670
    58.8,0.000083,0.000073,-0.000289,-0.000004,  47.669
    59.0,0.000082,0.000073,-0.000256,0.000032,  47.668
    59.2,0.000082,0.000078,-0.000228,0.000010,  47.667
    59.4,0.000085,0.000078,-0.000236,-0.000004,  47.665
    59.6,0.000081,0.000075,-0.000257,0.000032,  47.668
    59.8,0.000084,0.000071,-0.000294,0.000010,  47.663
    60.0,0.000087,0.000075,-0.000324,-0.000004,  47.669
    60.2,0.000081,0.000077,-0.000365,0.000032,  47.669
    60.4,0.000090,0.000082,-0.000402,0.000010,  47.665
    60.6,0.000093,0.000086,-0.000373,-0.000004,  47.667
    60.8,0.000085,0.000089,-0.000323,0.000032,  47.659
    61.0,0.000091,0.000087,-0.000231,0.000010,  47.662
    61.2,0.000088,0.000083,-0.000210,-0.000004,  47.667
    61.4,0.000079,0.000076,-0.000216,0.000032,  47.663
    61.6,0.000077,0.000072,-0.000238,-0.000004,  47.666
    61.8,0.000074,0.000075,-0.000312,-0.000004,  47.665
    62.0,0.000068,0.000072,-0.000422,0.000018,  47.665
    62.2,0.000065,0.000070,-0.000561,-0.000017,  47.663
    62.4,0.000063,0.000070,-0.000672,-0.000004,  47.662
    62.6,0.000060,0.000072,-0.000802,0.000018,  47.669
    62.8,0.000062,0.000074,-0.000929,-0.000004,  47.659
    63.0,0.000071,0.000078,-0.000944,-0.000004,  47.664
    63.2,0.000070,0.000080,-0.000905,0.000032,  47.669
    63.4,0.000073,0.000081,-0.000830,0.000010,  47.667
    63.6,0.000078,0.000085,-0.000789,-0.000004,  47.669
    63.8,0.000081,0.000084,-0.000734,0.000032,  47.670
    64.0,0.000077,0.000086,-0.000692,0.000010,  47.668
    64.2,0.000086,0.000089,-0.000669,-0.000004,  47.664
    64.4,0.000086,0.000087,-0.000643,0.000032,  47.665
    64.6,0.000089,0.000085,-0.000637,0.000010,  47.665
    64.8,0.000086,0.000087,-0.000608,-0.000004,  47.664
    65.0,0.000077,0.000088,-0.000574,0.000032,  47.665
    65.2,0.000077,0.000088,-0.000532,0.000010,  47.666
    65.4,0.000077,0.000093,-0.000469,-0.000004,  47.665
    65.6,0.000084,0.000091,-0.000386,0.000032,  47.663
    65.8,0.000090,0.000094,-0.000294,0.000032,  47.668
    66.0,0.000090,0.000090,-0.000307,0.000032,  47.667
    66.2,0.000081,0.000085,-0.000355,0.000032,  47.671
    66.4,0.000078,0.000085,-0.000453,0.000032,  47.672
    66.6,0.000078,0.000085,-0.000466,0.000032,  47.673
    66.8,0.000076,0.000085,-0.000465,0.000032,  47.677
    67.0,0.000076,0.000091,-0.000436,0.000032,  47.667
    67.2,0.000078,0.000091,-0.000388,0.000010,  47.667
    67.4,0.000081,0.000089,-0.000401,-0.000004,  47.674
    67.6,0.000081,0.000095,-0.000416,0.000032,  47.671
    67.8,0.000078,0.000091,-0.000451,0.000010,  47.675
    68.0,0.000070,0.000089,-0.000437,-0.000004,  47.675
    68.2,0.000068,0.000091,-0.000397,0.000032,  47.675
    68.4,0.000065,0.000088,-0.000361,0.000010,  47.671
    68.6,0.000062,0.000084,-0.000367,-0.000004,  47.671
    68.8,0.000060,0.000079,-0.000374,-0.000004,  47.671
    69.0,0.000057,0.000073,-0.000409,0.000010,  47.677
    69.2,0.000058,0.000067,-0.000409,-0.000004,  47.676
    69.4,0.000049,0.000063,-0.000400,-0.000004,  47.676
    69.6,0.000049,0.000057,-0.000386,-0.000004,  47.672
    69.8,0.000052,0.000057,-0.000469,-0.000004,  47.674
    70.0,0.000052,0.000057,-0.000601,-0.000017,  47.677
    70.2,0.000052,0.000055,-0.000774,-0.000004,  47.677
    70.4,0.000049,0.000052,-0.000719,-0.000004,  47.680
    70.6,0.000052,0.000052,-0.000580,-0.000004,  47.676
    70.8,0.000049,0.000048,-0.000357,0.000010,  47.679
    71.0,0.000044,0.000051,-0.000413,-0.000004,  47.678
    71.2,0.000044,0.000049,-0.000572,-0.000004,  47.679
    71.4,0.000044,0.000046,-0.000841,0.000010,  47.679
    71.6,0.000045,0.000044,-0.000840,-0.000004,  47.684
    71.8,0.000038,0.000041,-0.000750,-0.000004,  47.697
    72.0,0.000041,0.000042,-0.000589,0.000010,  47.698
    72.2,0.000045,0.000052,-0.000546,-0.000004,  47.697
    72.4,0.000045,0.000054,-0.000520,-0.000004,  47.698
    72.6,0.000038,0.000055,-0.000507,0.000010,  47.698
    72.8,0.000038,0.000051,-0.000473,-0.000004,  47.702
    73.0,0.000042,0.000049,-0.000438,-0.000004,  47.694
    73.2,0.000038,0.000044,-0.000397,0.000010,  47.700
    73.4,0.000045,0.000040,-0.000376,-0.000004,  47.698
    73.6,0.000042,0.000035,-0.000356,-0.000004,  47.698
    73.8,0.000036,0.000033,-0.000349,-0.000004,  47.699
    74.0,0.000036,0.000040,-0.000334,-0.000017,  47.699
    74.2,0.000039,0.000042,-0.000326,-0.000008,  47.701
    74.4,0.000033,0.000044,-0.000312,-0.000022,  47.696
    74.6,0.000033,0.000045,-0.000310,-0.000008,  47.700
    74.8,0.000037,0.000047,-0.000303,-0.000008,  47.698
    75.0,0.000030,0.000045,-0.000298,0.000005,  47.695
    75.2,0.000030,0.000046,-0.000312,0.000005,  47.698
    75.4,0.000037,0.000048,-0.000333,0.000005,  47.699
    75.6,0.000033,0.000043,-0.000367,0.000005,  47.694
    75.8,0.000038,0.000043,-0.000410,-0.000030,  47.700
    76.0,0.000044,0.000045,-0.000451,-0.000030,  47.696
    76.2,0.000044,0.000043,-0.000494,0.000005,  47.703
    76.4,0.000044,0.000043,-0.000538,-0.000030,  47.698
    76.6,0.000038,0.000043,-0.000530,-0.000017,  47.702
    76.8,0.000038,0.000044,-0.000507,0.000018,  47.701
    77.0,0.000038,0.000044,-0.000452,-0.000017,  47.700
    77.2,0.000033,0.000042,-0.000430,-0.000004,  47.701
    77.4,0.000030,0.000040,-0.000422,0.000018,  47.704
    77.6,0.000030,0.000040,-0.000414,-0.000017,  47.705
    77.8,0.000028,0.000040,-0.000498,-0.000004,  47.703
    78.0,0.000028,0.000040,-0.000644,0.000018,  47.705
    78.2,0.000030,0.000038,-0.000846,-0.000017,  47.704
    78.4,0.000033,0.000040,-0.000879,-0.000004,  47.706
    78.6,0.000036,0.000042,-0.000846,0.000018,  47.709
    78.8,0.000038,0.000042,-0.000764,-0.000017,  47.704
    79.0,0.000033,0.000041,-0.000694,-0.000004,  47.705
    79.2,0.000027,0.000045,-0.000611,0.000018,  47.705
    79.4,0.000029,0.000044,-0.000506,-0.000017,  47.704
    79.6,0.000029,0.000046,-0.000450,-0.000004,  47.702
    79.8,0.000032,0.000048,-0.000416,0.000018,  47.701
    80.0,0.000035,0.000046,-0.000403,-0.000017,  47.706
    80.2,0.000046,0.000046,-0.000403,-0.000004,  47.709
    80.4,0.000055,0.000044,-0.000418,0.000018,  47.707
    80.6,0.000055,0.000044,-0.000461,-0.000017,  47.706
    80.8,0.000052,0.000051,-0.000432,-0.000004,  47.712
    81.0,0.000052,0.000049,-0.000389,0.000018,  47.707
    81.2,0.000054,0.000050,-0.000320,-0.000004,  47.712
    81.4,0.000052,0.000056,-0.000300,-0.000004,  47.707
    81.6,0.000052,0.000058,-0.000305,0.000032,  47.712
    81.8,0.000052,0.000061,-0.000320,0.000010,  47.708
    82.0,0.000052,0.000063,-0.000315,-0.000004,  47.709
    82.2,0.000052,0.000067,-0.000315,0.000032,  47.715
    82.4,0.000052,0.000073,-0.000322,0.000010,  47.714
    82.6,0.000052,0.000077,-0.000358,0.000010,  47.713
    82.8,0.000052,0.000077,-0.000414,0.000045,  47.711
    83.0,0.000057,0.000074,-0.000503,0.000045,  47.714
    83.2,0.000060,0.000064,-0.000481,0.000058,  47.717
    83.4,0.000065,0.000064,-0.000406,0.000045,  47.717
    83.6,0.000070,0.000066,-0.000289,0.000045,  47.717
    83.8,0.000070,0.000066,-0.000289,0.000045,  47.716
    84.0,0.000068,0.000068,-0.000324,0.000045,  47.715
    84.2,0.000070,0.000069,-0.000387,0.000032,  47.719
    84.4,0.000073,0.000076,-0.000422,0.000010,  47.717
    84.6,0.000073,0.000076,-0.000450,-0.000004,  47.718
    84.8,0.000076,0.000071,-0.000485,0.000032,  47.718
    85.0,0.000076,0.000078,-0.000520,0.000010,  47.719
    85.2,0.000073,0.000078,-0.000533,-0.000004,  47.717
    85.4,0.000073,0.000076,-0.000533,-0.000004,  47.717
    85.6,0.000078,0.000083,-0.000520,0.000010,  47.718
    85.8,0.000079,0.000085,-0.000506,-0.000004,  47.716
    86.0,0.000073,0.000079,-0.000492,0.000032,  47.720
    86.2,0.000076,0.000079,-0.000471,0.000010,  47.718
    86.4,0.000078,0.000079,-0.000449,-0.000004,  47.718
    86.6,0.000072,0.000072,-0.000429,0.000032,  47.717
    86.8,0.000072,0.000072,-0.000414,0.000010,  47.717
    87.0,0.000078,0.000067,-0.000442,-0.000004,  47.717
    87.2,0.000072,0.000072,-0.000505,0.000032,  47.717
    87.4,0.000069,0.000068,-0.000596,0.000010,  47.716
    87.6,0.000069,0.000066,-0.000596,-0.000004,  47.717
    87.8,0.000062,0.000064,-0.000561,0.000032,  47.715
    88.0,0.000062,0.000064,-0.000498,0.000010,  47.718
    88.2,0.000066,0.000066,-0.000454,-0.000004,  47.717
    88.4,0.000057,0.000059,-0.000403,0.000032,  47.720
    88.6,0.000052,0.000058,-0.000327,0.000010,  47.722
    88.8,0.000050,0.000050,-0.000285,-0.000004,  47.720
    89.0,0.000044,0.000044,-0.000263,0.000032,  47.722
    89.2,0.000044,0.000042,-0.000237,0.000010,  47.725
    89.4,0.000053,0.000037,-0.000264,-0.000004,  47.721
    89.6,0.000049,0.000035,-0.000308,0.000032,  47.719
    89.8,0.000049,0.000042,-0.000385,0.000010,  47.721
    90.0,0.000055,0.000046,-0.000385,-0.000004,  47.722
    90.2,0.000055,0.000045,-0.000365,0.000032,  47.726
    90.4,0.000049,0.000045,-0.000316,-0.000004,  47.725
    90.6,0.000046,0.000043,-0.000289,-0.000004,  47.724
    90.8,0.000053,0.000043,-0.000283,0.000018,  47.728
    91.0,0.000046,0.000049,-0.000277,-0.000004,  47.731
    91.2,0.000058,0.000055,-0.000249,-0.000004,  47.731
    91.4,0.000061,0.000056,-0.000201,0.000032,  47.734
    91.6,0.000062,0.000073,-0.000141,0.000010,  47.732
    91.8,0.000073,0.000082,-0.000086,0.000010,  47.731
    92.0,0.000087,0.000089,-0.000026,0.000045,  47.732
    92.2,0.000092,0.000103,0.000039,0.000045,  47.734
    92.4,0.000108,0.000117,0.000078,0.000058,  47.731
    92.6,0.000130,0.000130,0.000112,0.000045,  47.733
    92.8,0.000142,0.000150,0.000121,0.000045,  47.735
    93.0,0.000161,0.000176,0.000206,0.000058,  47.731
    93.2,0.000191,0.000200,0.000325,0.000058,  47.729
    93.4,0.000209,0.000224,0.000484,0.000072,  47.728
    93.6,0.000230,0.000258,0.000611,0.000063,  47.727
    93.8,0.000255,0.000286,0.000763,0.000063,  47.728
    94.0,0.000275,0.000314,0.000904,0.000098,  47.733
    94.2,0.000307,0.000351,0.001070,0.000077,  47.734
    94.4,0.000346,0.000387,0.001200,0.000103,  47.733
    94.6,0.000371,0.000425,0.001340,0.000138,  47.733
    94.8,0.000406,0.000470,0.001473,0.000117,  47.738
    95.0,0.000447,0.000499,0.001689,0.000117,  47.738
    95.2,0.000475,0.000533,0.001936,0.000152,  47.738
    95.4,0.000507,0.000553,0.002229,0.000130,  47.738
    95.6,0.000540,0.000575,0.002433,0.000130,  47.737
    95.8,0.000563,0.000596,0.002614,0.000178,  47.741
    96.0,0.000590,0.000610,0.002779,0.000157,  47.739
    96.2,0.000623,0.000626,0.003036,0.000143,  47.739
    96.4,0.000646,0.000652,0.003323,0.000178,  47.737
    96.6,0.000675,0.000680,0.003650,0.000157,  47.741
    96.8,0.000711,0.000705,0.003950,0.000143,  47.737
    97.0,0.000731,0.000722,0.004265,0.000178,  47.742
    97.2,0.000758,0.000734,0.004593,0.000157,  47.741
    97.4,0.000785,0.000743,0.004618,0.000143,  47.738
    97.6,0.000800,0.000758,0.004494,0.000178,  47.741
    97.8,0.000819,0.000767,0.004215,0.000157,  47.740
    98.0,0.000841,0.000784,0.004548,0.000143,  47.742
    98.2,0.000856,0.000794,0.005107,0.000178,  47.744
    98.4,0.000878,0.000799,0.005886,0.000157,  47.737
    98.6,0.000903,0.000804,0.006379,0.000143,  47.740
    98.8,0.000918,0.000811,0.006823,0.000165,  47.737
    99.0,0.000939,0.000810,0.007236,0.000130,  47.738
    99.2,0.000964,0.000811,0.007731,0.000130,  47.734
    99.4,0.000983,0.000813,0.008265,0.000138,  47.736
    99.6,0.000992,0.000821,0.008827,0.000103,  47.734
    99.8,0.001016,0.000835,0.009401,0.000103,  47.737
   100.0,0.001033,0.000845,0.010001,0.000125,  47.735
   100.2,0.001067,0.000854,0.010619,0.000090,  47.731
   100.4,0.001114,0.000866,0.011322,0.000077,  47.732
   100.6,0.001156,0.000890,0.012093,0.000098,  47.731
   100.8,0.001203,0.000912,0.012908,0.000063,  47.726
   101.0,0.001257,0.000937,0.013786,0.000063,  47.734
   101.2,0.001324,0.000969,0.014734,0.000098,  47.727
   101.4,0.001388,0.001003,0.015738,0.000098,  47.733
   101.6,0.001460,0.001035,0.016773,0.000098,  47.731
   101.8,0.001546,0.001066,0.017856,0.000098,  47.727
   102.0,0.001631,0.001113,0.018985,0.000085,  47.731
   102.2,0.001727,0.001160,0.020342,0.000085,  47.728
   102.4,0.001837,0.001215,0.021843,0.000085,  47.732
   102.6,0.001951,0.001274,0.023486,0.000085,  47.732
   102.8,0.002082,0.001350,0.024872,0.000050,  47.730
   103.0,0.002228,0.001426,0.026199,0.000036,  47.729
   103.2,0.002369,0.001501,0.027466,0.000058,  47.733
   103.4,0.002521,0.001585,0.028678,0.000036,  47.735
   103.6,0.002691,0.001683,0.030472,0.000023,  47.733
   103.8,0.002867,0.001777,0.032462,0.000058,  47.735
   104.0,0.003063,0.001884,0.034667,0.000036,  47.732
   104.2,0.003278,0.001997,0.036959,0.000023,  47.735
   104.4,0.003492,0.002118,0.039400,0.000058,  47.732
   104.6,0.003726,0.002249,0.042001,0.000036,  47.734
   104.8,0.003971,0.002366,0.044720,0.000023,  47.736
   105.0,0.004228,0.002477,0.047584,0.000045,  47.737
   105.2,0.004512,0.002591,0.050593,0.000023,  47.733
   105.4,0.004805,0.002699,0.053811,0.000023,  47.733
   105.6,0.005108,0.002854,0.057198,0.000045,  47.735
   105.8,0.005432,0.003026,0.060788,0.000023,  47.736
   106.0,0.005771,0.003217,0.064393,0.000023,  47.729
   106.2,0.006127,0.003404,0.068094,0.000045,  47.734
   106.4,0.006505,0.003607,0.071913,0.000023,  47.733
   106.6,0.006903,0.003822,0.076067,0.000023,  47.732
   106.8,0.007322,0.004050,0.080466,0.000045,  47.732
   107.0,0.007771,0.004284,0.085107,0.000023,  47.728
   107.2,0.008244,0.004535,0.089918,0.000010,  47.732
   107.4,0.008716,0.004795,0.094953,0.000032,  47.723
   107.6,0.009210,0.005065,0.100213,0.000010,  47.726
   107.8,0.009725,0.005348,0.105536,-0.000004,  47.723
   108.0,0.010180,0.005643,0.111017,0.000032,  47.730
   108.2,0.010607,0.005948,0.116639,0.000010,  47.723
   108.4,0.011019,0.006273,0.122762,-0.000004,  47.725
   108.6,0.011419,0.006614,0.129222,0.000032,  47.722
   108.8,0.012006,0.006974,0.136043,0.000010,  47.723
   109.0,0.012675,0.007357,0.142967,-0.000004,  47.721
   109.2,0.013402,0.007742,0.150123,0.000032,  47.721
   109.4,0.014102,0.008137,0.157536,0.000010,  47.724
   109.6,0.014835,0.008552,0.165085,0.000010,  47.720
   109.8,0.015586,0.008982,0.172848,0.000045,  47.724
   110.0,0.016364,0.009425,0.180821,0.000023,  47.722
   110.2,0.017183,0.009889,0.189257,0.000023,  47.721
   110.4,0.018023,0.010376,0.198030,0.000045,  47.723
   110.6,0.018897,0.010873,0.207197,0.000045,  47.722
   110.8,0.019817,0.011391,0.216638,0.000058,  47.720
   111.0,0.020762,0.011929,0.226400,0.000045,  47.723
   111.2,0.021723,0.012478,0.236545,0.000045,  47.721
   111.4,0.022724,0.013049,0.245257,0.000045,  47.719
   111.6,0.023746,0.013618,0.253370,0.000045,  47.719
   111.8,0.024779,0.014194,0.260858,0.000045,  47.718
   112.0,0.025843,0.014792,0.267667,0.000023,  47.719
   112.2,0.026921,0.015426,0.277781,0.000023,  47.717
   112.4,0.028057,0.016076,0.288966,0.000045,  47.718
   112.6,0.029241,0.016761,0.301279,0.000023,  47.722
   112.8,0.030458,0.017451,0.313161,0.000036,  47.723
   113.0,0.031696,0.018155,0.325417,0.000072,  47.723
   113.2,0.032978,0.018883,0.338069,0.000050,  47.721
   113.4,0.034288,0.019514,0.350967,0.000050,  47.714
   113.6,0.035629,0.020104,0.364204,0.000072,  47.717
   113.8,0.037015,0.020667,0.377832,0.000050,  47.722
   114.0,0.038438,0.021182,0.391655,0.000036,  47.716
   114.2,0.039870,0.021931,0.405771,0.000058,  47.719
   114.4,0.041341,0.022748,0.420199,0.000036,  47.716
   114.6,0.042834,0.023635,0.435099,0.000023,  47.717
   114.8,0.044373,0.024502,0.450375,0.000045,  47.716
   115.0,0.045959,0.025386,0.466094,0.000023,  47.714
   115.2,0.047575,0.026298,0.481684,0.000023,  47.718
   115.4,0.049223,0.027218,0.497406,0.000058,  47.718
   115.6,0.050917,0.028159,0.513271,0.000036,  47.716
   115.8,0.052641,0.029117,0.529863,0.000036,  47.717
   116.0,0.054367,0.030086,0.546929,0.000072,  47.716
   116.2,0.056117,0.031065,0.564533,0.000050,  47.711
   116.4,0.057893,0.032062,0.582077,0.000050,  47.715
   116.6,0.059691,0.033078,0.599796,0.000072,  47.714
   116.8,0.061515,0.034120,0.617748,0.000050,  47.713
   117.0,0.063372,0.035182,0.636393,0.000050,  47.715
   117.2,0.065035,0.036282,0.655565,0.000085,  47.713
   117.4,0.066609,0.037414,0.675229,0.000063,  47.709
   117.6,0.068098,0.038579,0.695019,0.000063,  47.706
   117.8,0.069511,0.039740,0.715102,0.000098,  47.712
   118.0,0.071439,0.040911,0.735445,0.000077,  47.711
   118.2,0.073540,0.042098,0.755937,0.000090,  47.707
   118.4,0.075798,0.043308,0.776624,0.000112,  47.710
   118.6,0.077939,0.044533,0.797455,0.000077,  47.709
   118.8,0.080126,0.045776,0.818873,0.000090,  47.710
   119.0,0.082334,0.047052,0.840616,0.000112,  47.708
   119.2,0.084576,0.048347,0.862698,0.000112,  47.703
   119.4,0.086863,0.049661,0.885135,0.000125,  47.710
   119.6,0.089180,0.050990,0.907946,0.000112,  47.709
   119.8,0.091514,0.052337,0.930920,0.000125,  47.708
   120.0,0.093880,0.053695,0.951009,0.000138,  47.706
   120.2,0.096273,0.055039,0.969357,0.000138,  47.711
   120.4,0.098645,0.056387,0.985764,0.000125,  47.707
   120.6,0.101033,0.057742,0.999772,0.000090,  47.708
   120.8,0.103428,0.059126,1.021246,0.000125,  47.712
   121.0,0.105867,0.060528,1.044858,0.000160,  47.715
   121.2,0.108340,0.061946,1.070751,0.000125,  47.712
   121.4,0.110847,0.063380,1.094932,0.000173,  47.709
   121.6,0.113381,0.064844,1.119165,0.000173,  47.704
   121.8,0.115946,0.066323,1.143461,0.000152,  47.708
   122.0,0.118550,0.067598,1.168306,0.000187,  47.708
   122.2,0.121175,0.068777,1.193312,0.000187,  47.708
   122.4,0.123832,0.069864,1.218433,0.000165,  47.704
   122.6,0.126527,0.070863,1.243736,0.000200,  47.704
   122.8,0.129204,0.072280,1.269157,0.000200,  47.706
   123.0,0.131901,0.073809,1.294345,0.000178,  47.706
   123.2,0.134603,0.075462,1.320221,0.000227,  47.708
   123.4,0.137331,0.077029,1.346129,0.000227,  47.703
   123.6,0.140085,0.078623,1.372274,0.000218,  47.705
   123.8,0.142850,0.080240,1.398293,0.000218,  47.706
   124.0,0.145653,0.081858,1.424232,0.000218,  47.702
   124.2,0.148498,0.083484,1.449776,0.000197,  47.705
   124.4,0.151370,0.085123,1.476111,0.000210,  47.698
   124.6,0.154175,0.086747,1.502477,0.000232,  47.697
   124.8,0.156977,0.088366,1.528761,0.000197,  47.699
   125.0,0.159760,0.089989,1.555085,0.000223,  47.698
   125.2,0.162562,0.091610,1.581098,0.000258,  47.696
   125.4,0.165376,0.093229,1.606639,0.000237,  47.697
   125.6,0.168186,0.094849,1.632941,0.000237,  47.698
   125.8,0.170683,0.096550,1.659151,0.000272,  47.696
   126.0,0.173018,0.098287,1.684815,0.000250,  47.697
   126.2,0.175204,0.100065,1.711044,0.000250,  47.696
   126.4,0.177217,0.101785,1.736803,0.000285,  47.698
   126.6,0.179964,0.103498,1.762270,0.000263,  47.694
   126.8,0.182919,0.105203,1.787732,0.000277,  47.694
   127.0,0.186082,0.106940,1.813498,0.000312,  47.693
   127.2,0.189073,0.108689,1.838168,0.000303,  47.701
   127.4,0.192078,0.110453,1.863349,0.000317,  47.694
   127.6,0.195105,0.112212,1.888551,0.000317,  47.697
   127.8,0.198100,0.113982,1.912609,0.000317,  47.696
   128.0,0.201103,0.115754,1.937484,0.000330,  47.698
   128.2,0.204091,0.117516,1.962057,0.000295,  47.699
   128.4,0.207089,0.119289,1.985554,0.000344,  47.700
   128.6,0.210103,0.121049,2.006389,0.000357,  47.699
   128.8,0.213117,0.122783,2.024779,0.000357,  47.701
   129.0,0.216073,0.124508,2.041095,0.000357,  47.698
   129.2,0.219012,0.126215,2.053562,0.000370,  47.693
   129.4,0.221928,0.127937,2.074103,0.000370,  47.696
   129.6,0.224900,0.129655,2.094847,0.000384,  47.695
   129.8,0.227893,0.131376,2.118340,0.000397,  47.697
   130.0,0.230905,0.133120,2.138661,0.000384,  47.694
   130.2,0.233868,0.134880,2.159037,0.000419,  47.686
   130.4,0.236814,0.136650,2.178440,0.000410,  47.686
   130.6,0.239745,0.138404,2.197694,0.000424,  47.683
   130.8,0.242692,0.140163,2.216758,0.000472,  47.685
   131.0,0.245649,0.141920,2.235571,0.000450,  47.688
   131.2,0.248602,0.143421,2.254055,0.000477,  47.684
   131.4,0.251545,0.144792,2.272133,0.000499,  47.679
   131.6,0.254481,0.146035,2.288446,0.000477,  47.687
   131.8,0.257409,0.147147,2.305388,0.000490,  47.684
   132.0,0.260311,0.148759,2.323012,0.000526,  47.685
   132.2,0.263211,0.150506,2.337090,0.000517,  47.685
   132.4,0.266086,0.152375,2.351622,0.000530,  47.685
   132.6,0.268983,0.154107,2.366657,0.000579,  47.686
   132.8,0.271895,0.155848,2.379072,0.000557,  47.690
   133.0,0.274801,0.157588,2.391930,0.000584,  47.686
   133.2,0.277611,0.159280,2.403542,0.000619,  47.686
   133.4,0.280375,0.160956,2.415505,0.000597,  47.683
   133.6,0.283084,0.162614,2.427642,0.000624,  47.684
   133.8,0.285840,0.164257,2.438255,0.000673,  47.682
   134.0,0.288600,0.165880,2.449069,0.000664,  47.683
   134.2,0.291357,0.167477,2.462152,0.000677,  47.680
   134.4,0.293738,0.169153,2.471749,0.000713,  47.680
   134.6,0.295932,0.170869,2.481575,0.000704,  47.679
   134.8,0.297925,0.172603,2.493662,0.000731,  47.676
   135.0,0.299722,0.174273,2.501906,0.000766,  47.681
   135.2,0.302240,0.175924,2.508199,0.000758,  47.673
   135.4,0.304923,0.177562,2.516734,0.000771,  47.656
   135.6,0.307784,0.179213,2.527658,0.000820,  47.656
   135.8,0.310463,0.180857,2.532095,0.000798,  47.654
   136.0,0.313143,0.182502,2.538875,0.000824,  47.653
   136.2,0.315812,0.184109,2.548105,0.000860,  47.655
   136.4,0.318436,0.185688,2.552826,0.000873,  47.657
   136.6,0.321042,0.187245,2.559932,0.000900,  47.656
   136.8,0.323614,0.188809,2.567150,0.000900,  47.654
   137.0,0.326145,0.190364,2.572013,0.000913,  47.656
   137.2,0.328645,0.191912,2.576937,0.000926,  47.648
   137.4,0.331115,0.193416,2.581918,0.000940,  47.653
   137.6,0.333540,0.194896,2.586951,0.000953,  47.652
   137.8,0.335934,0.196345,2.586934,0.000945,  47.650
   138.0,0.338288,0.197816,2.592032,0.000958,  47.649
   138.2,0.340685,0.199292,2.597203,0.000993,  47.645
   138.4,0.343095,0.200759,2.599811,0.000985,  47.645
   138.6,0.345507,0.202193,2.605081,0.000998,  47.650
   138.8,0.347807,0.203614,2.607749,0.001060,  47.650
   139.0,0.350060,0.205019,2.610438,0.001052,  47.640
   139.2,0.352271,0.206431,2.613132,0.001065,  47.645
   139.4,0.354493,0.207832,2.618561,0.001114,  47.642
   139.6,0.356690,0.209230,2.621307,0.001105,  47.646
   139.8,0.358887,0.210411,2.626845,0.001119,  47.644
   140.0,0.361045,0.211475,2.632460,0.001145,  47.639
   140.2,0.363178,0.212436,2.632483,0.001172,  47.638
   140.4,0.365290,0.213273,2.638160,0.001186,  47.636
   140.6,0.367356,0.214482,2.641021,0.001199,  47.634
   140.8,0.369396,0.215775,2.641015,0.001226,  47.632
   141.0,0.371401,0.217154,2.643918,0.001239,  47.623
   141.2,0.373402,0.218445,2.649786,0.001266,  47.624
   141.4,0.375388,0.219732,2.646918,0.001293,  47.621
   141.6,0.377357,0.221020,2.649870,0.001306,  47.614
   141.8,0.379240,0.222241,2.652848,0.001319,  47.617
   142.0,0.381086,0.223439,2.652882,0.001333,  47.608
   142.2,0.382876,0.224599,2.655818,0.001346,  47.602
   142.4,0.384712,0.225772,2.658753,0.001408,  47.602
   142.6,0.386549,0.226931,2.658674,0.001400,  47.600
   142.8,0.388381,0.228086,2.661646,0.001426,  47.591
   143.0,0.390155,0.229249,2.661629,0.001488,  47.589
   143.2,0.391910,0.230399,2.661629,0.001493,  47.586
   143.4,0.393627,0.231559,2.664639,0.001520,  47.583
   143.6,0.395072,0.232666,2.667681,0.001555,  47.577
   143.8,0.396370,0.233743,2.667681,0.001547,  47.575
   144.0,0.397492,0.234792,2.670745,0.001609,  47.573
   144.2,0.398476,0.235842,2.673841,0.001657,  47.567
   144.4,0.399951,0.236878,2.670762,0.001649,  47.563
   144.6,0.401524,0.237892,2.670745,0.001711,  47.564
   144.8,0.403191,0.238896,2.673808,0.001738,  47.551
   145.0,0.404717,0.239888,2.673769,0.001743,  47.536
   145.2,0.406227,0.240868,2.676865,0.001783,  47.525
   145.4,0.407708,0.241826,2.676854,0.001761,  47.522
   145.6,0.409134,0.242774,2.676848,0.001775,  47.519
   145.8,0.410529,0.243707,2.680018,0.001766,  47.510
   146.0,0.411873,0.244599,2.680074,0.001780,  47.506
   146.2,0.413202,0.245469,2.680158,0.001828,  47.505
   146.4,0.414506,0.246302,2.683333,0.001855,  47.500
   146.6,0.415759,0.247160,2.683322,0.001882,  47.494
   146.8,0.417038,0.248026,2.683294,0.001909,  47.488
   147.0,0.418326,0.248882,2.683283,0.001936,  47.484
   147.2,0.419590,0.249679,2.686447,0.001962,  47.477
   147.4,0.420761,0.250454,2.686431,0.002011,  47.467
   147.6,0.421898,0.251191,2.686414,0.002003,  47.461
   147.8,0.422974,0.251939,2.686436,0.002029,  47.452
   148.0,0.424062,0.252687,2.686481,0.002091,  47.451
   148.2,0.425137,0.253422,2.689742,0.002096,  47.442
   148.4,0.426187,0.254132,2.692977,0.002123,  47.417
   148.6,0.427211,0.254834,2.692960,0.002172,  47.409
   148.8,0.428222,0.255520,2.692938,0.002163,  47.398
   149.0,0.429201,0.256102,2.696168,0.002190,  47.392
   149.2,0.430169,0.256622,2.696146,0.002239,  47.387
   149.4,0.431122,0.257095,2.692870,0.002230,  47.379
   149.6,0.432057,0.257496,2.692859,0.002257,  47.371
   149.8,0.432958,0.258083,2.696107,0.002306,  47.362
   150.0,0.433846,0.258708,2.696118,0.002298,  47.348
   150.2,0.434699,0.259374,2.696118,0.002324,  47.337
   150.4,0.435520,0.259953,2.699390,0.002373,  47.328
   150.6,0.436319,0.260498,2.699390,0.002365,  47.321
   150.8,0.437075,0.261026,2.699390,0.002378,  47.297
   151.0,0.437878,0.261572,2.699390,0.002440,  47.287
   151.2,0.438681,0.262112,2.699401,0.002445,  47.274
   151.4,0.439500,0.262650,2.699407,0.002472,  47.254
   151.6,0.440256,0.263180,2.702709,0.002534,  47.244
   151.8,0.440975,0.263692,2.702715,0.002526,  47.230
   152.0,0.441680,0.264202,2.702715,0.002552,  47.221
   152.2,0.442357,0.264696,2.706038,0.002601,  47.205
   152.4,0.443011,0.265179,2.702704,0.002593,  47.174
   152.6,0.443635,0.265653,2.706021,0.002620,  47.156
   152.8,0.444189,0.266112,2.706004,0.002668,  47.141
   153.0,0.444694,0.266561,2.705998,0.002673,  47.124
   153.2,0.445140,0.267005,2.709346,0.002700,  47.111
   153.4,0.445549,0.267450,2.705993,0.002749,  47.087
   153.6,0.446139,0.267901,2.705998,0.002740,  47.062
   153.8,0.446786,0.268353,2.709352,0.002767,  47.038
   154.0,0.447487,0.268768,2.706009,0.002816,  47.022
   154.2,0.448091,0.269174,2.706032,0.002808,  46.997
   154.4,0.448675,0.269560,2.709391,0.002834,  46.975
   154.6,0.449235,0.269950,2.706038,0.002883,  46.941
   154.8,0.449806,0.270337,2.706049,0.002910,  46.920
   155.0,0.450376,0.270720,2.709385,0.002937,  46.897
   155.2,0.450932,0.271123,2.709363,0.002950,  46.874
   155.4,0.451521,0.271538,2.709335,0.002950,  46.844
   155.6,0.452137,0.271966,2.712698,0.002977,  46.808
   155.8,0.452748,0.272365,2.712687,0.002990,  46.781
   156.0,0.453324,0.272745,2.712692,0.003017,  46.750
   156.2,0.453905,0.273114,2.712687,0.003009,  46.715
   156.4,0.454450,0.273499,2.716082,0.003022,  46.684
   156.6,0.455027,0.273881,2.712670,0.003071,  46.663
   156.8,0.455604,0.274261,2.712664,0.003063,  46.631
   157.0,0.456180,0.274651,2.716076,0.003076,  46.590
   157.2,0.456790,0.275038,2.712676,0.003125,  46.558
   157.4,0.457401,0.275447,2.712687,0.003117,  46.517
   157.6,0.458041,0.275857,2.716110,0.003143,  46.480
   157.8,0.458707,0.276268,2.716138,0.003192,  46.449
   158.0,0.459374,0.276692,2.716172,0.003184,  46.415
   158.2,0.460071,0.277056,2.719605,0.003184,  46.366
   158.4,0.460778,0.277394,2.719599,0.003232,  46.319
   158.6,0.461488,0.277700,2.716155,0.003224,  46.272
   158.8,0.462211,0.277983,2.719577,0.003238,  46.242
   159.0,0.462944,0.278400,2.719565,0.003286,  46.202
   159.2,0.463696,0.278855,2.719549,0.003264,  46.149
   159.4,0.464462,0.279346,2.719549,0.003264,  46.103
   159.6,0.465308,0.279847,2.719560,0.003313,  46.060
   159.8,0.466197,0.280371,2.719577,0.003305,  46.010
   160.0,0.467138,0.280918,2.719565,0.003305,  45.972
   160.2,0.468068,0.281473,2.719560,0.003353,  45.910
   160.4,0.469001,0.282041,2.719537,0.003332,  45.859
   160.6,0.469957,0.282620,2.722998,0.003345,  45.811
   160.8,0.470956,0.283204,2.723020,0.003367,  45.759
   161.0,0.471966,0.283802,2.723048,0.003332,  45.702
   161.2,0.473007,0.284412,2.726531,0.003345,  45.651
   161.4,0.474132,0.285060,2.726520,0.003380,  45.570
   161.6,0.475285,0.285724,2.723015,0.003345,  45.535
   161.8,0.476502,0.286413,2.723015,0.003345,  45.469
   162.0,0.477556,0.287141,2.726503,0.003380,  45.419
   162.2,0.478564,0.287896,2.726520,0.003345,  45.348
   162.4,0.479503,0.288685,2.726526,0.003345,  45.267
   162.6,0.480387,0.289479,2.730059,0.003380,  45.230
   162.8,0.481668,0.290287,2.730076,0.003359,  45.148
   163.0,0.483050,0.291111,2.730064,0.003359,  45.093
   163.2,0.484566,0.291975,2.730042,0.003407,  45.030
   163.4,0.486064,0.292860,2.730020,0.003372,  44.941
   163.6,0.487593,0.293777,2.730025,0.003359,  44.898
   163.8,0.489181,0.294759,2.733582,0.003367,  44.825
   164.0,0.490842,0.295782,2.733615,0.003353,  44.748
   164.2,0.492545,0.296860,2.737201,0.003367,  44.690
   164.4,0.494318,0.297893,2.737207,0.003353,  44.596
   164.6,0.496099,0.298932,2.737212,0.003353,  44.532
   164.8,0.497899,0.299974,2.737218,0.003367,  44.457
   165.0,0.499743,0.301085,2.740816,0.003340,  44.394
   165.2,0.501657,0.302231,2.740816,0.003326,  44.314
   165.4,0.503597,0.303421,2.737201,0.003291,  44.220
   165.6,0.505593,0.304621,2.740833,0.003278,  44.152
   165.8,0.507662,0.305844,2.737274,0.003300,  44.083
   166.0,0.509777,0.307086,2.737330,0.003264,  44.002
   166.2,0.511952,0.308381,2.740917,0.003264,  43.928
   166.4,0.514164,0.309712,2.740878,0.003273,  43.828
   166.6,0.516407,0.311075,2.740822,0.003238,  43.761
   166.8,0.518701,0.312460,2.744439,0.003224,  43.696
   167.0,0.521036,0.313870,2.744434,0.003232,  43.610
   167.2,0.523386,0.315305,2.744445,0.003184,  43.526
   167.4,0.525789,0.316747,2.748104,0.003184,  43.430
   167.6,0.528216,0.318211,2.748104,0.003219,  43.365
   167.8,0.530657,0.319693,2.748110,0.003170,  43.296
   168.0,0.533136,0.321001,2.751795,0.003143,  43.217
   168.2,0.535733,0.322225,2.751795,0.003165,  43.134
   168.4,0.538410,0.323366,2.751795,0.003130,  43.040
   168.6,0.541150,0.324435,2.755528,0.003130,  42.975
   168.8,0.543795,0.325920,2.755534,0.003152,  42.906
   169.0,0.546438,0.327538,2.755556,0.003117,  42.832
   169.2,0.549050,0.329284,2.759305,0.003130,  42.748
   169.4,0.551725,0.330914,2.763082,0.003152,  42.661
   169.6,0.554408,0.332554,2.759261,0.003117,  42.600
   169.8,0.557106,0.334205,2.759339,0.003130,  42.525
   170.0,0.559812,0.335862,2.763261,0.003152,  42.460
   170.2,0.562516,0.337525,2.763439,0.003117,  42.391
   170.4,0.565227,0.339200,2.763434,0.003130,  42.306
   170.6,0.567915,0.340850,2.767204,0.003152,  42.252
   170.8,0.570581,0.342481,2.767081,0.003117,  42.196
   171.0,0.573223,0.344105,2.770903,0.003152,  42.127
   171.2,0.575480,0.345748,2.770880,0.003160,  42.058
   171.4,0.577555,0.347388,2.770869,0.003138,  41.990
   171.6,0.579400,0.349029,2.774759,0.003187,  41.948
   171.8,0.581063,0.350633,2.774759,0.003200,  41.885
   172.0,0.583406,0.352221,2.774764,0.003179,  41.839
   172.2,0.585902,0.353787,2.778678,0.003227,  41.780
   172.4,0.588567,0.355382,2.778655,0.003254,  41.732
   172.6,0.591056,0.356991,2.774697,0.003232,  41.686
   172.8,0.593544,0.358602,2.778622,0.003294,  41.636
   173.0,0.596031,0.360101,2.778633,0.003308,  41.602
   173.2,0.598390,0.361546,2.778655,0.003300,  41.568
   173.4,0.600676,0.362942,2.782660,0.003362,  41.514
   173.6,0.602889,0.364341,2.782728,0.003362,  41.485
   173.8,0.605103,0.365713,2.782806,0.003388,  41.450
   174.0,0.607263,0.367071,2.786898,0.003367,  41.422
   174.2,0.609391,0.368405,2.787004,0.003429,  41.386
   174.4,0.611454,0.369711,2.787127,0.003442,  41.366
   174.6,0.613449,0.371003,2.787138,0.003469,  41.351
   174.8,0.615399,0.372242,2.787105,0.003483,  41.334
   175.0,0.617302,0.373433,2.787027,0.003510,  41.308
   175.2,0.619137,0.374595,2.786904,0.003501,  41.298
   175.4,0.620912,0.375727,2.786859,0.003542,  41.289
   175.6,0.622617,0.376810,2.786825,0.003569,  41.281
   175.8,0.624250,0.377862,2.790843,0.003574,  41.273
   176.0,0.625799,0.378861,2.794882,0.003587,  41.273
   176.2,0.627274,0.379805,2.794837,0.003649,  41.272
   176.4,0.628642,0.380708,2.790715,0.003654,  41.278
   176.6,0.629945,0.381622,2.790692,0.003695,  41.283
   176.8,0.631310,0.382514,2.790687,0.003757,  41.290
   177.0,0.632656,0.383385,2.790692,0.003762,  41.299
   177.2,0.633983,0.384084,2.790681,0.003803,  41.313
   177.4,0.635131,0.384693,2.790664,0.003851,  41.335
   177.6,0.636160,0.385193,2.790653,0.003856,  41.350
   177.8,0.637082,0.385611,2.790698,0.003910,  41.364
   178.0,0.638029,0.386203,2.794843,0.003972,  41.400
   178.2,0.638891,0.386820,2.794932,0.003964,  41.419
   178.4,0.639710,0.387443,2.794932,0.004026,  41.451
   178.6,0.640418,0.387979,2.799021,0.004075,  41.486
   178.8,0.641041,0.388483,2.794848,0.004067,  41.515
   179.0,0.641577,0.388948,2.794815,0.004093,  41.545
   179.2,0.642067,0.389350,2.798898,0.004120,  41.589
   179.4,0.642499,0.389691,2.798875,0.004126,  41.642
   179.6,0.642879,0.389992,2.798859,0.004166,  41.676
   179.8,0.643184,0.390279,2.798847,0.004215,  41.719
   180.0,0.643412,0.390512,2.798847,0.004207,  41.769
   180.2,0.643575,0.390722,2.798842,0.004247,  41.818
   180.4,0.643704,0.390877,2.798836,0.004309,  41.881
   180.6,0.643775,0.390979,2.798831,0.004301,  41.933
   180.8,0.643786,0.391037,2.798820,0.004341,  41.982
   181.0,0.643740,0.391115,2.798808,0.004417,  42.041
   181.2,0.643693,0.391178,2.798797,0.004436,  42.094
   181.4,0.643599,0.391227,2.798797,0.004463,  42.169
   181.6,0.643476,0.391193,2.798797,0.004511,  42.223
   181.8,0.643266,0.391120,2.798797,0.004517,  42.278
   182.0,0.642990,0.390997,2.798791,0.004543,  42.345
   182.2,0.642669,0.390857,2.798791,0.004579,  42.418
   182.4,0.642318,0.390691,2.798791,0.004570,  42.482
   182.6,0.641892,0.390487,2.798780,0.004597,  42.542
   182.8,0.641431,0.390263,2.798764,0.004646,  42.615
   183.0,0.640907,0.390010,2.798752,0.004673,  42.688
   183.2,0.640325,0.389724,2.798836,0.004700,  42.748
   183.4,0.639693,0.389418,2.798970,0.004714,  42.839
   183.6,0.639066,0.389083,2.795038,0.004727,  42.894
   183.8,0.638394,0.388714,2.795078,0.004754,  42.976
   184.0,0.637689,0.388313,2.799183,0.004767,  43.037
   184.2,0.636903,0.387892,2.795011,0.004781,  43.114
   184.4,0.636051,0.387433,2.794904,0.004773,  43.213
   184.6,0.635131,0.386945,2.794871,0.004786,  43.274
   184.8,0.634212,0.386430,2.794837,0.004835,  43.354
   185.0,0.633255,0.385885,2.794798,0.004827,  43.417
   185.2,0.632273,0.385356,2.794776,0.004840,  43.490
   185.4,0.631292,0.384819,2.798887,0.004889,  43.589
   185.6,0.630262,0.384276,2.794776,0.004881,  43.658
   185.8,0.629225,0.383768,2.794770,0.004881,  43.738
   186.0,0.628104,0.383270,2.798875,0.004929,  43.800
   186.2,0.626912,0.382791,2.794759,0.004908,  43.885
   186.4,0.625680,0.382318,2.794742,0.004935,  43.980
   186.6,0.624468,0.381697,2.794714,0.004970,  44.044
   186.8,0.623230,0.381011,2.790603,0.004948,  44.109
   187.0,0.621975,0.380274,2.790597,0.004962,  44.188
   187.2,0.620661,0.379543,2.790603,0.004997,  44.273
   187.4,0.619290,0.378785,2.790614,0.004975,  44.362
   187.6,0.617881,0.378004,2.786557,0.004975,  44.425
   187.8,0.616492,0.377211,2.786546,0.005010,  44.489
   188.0,0.615046,0.376391,2.786523,0.004989,  44.565
   188.2,0.613596,0.375562,2.782515,0.004975,  44.639
   188.4,0.612133,0.374731,2.782532,0.005010,  44.713
   188.6,0.610632,0.373878,2.786557,0.004989,  44.771
   188.8,0.609110,0.373017,2.786551,0.004975,  44.848
   189.0,0.607587,0.372139,2.786540,0.005010,  44.903
   189.2,0.606048,0.371239,2.782521,0.004989,  44.980
   189.4,0.604492,0.370324,2.786529,0.005010,  45.061
   189.6,0.603135,0.369400,2.782549,0.005032,  45.124
   189.8,0.601860,0.368474,2.778605,0.005010,  45.177
   190.0,0.600687,0.367532,2.782577,0.005045,  45.249
   190.2,0.599584,0.366564,2.778616,0.005032,  45.305
   190.4,0.598035,0.365588,2.774691,0.005010,  45.382
   190.6,0.596367,0.364602,2.778610,0.005045,  45.435
   190.8,0.594564,0.363613,2.778594,0.005032,  45.481
   191.0,0.592872,0.362626,2.774652,0.005010,  45.549
   191.2,0.591145,0.361642,2.778583,0.005045,  45.597
   191.4,0.589414,0.360628,2.774663,0.005032,  45.668
   191.6,0.587650,0.359598,2.770791,0.005018,  45.706
   191.8,0.585851,0.358544,2.770880,0.004997,  45.769
   192.0,0.584019,0.357492,2.771009,0.005018,  45.816
   192.2,0.582245,0.356442,2.767316,0.005018,  45.870
   192.4,0.580469,0.355377,2.767350,0.005018,  45.927
   192.6,0.578690,0.354306,2.767333,0.005005,  45.977
   192.8,0.576857,0.353224,2.771126,0.004991,  46.017
   193.0,0.575002,0.352136,2.767160,0.004956,  46.074
   193.2,0.573116,0.351051,2.770981,0.004978,  46.119
   193.4,0.571257,0.349955,2.770953,0.004965,  46.168
   193.6,0.569400,0.348857,2.767065,0.004916,  46.206
   193.8,0.567557,0.347740,2.767037,0.004938,  46.245
   194.0,0.565673,0.346600,2.767031,0.004924,  46.298
   194.2,0.563762,0.345459,2.763205,0.004889,  46.335
   194.4,0.561852,0.344487,2.763193,0.004875,  46.376
   194.6,0.559915,0.343586,2.763188,0.004875,  46.416
   194.8,0.557952,0.342774,2.759395,0.004840,  46.457
   195.0,0.555962,0.342029,2.759372,0.004827,  46.500
   195.2,0.554004,0.340964,2.759345,0.004835,  46.535
   195.4,0.552054,0.339815,2.755556,0.004786,  46.568
   195.6,0.550110,0.338592,2.751812,0.004773,  46.605
   195.8,0.548131,0.337419,2.751806,0.004794,  46.636
   196.0,0.546132,0.336241,2.751812,0.004746,  46.665
   196.2,0.544125,0.335049,2.748099,0.004719,  46.689
   196.4,0.542135,0.333847,2.748088,0.004740,  46.739
   196.6,0.540137,0.332649,2.748065,0.004705,  46.759
   196.8,0.538129,0.331438,2.751750,0.004678,  46.785
   197.0,0.536136,0.330246,2.751756,0.004687,  46.823
   197.2,0.534128,0.329057,2.748065,0.004638,  46.850
   197.4,0.532103,0.327872,2.751773,0.004624,  46.873
   197.6,0.530111,0.326674,2.748104,0.004633,  46.888
   197.8,0.528113,0.325466,2.744478,0.004584,  46.925
   198.0,0.526091,0.324250,2.748149,0.004570,  46.948
   198.2,0.524351,0.323036,2.744478,0.004579,  46.967
   198.4,0.522761,0.321822,2.740844,0.004530,  46.993
   198.6,0.521284,0.320594,2.744478,0.004552,  47.007
   198.8,0.519958,0.319381,2.740839,0.004560,  47.041
   199.0,0.518052,0.318172,2.737240,0.004511,  47.059
   199.2,0.516010,0.316967,2.737240,0.004519,  47.071
   199.4,0.513830,0.315756,2.737235,0.004506,  47.092
   199.6,0.511778,0.314545,2.733666,0.004457,  47.106
   199.8,0.509724,0.313329,2.733671,0.004479,  47.118
   200.0,0.507678,0.312092,2.733677,0.004452,  47.149
   200.2,0.505612,0.310848,2.730143,0.004417,  47.159
   200.4,0.503545,0.309592,2.730154,0.004425,  47.178
   200.6,0.501477,0.308362,2.730176,0.004412,  47.185
   200.8,0.499424,0.307139,2.726676,0.004398,  47.200
   201.0,0.497386,0.305932,2.726676,0.004349,  47.208
   201.2,0.495358,0.304692,2.726665,0.004336,  47.218
   201.4,0.493297,0.303447,2.723171,0.004323,  47.232
   201.6,0.491222,0.302190,2.723149,0.004309,  47.259
   201.8,0.489132,0.300950,2.719694,0.004282,  47.263
   202.0,0.487084,0.299718,2.719717,0.004269,  47.276
   202.2,0.485055,0.298486,2.719744,0.004220,  47.283
   202.4,0.483026,0.297259,2.716311,0.004207,  47.296
   202.6,0.480975,0.296039,2.716300,0.004215,  47.301
   202.8,0.478910,0.294822,2.716289,0.004166,  47.310
   203.0,0.476822,0.293582,2.719694,0.004153,  47.313
   203.2,0.474752,0.292341,2.716238,0.004161,  47.323
   203.4,0.472685,0.291089,2.709419,0.004112,  47.328
   203.6,0.470603,0.290030,2.712782,0.004085,  47.337
   203.8,0.468539,0.289062,2.709402,0.004107,  47.360
   204.0,0.466485,0.288177,2.706054,0.004058,  47.367
   204.2,0.464417,0.287387,2.706054,0.004045,  47.368
   204.4,0.462336,0.286221,2.702738,0.004053,  47.378
   204.6,0.460234,0.284972,2.699452,0.004004,  47.383
   204.8,0.458120,0.283631,2.699463,0.003991,  47.387
   205.0,0.456038,0.282373,2.699468,0.003999,  47.395
   205.2,0.453966,0.281116,2.696213,0.003951,  47.402
   205.4,0.451903,0.279851,2.696208,0.003937,  47.407
   205.6,0.449838,0.278604,2.696196,0.003945,  47.408
   205.8,0.447779,0.277366,2.692926,0.003897,  47.414
   206.0,0.445723,0.276131,2.689697,0.003870,  47.422
   206.2,0.443664,0.274891,2.689703,0.003892,  47.424
   206.4,0.441612,0.273659,2.686515,0.003856,  47.432
   206.6,0.439557,0.272423,2.686554,0.003843,  47.431
   206.8,0.437505,0.271178,2.680275,0.003851,  47.435
   207.0,0.435461,0.269938,2.677218,0.003803,  47.439
   207.2,0.433405,0.268698,2.677212,0.003789,  47.442
   207.4,0.431662,0.267460,2.674060,0.003797,  47.446
   207.6,0.430061,0.266227,2.670907,0.003749,  47.448
   207.8,0.428602,0.264997,2.670879,0.003722,  47.451
   208.0,0.427290,0.263762,2.667782,0.003743,  47.471
   208.2,0.425394,0.262533,2.664717,0.003695,  47.471
   208.4,0.423357,0.261300,2.661674,0.003681,  47.476
   208.6,0.421183,0.260065,2.658652,0.003690,  47.478
   208.8,0.419145,0.258838,2.655662,0.003641,  47.481
   209.0,0.417110,0.257608,2.655695,0.003628,  47.481
   209.2,0.415076,0.256391,2.649842,0.003636,  47.485
   209.4,0.413074,0.255189,2.649932,0.003622,  47.484
   209.6,0.411088,0.253994,2.649915,0.003609,  47.488
   209.8,0.409116,0.252780,2.646945,0.003595,  47.487
   210.0,0.407114,0.251566,2.641077,0.003582,  47.495
   210.2,0.405107,0.250345,2.638188,0.003569,  47.493
   210.4,0.403102,0.249135,2.638188,0.003555,  47.494
   210.6,0.401107,0.247933,2.632533,0.003528,  47.499
   210.8,0.399121,0.246729,2.629750,0.003493,  47.500
   211.0,0.397150,0.245524,2.626991,0.003466,  47.501
   211.2,0.395162,0.244323,2.624266,0.003474,  47.503
   211.4,0.393177,0.243125,2.621564,0.003426,  47.501
   211.6,0.391187,0.241923,2.621581,0.003412,  47.505
   211.8,0.389213,0.240721,2.616129,0.003421,  47.503
   212.0,0.387254,0.239522,2.610729,0.003372,  47.510
   212.2,0.385298,0.238326,2.608039,0.003359,  47.510
   212.4,0.383331,0.237141,2.602715,0.003367,  47.509
   212.6,0.381360,0.235966,2.600057,0.003318,  47.511
   212.8,0.379392,0.234937,2.600029,0.003305,  47.514
   213.0,0.377407,0.233993,2.594800,0.003313,  47.516
   213.2,0.375419,0.233129,2.589638,0.003264,  47.517
   213.4,0.373415,0.232342,2.587074,0.003238,  47.518
   213.6,0.371463,0.231233,2.582013,0.003246,  47.517
   213.8,0.369520,0.230035,2.577015,0.003197,  47.508
   214.0,0.367586,0.228758,2.572075,0.003197,  47.521
   214.2,0.365649,0.227576,2.567195,0.003219,  47.516
   214.4,0.363713,0.226401,2.564792,0.003170,  47.519
   214.6,0.361768,0.225231,2.559999,0.003143,  47.522
   214.8,0.359838,0.224057,2.555258,0.003165,  47.522
   215.0,0.357916,0.222892,2.550580,0.003130,  47.520
   215.2,0.355996,0.221729,2.548245,0.003103,  47.523
   215.4,0.354097,0.220553,2.541333,0.003111,  47.519
   215.6,0.352195,0.219377,2.534524,0.003063,  47.521
   215.8,0.350306,0.218206,2.530047,0.003049,  47.524
   216.0,0.348426,0.217050,2.523416,0.003071,  47.521
   216.2,0.346542,0.215900,2.516897,0.003022,  47.524
   216.4,0.344666,0.214762,2.512585,0.002996,  47.523
   216.6,0.343062,0.213622,2.506203,0.003017,  47.525
   216.8,0.341599,0.212489,2.499902,0.002969,  47.527
   217.0,0.340262,0.211350,2.495754,0.002955,  47.528
   217.2,0.339070,0.210216,2.487598,0.002977,  47.526
   217.4,0.337335,0.209085,2.481586,0.002928,  47.530
   217.6,0.335481,0.207953,2.477642,0.002902,  47.528
   217.8,0.333504,0.206835,2.469862,0.002923,  47.526
   218.0,0.331678,0.205727,2.462242,0.002888,  47.528
   218.2,0.329865,0.204631,2.456548,0.002861,  47.530
   218.4,0.328060,0.203519,2.450899,0.002870,  47.524
   218.6,0.326245,0.202392,2.441656,0.002856,  47.520
   218.8,0.324427,0.201270,2.436210,0.002856,  47.525
   219.0,0.322605,0.200172,2.429068,0.002829,  47.529
   219.2,0.320812,0.199088,2.420313,0.002829,  47.528
   219.4,0.319028,0.198014,2.413530,0.002816,  47.524
   219.6,0.317256,0.196927,2.405231,0.002802,  47.526
   219.8,0.315475,0.195835,2.397143,0.002789,  47.521
   220.0,0.313684,0.194746,2.390670,0.002754,  47.522
   220.2,0.311890,0.193661,2.385843,0.002776,  47.522
   220.4,0.310120,0.192579,2.381023,0.002784,  47.521
   220.6,0.308357,0.191497,2.376204,0.002735,  47.520
   220.8,0.306607,0.190425,2.368429,0.002757,  47.525
   221.0,0.304847,0.189352,2.359290,0.002730,  47.518
   221.2,0.303097,0.188287,2.351818,0.002682,  47.516
   221.4,0.301354,0.187209,2.343011,0.002703,  47.516
   221.6,0.299588,0.186131,2.334371,0.002690,  47.517
   221.8,0.297824,0.185047,2.325910,0.002641,  47.516
   222.0,0.296051,0.183974,2.317626,0.002663,  47.515
   222.2,0.294307,0.182911,2.309503,0.002636,  47.514
   222.4,0.292586,0.181854,2.300237,0.002601,  47.517
   222.6,0.290878,0.180953,2.291142,0.002623,  47.520
   222.8,0.289154,0.180129,2.283489,0.002609,  47.518
   223.0,0.287443,0.179385,2.273494,0.002574,  47.521
   223.2,0.285733,0.178724,2.264942,0.002596,  47.521
   223.4,0.284029,0.177750,2.255376,0.002569,  47.523
   223.6,0.282339,0.176706,2.246022,0.002521,  47.520
   223.8,0.280655,0.175595,2.237985,0.002542,  47.518
   224.0,0.278975,0.174551,2.227877,0.002529,  47.516
   224.2,0.277315,0.173516,2.217999,0.002480,  47.518
   224.4,0.275650,0.172492,2.209399,0.002489,  47.517
   224.6,0.273995,0.171470,2.198883,0.002475,  47.519
   224.8,0.272359,0.170462,2.189637,0.002440,  47.525
   225.0,0.270722,0.169459,2.180562,0.002462,  47.523
   225.2,0.269092,0.168455,2.170685,0.002435,  47.526
   225.4,0.267476,0.167466,2.160070,0.002386,  47.530
   225.6,0.265865,0.166480,2.150664,0.002421,  47.530
   225.8,0.264489,0.165485,2.141468,0.002408,  47.532
   226.0,0.263227,0.164491,2.130694,0.002360,  47.531
   226.2,0.262077,0.163499,2.121039,0.002368,  47.539
   226.4,0.261046,0.162522,2.110750,0.002354,  47.539
   226.6,0.259571,0.161555,2.100711,0.002319,  47.541
   226.8,0.257991,0.160598,2.090872,0.002341,  47.540
   227.0,0.256301,0.159634,2.080459,0.002328,  47.539
   227.2,0.254723,0.158666,2.069512,0.002279,  47.544
   227.4,0.253156,0.157697,2.059614,0.002301,  47.544
   227.6,0.251586,0.156747,2.049213,0.002287,  47.545
   227.8,0.250033,0.155791,2.038360,0.002274,  47.544
   228.0,0.248495,0.154846,2.028425,0.002225,  47.543
   228.2,0.246960,0.153903,2.018015,0.002261,  47.542
   228.4,0.245424,0.152959,2.007837,0.002247,  47.540
   228.6,0.243901,0.152021,1.999218,0.002247,  47.541
   228.8,0.242380,0.151082,1.991416,0.002247,  47.540
   229.0,0.240860,0.150140,1.983752,0.002220,  47.538
   229.2,0.239352,0.149205,1.976232,0.002185,  47.543
   229.4,0.237859,0.148285,1.966992,0.002220,  47.540
   229.6,0.236351,0.147372,1.956158,0.002193,  47.546
   229.8,0.234853,0.146465,1.945009,0.002145,  47.543
   230.0,0.233363,0.145545,1.934704,0.002180,  47.540
   230.2,0.231872,0.144624,1.924084,0.002153,  47.541
   230.4,0.230387,0.143698,1.912653,0.002118,  47.538
   230.6,0.228915,0.142793,1.902035,0.002126,  47.544
   230.8,0.227448,0.141903,1.892181,0.002113,  47.543
   231.0,0.225978,0.141024,1.881051,0.002078,  47.541
   231.2,0.224529,0.140259,1.870669,0.002100,  47.544
   231.4,0.223085,0.139550,1.860518,0.002073,  47.537
   231.6,0.221640,0.138913,1.849668,0.002024,  47.545
   231.8,0.220208,0.138336,1.839086,0.002059,  47.543
   232.0,0.218768,0.137507,1.828755,0.002046,  47.542
   232.2,0.217333,0.136627,1.817804,0.001997,  47.541
   232.4,0.215908,0.135686,1.807127,0.002006,  47.538
   232.6,0.214500,0.134813,1.796300,0.002028,  47.538
   232.8,0.213115,0.133944,1.785742,0.001992,  47.540
   233.0,0.211749,0.133086,1.775424,0.001979,  47.539
   233.2,0.210376,0.132232,1.764575,0.001987,  47.543
   233.4,0.209004,0.131375,1.754362,0.001939,  47.543
   233.6,0.207643,0.130536,1.744395,0.001939,  47.544
   233.8,0.206282,0.129693,1.733593,0.001961,  47.543
   234.0,0.204932,0.128858,1.723065,0.001912,  47.540
   234.2,0.203592,0.128028,1.712771,0.001899,  47.545
   234.4,0.202252,0.127197,1.702384,0.001920,  47.543
   234.6,0.200923,0.126376,1.691604,0.001885,  47.547
   234.8,0.199608,0.125557,1.681379,0.001885,  47.544
   235.0,0.198480,0.124747,1.671384,0.001858,  47.542
   235.2,0.197451,0.123946,1.661311,0.001823,  47.545
   235.4,0.196517,0.123151,1.651478,0.001858,  47.543
   235.6,0.195685,0.122349,1.640998,0.001832,  47.542
   235.8,0.194480,0.121543,1.630502,0.001783,  47.542
   236.0,0.193180,0.120730,1.620008,0.001818,  47.540
   236.2,0.191799,0.119936,1.609518,0.001805,  47.540
   236.4,0.190516,0.119151,1.598518,0.001756,  47.538
   236.6,0.189249,0.118369,1.588713,0.001778,  47.539
   236.8,0.187989,0.117585,1.578851,0.001778,  47.536
   237.0,0.186721,0.116796,1.569418,0.001778,  47.540
   237.2,0.185459,0.116022,1.559749,0.001729,  47.538
   237.4,0.184210,0.115254,1.549841,0.001765,  47.537
   237.6,0.182965,0.114488,1.539708,0.001751,  47.539
   237.8,0.181738,0.113733,1.529802,0.001738,  47.535
   238.0,0.180524,0.112971,1.520334,0.001724,  47.535
   238.2,0.179298,0.112216,1.510648,0.001724,  47.535
   238.4,0.178069,0.111461,1.502414,0.001676,  47.534
   238.6,0.176839,0.110705,1.494726,0.001698,  47.532
   238.8,0.175623,0.109955,1.487789,0.001684,  47.533
   239.0,0.174416,0.109206,1.481143,0.001636,  47.534
   239.2,0.173213,0.108460,1.472071,0.001657,  47.532
   239.4,0.172010,0.107721,1.462248,0.001657,  47.533
   239.6,0.170822,0.106992,1.452089,0.001636,  47.531
   239.8,0.169640,0.106260,1.442515,0.001644,  47.534
   240.0,0.168473,0.105528,1.432797,0.001631,  47.531
   240.2,0.167313,0.104806,1.423303,0.001596,  47.534
   240.4,0.166171,0.104184,1.413821,0.001617,  47.534
   240.6,0.165007,0.103616,1.404529,0.001591,  47.531
   240.8,0.163855,0.103108,1.395110,0.001542,  47.530
   241.0,0.162699,0.102650,1.385902,0.001577,  47.531
   241.2,0.161560,0.101997,1.376578,0.001564,  47.529
   241.4,0.160444,0.101292,1.367002,0.001515,  47.529
   241.6,0.159336,0.100551,1.357783,0.001537,  47.528
   241.8,0.158225,0.099861,1.348474,0.001537,  47.529
   242.0,0.157121,0.099172,1.339092,0.001515,  47.530
   242.2,0.156018,0.098495,1.330140,0.001537,  47.527
   242.4,0.154923,0.097816,1.321363,0.001524,  47.524
   242.6,0.153847,0.097140,1.312473,0.001488,  47.529
   242.8,0.152767,0.096465,1.303639,0.001524,  47.526
   243.0,0.151692,0.095796,1.294862,0.001497,  47.533
   243.2,0.150631,0.095137,1.285878,0.001462,  47.524
   243.4,0.149567,0.094479,1.277319,0.001497,  47.528
   243.6,0.148659,0.093825,1.268808,0.001483,  47.534
   243.8,0.147838,0.093179,1.260342,0.001448,  47.528
   244.0,0.147084,0.092535,1.251919,0.001470,  47.535
   244.2,0.146415,0.091888,1.243311,0.001457,  47.528
   244.4,0.145457,0.091242,1.234531,0.001408,  47.532
   244.6,0.144442,0.090598,1.226147,0.001443,  47.537
   244.8,0.143348,0.089967,1.217715,0.001430,  47.531
   245.0,0.142325,0.089337,1.209237,0.001395,  47.535
   245.2,0.141320,0.088714,1.200805,0.001416,  47.532
   245.4,0.140308,0.088086,1.192438,0.001403,  47.531
   245.6,0.139299,0.087463,1.184040,0.001368,  47.535
   245.8,0.138302,0.086838,1.175533,0.001403,  47.535
   246.0,0.137300,0.086223,1.166925,0.001376,  47.536
   246.2,0.136309,0.085615,1.158136,0.001376,  47.538
   246.4,0.135329,0.085015,1.150085,0.001341,  47.535
   246.6,0.134349,0.084411,1.142324,0.001363,  47.538
   246.8,0.133378,0.083808,1.134670,0.001363,  47.537
   247.0,0.132410,0.083206,1.127979,0.001363,  47.539
   247.2,0.131453,0.082612,1.121742,0.001350,  47.537
   247.4,0.130493,0.082016,1.116200,0.001350,  47.540
   247.6,0.129539,0.081423,1.110902,0.001314,  47.540
   247.8,0.128593,0.080839,1.103733,0.001350,  47.537
   248.0,0.127650,0.080260,1.095865,0.001336,  47.541
   248.2,0.126726,0.079688,1.087579,0.001288,  47.539
   248.4,0.125807,0.079111,1.079922,0.001323,  47.541
   248.6,0.124885,0.078541,1.072170,0.001309,  47.539
   248.8,0.123970,0.077975,1.064495,0.001274,  47.543
   249.0,0.123067,0.077487,1.056734,0.001296,  47.544
   249.2,0.122154,0.077045,1.048833,0.001283,  47.543
   249.4,0.121249,0.076634,1.040874,0.001261,  47.541
   249.6,0.120355,0.076272,1.033377,0.001261,  47.542
   249.8,0.119461,0.075758,1.025920,0.001247,  47.543
   250.0,0.118589,0.075205,1.018716,0.001212,  47.542
   250.2,0.117725,0.074619,1.011555,0.001199,  47.540
   250.4,0.116851,0.074076,1.004372,0.001207,  47.543
   250.6,0.115990,0.073537,0.997288,0.001172,  47.541
   250.8,0.115122,0.073002,0.990199,0.001159,  47.541
   251.0,0.114263,0.072466,0.983171,0.001181,  47.543
   251.2,0.113425,0.071938,0.976074,0.001132,  47.544
   251.4,0.112587,0.071411,0.969034,0.001132,  47.542
   251.6,0.111753,0.070886,0.961992,0.001167,  47.545
   251.8,0.110924,0.070374,0.954961,0.001119,  47.543
   252.0,0.110106,0.069859,0.948089,0.001105,  47.548
   252.2,0.109281,0.069344,0.941324,0.001140,  47.545
   252.4,0.108467,0.068835,0.934613,0.001119,  47.546
   252.6,0.107651,0.068332,0.927826,0.001105,  47.546
   252.8,0.106960,0.067832,0.921082,0.001127,  47.546
   253.0,0.106327,0.067330,0.914221,0.001105,  47.546
   253.2,0.105763,0.066831,0.907619,0.001092,  47.547
   253.4,0.105264,0.066342,0.901069,0.001114,  47.546
   253.6,0.104529,0.065851,0.894564,0.001079,  47.541
   253.8,0.103750,0.065360,0.888014,0.001079,  47.543
   254.0,0.102910,0.064875,0.881511,0.001100,  47.545
   254.2,0.102128,0.064395,0.874968,0.001100,  47.544
   254.4,0.101361,0.063915,0.868098,0.001100,  47.545
   254.6,0.100588,0.063438,0.861042,0.001100,  47.540
   254.8,0.099824,0.062967,0.853814,0.001087,  47.540
   255.0,0.099061,0.062500,0.848249,0.001100,  47.539
   255.2,0.098309,0.062034,0.843495,0.001122,  47.538
   255.4,0.097562,0.061571,0.839336,0.001109,  47.536
   255.6,0.096810,0.061110,0.835896,0.001074,  47.537
   255.8,0.096079,0.060650,0.830349,0.001122,  47.536
   256.0,0.095352,0.060193,0.824393,0.001109,  47.536
   256.2,0.094617,0.059743,0.818035,0.001074,  47.534
   256.4,0.093903,0.059291,0.812120,0.001109,  47.530
   256.6,0.093183,0.058846,0.806175,0.001095,  47.532
   256.8,0.092468,0.058405,0.800278,0.001047,  47.531
   257.0,0.091761,0.057968,0.794308,0.001082,  47.535
   257.2,0.091055,0.057534,0.788321,0.001069,  47.540
   257.4,0.090366,0.057104,0.782267,0.001033,  47.535
   257.6,0.089678,0.056734,0.776461,0.001055,  47.537
   257.8,0.088982,0.056392,0.770676,0.001055,  47.538
   258.0,0.088299,0.056081,0.765004,0.001033,  47.537
   258.2,0.087612,0.055804,0.759175,0.001042,  47.536
   258.4,0.086935,0.055412,0.753292,0.001028,  47.539
   258.6,0.086275,0.054989,0.747395,0.000993,  47.540
   258.8,0.085610,0.054543,0.741935,0.001028,  47.541
   259.0,0.084940,0.054123,0.736646,0.001015,  47.541
   259.2,0.084287,0.053711,0.731574,0.000980,  47.535
   259.4,0.083625,0.053296,0.725766,0.001015,  47.535
   259.6,0.082970,0.052887,0.719609,0.001002,  47.541
   259.8,0.082333,0.052482,0.713229,0.000967,  47.538
   260.0,0.081699,0.052087,0.707935,0.000988,  47.534
   260.2,0.081067,0.051688,0.702968,0.000975,  47.537
   260.4,0.080442,0.051296,0.698350,0.000926,  47.534
   260.6,0.079824,0.050901,0.693472,0.000962,  47.531
   260.8,0.079204,0.050512,0.688536,0.000948,  47.532
   261.0,0.078588,0.050132,0.683633,0.000913,  47.534
   261.2,0.077986,0.049750,0.678691,0.000935,  47.532
   261.4,0.077473,0.049370,0.673660,0.000922,  47.531
   261.6,0.077000,0.048996,0.668606,0.000900,  47.532
   261.8,0.076577,0.048626,0.663654,0.000935,  47.532
   262.0,0.076199,0.048256,0.658762,0.000922,  47.528
   262.2,0.075648,0.047887,0.653884,0.000900,  47.526
   262.4,0.075065,0.047518,0.649007,0.000935,  47.529
   262.6,0.074439,0.047158,0.644137,0.000922,  47.524
   262.8,0.073852,0.046794,0.639321,0.000900,  47.525
   263.0,0.073278,0.046426,0.634506,0.000922,  47.531
   263.2,0.072702,0.046065,0.629671,0.000908,  47.524
   263.4,0.072124,0.045704,0.624840,0.000908,  47.524
   263.6,0.071558,0.045350,0.620085,0.000886,  47.520
   263.8,0.070991,0.044997,0.615359,0.000908,  47.526
   264.0,0.070421,0.044641,0.610626,0.000908,  47.523
   264.2,0.069867,0.044295,0.606628,0.000922,  47.524
   264.4,0.069314,0.043951,0.602977,0.000908,  47.524
   264.6,0.068759,0.043605,0.599703,0.000895,  47.525
   264.8,0.068220,0.043261,0.596727,0.000860,  47.518
   265.0,0.067681,0.042922,0.592509,0.000881,  47.518
   265.2,0.067146,0.042581,0.587981,0.000890,  47.522
   265.4,0.066609,0.042250,0.583172,0.000841,  47.520
   265.6,0.066082,0.041921,0.578823,0.000841,  47.524
   265.8,0.065559,0.041596,0.574511,0.000841,  47.525
   266.0,0.065030,0.041275,0.570265,0.000793,  47.522
   266.2,0.064517,0.040951,0.565907,0.000828,  47.523
   266.4,0.063995,0.040625,0.561556,0.000828,  47.523
   266.6,0.063484,0.040305,0.557123,0.000806,  47.522
   266.8,0.062973,0.040034,0.552758,0.000841,  47.521
   267.0,0.062468,0.039786,0.548407,0.000828,  47.522
   267.2,0.061983,0.039563,0.544055,0.000806,  47.518
   267.4,0.061498,0.039368,0.539701,0.000815,  47.521
   267.6,0.061005,0.039080,0.535317,0.000823,  47.517
   267.8,0.060527,0.038777,0.530962,0.000788,  47.524
   268.0,0.060041,0.038450,0.526849,0.000788,  47.520
   268.2,0.059558,0.038150,0.522780,0.000810,  47.526
   268.4,0.059092,0.037847,0.518852,0.000774,  47.527
   268.6,0.058622,0.037552,0.514613,0.000788,  47.526
   268.8,0.058153,0.037254,0.510267,0.000774,  47.529
   269.0,0.057700,0.036965,0.505816,0.000739,  47.532
   269.2,0.057245,0.036675,0.501705,0.000788,  47.532
   269.4,0.056786,0.036386,0.497711,0.000774,  47.535
   269.6,0.056341,0.036102,0.493784,0.000739,  47.535
   269.8,0.055886,0.035822,0.490304,0.000788,  47.539
   270.0,0.055445,0.035545,0.487089,0.000774,  47.533
   270.2,0.055003,0.035268,0.484081,0.000739,  47.539
   270.4,0.054572,0.034993,0.480766,0.000774,  47.543
   270.6,0.054201,0.034716,0.477438,0.000761,  47.540
   270.8,0.053857,0.034446,0.474042,0.000726,  47.542
   271.0,0.053559,0.034176,0.470605,0.000726,  47.542
   271.2,0.053285,0.033904,0.467139,0.000726,  47.544
   271.4,0.052885,0.033641,0.463603,0.000691,  47.546
   271.6,0.052465,0.033380,0.460141,0.000677,  47.546
   271.8,0.052002,0.033119,0.456656,0.000699,  47.548
   272.0,0.051579,0.032859,0.453196,0.000651,  47.552
   272.2,0.051175,0.032603,0.449783,0.000651,  47.546
   272.4,0.050762,0.032345,0.446379,0.000686,  47.544
   272.6,0.050346,0.032088,0.442988,0.000686,  47.549
   272.8,0.049943,0.031830,0.439655,0.000686,  47.546
   273.0,0.049534,0.031579,0.436322,0.000686,  47.549
   273.2,0.049128,0.031326,0.433003,0.000673,  47.549
   273.4,0.048735,0.031079,0.430204,0.000673,  47.549
   273.6,0.048342,0.030835,0.427664,0.000673,  47.547
   273.8,0.047947,0.030586,0.425353,0.000673,  47.551
   274.0,0.047564,0.030344,0.423299,0.000651,  47.546
   274.2,0.047178,0.030099,0.420313,0.000651,  47.550
   274.4,0.046792,0.029853,0.417089,0.000673,  47.556
   274.6,0.046417,0.029620,0.413656,0.000651,  47.556
   274.8,0.046041,0.029385,0.410436,0.000637,  47.555
   275.0,0.045666,0.029146,0.407235,0.000646,  47.557
   275.2,0.045294,0.028917,0.404029,0.000624,  47.555
   275.4,0.044926,0.028687,0.400919,0.000624,  47.561
   275.6,0.044554,0.028452,0.397825,0.000646,  47.559
   275.8,0.044191,0.028227,0.394759,0.000624,  47.562
   276.0,0.043828,0.028028,0.391719,0.000611,  47.560
   276.2,0.043468,0.027847,0.388685,0.000632,  47.560
   276.4,0.043109,0.027689,0.385699,0.000597,  47.558
   276.6,0.042757,0.027543,0.382649,0.000597,  47.562
   276.8,0.042407,0.027341,0.379579,0.000619,  47.562
   277.0,0.042064,0.027121,0.376501,0.000584,  47.566
   277.2,0.041715,0.026892,0.373669,0.000584,  47.566
   277.4,0.041374,0.026675,0.370941,0.000606,  47.564
   277.6,0.041044,0.026467,0.368345,0.000571,  47.567
   277.8,0.040708,0.026254,0.365496,0.000571,  47.565
   278.0,0.040371,0.026039,0.362581,0.000606,  47.568
   278.2,0.040048,0.025832,0.359594,0.000571,  47.567
   278.4,0.039715,0.025624,0.356875,0.000571,  47.566
   278.6,0.039388,0.025416,0.354260,0.000606,  47.567
   278.8,0.039074,0.025219,0.351703,0.000571,  47.567
   279.0,0.038754,0.025019,0.349104,0.000571,  47.569
   279.2,0.038440,0.024816,0.346501,0.000606,  47.568
   279.4,0.038132,0.024623,0.343909,0.000571,  47.567
   279.6,0.037824,0.024424,0.341300,0.000571,  47.571
   279.8,0.037557,0.024223,0.338702,0.000592,  47.584
   280.0,0.037310,0.024033,0.336070,0.000557,  47.584
   280.2,0.037096,0.023837,0.333379,0.000557,  47.589
   280.4,0.036899,0.023642,0.330660,0.000579,  47.586
   280.6,0.036612,0.023454,0.327905,0.000530,  47.585
   280.8,0.036317,0.023261,0.325382,0.000530,  47.585
   281.0,0.035996,0.023069,0.322948,0.000566,  47.584
   281.2,0.035698,0.022888,0.320618,0.000552,  47.586
