Run Name,20% CRL group 12 4 2 14
Run Date,04:29:26 PM   04-02-14
Method Name,20% CRL group 12 4 2 14
Export Format Version, 1.00
Method ID, 2006
Points/Second, 5.00
Number of Records,   2640
Offset from Run Start Time,00:00:00
Run End Time,00:08:48
Time,Second
QuadTec 1, (280.0 nm), AU
Trace 2,<Not Selected>
Gradient Pump,%B
Trace 3,<Not Selected>
Trace 4,<Not Selected>
Conductivity,mS/cm
Trace 6,<Not Available>
GP Pressure,PSI
Volume,<Not Selected>
Fraction,<Not Available>
Time,QuadTec 1,Gradient Pump,Conductivity,GP Pressure
     0.0,0.000087, 20,  24.852,   99
     0.2,0.000056, 20,  24.849,  101
     0.4,0.000068, 20,  24.852,  102
     0.6,0.000068, 20,  24.849,  101
     0.8,0.000000, 20,  24.851,  100
     1.0,0.000000, 20,  24.850,  101
     1.2,0.000000, 20,  24.850,  101
     1.4,0.000000, 20,  24.846,  100
     1.6,0.000000, 20,  24.846,  100
     1.8,0.000000, 20,  24.842,  101
     2.0,0.000000, 20,  24.839,  102
     2.2,0.000000, 20,  24.841,  100
     2.4,0.000000, 20,  24.836,   99
     2.6,0.000000, 20,  24.837,  100
     2.8,0.000000, 20,  24.831,  100
     3.0,0.000000, 20,  24.830,  101
     3.2,0.000000, 20,  24.830,  101
     3.4,0.000000, 20,  24.827,  102
     3.6,0.000000, 20,  24.826,  102
     3.8,0.000000, 20,  24.824,  102
     4.0,0.000000, 20,  24.822,  101
     4.2,0.000007, 20,  24.818,  101
     4.4,0.000000, 20,  24.818,  100
     4.6,0.000007, 20,  24.812,  102
     4.8,0.000007, 20,  24.810,  104
     5.0,0.000007, 20,  24.807,  103
     5.2,0.000000, 20,  24.803,  101
     5.4,0.000007, 20,  24.804,  103
     5.6,0.000007, 20,  24.804,  105
     5.8,0.000000, 20,  24.798,  104
     6.0,0.000007, 20,  24.792,  102
     6.2,0.000009, 20,  24.794,  102
     6.4,0.000003, 20,  24.794,  101
     6.6,0.000009, 20,  24.795,  101
     6.8,0.000012, 20,  24.796,  101
     7.0,0.000018, 20,  24.791,  101
     7.2,0.000024, 20,  24.789,  102
     7.4,0.000027, 20,  24.791,  101
     7.6,0.000023, 20,  24.790,   99
     7.8,0.000023, 20,  24.786,  101
     8.0,0.000029, 20,  24.792,  102
     8.2,0.000031, 20,  24.787,  102
     8.4,0.000041, 20,  24.789,  102
     8.6,0.000043, 20,  24.787,  102
     8.8,0.000040, 20,  24.789,  101
     9.0,0.000037, 20,  24.789,  101
     9.2,0.000037, 20,  24.790,  102
     9.4,0.000037, 20,  24.794,  101
     9.6,0.000037, 20,  24.794,  100
     9.8,0.000037, 20,  24.794,  101
    10.0,0.000030, 20,  24.793,  101
    10.2,0.000034, 20,  24.794,  100
    10.4,0.000031, 20,  24.796,   99
    10.6,0.000022, 20,  24.798,   99
    10.8,0.000022, 20,  24.798,  100
    11.0,0.000022, 20,  24.798,  101
    11.2,0.000018, 20,  24.793,  102
    11.4,0.000025, 20,  24.796,  101
    11.6,0.000022, 20,  24.794,  101
    11.8,0.000018, 20,  24.798,  101
    12.0,0.000025, 20,  24.801,  101
    12.2,0.000022, 20,  24.798,  101
    12.4,0.000018, 20,  24.803,  101
    12.6,0.000025, 20,  24.797,  100
    12.8,0.000022, 20,  24.802,  100
    13.0,0.000018, 20,  24.807,  100
    13.2,0.000018, 20,  24.805,  100
    13.4,0.000018, 20,  24.807,  101
    13.6,0.000011, 20,  24.807,  103
    13.8,0.000011, 20,  24.810,  101
    14.0,0.000018, 20,  24.803,  100
    14.2,0.000018, 20,  24.812,  101
    14.4,0.000022, 20,  24.814,  102
    14.6,0.000033, 20,  24.812,  101
    14.8,0.000038, 20,  24.813,  101
    15.0,0.000034, 20,  24.817,  101
    15.2,0.000037, 20,  24.818,  102
    15.4,0.000040, 20,  24.817,  101
    15.6,0.000036, 20,  24.819,  100
    15.8,0.000037, 20,  24.822,  100
    16.0,0.000033, 20,  24.827,  100
    16.2,0.000036, 20,  24.829,  102
    16.4,0.000038, 20,  24.831,  103
    16.6,0.000041, 20,  24.835,  102
    16.8,0.000041, 20,  24.837,  100
    17.0,0.000050, 20,  24.834,  100
    17.2,0.000049, 20,  24.840,  100
    17.4,0.000052, 20,  24.840,   99
    17.6,0.000057, 20,  24.841,   98
    17.8,0.000054, 20,  24.846,  100
    18.0,0.000056, 20,  24.845,  102
    18.2,0.000050, 20,  24.848,  100
    18.4,0.000056, 20,  24.858,   99
    18.6,0.000059, 20,  24.853,  100
    18.8,0.000062, 20,  24.856,  101
    19.0,0.000064, 20,  24.860,  101
    19.2,0.000061, 20,  24.861,  102
    19.4,0.000058, 20,  24.861,  102
    19.6,0.000062, 20,  24.863,  102
    19.8,0.000055, 20,  24.861,  101
    20.0,0.000052, 20,  24.867,  100
    20.2,0.000054, 20,  24.871,  100
    20.4,0.000047, 20,  24.870,  100
    20.6,0.000044, 20,  24.873,  100
    20.8,0.000045, 20,  24.874,  100
    21.0,0.000036, 20,  24.870,   99
    21.2,0.000033, 20,  24.872,   99
    21.4,0.000034, 20,  24.877,  102
    21.6,0.000028, 20,  24.875,  105
    21.8,0.000032, 20,  24.875,  103
    22.0,0.000038, 20,  24.876,  101
    22.2,0.000032, 20,  24.881,  100
    22.4,0.000029, 20,  24.876,  100
    22.6,0.000026, 20,  24.877,  100
    22.8,0.000019, 20,  24.879,  101
    23.0,0.000019, 20,  24.880,  101
    23.2,0.000023, 20,  24.879,  102
    23.4,0.000014, 20,  24.881,  101
    23.6,0.000014, 20,  24.884,  100
    23.8,0.000015, 20,  24.884,  100
    24.0,0.000009, 20,  24.888,  101
    24.2,0.000009, 20,  24.887,  102
    24.4,0.000015, 20,  24.884,  103
    24.6,0.000011, 20,  24.886,  101
    24.8,0.000006, 20,  24.881,  100
    25.0,0.000007, 20,  24.879,  101
    25.2,0.000000, 20,  24.879,  103
    25.4,0.000007, 20,  24.879,  102
    25.6,0.000011, 20,  24.877,  101
    25.8,0.000004, 20,  24.879,  102
    26.0,0.000011, 20,  24.874,  103
    26.2,0.000005, 20,  24.874,  101
    26.4,0.000005, 20,  24.875,   99
    26.6,-0.000001, 20,  24.874,   99
    26.8,0.000005, 20,  24.877,  100
    27.0,0.000003, 20,  24.870,  100
    27.2,0.000003, 20,  24.869,  101
    27.4,0.000007, 20,  24.868,  101
    27.6,0.000004, 20,  24.873,  101
    27.8,-0.000003, 20,  24.870,  100
    28.0,-0.000003, 20,  24.866,  100
    28.2,-0.000003, 20,  24.867,  101
    28.4,-0.000007, 20,  24.866,  101
    28.6,0.000000, 20,  24.869,  100
    28.8,0.000000, 20,  24.865,   98
    29.0,-0.000007, 20,  24.866,   98
    29.2,0.000000, 20,  24.862,   98
    29.4,-0.000003, 20,  24.862,  101
    29.6,0.000003, 20,  24.860,  103
    29.8,0.000003, 20,  24.861,  102
    30.0,0.000009, 20,  24.858,  102
    30.2,0.000012, 20,  24.855,  101
    30.4,0.000005, 20,  24.859,  100
    30.6,0.000009, 20,  24.855,  100
    30.8,0.000009, 20,  24.856,  100
    31.0,0.000008, 20,  24.853,   99
    31.2,0.000018, 20,  24.851,   99
    31.4,0.000020, 20,  24.855,   99
    31.6,0.000014, 20,  24.851,   98
    31.8,0.000020, 20,  24.852,   99
    32.0,0.000023, 20,  24.851,  100
    32.2,0.000014, 20,  24.852,  102
    32.4,0.000020, 20,  24.852,  103
    32.6,0.000023, 20,  24.848,  101
    32.8,0.000019, 20,  24.843,  100
    33.0,0.000029, 20,  24.842,  100
    33.2,0.000034, 20,  24.840,  101
    33.4,0.000027, 20,  24.837,   99
    33.6,0.000034, 20,  24.839,   98
    33.8,0.000030, 20,  24.837,   99
    34.0,0.000033, 20,  24.844,  101
    34.2,0.000033, 20,  24.837,  100
    34.4,0.000026, 20,  24.833,   98
    34.6,0.000033, 20,  24.834,   99
    34.8,0.000030, 20,  24.834,  100
    35.0,0.000030, 20,  24.827,  101
    35.2,0.000026, 20,  24.829,  102
    35.4,0.000023, 20,  24.827,  102
    35.6,0.000026, 20,  24.823,  101
    35.8,0.000029, 20,  24.821,  101
    36.0,0.000029, 20,  24.827,  100
    36.2,0.000026, 20,  24.821,  101
    36.4,0.000019, 20,  24.821,  102
    36.6,0.000023, 20,  24.819,  101
    36.8,0.000027, 20,  24.821,  100
    37.0,0.000018, 20,  24.818,  100
    37.2,0.000025, 20,  24.815,  100
    37.4,0.000022, 20,  24.818,  102
    37.6,0.000015, 20,  24.817,  104
    37.8,0.000022, 20,  24.817,  103
    38.0,0.000022, 20,  24.815,  101
    38.2,0.000025, 20,  24.811,  100
    38.4,0.000025, 20,  24.809,  100
    38.6,0.000029, 20,  24.808,  100
    38.8,0.000031, 20,  24.809,  101
    39.0,0.000025, 20,  24.815,  101
    39.2,0.000031, 20,  24.816,  101
    39.4,0.000031, 20,  24.811,  100
    39.6,0.000022, 20,  24.812,   99
    39.8,0.000023, 20,  24.814,   99
    40.0,0.000026, 20,  24.813,   99
    40.2,0.000026, 20,  24.812,  101
    40.4,0.000030, 20,  24.816,  102
    40.6,0.000033, 20,  24.814,  101
    40.8,0.000026, 20,  24.813,   99
    41.0,0.000023, 20,  24.814,  101
    41.2,0.000026, 20,  24.820,  103
    41.4,0.000019, 20,  24.822,  102
    41.6,0.000026, 20,  24.824,  101
    41.8,0.000022, 20,  24.818,  100
    42.0,0.000019, 20,  24.822,   99
    42.2,0.000019, 20,  24.822,   99
    42.4,0.000015, 20,  24.826,   98
    42.6,0.000022, 20,  24.827,   98
    42.8,0.000022, 20,  24.828,   97
    43.0,0.000022, 20,  24.830,  100
    43.2,0.000018, 20,  24.829,  102
    43.4,0.000025, 20,  24.831,  101
    43.6,0.000022, 20,  24.832,  101
    43.8,0.000025, 20,  24.831,  100
    44.0,0.000025, 20,  24.834,  100
    44.2,0.000025, 20,  24.836,  100
    44.4,0.000018, 20,  24.839,  100
    44.6,0.000025, 20,  24.847,  100
    44.8,0.000025, 20,  24.850,  100
    45.0,0.000018, 20,  24.851,   99
    45.2,0.000025, 20,  24.854,   99
    45.4,0.000025, 20,  24.852,  100
    45.6,0.000021, 20,  24.852,  102
    45.8,0.000027, 20,  24.856,  101
    46.0,0.000027, 20,  24.857,  100
    46.2,0.000023, 20,  24.859,  100
    46.4,0.000033, 20,  24.864,  100
    46.6,0.000030, 20,  24.863,  102
    46.8,0.000027, 20,  24.866,  104
    47.0,0.000034, 20,  24.865,  102
    47.2,0.000035, 20,  24.868,  100
    47.4,0.000035, 20,  24.868,  100
    47.6,0.000035, 20,  24.871,   99
    47.8,0.000035, 20,  24.873,   99
    48.0,0.000041, 20,  24.878,  100
    48.2,0.000041, 20,  24.884,  102
    48.4,0.000041, 20,  24.886,  103
    48.6,0.000043, 20,  24.881,  102
    48.8,0.000046, 20,  24.886,  100
    49.0,0.000046, 20,  24.889,  100
    49.2,0.000046, 20,  24.889,  101
    49.4,0.000046, 20,  24.885,   97
    49.6,0.000046, 20,  24.890,   93
    49.8,0.000049, 20,  24.891,   98
    50.0,0.000049, 20,  24.892,  102
    50.2,0.000052, 20,  24.893,  100
    50.4,0.000054, 20,  24.890,   98
    50.6,0.000057, 20,  24.893,   99
    50.8,0.000060, 20,  24.891,  100
    51.0,0.000065, 20,  24.894,  101
    51.2,0.000061, 20,  24.893,  102
    51.4,0.000061, 20,  24.894,  101
    51.6,0.000061, 20,  24.894,  101
    51.8,0.000055, 20,  24.894,  101
    52.0,0.000056, 20,  24.885,  101
    52.2,0.000056, 20,  24.888,  100
    52.4,0.000056, 20,  24.891,   99
    52.6,0.000059, 20,  24.889,   99
    52.8,0.000059, 20,  24.884,  100
    53.0,0.000055, 20,  24.886,  100
    53.2,0.000055, 20,  24.885,  100
    53.4,0.000057, 20,  24.882,  102
    53.6,0.000054, 20,  24.884,  105
    53.8,0.000063, 20,  24.878,  103
    54.0,0.000068, 20,  24.882,  102
    54.2,0.000074, 20,  24.875,  101
    54.4,0.000074, 20,  24.876,  100
    54.6,0.000083, 20,  24.869,  101
    54.8,0.000086, 20,  24.873,  101
    55.0,0.000082, 20,  24.870,  101
    55.2,0.000086, 20,  24.860,  102
    55.4,0.000079, 20,  24.860,  100
    55.6,0.000082, 20,  24.856,   99
    55.8,0.000079, 20,  24.853,  100
    56.0,0.000073, 20,  24.852,  100
    56.2,0.000079, 20,  24.846,  102
    56.4,0.000077, 20,  24.844,  103
    56.6,0.000077, 20,  24.842,  100
    56.8,0.000077, 20,  24.840,   98
    57.0,0.000083, 20,  24.837,  101
    57.2,0.000083, 20,  24.830,  104
    57.4,0.000077, 20,  24.832,  103
    57.6,0.000083, 20,  24.825,  102
    57.8,0.000082, 20,  24.825,  102
    58.0,0.000080, 20,  24.815,  101
    58.2,0.000083, 20,  24.819,  100
    58.4,0.000080, 20,  24.816,   99
    58.6,0.000079, 20,  24.814,  100
    58.8,0.000074, 20,  24.812,  100
    59.0,0.000070, 20,  24.811,  101
    59.2,0.000063, 20,  24.808,  101
    59.4,0.000064, 20,  24.808,  101
    59.6,0.000064, 20,  24.809,  100
    59.8,0.000057, 20,  24.803,  100
    60.0,0.000064, 20,  24.809,   99
    60.2,0.000057, 20,  24.807,  100
    60.4,0.000057, 20,  24.808,  100
    60.6,0.000055, 20,  24.807,  101
    60.8,0.000052, 20,  24.811,  101
    61.0,0.000049, 20,  24.805,  101
    61.2,0.000050, 20,  24.811,  101
    61.4,0.000054, 20,  24.812,  102
    61.6,0.000048, 20,  24.813,  104
    61.8,0.000054, 20,  24.810,  102
    62.0,0.000048, 20,  24.809,  101
    62.2,0.000038, 20,  24.809,  100
    62.4,0.000040, 20,  24.813,   99
    62.6,0.000037, 20,  24.814,  100
    62.8,0.000037, 20,  24.814,  101
    63.0,0.000033, 20,  24.812,  101
    63.2,0.000037, 20,  24.818,  100
    63.4,0.000037, 20,  24.818,  100
    63.6,0.000030, 20,  24.821,  100
    63.8,0.000034, 20,  24.820,  100
    64.0,0.000034, 20,  24.821,  100
    64.2,0.000027, 20,  24.820,  102
    64.4,0.000034, 20,  24.825,  105
    64.6,0.000027, 20,  24.825,  103
    64.8,0.000027, 20,  24.826,  101
    65.0,0.000027, 20,  24.825,  101
    65.2,0.000021, 20,  24.830,  101
    65.4,0.000027, 20,  24.834,  100
    65.6,0.000027, 20,  24.833,   99
    65.8,0.000025, 20,  24.836,  101
    66.0,0.000022, 20,  24.837,  103
    66.2,0.000023, 20,  24.840,  101
    66.4,0.000023, 20,  24.842,   99
    66.6,0.000014, 20,  24.839,  100
    66.8,0.000020, 20,  24.845,  101
    67.0,0.000020, 20,  24.845,  101
    67.2,0.000011, 20,  24.846,  102
    67.4,0.000012, 20,  24.848,  101
    67.6,0.000009, 20,  24.851,  101
    67.8,0.000000, 20,  24.847,  103
    68.0,0.000001, 20,  24.846,  105
    68.2,-0.000002, 20,  24.848,  103
    68.4,-0.000014, 20,  24.844,  101
    68.6,-0.000010, 20,  24.848,  101
    68.8,-0.000010, 20,  24.846,  101
    69.0,-0.000016, 20,  24.846,  101
    69.2,-0.000012, 20,  24.848,  100
    69.4,-0.000012, 20,  24.849,  103
    69.6,-0.000016, 20,  24.849,  105
    69.8,-0.000012, 20,  24.848,  104
    70.0,-0.000012, 20,  24.847,  103
    70.2,-0.000010, 20,  24.844,  102
    70.4,-0.000006, 20,  24.845,  100
    70.6,-0.000006, 20,  24.845,  101
    70.8,-0.000006, 20,  24.844,  101
    71.0,-0.000012, 20,  24.849,  101
    71.2,-0.000012, 20,  24.844,  101
    71.4,-0.000016, 20,  24.845,  100
    71.6,-0.000019, 20,  24.845,   99
    71.8,-0.000019, 20,  24.844,  100
    72.0,-0.000026, 20,  24.844,  100
    72.2,-0.000016, 20,  24.846,  102
    72.4,-0.000019, 20,  24.847,  105
    72.6,-0.000019, 20,  24.847,  102
    72.8,-0.000016, 20,  24.840,   99
    73.0,-0.000012, 20,  24.842,  101
    73.2,-0.000012, 20,  24.843,  103
    73.4,-0.000014, 20,  24.839,  102
    73.6,-0.000007, 20,  24.844,  100
    73.8,-0.000007, 20,  24.841,  100
    74.0,-0.000011, 20,  24.839,  100
    74.2,-0.000007, 20,  24.841,  100
    74.4,-0.000007, 20,  24.841,  100
    74.6,-0.000011, 20,  24.843,  101
    74.8,-0.000007, 20,  24.843,  102
    75.0,-0.000004, 20,  24.842,  102
    75.2,-0.000008, 20,  24.838,  103
    75.4,0.000001, 20,  24.836,  102
    75.6,0.000004, 20,  24.837,  101
    75.8,-0.000003, 20,  24.835,  100
    76.0,0.000004, 20,  24.838,   99
    76.2,0.000007, 20,  24.837,   99
    76.4,0.000000, 20,  24.838,  100
    76.6,0.000004, 20,  24.842,  101
    76.8,0.000007, 20,  24.842,  101
    77.0,0.000000, 20,  24.840,  101
    77.2,0.000004, 20,  24.838,  100
    77.4,0.000009, 20,  24.841,  102
    77.6,0.000003, 20,  24.841,  103
    77.8,0.000009, 20,  24.840,  102
    78.0,0.000012, 20,  24.840,  102
    78.2,0.000005, 20,  24.838,  101
    78.4,0.000009, 20,  24.841,  101
    78.6,0.000009, 20,  24.842,  101
    78.8,0.000003, 20,  24.838,  102
    79.0,0.000009, 20,  24.839,  101
    79.2,0.000009, 20,  24.837,  100
    79.4,0.000009, 20,  24.841,  100
    79.6,0.000004, 20,  24.839,  100
    79.8,0.000001, 20,  24.838,  100
    80.0,-0.000008, 20,  24.840,   99
    80.2,-0.000002, 20,  24.838,  102
    80.4,-0.000002, 20,  24.839,  104
    80.6,-0.000002, 20,  24.838,  102
    80.8,-0.000008, 20,  24.836,  101
    81.0,-0.000007, 20,  24.838,  101
    81.2,-0.000007, 20,  24.838,  101
    81.4,-0.000011, 20,  24.841,  100
    81.6,-0.000007, 20,  24.842,  100
    81.8,-0.000007, 20,  24.839,  101
    82.0,-0.000014, 20,  24.840,  102
    82.2,-0.000012, 20,  24.836,  102
    82.4,-0.000012, 20,  24.842,  101
    82.6,-0.000016, 20,  24.839,  101
    82.8,-0.000010, 20,  24.838,  101
    83.0,-0.000010, 20,  24.840,  102
    83.2,-0.000014, 20,  24.832,  103
    83.4,-0.000007, 20,  24.836,  103
    83.6,-0.000007, 20,  24.837,  103
    83.8,-0.000011, 20,  24.837,  102
    84.0,-0.000007, 20,  24.842,  101
    84.2,-0.000007, 20,  24.836,   99
    84.4,-0.000011, 20,  24.838,   98
    84.6,-0.000007, 20,  24.839,  100
    84.8,-0.000007, 20,  24.838,  101
    85.0,-0.000011, 20,  24.838,  101
    85.2,-0.000007, 20,  24.837,  100
    85.4,-0.000007, 20,  24.835,  101
    85.6,-0.000011, 20,  24.834,  102
    85.8,-0.000007, 20,  24.836,  102
    86.0,-0.000004, 20,  24.829,  103
    86.2,-0.000011, 20,  24.829,  101
    86.4,-0.000004, 20,  24.831,  100
    86.6,-0.000002, 20,  24.830,  101
    86.8,-0.000011, 20,  24.830,  103
    87.0,-0.000004, 20,  24.825,  102
    87.2,-0.000002, 20,  24.825,  101
    87.4,-0.000008, 20,  24.823,  100
    87.6,0.000001, 20,  24.823,   99
    87.8,0.000004, 20,  24.821,  100
    88.0,0.000007, 20,  24.813,  100
    88.2,0.000012, 20,  24.813,  102
    88.4,0.000012, 20,  24.811,  104
    88.6,0.000008, 20,  24.810,  103
    88.8,0.000018, 20,  24.810,  102
    89.0,0.000020, 20,  24.809,  104
    89.2,0.000023, 20,  24.802,  105
    89.4,0.000016, 20,  24.806,  104
    89.6,0.000023, 20,  24.800,  102
    89.8,0.000022, 20,  24.797,  102
    90.0,0.000025, 20,  24.793,  102
    90.2,0.000027, 20,  24.789,  100
    90.4,0.000023, 20,  24.788,   99
    90.6,0.000030, 20,  24.790,  100
    90.8,0.000027, 20,  24.787,  100
    91.0,0.000021, 20,  24.782,  101
    91.2,0.000033, 20,  24.777,  102
    91.4,0.000036, 20,  24.778,  102
    91.6,0.000038, 20,  24.774,  102
    91.8,0.000041, 20,  24.772,  101
    92.0,0.000048, 20,  24.770,  101
    92.2,0.000050, 20,  24.771,  101
    92.4,0.000044, 20,  24.771,  101
    92.6,0.000048, 20,  24.764,  101
    92.8,0.000048, 20,  24.769,  102
    93.0,0.000038, 20,  24.765,  101
    93.2,0.000040, 20,  24.763,  101
    93.4,0.000040, 20,  24.759,  101
    93.6,0.000033, 20,  24.757,  101
    93.8,0.000040, 20,  24.758,  101
    94.0,0.000040, 20,  24.756,  102
    94.2,0.000036, 20,  24.755,  101
    94.4,0.000042, 20,  24.756,  101
    94.6,0.000042, 20,  24.753,  100
    94.8,0.000038, 20,  24.757,  100
    95.0,0.000042, 20,  24.752,  100
    95.2,0.000045, 20,  24.753,  101
    95.4,0.000038, 20,  24.755,  100
    95.6,0.000045, 20,  24.757,  100
    95.8,0.000048, 20,  24.748,  100
    96.0,0.000048, 20,  24.750,  100
    96.2,0.000054, 20,  24.753,  102
    96.4,0.000057, 20,  24.753,  105
    96.6,0.000057, 20,  24.755,  103
    96.8,0.000057, 20,  24.750,  101
    97.0,0.000057, 20,  24.755,  102
    97.2,0.000057, 20,  24.754,  102
    97.4,0.000048, 20,  24.755,  101
    97.6,0.000052, 20,  24.760,  100
    97.8,0.000045, 20,  24.757,  101
    98.0,0.000040, 20,  24.758,  102
    98.2,0.000041, 20,  24.759,  101
    98.4,0.000038, 20,  24.760,  100
    98.6,0.000035, 20,  24.757,  100
    98.8,0.000033, 20,  24.761,  100
    99.0,0.000033, 20,  24.767,  101
    99.2,0.000026, 20,  24.770,  103
    99.4,0.000029, 20,  24.771,  103
    99.6,0.000031, 20,  24.773,  104
    99.8,0.000025, 20,  24.771,  103
   100.0,0.000031, 20,  24.773,  102
   100.2,0.000031, 20,  24.775,  101
   100.4,0.000031, 20,  24.778,  101
   100.6,0.000035, 20,  24.780,  101
   100.8,0.000038, 20,  24.782,  101
   101.0,0.000033, 20,  24.789,  100
   101.2,0.000034, 20,  24.784,  100
   101.4,0.000036, 20,  24.787,  100
   101.6,0.000027, 20,  24.789,  101
   101.8,0.000034, 20,  24.791,  102
   102.0,0.000036, 20,  24.789,  102
   102.2,0.000030, 20,  24.793,  101
   102.4,0.000036, 20,  24.793,  101
   102.6,0.000040, 20,  24.796,  101
   102.8,0.000042, 20,  24.800,  102
   103.0,0.000044, 20,  24.798,  102
   103.2,0.000047, 20,  24.802,  102
   103.4,0.000049, 20,  24.803,  102
   103.6,0.000039, 20,  24.803,  102
   103.8,0.000038, 20,  24.805,  100
   104.0,0.000034, 20,  24.811,   99
   104.2,0.000034, 20,  24.812,  101
   104.4,0.000033, 20,  24.815,  103
   104.6,0.000029, 20,  24.819,  102
   104.8,0.000041, 20,  24.818,  100
   105.0,0.000043, 20,  24.817,  101
   105.2,0.000043, 20,  24.818,  101
   105.4,0.000041, 20,  24.821,  102
   105.6,0.000043, 20,  24.824,  102
   105.8,0.000046, 20,  24.826,  101
   106.0,0.000042, 20,  24.827,   99
   106.2,0.000045, 20,  24.830,  100
   106.4,0.000044, 20,  24.832,  100
   106.6,0.000048, 20,  24.837,  100
   106.8,0.000045, 20,  24.839,  100
   107.0,0.000048, 20,  24.836,  101
   107.2,0.000041, 20,  24.843,  102
   107.4,0.000050, 20,  24.837,  101
   107.6,0.000053, 20,  24.840,  101
   107.8,0.000047, 20,  24.846,  101
   108.0,0.000053, 20,  24.847,  101
   108.2,0.000056, 20,  24.847,  101
   108.4,0.000049, 20,  24.848,  100
   108.6,0.000053, 20,  24.849,  101
   108.8,0.000056, 20,  24.851,  102
   109.0,0.000049, 20,  24.853,  101
   109.2,0.000056, 20,  24.852,  100
   109.4,0.000056, 20,  24.854,  101
   109.6,0.000049, 20,  24.853,  101
   109.8,0.000056, 20,  24.856,  103
   110.0,0.000056, 20,  24.859,  106
   110.2,0.000049, 20,  24.857,  104
   110.4,0.000056, 20,  24.859,  102
   110.6,0.000056, 20,  24.866,  102
   110.8,0.000049, 20,  24.863,  102
   111.0,0.000053, 20,  24.860,  101
   111.2,0.000056, 20,  24.860,  101
   111.4,0.000049, 20,  24.861,  101
   111.6,0.000053, 20,  24.865,  101
   111.8,0.000056, 20,  24.861,  101
   112.0,0.000049, 20,  24.862,  100
   112.2,0.000053, 20,  24.862,  103
   112.4,0.000056, 20,  24.864,  105
   112.6,0.000049, 20,  24.866,  103
   112.8,0.000053, 20,  24.866,  102
   113.0,0.000056, 20,  24.870,  101
   113.2,0.000047, 20,  24.874,  101
   113.4,0.000048, 20,  24.869,  100
   113.6,0.000050, 20,  24.873,  100
   113.8,0.000041, 20,  24.873,  101
   114.0,0.000045, 20,  24.875,  103
   114.2,0.000045, 20,  24.870,  102
   114.4,0.000045, 20,  24.875,  101
   114.6,0.000045, 20,  24.875,  101
   114.8,0.000042, 20,  24.872,  101
   115.0,0.000038, 20,  24.875,  101
   115.2,0.000042, 20,  24.872,  102
   115.4,0.000045, 20,  24.868,  100
   115.6,0.000048, 20,  24.873,   99
   115.8,0.000041, 20,  24.871,  100
   116.0,0.000048, 20,  24.871,  101
   116.2,0.000050, 20,  24.869,  101
   116.4,0.000044, 20,  24.871,  101
   116.6,0.000050, 20,  24.873,  101
   116.8,0.000056, 20,  24.875,  102
   117.0,0.000056, 20,  24.875,  101
   117.2,0.000065, 20,  24.871,  101
   117.4,0.000068, 20,  24.873,  102
   117.6,0.000064, 20,  24.871,  102
   117.8,0.000064, 20,  24.873,  102
   118.0,0.000060, 20,  24.873,  102
   118.2,0.000063, 20,  24.869,  101
   118.4,0.000066, 20,  24.873,  100
   118.6,0.000062, 20,  24.876,  101
   118.8,0.000071, 20,  24.872,  101
   119.0,0.000071, 20,  24.869,  101
   119.2,0.000074, 20,  24.875,  101
   119.4,0.000074, 20,  24.874,  101
   119.6,0.000081, 20,  24.872,  101
   119.8,0.000086, 20,  24.870,  100
   120.0,0.000082, 20,  24.865,  100
   120.2,0.000094, 20,  24.864,  102
   120.4,0.000102, 20,  24.865,  105
   120.6,0.000099, 20,  24.861,  103
   120.8,0.000108, 20,  24.855,  102
   121.0,0.000111, 20,  24.854,  102
   121.2,0.000109, 20,  24.856,  102
   121.4,0.000116, 20,  24.852,  102
   121.6,0.000119, 20,  24.850,  102
   121.8,0.000118, 20,  24.851,  101
   122.0,0.000127, 20,  24.853,  101
   122.2,0.000130, 20,  24.851,  100
   122.4,0.000123, 20,  24.858,   99
   122.6,0.000130, 20,  24.855,  100
   122.8,0.000130, 20,  24.855,  101
   123.0,0.000130, 20,  24.851,  102
   123.2,0.000130, 20,  24.853,  103
   123.4,0.000127, 20,  24.852,  102
   123.6,0.000123, 20,  24.851,  101
   123.8,0.000130, 20,  24.849,  100
   124.0,0.000133, 20,  24.852,  100
   124.2,0.000139, 20,  24.851,   99
   124.4,0.000140, 20,  24.847,   99
   124.6,0.000146, 20,  24.848,  101
   124.8,0.000146, 20,  24.850,  104
   125.0,0.000148, 20,  24.844,  102
   125.2,0.000150, 20,  24.845,  100
   125.4,0.000146, 20,  24.846,  100
   125.6,0.000145, 20,  24.838,  101
   125.8,0.000154, 20,  24.842,  101
   126.0,0.000160, 20,  24.837,  102
   126.2,0.000158, 20,  24.835,  101
   126.4,0.000158, 20,  24.830,  100
   126.6,0.000164, 20,  24.832,  101
   126.8,0.000164, 20,  24.832,  101
   127.0,0.000164, 20,  24.827,  100
   127.2,0.000167, 20,  24.826,   99
   127.4,0.000169, 20,  24.823,  100
   127.6,0.000167, 20,  24.821,  101
   127.8,0.000169, 20,  24.819,  101
   128.0,0.000168, 20,  24.821,  101
   128.2,0.000171, 20,  24.813,  103
   128.4,0.000174, 20,  24.808,  106
   128.6,0.000167, 20,  24.809,  104
   128.8,0.000171, 20,  24.804,  102
   129.0,0.000174, 20,  24.803,  101
   129.2,0.000176, 20,  24.801,  101
   129.4,0.000186, 20,  24.800,  100
   129.6,0.000188, 20,  24.800,  100
   129.8,0.000191, 20,  24.796,  102
   130.0,0.000194, 20,  24.795,  103
   130.2,0.000199, 20,  24.791,  101
   130.4,0.000196, 20,  24.789,   99
   130.6,0.000196, 20,  24.784,  100
   130.8,0.000201, 20,  24.782,  101
   131.0,0.000197, 20,  24.783,  104
   131.2,0.000206, 20,  24.782,  106
   131.4,0.000212, 20,  24.781,  104
   131.6,0.000208, 20,  24.772,  102
   131.8,0.000217, 20,  24.777,  102
   132.0,0.000220, 20,  24.774,  103
   132.2,0.000223, 20,  24.773,  102
   132.4,0.000226, 20,  24.775,  101
   132.6,0.000226, 20,  24.773,  101
   132.8,0.000224, 20,  24.770,  101
   133.0,0.000231, 20,  24.770,  100
   133.2,0.000231, 20,  24.767,   99
   133.4,0.000237, 20,  24.769,  100
   133.6,0.000235, 20,  24.767,  101
   133.8,0.000248, 20,  24.763,  102
   134.0,0.000253, 20,  24.764,  102
   134.2,0.000249, 20,  24.761,  102
   134.4,0.000258, 20,  24.758,  102
   134.6,0.000261, 20,  24.759,  101
   134.8,0.000260, 20,  24.756,  101
   135.0,0.000264, 20,  24.758,  101
   135.2,0.000267, 20,  24.750,  101
   135.4,0.000269, 20,  24.747,  100
   135.6,0.000279, 20,  24.748,   99
   135.8,0.000282, 20,  24.747,   99
   136.0,0.000282, 20,  24.744,   99
   136.2,0.000284, 20,  24.742,  102
   136.4,0.000284, 20,  24.742,  104
   136.6,0.000284, 20,  24.742,  103
   136.8,0.000282, 20,  24.741,  102
   137.0,0.000284, 20,  24.736,  102
   137.2,0.000284, 20,  24.736,  101
   137.4,0.000282, 20,  24.736,  102
   137.6,0.000284, 20,  24.732,  102
   137.8,0.000282, 20,  24.729,  101
   138.0,0.000279, 20,  24.723,  101
   138.2,0.000282, 20,  24.718,  100
   138.4,0.000279, 20,  24.715,  100
   138.6,0.000279, 20,  24.716,  100
   138.8,0.000282, 20,  24.713,  100
   139.0,0.000279, 20,  24.710,  101
   139.2,0.000279, 20,  24.703,  103
   139.4,0.000282, 20,  24.703,  102
   139.6,0.000279, 20,  24.696,  101
   139.8,0.000279, 20,  24.694,  101
   140.0,0.000282, 20,  24.685,  101
   140.2,0.000279, 20,  24.681,  100
   140.4,0.000279, 20,  24.677,   99
   140.6,0.000282, 20,  24.669,  101
   140.8,0.000282, 20,  24.664,  103
   141.0,0.000282, 20,  24.662,  101
   141.2,0.000284, 20,  24.651,   99
   141.4,0.000278, 20,  24.646,  101
   141.6,0.000278, 20,  24.644,  103
   141.8,0.000271, 20,  24.633,  103
   142.0,0.000271, 20,  24.623,  102
   142.2,0.000271, 20,  24.613,  103
   142.4,0.000271, 20,  24.605,  103
   142.6,0.000264, 20,  24.594,  102
   142.8,0.000271, 20,  24.586,  101
   143.0,0.000280, 20,  24.578,  100
   143.2,0.000280, 20,  24.568,  100
   143.4,0.000274, 20,  24.559,  100
   143.6,0.000278, 20,  24.549,  100
   143.8,0.000275, 20,  24.535,  100
   144.0,0.000268, 20,  24.524,   99
   144.2,0.000278, 20,  24.514,  102
   144.4,0.000278, 20,  24.511,  105
   144.6,0.000271, 20,  24.498,  104
   144.8,0.000278, 20,  24.484,  102
   145.0,0.000278, 20,  24.473,  101
   145.2,0.000271, 20,  24.454,  101
   145.4,0.000278, 20,  24.448,  101
   145.6,0.000280, 20,  24.434,  101
   145.8,0.000274, 20,  24.420,  102
   146.0,0.000280, 20,  24.403,  103
   146.2,0.000283, 20,  24.386,  101
   146.4,0.000276, 20,  24.381,   99
   146.6,0.000280, 20,  24.364,  100
   146.8,0.000274, 20,  24.352,  101
   147.0,0.000274, 20,  24.334,  102
   147.2,0.000274, 20,  24.317,  103
   147.4,0.000274, 20,  24.301,  101
   147.6,0.000276, 20,  24.288,   98
   147.8,0.000283, 20,  24.267,  101
   148.0,0.000286, 20,  24.252,  103
   148.2,0.000285, 20,  24.234,  102
   148.4,0.000294, 20,  24.217,  101
   148.6,0.000297, 20,  24.201,  101
   148.8,0.000293, 20,  24.185,  101
   149.0,0.000300, 20,  24.165,  100
   149.2,0.000305, 20,  24.142,   99
   149.4,0.000298, 20,  24.125,   99
   149.6,0.000305, 20,  24.116,  100
   149.8,0.000301, 20,  24.095,  101
   150.0,0.000304, 20,  24.072,  102
   150.2,0.000304, 20,  24.046,  101
   150.4,0.000300, 20,  24.031,  101
   150.6,0.000300, 20,  24.010,  101
   150.8,0.000303, 20,  23.990,  101
   151.0,0.000309, 20,  23.967,  101
   151.2,0.000312, 20,  23.946,  102
   151.4,0.000312, 20,  23.927,  101
   151.6,0.000318, 20,  23.906,  100
   151.8,0.000319, 20,  23.875,  100
   152.0,0.000331, 20,  23.863,  101
   152.2,0.000339, 20,  23.829,  103
   152.4,0.000341, 20,  23.811,  105
   152.6,0.000353, 20,  23.787,  103
   152.8,0.000356, 20,  23.763,  101
   153.0,0.000360, 20,  23.737,  101
   153.2,0.000375, 20,  23.708,  101
   153.4,0.000383, 20,  23.687,  102
   153.6,0.000390, 20,  23.661,  102
   153.8,0.000413, 20,  23.638,  101
   154.0,0.000430, 20,  23.611,  101
   154.2,0.000440, 20,  23.580,  100
   154.4,0.000463, 20,  23.556,   99
   154.6,0.000476, 20,  23.531,  100
   154.8,0.000489, 20,  23.504,  100
   155.0,0.000512, 20,  23.475,  102
   155.2,0.000531, 20,  23.439,  103
   155.4,0.000546, 20,  23.416,  101
   155.6,0.000575, 20,  23.384,   99
   155.8,0.000600, 20,  23.352,   99
   156.0,0.000618, 20,  23.323,  100
   156.2,0.000649, 20,  23.287,  100
   156.4,0.000674, 20,  23.267,  101
   156.6,0.000697, 20,  23.234,  101
   156.8,0.000730, 20,  23.202,  102
   157.0,0.000763, 20,  23.172,  100
   157.2,0.000792, 20,  23.131,   98
   157.4,0.000840, 20,  23.104,   98
   157.6,0.000887, 20,  23.074,   99
   157.8,0.000919, 20,  23.041,  100
   158.0,0.000967, 20,  23.012,  101
   158.2,0.001008, 20,  22.964,  101
   158.4,0.001048, 20,  22.937,  101
   158.6,0.001096, 20,  22.909,  101
   158.8,0.001137, 20,  22.874,  101
   159.0,0.001184, 20,  22.838,  100
   159.2,0.001233, 20,  22.800,  100
   159.4,0.001286, 20,  22.774,  100
   159.6,0.001334, 20,  22.735,  101
   159.8,0.001369, 20,  22.707,  100
   160.0,0.001411, 20,  22.666,   99
   160.2,0.001437, 20,  22.625,  102
   160.4,0.001480, 20,  22.602,  105
   160.6,0.001542, 20,  22.566,  103
   160.8,0.001597, 20,  22.530,  101
   161.0,0.001648, 20,  22.498,  101
   161.2,0.001705, 20,  22.459,  100
   161.4,0.001758, 20,  22.431,  101
   161.6,0.001809, 20,  22.401,  101
   161.8,0.001869, 20,  22.370,  101
   162.0,0.001924, 20,  22.337,  101
   162.2,0.001975, 20,  22.300,  100
   162.4,0.002038, 20,  22.273,   99
   162.6,0.002103, 20,  22.243,  101
   162.8,0.002159, 20,  22.217,  103
   163.0,0.002225, 20,  22.187,  104
   163.2,0.002295, 20,  22.153,  104
   163.4,0.002352, 20,  22.133,  102
   163.6,0.002412, 20,  22.109,  100
   163.8,0.002477, 20,  22.079,  101
   164.0,0.002531, 20,  22.055,  101
   164.2,0.002591, 20,  22.026,  100
   164.4,0.002661, 20,  22.010,  100
   164.6,0.002712, 20,  21.992,  100
   164.8,0.002770, 20,  21.969,  100
   165.0,0.002835, 20,  21.947,   99
   165.2,0.002891, 20,  21.932,   99
   165.4,0.002961, 20,  21.915,  100
   165.6,0.003031, 20,  21.903,  100
   165.8,0.003091, 20,  21.888,  101
   166.0,0.003158, 20,  21.873,  102
   166.2,0.003216, 20,  21.861,  101
   166.4,0.003267, 20,  21.853,  100
   166.6,0.003332, 20,  21.846,  100
   166.8,0.003384, 20,  21.836,  100
   167.0,0.003436, 20,  21.828,  101
   167.2,0.003497, 20,  21.823,  101
   167.4,0.003553, 20,  21.825,  102
   167.6,0.003604, 20,  21.825,  102
   167.8,0.003662, 20,  21.824,  101
   168.0,0.003714, 20,  21.823,  100
   168.2,0.003761, 20,  21.824,  101
   168.4,0.003808, 20,  21.833,  103
   168.6,0.003849, 20,  21.831,  102
   168.8,0.003885, 20,  21.842,  100
   169.0,0.003935, 20,  21.847,  100
   169.2,0.003985, 20,  21.864,  100
   169.4,0.004034, 20,  21.873,  101
   169.6,0.004077, 20,  21.885,  102
   169.8,0.004134, 20,  21.895,  101
   170.0,0.004188, 20,  21.907,  101
   170.2,0.004228, 20,  21.931,  100
   170.4,0.004279, 20,  21.944,   99
   170.6,0.004320, 20,  21.959,   99
   170.8,0.004358, 20,  21.982,   99
   171.0,0.004402, 20,  22.004,  101
   171.2,0.004449, 20,  22.033,  103
   171.4,0.004487, 20,  22.054,  101
   171.6,0.004531, 20,  22.082,   99
   171.8,0.004579, 20,  22.102,  100
   172.0,0.004614, 20,  22.130,  101
   172.2,0.004655, 20,  22.164,  100
   172.4,0.004695, 20,  22.192,   99
   172.6,0.004727, 20,  22.216,  101
   172.8,0.004770, 20,  22.247,  103
   173.0,0.004812, 20,  22.284,  103
   173.2,0.004844, 20,  22.320,  103
   173.4,0.004890, 20,  22.344,  102
   173.6,0.004929, 20,  22.378,  101
   173.8,0.004961, 20,  22.416,  102
   174.0,0.005002, 20,  22.450,  102
   174.2,0.005044, 20,  22.491,  102
   174.4,0.005076, 20,  22.525,  102
   174.6,0.005109, 20,  22.563,  102
   174.8,0.005146, 20,  22.604,  102
   175.0,0.005175, 20,  22.641,  101
   175.2,0.005211, 20,  22.685,  100
   175.4,0.005254, 20,  22.719,  100
   175.6,0.005286, 20,  22.759,  100
   175.8,0.005325, 20,  22.798,  100
   176.0,0.005368, 20,  22.837,  100
   176.2,0.005400, 20,  22.883,  103
   176.4,0.005436, 20,  22.920,  106
   176.6,0.005479, 20,  22.959,  104
   176.8,0.005508, 20,  22.994,  102
   177.0,0.005545, 20,  23.033,  101
   177.2,0.005579, 20,  23.084,  101
   177.4,0.005610, 20,  23.118,  101
   177.6,0.005631, 20,  23.153,  102
   177.8,0.005659, 20,  23.194,  101
   178.0,0.005681, 20,  23.239,  101
   178.2,0.005724, 20,  23.280,  100
   178.4,0.005764, 20,  23.315,  100
   178.6,0.005800, 20,  23.350,  100
   178.8,0.005836, 20,  23.389,  100
   179.0,0.005865, 20,  23.432,  101
   179.2,0.005908, 20,  23.476,  103
   179.4,0.005937, 20,  23.505,  101
   179.6,0.005973, 20,  23.540,  100
   179.8,0.006007, 20,  23.574,  101
   180.0,0.006036, 20,  23.610,  103
   180.2,0.006075, 20,  23.656,  102
   180.4,0.006105, 20,  23.682,  101
   180.6,0.006135, 20,  23.717,  100
   180.8,0.006171, 20,  23.751,   99
   181.0,0.006214, 20,  23.788,   99
   181.2,0.006246, 20,  23.829,   99
   181.4,0.006282, 20,  23.849,  100
   181.6,0.006325, 20,  23.885,  101
   181.8,0.006357, 20,  23.917,  101
   182.0,0.006398, 20,  23.946,  101
   182.2,0.006441, 20,  23.984,  101
   182.4,0.006476, 20,  24.011,  100
   182.6,0.006512, 20,  24.038,  101
   182.8,0.006558, 20,  24.067,  101
   183.0,0.006593, 20,  24.091,  101
   183.2,0.006632, 20,  24.125,  100
   183.4,0.006677, 20,  24.144,  101
   183.6,0.006710, 20,  24.174,  101
   183.8,0.006748, 20,  24.193,  101
   184.0,0.006794, 20,  24.222,  101
   184.2,0.006829, 20,  24.249,  102
   184.4,0.006874, 20,  24.266,  103
   184.6,0.006925, 20,  24.288,  102
   184.8,0.006960, 20,  24.310,  101
   185.0,0.006999, 20,  24.333,  100
   185.2,0.007039, 20,  24.358,  100
   185.4,0.007071, 20,  24.373,  101
   185.6,0.007107, 20,  24.392,  101
   185.8,0.007150, 20,  24.408,  101
   186.0,0.007182, 20,  24.428,  100
   186.2,0.007224, 20,  24.451,  100
   186.4,0.007270, 20,  24.462,  100
   186.6,0.007306, 20,  24.479,   99
   186.8,0.007336, 20,  24.496,   99
   187.0,0.007367, 20,  24.508,  101
   187.2,0.007392, 20,  24.527,  104
   187.4,0.007431, 20,  24.534,  102
   187.6,0.007470, 20,  24.552,  100
   187.8,0.007515, 20,  24.568,  102
   188.0,0.007552, 20,  24.576,  104
   188.2,0.007589, 20,  24.591,  101
   188.4,0.007628, 20,  24.600,   98
   188.6,0.007663, 20,  24.614,  100
   188.8,0.007711, 20,  24.627,  102
   189.0,0.007750, 20,  24.639,  100
   189.2,0.007785, 20,  24.649,   97
   189.4,0.007834, 20,  24.659,   99
   189.6,0.007879, 20,  24.670,  100
   189.8,0.007915, 20,  24.679,  101
   190.0,0.007956, 20,  24.684,  102
   190.2,0.008005, 20,  24.695,  101
   190.4,0.008040, 20,  24.701,  101
   190.6,0.008086, 20,  24.712,  101
   190.8,0.008131, 20,  24.719,  101
   191.0,0.008167, 20,  24.721,  100
   191.2,0.008218, 20,  24.729,  100
   191.4,0.008260, 20,  24.740,  100
   191.6,0.008295, 20,  24.741,   99
   191.8,0.008346, 20,  24.745,   99
   192.0,0.008388, 20,  24.756,   99
   192.2,0.008423, 20,  24.763,  102
   192.4,0.008474, 20,  24.767,  106
   192.6,0.008516, 20,  24.774,  104
   192.8,0.008551, 20,  24.778,  102
   193.0,0.008600, 20,  24.779,  101
   193.2,0.008639, 20,  24.783,  101
   193.4,0.008674, 20,  24.794,  101
   193.6,0.008723, 20,  24.797,  101
   193.8,0.008765, 20,  24.800,  101
   194.0,0.008807, 20,  24.798,  102
   194.2,0.008848, 20,  24.804,  102
   194.4,0.008894, 20,  24.811,  102
   194.6,0.008929, 20,  24.811,  101
   194.8,0.008977, 20,  24.812,  100
   195.0,0.009019, 20,  24.817,  102
   195.2,0.009057, 20,  24.821,  103
   195.4,0.009105, 20,  24.823,  101
   195.6,0.009147, 20,  24.822,   99
   195.8,0.009184, 20,  24.829,  101
   196.0,0.009213, 20,  24.826,  103
   196.2,0.009251, 20,  24.832,  102
   196.4,0.009276, 20,  24.828,  101
   196.6,0.009311, 20,  24.832,  101
   196.8,0.009356, 20,  24.831,  101
   197.0,0.009403, 20,  24.833,  100
   197.2,0.009442, 20,  24.831,   99
   197.4,0.009483, 20,  24.835,   99
   197.6,0.009532, 20,  24.831,  100
   197.8,0.009570, 20,  24.834,  100
   198.0,0.009619, 20,  24.833,  101
   198.2,0.009665, 20,  24.836,  101
   198.4,0.009704, 20,  24.833,  102
   198.6,0.009746, 20,  24.834,  101
   198.8,0.009792, 20,  24.832,  100
   199.0,0.009834, 20,  24.829,  100
   199.2,0.009869, 20,  24.834,   99
   199.4,0.009918, 20,  24.837,  100
   199.6,0.009956, 20,  24.830,  101
   199.8,0.009995, 20,  24.832,  100
   200.0,0.010034, 20,  24.831,   99
   200.2,0.010072, 20,  24.830,  100
   200.4,0.010114, 20,  24.834,  101
   200.6,0.010159, 20,  24.830,  101
   200.8,0.010197, 20,  24.834,  101
   201.0,0.010239, 20,  24.827,  101
   201.2,0.010288, 20,  24.828,  101
   201.4,0.010323, 20,  24.829,  101
   201.6,0.010365, 20,  24.830,  101
   201.8,0.010408, 20,  24.825,  100
   202.0,0.010444, 20,  24.825,   99
   202.2,0.010483, 20,  24.828,   99
   202.4,0.010529, 20,  24.827,   99
   202.6,0.010567, 20,  24.826,   99
   202.8,0.010606, 20,  24.821,   99
   203.0,0.010652, 20,  24.820,  101
   203.2,0.010688, 20,  24.820,  104
   203.4,0.010727, 20,  24.825,  102
   203.6,0.010764, 20,  24.822,  100
   203.8,0.010796, 20,  24.824,  101
   204.0,0.010842, 20,  24.818,  102
   204.2,0.010885, 20,  24.819,  100
   204.4,0.010916, 20,  24.822,   99
   204.6,0.010950, 20,  24.823,  101
   204.8,0.010975, 20,  24.821,  104
   205.0,0.011003, 20,  24.818,  102
   205.2,0.011045, 20,  24.818,  100
   205.4,0.011084, 20,  24.816,  101
   205.6,0.011127, 20,  24.819,  102
   205.8,0.011162, 20,  24.816,  101
   206.0,0.011201, 20,  24.819,  101
   206.2,0.011247, 20,  24.817,  101
   206.4,0.011280, 20,  24.818,  100
   206.6,0.011326, 20,  24.818,  100
   206.8,0.011369, 20,  24.816,  100
   207.0,0.011402, 20,  24.820,  100
   207.2,0.011444, 20,  24.822,   99
   207.4,0.011483, 20,  24.817,  100
   207.6,0.011519, 20,  24.818,  100
   207.8,0.011558, 20,  24.818,  100
   208.0,0.011595, 20,  24.818,  100
   208.2,0.011627, 20,  24.819,  102
   208.4,0.011673, 20,  24.816,  104
   208.6,0.011719, 20,  24.815,  103
   208.8,0.011752, 20,  24.819,  102
   209.0,0.011789, 20,  24.815,  101
   209.2,0.011825, 20,  24.812,  100
   209.4,0.011855, 20,  24.815,  101
   209.6,0.011898, 20,  24.813,  102
   209.8,0.011926, 20,  24.811,  102
   210.0,0.011956, 20,  24.811,  103
   210.2,0.012002, 20,  24.812,  101
   210.4,0.012039, 20,  24.811,   99
   210.6,0.012072, 20,  24.811,   99
   210.8,0.012115, 20,  24.811,   98
   211.0,0.012151, 20,  24.812,  100
   211.2,0.012184, 20,  24.812,  102
   211.4,0.012230, 20,  24.809,  101
   211.6,0.012267, 20,  24.810,   99
   211.8,0.012297, 20,  24.808,  101
   212.0,0.012337, 20,  24.807,  104
   212.2,0.012371, 20,  24.802,  102
   212.4,0.012404, 20,  24.802,  101
   212.6,0.012447, 20,  24.798,  101
   212.8,0.012486, 20,  24.791,  100
   213.0,0.012517, 20,  24.794,   99
   213.2,0.012539, 20,  24.793,   99
   213.4,0.012571, 20,  24.793,   99
   213.6,0.012591, 20,  24.793,  100
   213.8,0.012624, 20,  24.793,  100
   214.0,0.012661, 20,  24.790,  101
   214.2,0.012702, 20,  24.784,  101
   214.4,0.012732, 20,  24.782,  101
   214.6,0.012765, 20,  24.785,  100
   214.8,0.012809, 20,  24.781,  100
   215.0,0.012839, 20,  24.782,  101
   215.2,0.012872, 20,  24.776,  103
   215.4,0.012909, 20,  24.776,  103
   215.6,0.012939, 20,  24.776,  103
   215.8,0.012980, 20,  24.772,  101
   216.0,0.013013, 20,  24.764,  100
   216.2,0.013043, 20,  24.767,  101
   216.4,0.013090, 20,  24.765,  103
   216.6,0.013123, 20,  24.766,  103
   216.8,0.013151, 20,  24.766,  102
   217.0,0.013194, 20,  24.767,  101
   217.2,0.013225, 20,  24.765,  100
   217.4,0.013252, 20,  24.766,  100
   217.6,0.013295, 20,  24.763,  100
   217.8,0.013326, 20,  24.761,  100
   218.0,0.013354, 20,  24.759,   99
   218.2,0.013388, 20,  24.761,  100
   218.4,0.013416, 20,  24.757,  100
   218.6,0.013440, 20,  24.763,  100
   218.8,0.013474, 20,  24.763,  100
   219.0,0.013512, 20,  24.760,  102
   219.2,0.013536, 20,  24.763,  104
   219.4,0.013567, 20,  24.762,  103
   219.6,0.013605, 20,  24.760,  101
   219.8,0.013632, 20,  24.761,  101
   220.0,0.013660, 20,  24.758,  101
   220.2,0.013692, 20,  24.760,  100
   220.4,0.013717, 20,  24.764,   99
   220.6,0.013748, 20,  24.762,  101
   220.8,0.013786, 20,  24.759,  102
   221.0,0.013810, 20,  24.759,  101
   221.2,0.013835, 20,  24.762,  100
   221.4,0.013870, 20,  24.761,  100
   221.6,0.013895, 20,  24.759,  100
   221.8,0.013933, 20,  24.758,  101
   222.0,0.013970, 20,  24.757,  102
   222.2,0.013993, 20,  24.760,  101
   222.4,0.014018, 20,  24.759,  101
   222.6,0.014035, 20,  24.758,  101
   222.8,0.014052, 20,  24.756,  100
   223.0,0.014081, 20,  24.760,  100
   223.2,0.014109, 20,  24.759,  100
   223.4,0.014137, 20,  24.760,  100
   223.6,0.014159, 20,  24.758,  100
   223.8,0.014194, 20,  24.756,  100
   224.0,0.014216, 20,  24.758,  100
   224.2,0.014238, 20,  24.757,  101
   224.4,0.014276, 20,  24.757,  102
   224.6,0.014304, 20,  24.760,  102
   224.8,0.014325, 20,  24.758,  103
   225.0,0.014358, 20,  24.757,  101
   225.2,0.014383, 20,  24.758,   99
   225.4,0.014402, 20,  24.756,  100
   225.6,0.014427, 20,  24.764,  102
   225.8,0.014450, 20,  24.759,  103
   226.0,0.014472, 20,  24.761,  104
   226.2,0.014497, 20,  24.759,  101
   226.4,0.014529, 20,  24.757,   99
   226.6,0.014548, 20,  24.757,  100
   226.8,0.014580, 20,  24.755,  101
   227.0,0.014609, 20,  24.757,  102
   227.2,0.014631, 20,  24.754,  104
   227.4,0.014660, 20,  24.748,  102
   227.6,0.014683, 20,  24.748,   99
   227.8,0.014702, 20,  24.745,  101
   228.0,0.014728, 20,  24.741,  102
   228.2,0.014748, 20,  24.731,  102
   228.4,0.014768, 20,  24.729,  101
   228.6,0.014798, 20,  24.726,  101
   228.8,0.014823, 20,  24.724,  100
   229.0,0.014839, 20,  24.724,  100
   229.2,0.014867, 20,  24.719,   99
   229.4,0.014889, 20,  24.712,  100
   229.6,0.014908, 20,  24.709,  101
   229.8,0.014933, 20,  24.705,  103
   230.0,0.014956, 20,  24.703,  106
   230.2,0.014972, 20,  24.702,  103
   230.4,0.014994, 20,  24.698,  101
   230.6,0.015014, 20,  24.695,  100
   230.8,0.015030, 20,  24.697,   99
   231.0,0.015060, 20,  24.697,  100
   231.2,0.015082, 20,  24.697,  100
   231.4,0.015099, 20,  24.698,  101
   231.6,0.015110, 20,  24.699,  102
   231.8,0.015130, 20,  24.701,  100
   232.0,0.015142, 20,  24.699,   99
   232.2,0.015162, 20,  24.701,  100
   232.4,0.015181, 20,  24.706,  102
   232.6,0.015204, 20,  24.705,  102
   232.8,0.015221, 20,  24.708,  102
   233.0,0.015249, 20,  24.704,  101
   233.2,0.015274, 20,  24.707,  100
   233.4,0.015294, 20,  24.708,  100
   233.6,0.015310, 20,  24.709,  100
   233.8,0.015333, 20,  24.705,  100
   234.0,0.015346, 20,  24.707,  100
   234.2,0.015366, 20,  24.711,  100
   234.4,0.015373, 20,  24.713,  100
   234.6,0.015387, 20,  24.710,  100
   234.8,0.015406, 20,  24.714,  101
   235.0,0.015426, 20,  24.718,  103
   235.2,0.015439, 20,  24.716,  105
   235.4,0.015456, 20,  24.711,  103
   235.6,0.015473, 20,  24.712,  100
   235.8,0.015487, 20,  24.713,  100
   236.0,0.015501, 20,  24.713,  100
   236.2,0.015518, 20,  24.720,  103
   236.4,0.015531, 20,  24.715,  105
   236.6,0.015545, 20,  24.717,  104
   236.8,0.015566, 20,  24.716,  103
   237.0,0.015579, 20,  24.718,  101
   237.2,0.015600, 20,  24.721,  100
   237.4,0.015621, 20,  24.721,  100
   237.6,0.015631, 20,  24.722,  100
   237.8,0.015655, 20,  24.717,  101
   238.0,0.015669, 20,  24.723,  103
   238.2,0.015677, 20,  24.724,  102
   238.4,0.015698, 20,  24.715,  101
   238.6,0.015709, 20,  24.723,  101
   238.8,0.015716, 20,  24.719,  102
   239.0,0.015740, 20,  24.727,  101
   239.2,0.015760, 20,  24.727,  100
   239.4,0.015767, 20,  24.727,  100
   239.6,0.015788, 20,  24.731,  101
   239.8,0.015797, 20,  24.736,  100
   240.0,0.015805, 20,  24.739,  100
   240.2,0.015813, 20,  24.737,  101
   240.4,0.015821, 20,  24.736,  103
   240.6,0.015830, 20,  24.739,  103
   240.8,0.015844, 20,  24.740,  103
   241.0,0.015855, 20,  24.738,  102
   241.2,0.015870, 20,  24.739,  100
   241.4,0.015877, 20,  24.739,  101
   241.6,0.015886, 20,  24.745,  101
   241.8,0.015901, 20,  24.744,  101
   242.0,0.015905, 20,  24.748,  101
   242.2,0.015914, 20,  24.744,   99
   242.4,0.015932, 20,  24.746,   98
   242.6,0.015937, 20,  24.745,   99
   242.8,0.015951, 20,  24.743,  100
   243.0,0.015969, 20,  24.747,  102
   243.2,0.015976, 20,  24.742,  104
   243.4,0.015988, 20,  24.735,  103
   243.6,0.016003, 20,  24.742,  101
   243.8,0.016008, 20,  24.733,  102
   244.0,0.016013, 20,  24.734,  102
   244.2,0.016029, 20,  24.732,  101
   244.4,0.016033, 20,  24.728,  100
   244.6,0.016042, 20,  24.725,  100
   244.8,0.016057, 20,  24.727,  100
   245.0,0.016062, 20,  24.725,   99
   245.2,0.016067, 20,  24.726,   98
   245.4,0.016080, 20,  24.723,   99
   245.6,0.016084, 20,  24.721,  100
   245.8,0.016087, 20,  24.723,  102
   246.0,0.016100, 20,  24.721,  103
   246.2,0.016101, 20,  24.714,  102
   246.4,0.016104, 20,  24.714,  101
   246.6,0.016114, 20,  24.712,  101
   246.8,0.016113, 20,  24.709,  101
   247.0,0.016125, 20,  24.716,  101
   247.2,0.016135, 20,  24.712,  101
   247.4,0.016134, 20,  24.713,  101
   247.6,0.016143, 20,  24.709,  101
   247.8,0.016146, 20,  24.717,  101
   248.0,0.016145, 20,  24.717,  100
   248.2,0.016157, 20,  24.714,  100
   248.4,0.016160, 20,  24.715,  100
   248.6,0.016159, 20,  24.715,  100
   248.8,0.016169, 20,  24.715,  101
   249.0,0.016172, 20,  24.715,  101
   249.2,0.016174, 20,  24.717,  101
   249.4,0.016171, 20,  24.715,  101
   249.6,0.016180, 20,  24.722,  101
   249.8,0.016180, 20,  24.721,  101
   250.0,0.016186, 20,  24.718,  100
   250.2,0.016186, 20,  24.724,  100
   250.4,0.016186, 20,  24.726,  100
   250.6,0.016182, 20,  24.724,  100
   250.8,0.016189, 20,  24.717,  101
   251.0,0.016189, 20,  24.725,  103
   251.2,0.016185, 20,  24.730,  105
   251.4,0.016189, 20,  24.726,  103
   251.6,0.016189, 20,  24.729,  101
   251.8,0.016185, 20,  24.727,  102
   252.0,0.016191, 20,  24.731,  102
   252.2,0.016194, 20,  24.732,  101
   252.4,0.016190, 20,  24.734,  101
   252.6,0.016200, 20,  24.731,  101
   252.8,0.016200, 20,  24.734,  102
   253.0,0.016193, 20,  24.734,  100
   253.2,0.016200, 20,  24.738,   99
   253.4,0.016191, 20,  24.741,   99
   253.6,0.016185, 20,  24.741,  100
   253.8,0.016189, 20,  24.744,  101
   254.0,0.016189, 20,  24.743,  102
   254.2,0.016185, 20,  24.742,  102
   254.4,0.016182, 20,  24.744,  101
   254.6,0.016179, 20,  24.743,  101
   254.8,0.016172, 20,  24.746,  102
   255.0,0.016170, 20,  24.748,  101
   255.2,0.016171, 20,  24.749,  101
   255.4,0.016164, 20,  24.745,  101
   255.6,0.016161, 20,  24.750,  100
   255.8,0.016165, 20,  24.751,  100
   256.0,0.016155, 20,  24.748,  100
   256.2,0.016153, 20,  24.749,  101
   256.4,0.016154, 20,  24.749,  102
   256.6,0.016144, 20,  24.749,  102
   256.8,0.016141, 20,  24.753,  102
   257.0,0.016145, 20,  24.750,  102
   257.2,0.016135, 20,  24.749,  102
   257.4,0.016133, 20,  24.753,  103
   257.6,0.016134, 20,  24.756,  104
   257.8,0.016131, 20,  24.754,  103
   258.0,0.016128, 20,  24.754,  102
   258.2,0.016125, 20,  24.762,  101
   258.4,0.016122, 20,  24.756,  100
   258.6,0.016119, 20,  24.759,   99
   258.8,0.016114, 20,  24.762,   99
   259.0,0.016111, 20,  24.762,  101
   259.2,0.016099, 20,  24.765,  104
   259.4,0.016093, 20,  24.765,  102
   259.6,0.016094, 20,  24.768,  101
   259.8,0.016084, 20,  24.770,  102
   260.0,0.016079, 20,  24.770,  103
   260.2,0.016077, 20,  24.773,  102
   260.4,0.016064, 20,  24.776,  101
   260.6,0.016059, 20,  24.776,  101
   260.8,0.016060, 20,  24.776,  102
   261.0,0.016045, 20,  24.780,  100
   261.2,0.016036, 20,  24.773,   99
   261.4,0.016034, 20,  24.779,  100
   261.6,0.016019, 20,  24.780,  101
   261.8,0.016017, 20,  24.781,  101
   262.0,0.016015, 20,  24.784,  102
   262.2,0.016003, 20,  24.785,  101
   262.4,0.016004, 20,  24.785,  100
   262.6,0.015996, 20,  24.789,  100
   262.8,0.015983, 20,  24.787,  100
   263.0,0.015984, 20,  24.788,   99
   263.2,0.015970, 20,  24.792,   99
   263.4,0.015955, 20,  24.792,  101
   263.6,0.015953, 20,  24.793,  103
   263.8,0.015948, 20,  24.787,  101
   264.0,0.015930, 20,  24.789,  100
   264.2,0.015922, 20,  24.793,  100
   264.4,0.015920, 20,  24.795,  100
   264.6,0.015902, 20,  24.793,  101
   264.8,0.015893, 20,  24.796,  101
   265.0,0.015891, 20,  24.791,  101
   265.2,0.015879, 20,  24.792,  100
   265.4,0.015871, 20,  24.793,  101
   265.6,0.015859, 20,  24.797,  101
   265.8,0.015847, 20,  24.794,  101
   266.0,0.015842, 20,  24.796,  100
   266.2,0.015828, 20,  24.791,  100
   266.4,0.015817, 20,  24.795,  100
   266.6,0.015801, 20,  24.794,  100
   266.8,0.015793, 20,  24.793,  100
   267.0,0.015784, 20,  24.799,  102
   267.2,0.015776, 20,  24.795,  104
   267.4,0.015767, 20,  24.795,  103
   267.6,0.015756, 20,  24.798,  101
   267.8,0.015738, 20,  24.793,  102
   268.0,0.015730, 20,  24.794,  104
   268.2,0.015728, 20,  24.795,  102
   268.4,0.015710, 20,  24.795,  101
   268.6,0.015696, 20,  24.797,  101
   268.8,0.015691, 20,  24.795,  102
   269.0,0.015673, 20,  24.795,  101
   269.2,0.015659, 20,  24.793,   99
   269.4,0.015651, 20,  24.787,  100
   269.6,0.015633, 20,  24.792,  101
   269.8,0.015622, 20,  24.790,  101
   270.0,0.015617, 20,  24.790,  101
   270.2,0.015602, 20,  24.790,  101
   270.4,0.015591, 20,  24.790,  100
   270.6,0.015580, 20,  24.787,  101
   270.8,0.015562, 20,  24.789,  102
   271.0,0.015551, 20,  24.789,  101
   271.2,0.015543, 20,  24.789,  100
   271.4,0.015525, 20,  24.791,  101
   271.6,0.015508, 20,  24.790,  102
   271.8,0.015501, 20,  24.790,  101
   272.0,0.015480, 20,  24.790,  100
   272.2,0.015463, 20,  24.789,  101
   272.4,0.015450, 20,  24.791,  102
   272.6,0.015426, 20,  24.790,  102
   272.8,0.015409, 20,  24.792,  102
   273.0,0.015399, 20,  24.788,  102
   273.2,0.015375, 20,  24.787,  101
   273.4,0.015368, 20,  24.790,  101
   273.6,0.015357, 20,  24.790,  100
   273.8,0.015336, 20,  24.785,  100
   274.0,0.015329, 20,  24.785,  100
   274.2,0.015315, 20,  24.792,  100
   274.4,0.015294, 20,  24.790,  100
   274.6,0.015281, 20,  24.795,  100
   274.8,0.015264, 20,  24.792,  100
   275.0,0.015249, 20,  24.795,  102
   275.2,0.015231, 20,  24.791,  104
   275.4,0.015224, 20,  24.791,  102
   275.6,0.015210, 20,  24.794,  100
   275.8,0.015196, 20,  24.790,  100
   276.0,0.015176, 20,  24.795,  101
   276.2,0.015159, 20,  24.795,  101
   276.4,0.015135, 20,  24.791,  101
   276.6,0.015125, 20,  24.793,  101
   276.8,0.015102, 20,  24.798,  101
   277.0,0.015078, 20,  24.796,  100
   277.2,0.015068, 20,  24.794,  100
   277.4,0.015048, 20,  24.791,  100
   277.6,0.015025, 20,  24.796,  100
   277.8,0.015014, 20,  24.796,  102
   278.0,0.014997, 20,  24.791,  103
   278.2,0.014974, 20,  24.791,  104
   278.4,0.014963, 20,  24.791,  104
   278.6,0.014946, 20,  24.791,  103
   278.8,0.014920, 20,  24.786,  102
   279.0,0.014910, 20,  24.786,  100
   279.2,0.014893, 20,  24.785,   99
   279.4,0.014866, 20,  24.781,  100
   279.6,0.014853, 20,  24.784,  102
   279.8,0.014833, 20,  24.782,  101
   280.0,0.014812, 20,  24.779,  100
   280.2,0.014799, 20,  24.775,  100
   280.4,0.014779, 20,  24.775,  100
   280.6,0.014756, 20,  24.776,  101
   280.8,0.014745, 20,  24.776,  102
   281.0,0.014732, 20,  24.777,  102
   281.2,0.014708, 20,  24.770,  102
   281.4,0.014692, 20,  24.773,  101
   281.6,0.014676, 20,  24.771,  101
   281.8,0.014652, 20,  24.771,  100
   282.0,0.014635, 20,  24.769,   99
   282.2,0.014622, 20,  24.772,   99
   282.4,0.014595, 20,  24.770,   99
   282.6,0.014578, 20,  24.770,  100
   282.8,0.014565, 20,  24.772,  101
   283.0,0.014542, 20,  24.771,  103
   283.2,0.014519, 20,  24.772,  106
   283.4,0.014506, 20,  24.768,  104
   283.6,0.014482, 20,  24.768,  102
   283.8,0.014465, 20,  24.762,  101
   284.0,0.014452, 20,  24.758,  100
   284.2,0.014428, 20,  24.755,  101
   284.4,0.014411, 20,  24.759,  101
   284.6,0.014395, 20,  24.762,  102
   284.8,0.014378, 20,  24.762,  102
   285.0,0.014361, 20,  24.757,  101
   285.2,0.014347, 20,  24.759,  100
   285.4,0.014330, 20,  24.762,  101
   285.6,0.014313, 20,  24.765,  102
   285.8,0.014294, 20,  24.764,  103
   286.0,0.014261, 20,  24.766,  103
   286.2,0.014235, 20,  24.765,  101
   286.4,0.014225, 20,  24.764,  100
   286.6,0.014202, 20,  24.767,  101
   286.8,0.014178, 20,  24.760,  102
   287.0,0.014165, 20,  24.759,  101
   287.2,0.014146, 20,  24.759,  100
   287.4,0.014122, 20,  24.760,  100
   287.6,0.014106, 20,  24.762,  100
   287.8,0.014081, 20,  24.760,  100
   288.0,0.014054, 20,  24.761,  100
   288.2,0.014041, 20,  24.768,  100
   288.4,0.014018, 20,  24.765,  100
   288.6,0.013992, 20,  24.772,  101
   288.8,0.013979, 20,  24.769,  102
   289.0,0.013956, 20,  24.767,  103
   289.2,0.013930, 20,  24.772,  103
   289.4,0.013914, 20,  24.772,  102
   289.6,0.013888, 20,  24.774,  101
   289.8,0.013859, 20,  24.774,  102
   290.0,0.013840, 20,  24.776,  102
   290.2,0.013815, 20,  24.777,  101
   290.4,0.013786, 20,  24.782,   99
   290.6,0.013767, 20,  24.778,   99
   290.8,0.013741, 20,  24.783,  100
   291.0,0.013715, 20,  24.782,  102
   291.2,0.013699, 20,  24.785,  104
   291.4,0.013679, 20,  24.785,  102
   291.6,0.013653, 20,  24.787,  101
   291.8,0.013637, 20,  24.789,  101
   292.0,0.013614, 20,  24.786,  101
   292.2,0.013585, 20,  24.792,  101
   292.4,0.013566, 20,  24.790,  101
   292.6,0.013544, 20,  24.798,  101
   292.8,0.013515, 20,  24.795,  101
   293.0,0.013496, 20,  24.799,  100
   293.2,0.013470, 20,  24.798,   99
   293.4,0.013441, 20,  24.803,   99
   293.6,0.013422, 20,  24.804,   99
   293.8,0.013394, 20,  24.806,  102
   294.0,0.013372, 20,  24.808,  104
   294.2,0.013348, 20,  24.807,  103
   294.4,0.013335, 20,  24.811,  101
   294.6,0.013321, 20,  24.814,  100
   294.8,0.013301, 20,  24.810,   99
   295.0,0.013276, 20,  24.814,  100
   295.2,0.013247, 20,  24.815,  100
   295.4,0.013215, 20,  24.811,  101
   295.6,0.013200, 20,  24.817,  102
   295.8,0.013174, 20,  24.819,  100
   296.0,0.013145, 20,  24.822,   99
   296.2,0.013129, 20,  24.825,  100
   296.4,0.013106, 20,  24.822,  101
   296.6,0.013077, 20,  24.820,  101
   296.8,0.013056, 20,  24.829,  101
   297.0,0.013030, 20,  24.829,  102
   297.2,0.013004, 20,  24.827,  102
   297.4,0.012988, 20,  24.829,  101
   297.6,0.012968, 20,  24.829,  101
   297.8,0.012939, 20,  24.828,  100
   298.0,0.012923, 20,  24.831,  100
   298.2,0.012895, 20,  24.826,  100
   298.4,0.012863, 20,  24.830,  100
   298.6,0.012851, 20,  24.832,  100
   298.8,0.012829, 20,  24.831,   99
   299.0,0.012800, 20,  24.830,  102
   299.2,0.012782, 20,  24.825,  106
   299.4,0.012759, 20,  24.824,  106
   299.6,0.012730, 20,  24.824,  106
   299.8,0.012704, 20,  24.818,  104
   300.0,0.012679, 20,  24.821,  101
   300.2,0.012650, 20,  24.818,  101
   300.4,0.012627, 20,  24.820,  101
   300.6,0.012611, 20,  24.815,  102
   300.8,0.012582, 20,  24.818,  102
   301.0,0.012560, 20,  24.820,  101
   301.2,0.012544, 20,  24.814,  100
   301.4,0.012517, 20,  24.808,  100
   301.6,0.012492, 20,  24.812,  100
   301.8,0.012473, 20,  24.809,  101
   302.0,0.012444, 20,  24.810,  103
   302.2,0.012419, 20,  24.806,  102
   302.4,0.012403, 20,  24.806,  100
   302.6,0.012377, 20,  24.800,  102
   302.8,0.012351, 20,  24.803,  103
   303.0,0.012335, 20,  24.799,  101
   303.2,0.012313, 20,  24.804,  100
   303.4,0.012296, 20,  24.801,  100
   303.6,0.012276, 20,  24.802,  100
   303.8,0.012259, 20,  24.801,  100
   304.0,0.012237, 20,  24.799,   99
   304.2,0.012214, 20,  24.798,   99
   304.4,0.012186, 20,  24.797,   99
   304.6,0.012154, 20,  24.795,  101
   304.8,0.012132, 20,  24.789,  102
   305.0,0.012110, 20,  24.793,  100
   305.2,0.012078, 20,  24.789,   99
   305.4,0.012053, 20,  24.785,  100
   305.6,0.012031, 20,  24.787,  101
   305.8,0.012000, 20,  24.781,  101
   306.0,0.011977, 20,  24.779,  101
   306.2,0.011952, 20,  24.774,  101
   306.4,0.011920, 20,  24.769,  100
   306.6,0.011904, 20,  24.773,  100
   306.8,0.011879, 20,  24.764,   99
   307.0,0.011847, 20,  24.761,  101
   307.2,0.011828, 20,  24.752,  104
   307.4,0.011803, 20,  24.749,  102
   307.6,0.011771, 20,  24.742,  101
   307.8,0.011755, 20,  24.734,  101
   308.0,0.011730, 20,  24.726,  101
   308.2,0.011700, 20,  24.723,  101
   308.4,0.011682, 20,  24.720,  101
   308.6,0.011656, 20,  24.711,  101
   308.8,0.011627, 20,  24.709,  101
   309.0,0.011609, 20,  24.705,  100
   309.2,0.011583, 20,  24.698,   99
   309.4,0.011554, 20,  24.696,   99
   309.6,0.011536, 20,  24.691,   99
   309.8,0.011508, 20,  24.684,  102
   310.0,0.011478, 20,  24.685,  105
   310.2,0.011460, 20,  24.679,  103
   310.4,0.011432, 20,  24.676,  101
   310.6,0.011402, 20,  24.671,  101
   310.8,0.011384, 20,  24.664,  101
   311.0,0.011356, 20,  24.664,  100
   311.2,0.011327, 20,  24.660,   99
   311.4,0.011305, 20,  24.654,  100
   311.6,0.011277, 20,  24.658,  102
   311.8,0.011255, 20,  24.655,  100
   312.0,0.011238, 20,  24.660,   98
   312.2,0.011215, 20,  24.651,   99
   312.4,0.011208, 20,  24.656,   99
   312.6,0.011186, 20,  24.656,  100
   312.8,0.011160, 20,  24.650,  101
   313.0,0.011126, 20,  24.654,  101
   313.2,0.011096, 20,  24.648,  101
   313.4,0.011078, 20,  24.649,  101
   313.6,0.011055, 20,  24.647,  101
   313.8,0.011026, 20,  24.647,  101
   314.0,0.011005, 20,  24.642,  101
   314.2,0.010977, 20,  24.644,  101
   314.4,0.010948, 20,  24.640,  102
   314.6,0.010929, 20,  24.640,  100
   314.8,0.010901, 20,  24.637,   99
   315.0,0.010872, 20,  24.641,  103
   315.2,0.010853, 20,  24.642,  107
   315.4,0.010825, 20,  24.639,  104
   315.6,0.010796, 20,  24.641,  102
   315.8,0.010774, 20,  24.635,  101
   316.0,0.010748, 20,  24.633,   99
   316.2,0.010719, 20,  24.634,  100
   316.4,0.010698, 20,  24.635,  101
   316.6,0.010683, 20,  24.634,  102
   316.8,0.010654, 20,  24.636,  102
   317.0,0.010626, 20,  24.638,  101
   317.2,0.010601, 20,  24.634,  100
   317.4,0.010572, 20,  24.635,  100
   317.6,0.010548, 20,  24.634,  100
   317.8,0.010520, 20,  24.637,  102
   318.0,0.010490, 20,  24.637,  103
   318.2,0.010469, 20,  24.640,  101
   318.4,0.010444, 20,  24.640,   99
   318.6,0.010412, 20,  24.635,  101
   318.8,0.010393, 20,  24.640,  102
   319.0,0.010365, 20,  24.642,  101
   319.2,0.010336, 20,  24.641,  101
   319.4,0.010318, 20,  24.642,  101
   319.6,0.010293, 20,  24.644,  101
   319.8,0.010261, 20,  24.647,  100
   320.0,0.010242, 20,  24.653,  100
   320.2,0.010214, 20,  24.654,  101
   320.4,0.010182, 20,  24.656,  102
   320.6,0.010166, 20,  24.656,  103
   320.8,0.010145, 20,  24.651,  104
   321.0,0.010123, 20,  24.659,  102
   321.2,0.010106, 20,  24.654,  101
   321.4,0.010083, 20,  24.653,  101
   321.6,0.010069, 20,  24.658,  101
   321.8,0.010047, 20,  24.662,  101
   322.0,0.010025, 20,  24.659,  101
   322.2,0.009996, 20,  24.665,  100
   322.4,0.009967, 20,  24.667,  100
   322.6,0.009949, 20,  24.663,  100
   322.8,0.009928, 20,  24.666,  100
   323.0,0.009899, 20,  24.667,  102
   323.2,0.009876, 20,  24.667,  104
   323.4,0.009857, 20,  24.663,  102
   323.6,0.009828, 20,  24.666,  101
   323.8,0.009805, 20,  24.668,  101
   324.0,0.009780, 20,  24.666,  100
   324.2,0.009754, 20,  24.668,  100
   324.4,0.009741, 20,  24.670,  100
   324.6,0.009716, 20,  24.671,  101
   324.8,0.009687, 20,  24.673,  101
   325.0,0.009668, 20,  24.672,  101
   325.2,0.009643, 20,  24.676,  100
   325.4,0.009614, 20,  24.675,  100
   325.6,0.009595, 20,  24.672,   99
   325.8,0.009573, 20,  24.682,  101
   326.0,0.009544, 20,  24.681,  103
   326.2,0.009522, 20,  24.679,  100
   326.4,0.009496, 20,  24.682,   98
   326.6,0.009470, 20,  24.680,  100
   326.8,0.009451, 20,  24.680,  102
   327.0,0.009432, 20,  24.682,  100
   327.2,0.009403, 20,  24.686,   99
   327.4,0.009378, 20,  24.688,  101
   327.6,0.009357, 20,  24.688,  102
   327.8,0.009328, 20,  24.687,  101
   328.0,0.009302, 20,  24.689,  100
   328.2,0.009284, 20,  24.689,  100
   328.4,0.009255, 20,  24.689,  101
   328.6,0.009227, 20,  24.694,  101
   328.8,0.009208, 20,  24.697,  102
   329.0,0.009179, 20,  24.698,  101
   329.2,0.009154, 20,  24.694,  100
   329.4,0.009139, 20,  24.696,  100
   329.6,0.009107, 20,  24.700,  101
   329.8,0.009082, 20,  24.698,  101
   330.0,0.009063, 20,  24.699,  100
   330.2,0.009041, 20,  24.704,  100
   330.4,0.009021, 20,  24.703,  100
   330.6,0.009004, 20,  24.697,  100
   330.8,0.008988, 20,  24.700,  100
   331.0,0.008968, 20,  24.704,  104
   331.2,0.008943, 20,  24.703,  108
   331.4,0.008915, 20,  24.704,  105
   331.6,0.008886, 20,  24.699,  103
   331.8,0.008864, 20,  24.702,  102
   332.0,0.008845, 20,  24.700,  101
   332.2,0.008816, 20,  24.699,  101
   332.4,0.008791, 20,  24.702,  101
   332.6,0.008775, 20,  24.699,  101
   332.8,0.008746, 20,  24.707,  101
   333.0,0.008721, 20,  24.704,  100
   333.2,0.008703, 20,  24.702,   99
   333.4,0.008674, 20,  24.704,  100
   333.6,0.008651, 20,  24.708,  100
   333.8,0.008633, 20,  24.703,  102
   334.0,0.008604, 20,  24.704,  103
   334.2,0.008579, 20,  24.710,  101
   334.4,0.008558, 20,  24.707,  100
   334.6,0.008531, 20,  24.706,  102
   334.8,0.008516, 20,  24.707,  104
   335.0,0.008497, 20,  24.710,  102
   335.2,0.008468, 20,  24.711,  101
   335.4,0.008453, 20,  24.708,  101
   335.6,0.008425, 20,  24.709,  100
   335.8,0.008393, 20,  24.711,   99
   336.0,0.008377, 20,  24.709,   99
   336.2,0.008352, 20,  24.710,  100
   336.4,0.008323, 20,  24.716,  102
   336.6,0.008310, 20,  24.715,  102
   336.8,0.008288, 20,  24.714,  102
   337.0,0.008265, 20,  24.713,  101
   337.2,0.008249, 20,  24.714,  100
   337.4,0.008230, 20,  24.713,  100
   337.6,0.008203, 20,  24.719,  100
   337.8,0.008188, 20,  24.715,  101
   338.0,0.008165, 20,  24.717,  101
   338.2,0.008136, 20,  24.716,  100
   338.4,0.008114, 20,  24.720,  100
   338.6,0.008092, 20,  24.717,  100
   338.8,0.008072, 20,  24.717,  100
   339.0,0.008049, 20,  24.717,  101
   339.2,0.008042, 20,  24.719,  102
   339.4,0.008028, 20,  24.714,  102
   339.6,0.008015, 20,  24.715,  102
   339.8,0.007996, 20,  24.709,  101
   340.0,0.007972, 20,  24.713,  101
   340.2,0.007950, 20,  24.706,  101
   340.4,0.007929, 20,  24.710,  102
   340.6,0.007911, 20,  24.711,  101
   340.8,0.007887, 20,  24.710,  100
   341.0,0.007865, 20,  24.712,  100
   341.2,0.007841, 20,  24.713,  100
   341.4,0.007818, 20,  24.710,  102
   341.6,0.007799, 20,  24.714,  103
   341.8,0.007770, 20,  24.717,  105
   342.0,0.007743, 20,  24.721,  106
   342.2,0.007731, 20,  24.716,  103
   342.4,0.007706, 20,  24.718,  101
   342.6,0.007679, 20,  24.716,  101
   342.8,0.007660, 20,  24.722,  102
   343.0,0.007640, 20,  24.723,  101
   343.2,0.007614, 20,  24.719,   99
   343.4,0.007592, 20,  24.718,  101
   343.6,0.007576, 20,  24.722,  103
   343.8,0.007550, 20,  24.719,  100
   344.0,0.007528, 20,  24.718,   98
   344.2,0.007506, 20,  24.719,   99
   344.4,0.007486, 20,  24.719,  101
   344.6,0.007467, 20,  24.723,  102
   344.8,0.007442, 20,  24.724,  102
   345.0,0.007422, 20,  24.721,  101
   345.2,0.007403, 20,  24.721,  100
   345.4,0.007383, 20,  24.725,  101
   345.6,0.007364, 20,  24.723,  102
   345.8,0.007341, 20,  24.722,  101
   346.0,0.007319, 20,  24.725,  100
   346.2,0.007300, 20,  24.724,  100
   346.4,0.007277, 20,  24.719,   99
   346.6,0.007255, 20,  24.724,  100
   346.8,0.007233, 20,  24.723,  100
   347.0,0.007213, 20,  24.721,  103
   347.2,0.007192, 20,  24.722,  105
   347.4,0.007173, 20,  24.721,  104
   347.6,0.007159, 20,  24.720,  103
   347.8,0.007145, 20,  24.718,  102
   348.0,0.007134, 20,  24.714,  101
   348.2,0.007120, 20,  24.721,  102
   348.4,0.007098, 20,  24.721,  102
   348.6,0.007075, 20,  24.723,  102
   348.8,0.007053, 20,  24.720,  101
   349.0,0.007029, 20,  24.719,  100
   349.2,0.007021, 20,  24.721,   99
   349.4,0.006998, 20,  24.717,   99
   349.6,0.006972, 20,  24.720,  100
   349.8,0.006958, 20,  24.727,  102
   350.0,0.006935, 20,  24.730,  103
   350.2,0.006915, 20,  24.724,  101
   350.4,0.006896, 20,  24.728,   99
   350.6,0.006872, 20,  24.735,  101
   350.8,0.006860, 20,  24.734,  104
   351.0,0.006840, 20,  24.733,  103
   351.2,0.006814, 20,  24.735,  102
   351.4,0.006801, 20,  24.740,  101
   351.6,0.006779, 20,  24.743,  100
   351.8,0.006753, 20,  24.741,   99
   352.0,0.006736, 20,  24.738,   99
   352.2,0.006717, 20,  24.745,  100
   352.4,0.006691, 20,  24.738,  102
   352.6,0.006671, 20,  24.744,  102
   352.8,0.006656, 20,  24.741,  102
   353.0,0.006629, 20,  24.740,  102
   353.2,0.006610, 20,  24.740,  102
   353.4,0.006597, 20,  24.740,  101
   353.6,0.006577, 20,  24.743,  100
   353.8,0.006557, 20,  24.746,  100
   354.0,0.006545, 20,  24.747,  100
   354.2,0.006524, 20,  24.747,  101
   354.4,0.006504, 20,  24.746,  101
   354.6,0.006494, 20,  24.748,  101
   354.8,0.006471, 20,  24.746,  100
   355.0,0.006452, 20,  24.745,  101
   355.2,0.006439, 20,  24.745,  102
   355.4,0.006416, 20,  24.749,  101
   355.6,0.006399, 20,  24.745,  101
   355.8,0.006389, 20,  24.749,  101
   356.0,0.006366, 20,  24.743,  100
   356.2,0.006349, 20,  24.748,  102
   356.4,0.006336, 20,  24.743,  103
   356.6,0.006310, 20,  24.744,  101
   356.8,0.006297, 20,  24.743,  100
   357.0,0.006279, 20,  24.743,  100
   357.2,0.006262, 20,  24.741,  100
   357.4,0.006248, 20,  24.746,  100
   357.6,0.006237, 20,  24.744,   99
   357.8,0.006226, 20,  24.741,  102
   358.0,0.006210, 20,  24.743,  105
   358.2,0.006190, 20,  24.742,  102
   358.4,0.006168, 20,  24.740,  100
   358.6,0.006145, 20,  24.735,  101
   358.8,0.006128, 20,  24.741,  102
   359.0,0.006109, 20,  24.739,  101
   359.2,0.006082, 20,  24.738,  100
   359.4,0.006063, 20,  24.739,  101
   359.6,0.006048, 20,  24.740,  103
   359.8,0.006024, 20,  24.737,  100
   360.0,0.006005, 20,  24.736,   98
   360.2,0.005988, 20,  24.735,   99
   360.4,0.005971, 20,  24.739,  100
   360.6,0.005955, 20,  24.737,  101
   360.8,0.005935, 20,  24.737,  101
   361.0,0.005919, 20,  24.735,  101
   361.2,0.005902, 20,  24.737,  102
   361.4,0.005880, 20,  24.733,  101
   361.6,0.005863, 20,  24.738,  101
   361.8,0.005849, 20,  24.736,  100
   362.0,0.005837, 20,  24.735,  100
   362.2,0.005813, 20,  24.733,  100
   362.4,0.005797, 20,  24.736,  101
   362.6,0.005784, 20,  24.735,  102
   362.8,0.005758, 20,  24.736,  103
   363.0,0.005741, 20,  24.740,  104
   363.2,0.005729, 20,  24.734,  104
   363.4,0.005705, 20,  24.734,  103
   363.6,0.005686, 20,  24.738,  102
   363.8,0.005669, 20,  24.740,  101
   364.0,0.005655, 20,  24.737,  100
   364.2,0.005636, 20,  24.743,  101
   364.4,0.005617, 20,  24.739,  101
   364.6,0.005603, 20,  24.742,  102
   364.8,0.005583, 20,  24.740,  102
   365.0,0.005571, 20,  24.741,  101
   365.2,0.005550, 20,  24.742,  100
   365.4,0.005531, 20,  24.747,  100
   365.6,0.005521, 20,  24.750,  100
   365.8,0.005497, 20,  24.748,  102
   366.0,0.005478, 20,  24.750,  104
   366.2,0.005459, 20,  24.751,  102
   366.4,0.005445, 20,  24.753,  100
   366.6,0.005434, 20,  24.756,  102
   366.8,0.005420, 20,  24.750,  104
   367.0,0.005415, 20,  24.756,  103
   367.2,0.005401, 20,  24.757,  101
   367.4,0.005382, 20,  24.761,  100
   367.6,0.005363, 20,  24.760,  100
   367.8,0.005339, 20,  24.761,   99
   368.0,0.005326, 20,  24.766,   98
   368.2,0.005313, 20,  24.768,   99
   368.4,0.005287, 20,  24.774,  100
   368.6,0.005274, 20,  24.777,  101
   368.8,0.005259, 20,  24.775,  101
   369.0,0.005235, 20,  24.773,  102
   369.2,0.005216, 20,  24.779,  102
   369.4,0.005202, 20,  24.782,  101
   369.6,0.005181, 20,  24.782,  100
   369.8,0.005165, 20,  24.781,  101
   370.0,0.005155, 20,  24.786,  101
   370.2,0.005134, 20,  24.787,  102
   370.4,0.005115, 20,  24.788,  102
   370.6,0.005093, 20,  24.792,  101
   370.8,0.005079, 20,  24.796,  100
   371.0,0.005062, 20,  24.797,  101
   371.2,0.005046, 20,  24.797,  102
   371.4,0.005032, 20,  24.802,  101
   371.6,0.005015, 20,  24.808,  101
   371.8,0.005005, 20,  24.801,  100
   372.0,0.004988, 20,  24.805,  100
   372.2,0.004971, 20,  24.805,  100
   372.4,0.004961, 20,  24.811,  101
   372.6,0.004941, 20,  24.811,  101
   372.8,0.004927, 20,  24.811,  100
   373.0,0.004914, 20,  24.814,  101
   373.2,0.004891, 20,  24.819,  102
   373.4,0.004877, 20,  24.821,  102
   373.6,0.004867, 20,  24.820,  101
   373.8,0.004847, 20,  24.821,  103
   374.0,0.004830, 20,  24.824,  106
   374.2,0.004823, 20,  24.828,  103
   374.4,0.004802, 20,  24.829,  101
   374.6,0.004788, 20,  24.831,  101
   374.8,0.004784, 20,  24.829,  100
   375.0,0.004766, 20,  24.831,  100
   375.2,0.004752, 20,  24.836,   99
   375.4,0.004748, 20,  24.836,  101
   375.6,0.004737, 20,  24.840,  102
   375.8,0.004726, 20,  24.842,  101
   376.0,0.004715, 20,  24.842,   99
   376.2,0.004704, 20,  24.842,  100
   376.4,0.004693, 20,  24.846,  100
   376.6,0.004676, 20,  24.843,  101
   376.8,0.004660, 20,  24.844,  102
   377.0,0.004639, 20,  24.849,  101
   377.2,0.004625, 20,  24.850,  101
   377.4,0.004615, 20,  24.853,  101
   377.6,0.004595, 20,  24.855,  101
   377.8,0.004584, 20,  24.857,  100
   378.0,0.004571, 20,  24.852,  100
   378.2,0.004548, 20,  24.855,  101
   378.4,0.004538, 20,  24.852,  102
   378.6,0.004525, 20,  24.858,  101
   378.8,0.004505, 20,  24.855,  100
   379.0,0.004491, 20,  24.852,  101
   379.2,0.004477, 20,  24.853,  101
   379.4,0.004457, 20,  24.857,  102
   379.6,0.004443, 20,  24.856,  102
   379.8,0.004433, 20,  24.851,  101
   380.0,0.004415, 20,  24.853,  100
   380.2,0.004401, 20,  24.855,  101
   380.4,0.004394, 20,  24.855,  101
   380.6,0.004374, 20,  24.854,  101
   380.8,0.004360, 20,  24.851,  102
   381.0,0.004347, 20,  24.851,  101
   381.2,0.004327, 20,  24.849,  100
   381.4,0.004313, 20,  24.848,  100
   381.6,0.004306, 20,  24.847,  100
   381.8,0.004288, 20,  24.850,  102
   382.0,0.004274, 20,  24.847,  104
   382.2,0.004270, 20,  24.851,  102
   382.4,0.004252, 20,  24.844,  100
   382.6,0.004241, 20,  24.837,  101
   382.8,0.004234, 20,  24.840,  103
   383.0,0.004216, 20,  24.837,  102
   383.2,0.004202, 20,  24.829,  101
   383.4,0.004192, 20,  24.833,  102
   383.6,0.004175, 20,  24.832,  103
   383.8,0.004164, 20,  24.830,  101
   384.0,0.004156, 20,  24.830,  100
   384.2,0.004139, 20,  24.828,  100
   384.4,0.004125, 20,  24.823,  100
   384.6,0.004118, 20,  24.825,  102
   384.8,0.004100, 20,  24.828,  103
   385.0,0.004089, 20,  24.816,  102
   385.2,0.004079, 20,  24.815,  101
   385.4,0.004068, 20,  24.808,  101
   385.6,0.004057, 20,  24.808,  100
   385.8,0.004051, 20,  24.801,  100
   386.0,0.004043, 20,  24.799,   99
   386.2,0.004035, 20,  24.791,  100
   386.4,0.004021, 20,  24.791,  100
   386.6,0.004005, 20,  24.793,  100
   386.8,0.003987, 20,  24.789,  100
   387.0,0.003976, 20,  24.784,  101
   387.2,0.003969, 20,  24.779,  101
   387.4,0.003954, 20,  24.783,  101
   387.6,0.003945, 20,  24.777,  102
   387.8,0.003941, 20,  24.774,  102
   388.0,0.003923, 20,  24.766,  101
   388.2,0.003912, 20,  24.762,  101
   388.4,0.003905, 20,  24.766,  101
   388.6,0.003887, 20,  24.762,  101
   388.8,0.003876, 20,  24.764,  100
   389.0,0.003865, 20,  24.760,  100
   389.2,0.003852, 20,  24.763,  100
   389.4,0.003838, 20,  24.762,  100
   389.6,0.003825, 20,  24.761,  100
   389.8,0.003805, 20,  24.757,  102
   390.0,0.003794, 20,  24.759,  104
   390.2,0.003786, 20,  24.763,  103
   390.4,0.003769, 20,  24.762,  101
   390.6,0.003758, 20,  24.758,  101
   390.8,0.003744, 20,  24.757,  101
   391.0,0.003733, 20,  24.756,  100
   391.2,0.003722, 20,  24.754,  100
   391.4,0.003708, 20,  24.757,  101
   391.6,0.003697, 20,  24.760,  102
   391.8,0.003683, 20,  24.758,  101
   392.0,0.003679, 20,  24.754,  100
   392.2,0.003661, 20,  24.754,  100
   392.4,0.003647, 20,  24.751,  101
   392.6,0.003640, 20,  24.755,  101
   392.8,0.003622, 20,  24.758,  101
   393.0,0.003611, 20,  24.754,  101
   393.2,0.003603, 20,  24.751,  101
   393.4,0.003595, 20,  24.755,  101
   393.6,0.003581, 20,  24.755,  102
   393.8,0.003567, 20,  24.755,  101
   394.0,0.003556, 20,  24.757,  101
   394.2,0.003545, 20,  24.754,  102
   394.4,0.003534, 20,  24.756,  103
   394.6,0.003526, 20,  24.754,  102
   394.8,0.003520, 20,  24.755,  100
   395.0,0.003505, 20,  24.753,  101
   395.2,0.003507, 20,  24.753,  101
   395.4,0.003501, 20,  24.755,  102
   395.6,0.003487, 20,  24.754,  102
   395.8,0.003473, 20,  24.756,  101
   396.0,0.003460, 20,  24.755,  101
   396.2,0.003454, 20,  24.754,  101
   396.4,0.003445, 20,  24.757,  101
   396.6,0.003427, 20,  24.759,  101
   396.8,0.003419, 20,  24.754,  101
   397.0,0.003407, 20,  24.758,  100
   397.2,0.003392, 20,  24.760,   99
   397.4,0.003390, 20,  24.756,   99
   397.6,0.003382, 20,  24.762,   99
   397.8,0.003367, 20,  24.761,  102
   398.0,0.003359, 20,  24.762,  104
   398.2,0.003350, 20,  24.764,  103
   398.4,0.003333, 20,  24.762,  102
   398.6,0.003326, 20,  24.764,  102
   398.8,0.003325, 20,  24.766,  102
   399.0,0.003310, 20,  24.766,  101
   399.2,0.003299, 20,  24.769,  100
   399.4,0.003300, 20,  24.766,  101
   399.6,0.003288, 20,  24.765,  101
   399.8,0.003274, 20,  24.759,  100
   400.0,0.003263, 20,  24.765,   99
   400.2,0.003248, 20,  24.763,   99
   400.4,0.003244, 20,  24.764,  100
   400.6,0.003233, 20,  24.761,  102
   400.8,0.003218, 20,  24.762,  103
   401.0,0.003214, 20,  24.760,  102
   401.2,0.003203, 20,  24.756,  101
   401.4,0.003185, 20,  24.758,  101
   401.6,0.003177, 20,  24.758,  100
   401.8,0.003166, 20,  24.760,  100
   402.0,0.003148, 20,  24.756,   99
   402.2,0.003137, 20,  24.758,  101
   402.4,0.003130, 20,  24.758,  102
   402.6,0.003115, 20,  24.761,  101
   402.8,0.003113, 20,  24.756,  100
   403.0,0.003106, 20,  24.759,  100
   403.2,0.003089, 20,  24.758,  100
   403.4,0.003087, 20,  24.755,  101
   403.6,0.003076, 20,  24.761,  102
   403.8,0.003058, 20,  24.757,  102
   404.0,0.003047, 20,  24.757,  101
   404.2,0.003039, 20,  24.759,  101
   404.4,0.003028, 20,  24.759,  102
   404.6,0.003016, 20,  24.755,  103
   404.8,0.003014, 20,  24.760,  105
   405.0,0.003009, 20,  24.752,  103
   405.2,0.003000, 20,  24.755,  101
   405.4,0.002989, 20,  24.758,  100
   405.6,0.002976, 20,  24.750,  100
   405.8,0.002958, 20,  24.755,  103
   406.0,0.002950, 20,  24.757,  105
   406.2,0.002945, 20,  24.753,  103
   406.4,0.002928, 20,  24.756,  102
   406.6,0.002919, 20,  24.751,  102
   406.8,0.002920, 20,  24.747,  101
   407.0,0.002906, 20,  24.743,  101
   407.2,0.002897, 20,  24.746,  101
   407.4,0.002893, 20,  24.744,  102
   407.6,0.002881, 20,  24.745,  103
   407.8,0.002870, 20,  24.744,  101
   408.0,0.002863, 20,  24.748,  100
   408.2,0.002848, 20,  24.745,  100
   408.4,0.002839, 20,  24.746,  100
   408.6,0.002832, 20,  24.744,  101
   408.8,0.002817, 20,  24.746,  103
   409.0,0.002809, 20,  24.744,  102
   409.2,0.002805, 20,  24.742,  101
   409.4,0.002790, 20,  24.746,  101
   409.6,0.002784, 20,  24.744,  101
   409.8,0.002783, 20,  24.749,  101
   410.0,0.002768, 20,  24.749,  101
   410.2,0.002760, 20,  24.751,  101
   410.4,0.002752, 20,  24.758,  100
   410.6,0.002738, 20,  24.753,  100
   410.8,0.002732, 20,  24.756,   99
   411.0,0.002730, 20,  24.756,  101
   411.2,0.002715, 20,  24.759,  102
   411.4,0.002707, 20,  24.758,  103
   411.6,0.002703, 20,  24.761,  103
   411.8,0.002688, 20,  24.758,  102
   412.0,0.002680, 20,  24.762,  102
   412.2,0.002675, 20,  24.762,  102
   412.4,0.002664, 20,  24.761,  101
   412.6,0.002659, 20,  24.768,  101
   412.8,0.002648, 20,  24.767,  100
   413.0,0.002640, 20,  24.771,  100
   413.2,0.002631, 20,  24.772,   99
   413.4,0.002620, 20,  24.771,   99
   413.6,0.002612, 20,  24.771,   99
   413.8,0.002600, 20,  24.773,  101
   414.0,0.002592, 20,  24.777,  103
   414.2,0.002590, 20,  24.780,  102
   414.4,0.002578, 20,  24.783,  101
   414.6,0.002570, 20,  24.784,  101
   414.8,0.002565, 20,  24.782,  101
   415.0,0.002553, 20,  24.779,  102
   415.2,0.002548, 20,  24.785,  102
   415.4,0.002546, 20,  24.790,  102
   415.6,0.002534, 20,  24.784,  103
   415.8,0.002526, 20,  24.791,  101
   416.0,0.002515, 20,  24.792,  100
   416.2,0.002509, 20,  24.795,  101
   416.4,0.002498, 20,  24.793,  101
   416.6,0.002487, 20,  24.791,  102
   416.8,0.002482, 20,  24.795,  103
   417.0,0.002473, 20,  24.797,  101
   417.2,0.002468, 20,  24.796,  100
   417.4,0.002462, 20,  24.798,  100
   417.6,0.002459, 20,  24.795,  100
   417.8,0.002454, 20,  24.797,  100
   418.0,0.002451, 20,  24.800,  100
   418.2,0.002443, 20,  24.800,  101
   418.4,0.002432, 20,  24.799,  102
   418.6,0.002426, 20,  24.797,  101
   418.8,0.002418, 20,  24.798,  100
   419.0,0.002413, 20,  24.796,  100
   419.2,0.002407, 20,  24.796,  101
   419.4,0.002399, 20,  24.792,  102
   419.6,0.002391, 20,  24.796,  102
   419.8,0.002385, 20,  24.795,  102
   420.0,0.002377, 20,  24.793,  101
   420.2,0.002369, 20,  24.790,  102
   420.4,0.002360, 20,  24.791,  103
   420.6,0.002352, 20,  24.794,  101
   420.8,0.002351, 20,  24.794,  100
   421.0,0.002342, 20,  24.790,  100
   421.2,0.002342, 20,  24.788,  100
   421.4,0.002337, 20,  24.792,  100
   421.6,0.002334, 20,  24.796,  100
   421.8,0.002331, 20,  24.793,  103
   422.0,0.002329, 20,  24.793,  105
   422.2,0.002320, 20,  24.794,  104
   422.4,0.002308, 20,  24.796,  102
   422.6,0.002301, 20,  24.794,  102
   422.8,0.002303, 20,  24.792,  101
   423.0,0.002291, 20,  24.796,  101
   423.2,0.002286, 20,  24.794,  101
   423.4,0.002280, 20,  24.796,  102
   423.6,0.002271, 20,  24.798,  103
   423.8,0.002269, 20,  24.800,  101
   424.0,0.002261, 20,  24.797,   99
   424.2,0.002246, 20,  24.796,  100
   424.4,0.002238, 20,  24.799,  101
   424.6,0.002227, 20,  24.797,  102
   424.8,0.002212, 20,  24.795,  103
   425.0,0.002204, 20,  24.800,  102
   425.2,0.002205, 20,  24.795,  100
   425.4,0.002193, 20,  24.797,  102
   425.6,0.002187, 20,  24.796,  103
   425.8,0.002183, 20,  24.797,  103
   426.0,0.002168, 20,  24.797,  103
   426.2,0.002162, 20,  24.797,  102
   426.4,0.002158, 20,  24.791,  102
   426.6,0.002143, 20,  24.791,  101
   426.8,0.002138, 20,  24.790,  100
   427.0,0.002127, 20,  24.792,  101
   427.2,0.002118, 20,  24.790,  101
   427.4,0.002113, 20,  24.793,  102
   427.6,0.002111, 20,  24.789,  102
   427.8,0.002099, 20,  24.787,  102
   428.0,0.002091, 20,  24.782,  101
   428.2,0.002092, 20,  24.782,  101
   428.4,0.002080, 20,  24.786,  101
   428.6,0.002072, 20,  24.783,  101
   428.8,0.002070, 20,  24.783,  101
   429.0,0.002058, 20,  24.784,  100
   429.2,0.002050, 20,  24.785,  100
   429.4,0.002045, 20,  24.786,  100
   429.6,0.002033, 20,  24.782,  100
   429.8,0.002034, 20,  24.784,  102
   430.0,0.002035, 20,  24.782,  105
   430.2,0.002030, 20,  24.784,  103
   430.4,0.002025, 20,  24.784,  101
   430.6,0.002019, 20,  24.784,  101
   430.8,0.002014, 20,  24.780,  101
   431.0,0.002011, 20,  24.779,  101
   431.2,0.001999, 20,  24.784,  101
   431.4,0.001993, 20,  24.781,  100
   431.6,0.001981, 20,  24.780,  100
   431.8,0.001975, 20,  24.774,  100
   432.0,0.001979, 20,  24.777,  100
   432.2,0.001967, 20,  24.776,  100
   432.4,0.001964, 20,  24.773,  100
   432.6,0.001966, 20,  24.774,  102
   432.8,0.001959, 20,  24.773,  103
   433.0,0.001956, 20,  24.771,  102
   433.2,0.001957, 20,  24.765,  101
   433.4,0.001948, 20,  24.760,  100
   433.6,0.001945, 20,  24.758,  100
   433.8,0.001946, 20,  24.756,  100
   434.0,0.001934, 20,  24.755,   99
   434.2,0.001935, 20,  24.748,  101
   434.4,0.001937, 20,  24.750,  102
   434.6,0.001924, 20,  24.750,  101
   434.8,0.001926, 20,  24.751,   99
   435.0,0.001920, 20,  24.748,  100
   435.2,0.001911, 20,  24.748,  101
   435.4,0.001912, 20,  24.743,  101
   435.6,0.001904, 20,  24.737,  101
   435.8,0.001891, 20,  24.740,  101
   436.0,0.001893, 20,  24.734,  101
   436.2,0.001887, 20,  24.734,  102
   436.4,0.001875, 20,  24.736,  104
   436.6,0.001876, 20,  24.735,  103
   436.8,0.001868, 20,  24.732,  101
   437.0,0.001858, 20,  24.734,  101
   437.2,0.001860, 20,  24.729,  101
   437.4,0.001851, 20,  24.731,  100
   437.6,0.001839, 20,  24.735,   99
   437.8,0.001834, 20,  24.733,  102
   438.0,0.001828, 20,  24.737,  106
   438.2,0.001819, 20,  24.736,  103
   438.4,0.001813, 20,  24.738,  101
   438.6,0.001812, 20,  24.739,  101
   438.8,0.001809, 20,  24.739,  101
   439.0,0.001809, 20,  24.744,  101
   439.2,0.001803, 20,  24.745,  101
   439.4,0.001801, 20,  24.749,  101
   439.6,0.001795, 20,  24.754,  102
   439.8,0.001790, 20,  24.754,  101
   440.0,0.001779, 20,  24.757,  100
   440.2,0.001769, 20,  24.759,  101
   440.4,0.001761, 20,  24.755,  102
   440.6,0.001759, 20,  24.764,  103
   440.8,0.001750, 20,  24.766,  104
   441.0,0.001745, 20,  24.765,  102
   441.2,0.001746, 20,  24.769,   99
   441.4,0.001734, 20,  24.768,  101
   441.6,0.001725, 20,  24.772,  103
   441.8,0.001727, 20,  24.771,  102
   442.0,0.001717, 20,  24.776,  100
   442.2,0.001712, 20,  24.781,  101
   442.4,0.001716, 20,  24.779,  101
   442.6,0.001706, 20,  24.783,  100
   442.8,0.001703, 20,  24.789,   98
   443.0,0.001705, 20,  24.781,   99
   443.2,0.001695, 20,  24.787,  101
   443.4,0.001690, 20,  24.787,  101
   443.6,0.001688, 20,  24.789,  102
   443.8,0.001679, 20,  24.787,  101
   444.0,0.001673, 20,  24.784,  101
   444.2,0.001672, 20,  24.788,  100
   444.4,0.001661, 20,  24.786,  100
   444.6,0.001660, 20,  24.786,  101
   444.8,0.001666, 20,  24.790,  101
   445.0,0.001652, 20,  24.793,  100
   445.2,0.001649, 20,  24.789,   99
   445.4,0.001639, 20,  24.789,   99
   445.6,0.001633, 20,  24.787,  100
   445.8,0.001633, 20,  24.786,  102
   446.0,0.001627, 20,  24.786,  104
   446.2,0.001618, 20,  24.782,  103
   446.4,0.001618, 20,  24.780,  102
   446.6,0.001612, 20,  24.777,  103
   446.8,0.001603, 20,  24.778,  104
   447.0,0.001600, 20,  24.776,  103
   447.2,0.001595, 20,  24.774,  102
   447.4,0.001589, 20,  24.772,  101
   447.6,0.001582, 20,  24.760,  100
   447.8,0.001584, 20,  24.760,  100
   448.0,0.001581, 20,  24.756,  100
   448.2,0.001578, 20,  24.753,  100
   448.4,0.001570, 20,  24.758,  100
   448.6,0.001564, 20,  24.756,  102
   448.8,0.001555, 20,  24.755,  103
   449.0,0.001550, 20,  24.752,  102
   449.2,0.001548, 20,  24.751,  100
   449.4,0.001539, 20,  24.747,  101
   449.6,0.001536, 20,  24.744,  101
   449.8,0.001540, 20,  24.747,  100
   450.0,0.001528, 20,  24.743,   99
   450.2,0.001531, 20,  24.735,  100
   450.4,0.001527, 20,  24.737,  102
   450.6,0.001515, 20,  24.736,  100
   450.8,0.001516, 20,  24.734,   98
   451.0,0.001511, 20,  24.728,  100
   451.2,0.001499, 20,  24.727,  101
   451.4,0.001490, 20,  24.727,  102
   451.6,0.001485, 20,  24.730,  103
   451.8,0.001473, 20,  24.726,  102
   452.0,0.001467, 20,  24.725,  102
   452.2,0.001468, 20,  24.725,  101
   452.4,0.001459, 20,  24.722,  100
   452.6,0.001453, 20,  24.725,  100
   452.8,0.001448, 20,  24.725,  100
   453.0,0.001442, 20,  24.722,  100
   453.2,0.001434, 20,  24.720,  100
   453.4,0.001435, 20,  24.724,  100
   453.6,0.001426, 20,  24.721,   99
   453.8,0.001423, 20,  24.724,  103
   454.0,0.001427, 20,  24.725,  107
   454.2,0.001420, 20,  24.722,  105
   454.4,0.001418, 20,  24.729,  102
   454.6,0.001416, 20,  24.726,  101
   454.8,0.001407, 20,  24.726,  101
   455.0,0.001413, 20,  24.725,  101
   455.2,0.001417, 20,  24.727,  101
   455.4,0.001405, 20,  24.731,  101
   455.6,0.001409, 20,  24.727,  101
   455.8,0.001404, 20,  24.728,  100
   456.0,0.001397, 20,  24.734,   99
   456.2,0.001397, 20,  24.732,  100
   456.4,0.001385, 20,  24.735,  102
   456.6,0.001382, 20,  24.733,  102
   456.8,0.001373, 20,  24.732,  103
   457.0,0.001370, 20,  24.741,  101
   457.2,0.001374, 20,  24.733,  100
   457.4,0.001371, 20,  24.728,  103
   457.6,0.001366, 20,  24.730,  105
   457.8,0.001357, 20,  24.730,  103
   458.0,0.001355, 20,  24.729,  101
   458.2,0.001349, 20,  24.724,  102
   458.4,0.001344, 20,  24.721,  102
   458.6,0.001341, 20,  24.720,  100
   458.8,0.001335, 20,  24.722,   99
   459.0,0.001333, 20,  24.719,   99
   459.2,0.001330, 20,  24.718,  100
   459.4,0.001327, 20,  24.722,  101
   459.6,0.001322, 20,  24.719,  102
   459.8,0.001319, 20,  24.719,  101
   460.0,0.001316, 20,  24.717,  101
   460.2,0.001320, 20,  24.718,  101
   460.4,0.001311, 20,  24.716,  101
   460.6,0.001308, 20,  24.719,  101
   460.8,0.001309, 20,  24.721,  102
   461.0,0.001300, 20,  24.715,  101
   461.2,0.001294, 20,  24.715,   99
   461.4,0.001295, 20,  24.717,  100
   461.6,0.001286, 20,  24.718,  101
   461.8,0.001283, 20,  24.719,  102
   462.0,0.001280, 20,  24.722,  102
   462.2,0.001278, 20,  24.716,  102
   462.4,0.001272, 20,  24.714,  101
   462.6,0.001269, 20,  24.711,  101
   462.8,0.001269, 20,  24.708,  102
   463.0,0.001264, 20,  24.708,  102
   463.2,0.001259, 20,  24.708,  102
   463.4,0.001256, 20,  24.707,  101
   463.6,0.001253, 20,  24.709,  100
   463.8,0.001250, 20,  24.706,   99
   464.0,0.001248, 20,  24.708,   99
   464.2,0.001239, 20,  24.708,   99
   464.4,0.001234, 20,  24.707,  100
   464.6,0.001231, 20,  24.705,  102
   464.8,0.001228, 20,  24.709,  104
   465.0,0.001222, 20,  24.711,  102
   465.2,0.001226, 20,  24.708,   99
   465.4,0.001220, 20,  24.705,  100
   465.6,0.001209, 20,  24.705,  101
   465.8,0.001208, 20,  24.707,  100
   466.0,0.001198, 20,  24.709,   99
   466.2,0.001193, 20,  24.709,  101
   466.4,0.001194, 20,  24.708,  103
   466.6,0.001184, 20,  24.710,  101
   466.8,0.001182, 20,  24.714,   99
   467.0,0.001183, 20,  24.712,  100
   467.2,0.001173, 20,  24.712,  100
   467.4,0.001171, 20,  24.715,  101
   467.6,0.001175, 20,  24.712,  102
   467.8,0.001168, 20,  24.711,  103
   468.0,0.001165, 20,  24.717,  105
   468.2,0.001166, 20,  24.712,  103
   468.4,0.001157, 20,  24.715,  102
   468.6,0.001154, 20,  24.715,  101
   468.8,0.001158, 20,  24.714,  101
   469.0,0.001152, 20,  24.715,  101
   469.2,0.001146, 20,  24.716,  101
   469.4,0.001153, 20,  24.717,  100
   469.6,0.001146, 20,  24.716,  100
   469.8,0.001143, 20,  24.715,  103
   470.0,0.001144, 20,  24.717,  106
   470.2,0.001138, 20,  24.723,  104
   470.4,0.001138, 20,  24.724,  102
   470.6,0.001142, 20,  24.723,  101
   470.8,0.001132, 20,  24.721,  100
   471.0,0.001130, 20,  24.718,  101
   471.2,0.001131, 20,  24.719,  102
   471.4,0.001121, 20,  24.723,  102
   471.6,0.001119, 20,  24.723,  102
   471.8,0.001120, 20,  24.728,  101
   472.0,0.001113, 20,  24.727,  100
   472.2,0.001113, 20,  24.729,  100
   472.4,0.001117, 20,  24.730,  100
   472.6,0.001117, 20,  24.731,  101
   472.8,0.001117, 20,  24.734,  102
   473.0,0.001112, 20,  24.734,  101
   473.2,0.001109, 20,  24.733,   99
   473.4,0.001106, 20,  24.733,  101
   473.6,0.001110, 20,  24.733,  103
   473.8,0.001102, 20,  24.739,  102
   474.0,0.001090, 20,  24.742,  101
   474.2,0.001100, 20,  24.737,  101
   474.4,0.001096, 20,  24.741,  102
   474.6,0.001084, 20,  24.742,  101
   474.8,0.001081, 20,  24.740,  100
   475.0,0.001072, 20,  24.748,  100
   475.2,0.001062, 20,  24.742,  101
   475.4,0.001066, 20,  24.743,  101
   475.6,0.001066, 20,  24.742,  102
   475.8,0.001059, 20,  24.742,  101
   476.0,0.001063, 20,  24.739,  100
   476.2,0.001058, 20,  24.738,  101
   476.4,0.001048, 20,  24.740,  101
   476.6,0.001052, 20,  24.732,  101
   476.8,0.001047, 20,  24.737,  101
   477.0,0.001035, 20,  24.733,  101
   477.2,0.001039, 20,  24.731,  100
   477.4,0.001033, 20,  24.730,  100
   477.6,0.001024, 20,  24.732,  101
   477.8,0.001028, 20,  24.725,  102
   478.0,0.001022, 20,  24.723,  103
   478.2,0.001013, 20,  24.720,  103
   478.4,0.001014, 20,  24.723,  102
   478.6,0.001011, 20,  24.720,  102
   478.8,0.001005, 20,  24.718,  102
   479.0,0.001006, 20,  24.718,  102
   479.2,0.001000, 20,  24.717,  102
   479.4,0.000991, 20,  24.713,  101
   479.6,0.000995, 20,  24.714,  101
   479.8,0.000992, 20,  24.711,  100
   480.0,0.000985, 20,  24.715,  100
   480.2,0.000987, 20,  24.712,  100
   480.4,0.000987, 20,  24.714,   99
   480.6,0.000983, 20,  24.713,  102
   480.8,0.000987, 20,  24.714,  105
   481.0,0.000987, 20,  24.712,  103
   481.2,0.000980, 20,  24.715,  100
   481.4,0.000980, 20,  24.713,  101
   481.6,0.000977, 20,  24.708,  101
   481.8,0.000974, 20,  24.708,  100
   482.0,0.000965, 20,  24.710,   99
   482.2,0.000972, 20,  24.711,  101
   482.4,0.000969, 20,  24.714,  103
   482.6,0.000966, 20,  24.709,  102
   482.8,0.000963, 20,  24.712,  101
   483.0,0.000961, 20,  24.713,  101
   483.2,0.000955, 20,  24.712,  101
   483.4,0.000954, 20,  24.709,  102
   483.6,0.000965, 20,  24.708,  103
   483.8,0.000959, 20,  24.710,  101
   484.0,0.000959, 20,  24.709,  100
   484.2,0.000959, 20,  24.708,  100
   484.4,0.000955, 20,  24.707,   99
   484.6,0.000955, 20,  24.707,  100
   484.8,0.000952, 20,  24.708,  100
   485.0,0.000948, 20,  24.706,  100
   485.2,0.000943, 20,  24.709,  100
   485.4,0.000937, 20,  24.712,  101
   485.6,0.000931, 20,  24.713,  101
   485.8,0.000932, 20,  24.711,  103
   486.0,0.000926, 20,  24.715,  106
   486.2,0.000917, 20,  24.714,  104
   486.4,0.000921, 20,  24.711,  103
   486.6,0.000918, 20,  24.716,  102
   486.8,0.000909, 20,  24.715,  100
   487.0,0.000910, 20,  24.717,  101
   487.2,0.000907, 20,  24.718,  102
   487.4,0.000900, 20,  24.718,  101
   487.6,0.000907, 20,  24.717,  101
   487.8,0.000904, 20,  24.721,  100
   488.0,0.000898, 20,  24.717,   99
   488.2,0.000900, 20,  24.719,   99
   488.4,0.000898, 20,  24.717,   99
   488.6,0.000888, 20,  24.717,  102
   488.8,0.000888, 20,  24.723,  105
   489.0,0.000889, 20,  24.716,  103
   489.2,0.000880, 20,  24.722,  102
   489.4,0.000877, 20,  24.723,  103
   489.6,0.000878, 20,  24.725,  104
   489.8,0.000869, 20,  24.721,  102
   490.0,0.000866, 20,  24.725,  101
   490.2,0.000867, 20,  24.733,  101
   490.4,0.000858, 20,  24.738,  100
   490.6,0.000858, 20,  24.738,  100
   490.8,0.000865, 20,  24.733,   99
   491.0,0.000865, 20,  24.735,  100
   491.2,0.000865, 20,  24.735,  101
   491.4,0.000862, 20,  24.737,  101
   491.6,0.000862, 20,  24.738,  102
   491.8,0.000862, 20,  24.742,  102
   492.0,0.000862, 20,  24.742,  101
   492.2,0.000862, 20,  24.744,  100
   492.4,0.000858, 20,  24.747,   99
   492.6,0.000853, 20,  24.746,  100
   492.8,0.000856, 20,  24.747,  100
   493.0,0.000850, 20,  24.750,  101
   493.2,0.000850, 20,  24.752,  102
   493.4,0.000854, 20,  24.753,  101
   493.6,0.000847, 20,  24.755,  100
   493.8,0.000847, 20,  24.754,  101
   494.0,0.000844, 20,  24.758,  102
   494.2,0.000844, 20,  24.761,  102
   494.4,0.000844, 20,  24.761,  102
   494.6,0.000844, 20,  24.763,  100
   494.8,0.000838, 20,  24.764,   99
   495.0,0.000838, 20,  24.765,  100
   495.2,0.000835, 20,  24.770,  101
   495.4,0.000825, 20,  24.772,  100
   495.6,0.000823, 20,  24.774,   99
   495.8,0.000824, 20,  24.776,  100
   496.0,0.000825, 20,  24.780,  100
   496.2,0.000827, 20,  24.781,  100
   496.4,0.000830, 20,  24.781,  100
   496.6,0.000830, 20,  24.789,  102
   496.8,0.000830, 20,  24.784,  105
   497.0,0.000817, 20,  24.790,  103
   497.2,0.000813, 20,  24.792,  100
   497.4,0.000817, 20,  24.794,  101
   497.6,0.000814, 20,  24.795,  101
   497.8,0.000807, 20,  24.795,  100
   498.0,0.000811, 20,  24.798,   99
   498.2,0.000806, 20,  24.802,  101
   498.4,0.000799, 20,  24.804,  102
   498.6,0.000806, 20,  24.807,  100
   498.8,0.000803, 20,  24.809,   98
   499.0,0.000793, 20,  24.813,  100
   499.2,0.000800, 20,  24.814,  101
   499.4,0.000800, 20,  24.817,  103
   499.6,0.000800, 20,  24.818,  105
   499.8,0.000791, 20,  24.815,  104
   500.0,0.000800, 20,  24.825,  102
   500.2,0.000797, 20,  24.824,  102
   500.4,0.000797, 20,  24.825,  101
   500.6,0.000797, 20,  24.825,  100
   500.8,0.000795, 20,  24.830,   99
   501.0,0.000791, 20,  24.833,   99
   501.2,0.000788, 20,  24.833,   99
   501.4,0.000785, 20,  24.836,   99
   501.6,0.000781, 20,  24.838,   99
   501.8,0.000778, 20,  24.842,  101
   502.0,0.000782, 20,  24.850,  104
   502.2,0.000776, 20,  24.849,  104
   502.4,0.000773, 20,  24.850,  103
   502.6,0.000777, 20,  24.854,  102
   502.8,0.000770, 20,  24.854,  100
   503.0,0.000770, 20,  24.853,  101
   503.2,0.000777, 20,  24.852,  102
   503.4,0.000770, 20,  24.857,  103
   503.6,0.000768, 20,  24.862,  104
   503.8,0.000771, 20,  24.864,  101
   504.0,0.000762, 20,  24.863,   98
   504.2,0.000762, 20,  24.861,   99
   504.4,0.000759, 20,  24.867,   99
   504.6,0.000759, 20,  24.869,  102
   504.8,0.000754, 20,  24.870,  105
   505.0,0.000751, 20,  24.868,  103
   505.2,0.000744, 20,  24.868,  100
   505.4,0.000742, 20,  24.870,  101
   505.6,0.000736, 20,  24.874,  102
   505.8,0.000727, 20,  24.871,  102
   506.0,0.000727, 20,  24.871,  101
   506.2,0.000731, 20,  24.875,  101
   506.4,0.000728, 20,  24.876,  100
   506.6,0.000725, 20,  24.873,  100
   506.8,0.000725, 20,  24.873,   99
   507.0,0.000725, 20,  24.875,  100
   507.2,0.000722, 20,  24.873,  100
   507.4,0.000717, 20,  24.870,  101
   507.6,0.000721, 20,  24.878,  102
   507.8,0.000718, 20,  24.872,  101
   508.0,0.000713, 20,  24.869,  101
   508.2,0.000710, 20,  24.874,  100
   508.4,0.000713, 20,  24.876,   99
   508.6,0.000703, 20,  24.875,  100
   508.8,0.000710, 20,  24.876,  100
   509.0,0.000710, 20,  24.877,  101
   509.2,0.000707, 20,  24.876,  102
   509.4,0.000707, 20,  24.876,  101
   509.6,0.000707, 20,  24.877,  100
   509.8,0.000704, 20,  24.878,  103
   510.0,0.000699, 20,  24.877,  106
   510.2,0.000699, 20,  24.876,  104
   510.4,0.000702, 20,  24.875,  103
   510.6,0.000699, 20,  24.880,  102
   510.8,0.000699, 20,  24.873,  101
   511.0,0.000699, 20,  24.881,  101
   511.2,0.000696, 20,  24.878,  102
   511.4,0.000696, 20,  24.882,  101
   511.6,0.000696, 20,  24.879,  101
   511.8,0.000696, 20,  24.885,  100
   512.0,0.000690, 20,  24.881,  100
   512.2,0.000692, 20,  24.881,   99
   512.4,0.000692, 20,  24.881,   99
   512.6,0.000692, 20,  24.886,  102
   512.8,0.000695, 20,  24.886,  104
   513.0,0.000699, 20,  24.887,  102
   513.2,0.000706, 20,  24.887,  101
   513.4,0.000708, 20,  24.889,  101
   513.6,0.000706, 20,  24.892,  102
   513.8,0.000699, 20,  24.890,  101
   514.0,0.000699, 20,  24.895,  100
   514.2,0.000700, 20,  24.893,  101
   514.4,0.000691, 20,  24.893,  103
   514.6,0.000691, 20,  24.895,  101
   514.8,0.000695, 20,  24.895,   98
   515.0,0.000685, 20,  24.893,   99
   515.2,0.000685, 20,  24.895,  100
   515.4,0.000695, 20,  24.891,  101
   515.6,0.000688, 20,  24.895,  102
   515.8,0.000685, 20,  24.895,  101
   516.0,0.000686, 20,  24.895,  100
   516.2,0.000683, 20,  24.896,  101
   516.4,0.000680, 20,  24.893,  102
   516.6,0.000684, 20,  24.898,  102
   516.8,0.000677, 20,  24.898,  101
   517.0,0.000672, 20,  24.894,  101
   517.2,0.000666, 20,  24.893,  101
   517.4,0.000663, 20,  24.898,  100
   517.6,0.000661, 20,  24.893,   99
   517.8,0.000655, 20,  24.897,  101
   518.0,0.000652, 20,  24.896,  102
   518.2,0.000647, 20,  24.898,  102
   518.4,0.000644, 20,  24.893,  102
   518.6,0.000645, 20,  24.896,  101
   518.8,0.000645, 20,  24.896,  100
   519.0,0.000643, 20,  24.895,  101
   519.2,0.000643, 20,  24.895,  102
   519.4,0.000639, 20,  24.896,  102
   519.6,0.000636, 20,  24.894,  102
   519.8,0.000637, 20,  24.892,  100
   520.0,0.000630, 20,  24.893,   98
   520.2,0.000628, 20,  24.890,   99
   520.4,0.000626, 20,  24.891,  100
   520.6,0.000617, 20,  24.890,  103
   520.8,0.000617, 20,  24.894,  106
   521.0,0.000611, 20,  24.887,  103
   521.2,0.000611, 20,  24.890,  100
   521.4,0.000611, 20,  24.889,  102
   521.6,0.000611, 20,  24.889,  103
   521.8,0.000614, 20,  24.888,  102
   522.0,0.000609, 20,  24.884,  101
   522.2,0.000603, 20,  24.881,  101
   522.4,0.000603, 20,  24.881,  101
   522.6,0.000600, 20,  24.882,  100
   522.8,0.000602, 20,  24.880,   99
   523.0,0.000595, 20,  24.882,  100
   523.2,0.000598, 20,  24.878,  100
   523.4,0.000595, 20,  24.880,  101
   523.6,0.000588, 20,  24.880,  102
   523.8,0.000588, 20,  24.879,  101
   524.0,0.000585, 20,  24.876,  101
   524.2,0.000579, 20,  24.878,  100
   524.4,0.000579, 20,  24.877,   99
   524.6,0.000585, 20,  24.878,  101
   524.8,0.000589, 20,  24.876,  103
   525.0,0.000587, 20,  24.877,  102
   525.2,0.000581, 20,  24.878,  102
   525.4,0.000585, 20,  24.874,  101
   525.6,0.000585, 20,  24.871,  100
   525.8,0.000576, 20,  24.870,  100
   526.0,0.000576, 20,  24.869,  100
   526.2,0.000576, 20,  24.869,  100
   526.4,0.000570, 20,  24.874,  100
   526.6,0.000570, 20,  24.873,  100
   526.8,0.000570, 20,  24.873,   99
   527.0,0.000564, 20,  24.873,  100
   527.2,0.000567, 20,  24.875,  101
   527.4,0.000570, 20,  24.873,  101
   527.6,0.000567, 20,  24.876,  101
   527.8,0.000565, 20,  24.874,  101
