Run Name,Run 4
Run Date,02:00:26 PM   04-02-13
Method Name,50%B-Isocratic
Export Format Version, 1.00
Method ID, 1565
Points/Second, 5.00
Number of Records,   1620
Offset from Run Start Time,00:00:00
Run End Time,00:05:24
Time,Second
QuadTec 1, (280.0 nm), AU
QuadTec 2, (260.0 nm), AU
Gradient Pump,<Not Selected>
QuadTec 3, (214.0 nm), AU
QuadTec 4, (405.0 nm), AU
Conductivity,mS/cm
Trace 6,<Not Available>
GP Pressure,<Not Selected>
Volume,<Not Selected>
Fraction,<Not Available>
Time,QuadTec 1,QuadTec 2,QuadTec 3,QuadTec 4,Conductivity
     0.0,0.000000,0.000000,0.000000,0.000000,  46.758
     0.2,0.000000,0.000000,0.000000,0.000000,  46.759
     0.4,0.000000,0.000000,0.000000,0.000000,  46.760
     0.6,0.000000,0.000000,0.000000,0.000000,  46.755
     0.8,0.000000,0.000000,0.000000,0.000000,  46.753
     1.0,0.000000,0.000000,0.000000,0.000000,  46.759
     1.2,0.000000,0.000000,0.000000,0.000000,  46.758
     1.4,0.000000,0.000000,0.000000,0.000000,  46.757
     1.6,0.000000,0.000000,0.000000,0.000000,  46.754
     1.8,0.000000,0.000000,0.000000,0.000000,  46.751
     2.0,0.000000,0.000000,0.000000,0.000000,  46.754
     2.2,0.000000,0.000000,0.000000,0.000000,  46.754
     2.4,0.000000,0.000000,0.000000,0.000000,  46.756
     2.6,0.000000,0.000000,0.000000,0.000000,  46.752
     2.8,0.000000,0.000000,0.000000,0.000000,  46.752
     3.0,0.000000,0.000000,0.000000,0.000000,  46.749
     3.2,0.000000,0.000000,0.000000,0.000000,  46.749
     3.4,0.000000,0.000000,0.000000,0.000000,  46.750
     3.6,0.000000,0.000000,0.000103,0.000000,  46.750
     3.8,0.000000,-0.000007,0.000077,0.000000,  46.750
     4.0,-0.000021,-0.000007,0.000049,0.000000,  46.755
     4.2,-0.000018,-0.000007,0.000014,0.000000,  46.751
     4.4,-0.000016,-0.000010,-0.000033,-0.000023,  46.751
     4.6,-0.000018,-0.000012,-0.000082,-0.000009,  46.755
     4.8,-0.000016,-0.000012,-0.000138,0.000013,  46.756
     5.0,-0.000016,-0.000011,-0.000232,-0.000009,  46.752
     5.2,-0.000018,-0.000014,-0.000328,-0.000009,  46.752
     5.4,-0.000009,-0.000012,-0.000444,0.000013,  46.754
     5.6,-0.000009,-0.000010,-0.000457,-0.000009,  46.751
     5.8,-0.000012,-0.000012,-0.000436,-0.000009,  46.751
     6.0,-0.000003,-0.000011,-0.000368,0.000013,  46.751
     6.2,-0.000003,-0.000003,-0.000362,-0.000009,  46.753
     6.4,-0.000009,-0.000008,-0.000369,-0.000009,  46.751
     6.6,-0.000003,-0.000008,-0.000384,0.000026,  46.758
     6.8,-0.000012,-0.000006,-0.000398,0.000004,  46.752
     7.0,-0.000008,-0.000009,-0.000418,-0.000009,  46.757
     7.2,-0.000014,-0.000005,-0.000426,0.000026,  46.752
     7.4,-0.000016,-0.000009,-0.000405,0.000004,  46.755
     7.6,-0.000010,-0.000011,-0.000370,-0.000009,  46.754
     7.8,-0.000010,-0.000008,-0.000321,0.000026,  46.758
     8.0,-0.000016,-0.000007,-0.000312,0.000004,  46.760
     8.2,-0.000007,-0.000006,-0.000311,-0.000009,  46.759
     8.4,-0.000010,-0.000008,-0.000318,0.000026,  46.759
     8.6,-0.000016,-0.000002,-0.000338,0.000026,  46.761
     8.8,-0.000007,0.000001,-0.000352,0.000039,  46.760
     9.0,-0.000007,-0.000001,-0.000393,0.000039,  46.764
     9.2,-0.000014,0.000005,-0.000422,0.000039,  46.766
     9.4,-0.000001,0.000009,-0.000373,0.000039,  46.765
     9.6,0.000005,0.000011,-0.000298,0.000039,  46.765
     9.8,0.000002,0.000018,-0.000201,0.000039,  46.764
    10.0,0.000011,0.000021,-0.000187,0.000017,  46.768
    10.2,0.000013,0.000016,-0.000214,0.000017,  46.765
    10.4,0.000010,0.000016,-0.000269,0.000039,  46.767
    10.6,0.000016,0.000015,-0.000282,0.000017,  46.770
    10.8,0.000016,0.000012,-0.000303,0.000017,  46.770
    11.0,0.000012,0.000011,-0.000323,0.000039,  46.768
    11.2,0.000019,0.000013,-0.000336,0.000017,  46.768
    11.4,0.000019,0.000010,-0.000348,0.000017,  46.768
    11.6,0.000015,0.000010,-0.000349,0.000017,  46.769
    11.8,0.000021,0.000013,-0.000266,-0.000019,  46.770
    12.0,0.000019,0.000017,-0.000142,0.000017,  46.768
    12.2,0.000015,0.000020,0.000036,0.000017,  46.769
    12.4,0.000015,0.000022,0.000078,-0.000019,  46.770
    12.6,0.000015,0.000024,0.000071,0.000017,  46.771
    12.8,0.000008,0.000026,0.000016,0.000017,  46.775
    13.0,0.000008,0.000022,0.000016,-0.000006,  46.776
    13.2,0.000015,0.000024,0.000011,0.000030,  46.782
    13.4,0.000016,0.000024,-0.000001,0.000030,  46.777
    13.6,0.000020,0.000024,-0.000015,0.000007,  46.774
    13.8,0.000024,0.000026,-0.000028,0.000043,  46.778
    14.0,0.000029,0.000029,-0.000049,0.000030,  46.774
    14.2,0.000032,0.000033,-0.000055,-0.000006,  46.774
    14.4,0.000031,0.000033,-0.000049,0.000043,  46.773
    14.6,0.000032,0.000035,-0.000036,0.000043,  46.774
    14.8,0.000031,0.000034,-0.000132,0.000007,  46.774
    15.0,0.000028,0.000034,-0.000276,0.000056,  46.774
    15.2,0.000040,0.000032,-0.000474,0.000056,  46.775
    15.4,0.000040,0.000033,-0.000488,0.000021,  46.774
    15.6,0.000034,0.000026,-0.000446,0.000056,  46.776
    15.8,0.000040,0.000024,-0.000343,0.000056,  46.774
    16.0,0.000043,0.000027,-0.000349,0.000056,  46.774
    16.2,0.000039,0.000026,-0.000377,0.000069,  46.772
    16.4,0.000048,0.000032,-0.000425,0.000021,  46.770
    16.6,0.000053,0.000038,-0.000495,0.000069,  46.776
    16.8,0.000050,0.000042,-0.000467,0.000069,  46.775
    17.0,0.000056,0.000042,-0.000399,0.000047,  46.770
    17.2,0.000059,0.000042,-0.000309,0.000069,  46.777
    17.4,0.000059,0.000044,-0.000303,0.000034,  46.775
    17.6,0.000062,0.000049,-0.000330,0.000082,  46.776
    17.8,0.000065,0.000048,-0.000392,0.000069,  46.773
    18.0,0.000068,0.000046,-0.000391,0.000047,  46.778
    18.2,0.000068,0.000048,-0.000376,0.000082,  46.775
    18.4,0.000070,0.000053,-0.000335,0.000082,  46.776
    18.6,0.000070,0.000052,-0.000355,0.000060,  46.777
    18.8,0.000068,0.000052,-0.000396,0.000082,  46.776
    19.0,0.000079,0.000055,-0.000451,0.000082,  46.775
    19.2,0.000079,0.000057,-0.000608,0.000060,  46.775
    19.4,0.000079,0.000055,-0.000814,0.000095,  46.776
    19.6,0.000088,0.000055,-0.001099,0.000109,  46.776
    19.8,0.000091,0.000055,-0.001092,0.000086,  46.772
    20.0,0.000082,0.000054,-0.000977,0.000109,  46.779
    20.2,0.000082,0.000056,-0.000751,0.000095,  46.777
    20.4,0.000087,0.000060,-0.000662,0.000073,  46.773
    20.6,0.000087,0.000059,-0.000594,0.000109,  46.775
    20.8,0.000087,0.000063,-0.000546,0.000109,  46.775
    21.0,0.000093,0.000072,-0.000503,0.000086,  46.778
    21.2,0.000087,0.000067,-0.000462,0.000109,  46.776
    21.4,0.000088,0.000072,-0.000434,0.000109,  46.781
    21.6,0.000084,0.000077,-0.000420,0.000086,  46.781
    21.8,0.000091,0.000076,-0.000414,0.000122,  46.784
    22.0,0.000091,0.000072,-0.000421,0.000122,  46.782
    22.2,0.000084,0.000072,-0.000422,0.000099,  46.782
    22.4,0.000084,0.000074,-0.000429,0.000135,  46.781
    22.6,0.000091,0.000074,-0.000456,0.000122,  46.782
    22.8,0.000084,0.000086,-0.000634,0.000122,  46.780
    23.0,0.000087,0.000090,-0.000899,0.000135,  46.779
    23.2,0.000093,0.000086,-0.001239,0.000099,  46.780
    23.4,0.000090,0.000087,-0.001668,0.000135,  46.778
    23.6,0.000092,0.000087,-0.001566,0.000135,  46.780
    23.8,0.000099,0.000085,-0.001308,0.000099,  46.784
    24.0,0.000092,0.000083,-0.000898,0.000135,  46.785
    24.2,0.000092,0.000083,-0.000740,0.000099,  46.782
    24.4,0.000093,0.000080,-0.000618,0.000135,  46.787
    24.6,0.000090,0.000080,-0.000544,0.000122,  46.780
    24.8,0.000092,0.000082,-0.000468,0.000099,  46.780
    25.0,0.000099,0.000084,-0.000413,0.000135,  46.785
    25.2,0.000095,0.000081,-0.000384,0.000135,  46.787
    25.4,0.000095,0.000083,-0.000356,0.000099,  46.784
    25.6,0.000099,0.000083,-0.000335,0.000135,  46.785
    25.8,0.000095,0.000087,-0.000329,0.000135,  46.784
    26.0,0.000099,0.000090,-0.000445,0.000112,  46.787
    26.2,0.000102,0.000094,-0.000623,0.000148,  46.788
    26.4,0.000099,0.000096,-0.000871,0.000148,  46.786
    26.6,0.000105,0.000096,-0.000877,0.000125,  46.790
    26.8,0.000105,0.000096,-0.000794,0.000161,  46.791
    27.0,0.000104,0.000096,-0.000630,0.000148,  46.791
    27.2,0.000113,0.000096,-0.000595,0.000112,  46.792
    27.4,0.000116,0.000097,-0.000588,0.000148,  46.796
    27.6,0.000118,0.000097,-0.000596,0.000148,  46.792
    27.8,0.000115,0.000099,-0.000555,0.000112,  46.800
    28.0,0.000115,0.000096,-0.000500,0.000161,  46.796
    28.2,0.000115,0.000099,-0.000438,0.000161,  46.798
    28.4,0.000117,0.000100,-0.000403,0.000125,  46.798
    28.6,0.000117,0.000098,-0.000374,0.000174,  46.798
    28.8,0.000121,0.000097,-0.000361,0.000174,  46.797
    29.0,0.000115,0.000099,-0.000366,0.000138,  46.803
    29.2,0.000118,0.000096,-0.000380,0.000174,  46.802
    29.4,0.000122,0.000099,-0.000409,0.000174,  46.800
    29.6,0.000113,0.000100,-0.000518,0.000138,  46.802
    29.8,0.000119,0.000098,-0.000674,0.000152,  46.806
    30.0,0.000126,0.000106,-0.000867,0.000152,  46.811
    30.2,0.000119,0.000112,-0.000900,0.000152,  46.809
    30.4,0.000126,0.000110,-0.000872,0.000129,  46.808
    30.6,0.000128,0.000117,-0.000771,0.000152,  46.809
    30.8,0.000125,0.000112,-0.000626,0.000152,  46.806
    31.0,0.000130,0.000110,-0.000611,0.000116,  46.805
    31.2,0.000130,0.000114,-0.000598,0.000152,  46.811
    31.4,0.000124,0.000113,-0.000605,0.000152,  46.825
    31.6,0.000126,0.000112,-0.000564,0.000116,  46.827
    31.8,0.000130,0.000112,-0.000515,0.000129,  46.832
    32.0,0.000124,0.000113,-0.000434,0.000152,  46.831
    32.2,0.000132,0.000117,-0.000427,0.000116,  46.835
    32.4,0.000136,0.000114,-0.000455,0.000129,  46.834
    32.6,0.000136,0.000119,-0.000511,0.000152,  46.835
    32.8,0.000136,0.000119,-0.000511,0.000129,  46.828
    33.0,0.000140,0.000123,-0.000498,0.000129,  46.834
    33.2,0.000143,0.000123,-0.000484,0.000165,  46.834
    33.4,0.000136,0.000123,-0.000497,0.000142,  46.834
    33.6,0.000145,0.000127,-0.000530,0.000129,  46.835
    33.8,0.000148,0.000127,-0.000572,0.000165,  46.837
    34.0,0.000148,0.000123,-0.000599,0.000142,  46.839
    34.2,0.000154,0.000130,-0.000626,0.000142,  46.838
    34.4,0.000160,0.000130,-0.000641,0.000178,  46.837
    34.6,0.000160,0.000132,-0.000607,0.000155,  46.839
    34.8,0.000158,0.000129,-0.000551,0.000155,  46.840
    35.0,0.000152,0.000131,-0.000463,0.000191,  46.843
    35.2,0.000154,0.000134,-0.000434,0.000168,  46.840
    35.4,0.000157,0.000129,-0.000419,0.000155,  46.842
    35.6,0.000166,0.000133,-0.000413,0.000191,  46.842
    35.8,0.000168,0.000138,-0.000440,0.000168,  46.842
    36.0,0.000162,0.000131,-0.000500,0.000155,  46.846
    36.2,0.000166,0.000136,-0.000570,0.000191,  46.844
    36.4,0.000171,0.000140,-0.000556,0.000168,  46.849
    36.6,0.000165,0.000135,-0.000528,0.000168,  46.845
    36.8,0.000171,0.000140,-0.000453,0.000204,  46.850
    37.0,0.000171,0.000141,-0.000438,0.000217,  46.847
    37.2,0.000171,0.000139,-0.000424,0.000168,  46.845
    37.4,0.000172,0.000143,-0.000437,0.000217,  46.849
    37.6,0.000178,0.000141,-0.000457,0.000204,  46.850
    37.8,0.000176,0.000141,-0.000483,0.000168,  46.845
    38.0,0.000176,0.000144,-0.000517,0.000204,  46.850
    38.2,0.000185,0.000143,-0.000553,0.000204,  46.854
    38.4,0.000182,0.000143,-0.000547,0.000181,  46.853
    38.6,0.000176,0.000149,-0.000538,0.000181,  46.855
    38.8,0.000181,0.000152,-0.000504,0.000204,  46.859
    39.0,0.000181,0.000154,-0.000504,0.000181,  46.858
    39.2,0.000184,0.000154,-0.000524,0.000181,  46.859
    39.4,0.000186,0.000150,-0.000540,0.000181,  46.859
    39.6,0.000186,0.000153,-0.000588,0.000181,  46.856
    39.8,0.000184,0.000153,-0.000669,0.000181,  46.859
    40.0,0.000184,0.000153,-0.000769,0.000181,  46.862
    40.2,0.000184,0.000153,-0.000762,0.000181,  46.859
    40.4,0.000190,0.000149,-0.000707,0.000181,  46.863
    40.6,0.000181,0.000148,-0.000613,0.000204,  46.863
    40.8,0.000178,0.000150,-0.000598,0.000181,  46.861
    41.0,0.000180,0.000148,-0.000599,0.000181,  46.862
    41.2,0.000173,0.000153,-0.000621,0.000217,  46.862
    41.4,0.000173,0.000157,-0.000592,0.000181,  46.862
    41.6,0.000182,0.000158,-0.000550,0.000181,  46.862
    41.8,0.000185,0.000159,-0.000481,0.000217,  46.861
    42.0,0.000185,0.000154,-0.000459,0.000195,  46.856
    42.2,0.000190,0.000156,-0.000451,0.000195,  46.862
    42.4,0.000190,0.000155,-0.000438,0.000195,  46.864
    42.6,0.000193,0.000159,-0.000445,0.000208,  46.863
    42.8,0.000199,0.000154,-0.000471,0.000221,  46.863
    43.0,0.000205,0.000155,-0.000494,0.000208,  46.859
    43.2,0.000199,0.000161,-0.000522,0.000208,  46.865
    43.4,0.000208,0.000161,-0.000564,0.000221,  46.864
    43.6,0.000214,0.000162,-0.000612,0.000221,  46.864
    43.8,0.000208,0.000162,-0.000605,0.000221,  46.863
    44.0,0.000208,0.000164,-0.000590,0.000221,  46.862
    44.2,0.000208,0.000169,-0.000542,0.000198,  46.864
    44.4,0.000202,0.000173,-0.000473,0.000234,  46.862
    44.6,0.000208,0.000172,-0.000459,0.000211,  46.862
    44.8,0.000214,0.000175,-0.000471,0.000211,  46.868
    45.0,0.000211,0.000171,-0.000479,0.000247,  46.866
    45.2,0.000220,0.000170,-0.000451,0.000260,  46.866
    45.4,0.000225,0.000174,-0.000423,0.000260,  46.864
    45.6,0.000219,0.000178,-0.000387,0.000260,  46.863
    45.8,0.000222,0.000180,-0.000423,0.000273,  46.858
    46.0,0.000217,0.000181,-0.000498,0.000273,  46.856
    46.2,0.000217,0.000178,-0.000615,0.000260,  46.857
    46.4,0.000220,0.000178,-0.000621,0.000273,  46.857
    46.6,0.000223,0.000176,-0.000600,0.000260,  46.853
    46.8,0.000226,0.000178,-0.000538,0.000247,  46.857
    47.0,0.000220,0.000180,-0.000594,0.000260,  46.854
    47.2,0.000226,0.000175,-0.000710,0.000247,  46.859
    47.4,0.000229,0.000179,-0.000868,0.000247,  46.855
    47.6,0.000225,0.000185,-0.000881,0.000260,  46.854
    47.8,0.000234,0.000184,-0.000834,0.000247,  46.851
    48.0,0.000239,0.000182,-0.000750,0.000247,  46.852
    48.2,0.000233,0.000182,-0.000721,0.000260,  46.849
    48.4,0.000239,0.000184,-0.000686,0.000247,  46.846
    48.6,0.000236,0.000186,-0.000644,0.000247,  46.844
    48.8,0.000236,0.000189,-0.000623,0.000260,  46.841
    49.0,0.000234,0.000189,-0.000617,0.000260,  46.842
    49.2,0.000238,0.000191,-0.000612,0.000260,  46.841
    49.4,0.000238,0.000188,-0.000618,0.000273,  46.841
    49.6,0.000232,0.000189,-0.000632,0.000273,  46.841
    49.8,0.000232,0.000191,-0.000654,0.000260,  46.837
    50.0,0.000235,0.000194,-0.000632,0.000273,  46.837
    50.2,0.000235,0.000193,-0.000582,0.000273,  46.835
    50.4,0.000235,0.000194,-0.000506,0.000260,  46.839
    50.6,0.000240,0.000200,-0.000704,0.000260,  46.841
    50.8,0.000245,0.000198,-0.001024,0.000273,  46.841
    51.0,0.000248,0.000200,-0.001473,0.000225,  46.839
    51.2,0.000251,0.000197,-0.002050,0.000260,  46.841
    51.4,0.000256,0.000197,-0.001988,0.000225,  46.844
    51.6,0.000253,0.000195,-0.001737,0.000238,  46.841
    51.8,0.000253,0.000195,-0.001309,0.000273,  46.839
    52.0,0.000253,0.000196,-0.001138,0.000286,  46.838
    52.2,0.000248,0.000203,-0.001008,0.000286,  46.845
    52.4,0.000248,0.000207,-0.000912,0.000286,  46.843
    52.6,0.000253,0.000207,-0.000837,0.000299,  46.845
    52.8,0.000253,0.000209,-0.000783,0.000299,  46.843
    53.0,0.000256,0.000209,-0.000756,0.000286,  46.842
    53.2,0.000259,0.000213,-0.000721,0.000299,  46.845
    53.4,0.000259,0.000213,-0.000687,0.000299,  46.846
    53.6,0.000261,0.000217,-0.000654,0.000286,  46.843
    53.8,0.000261,0.000220,-0.000661,0.000264,  46.842
    54.0,0.000259,0.000219,-0.000687,0.000264,  46.843
    54.2,0.000261,0.000217,-0.000736,0.000264,  46.845
    54.4,0.000261,0.000216,-0.000749,0.000264,  46.843
    54.6,0.000265,0.000218,-0.000749,0.000264,  46.844
    54.8,0.000273,0.000218,-0.000755,0.000299,  46.843
    55.0,0.000272,0.000226,-0.000714,0.000348,  46.843
    55.2,0.000286,0.000231,-0.000646,0.000348,  46.842
    55.4,0.000291,0.000244,-0.000558,0.000313,  46.846
    55.6,0.000299,0.000260,-0.000566,0.000326,  46.844
    55.8,0.000311,0.000268,-0.000621,0.000339,  46.855
    56.0,0.000316,0.000280,-0.000719,0.000326,  46.852
    56.2,0.000324,0.000293,-0.000718,0.000326,  46.849
    56.4,0.000332,0.000299,-0.000683,0.000352,  46.850
    56.6,0.000342,0.000300,-0.000608,0.000352,  46.845
    56.8,0.000357,0.000309,-0.000608,0.000352,  46.847
    57.0,0.000362,0.000312,-0.000629,0.000352,  46.846
    57.2,0.000362,0.000311,-0.000664,0.000339,  46.847
    57.4,0.000371,0.000310,-0.000712,0.000339,  46.847
    57.6,0.000371,0.000305,-0.000779,0.000339,  46.849
    57.8,0.000359,0.000306,-0.000860,0.000316,  46.850
    58.0,0.000357,0.000299,-0.000956,0.000352,  46.849
    58.2,0.000354,0.000297,-0.000900,0.000329,  46.849
    58.4,0.000351,0.000298,-0.000810,0.000316,  46.854
    58.6,0.000351,0.000304,-0.000652,0.000352,  46.852
    58.8,0.000351,0.000304,-0.000611,0.000316,  46.853
    59.0,0.000354,0.000312,-0.000590,0.000329,  46.850
    59.2,0.000357,0.000319,-0.000610,0.000316,  46.850
    59.4,0.000351,0.000321,-0.000603,0.000294,  46.854
    59.6,0.000352,0.000316,-0.000602,0.000307,  46.854
    59.8,0.000346,0.000313,-0.000595,0.000343,  46.855
    60.0,0.000350,0.000309,-0.000677,0.000356,  46.855
    60.2,0.000354,0.000304,-0.000806,0.000320,  46.855
    60.4,0.000347,0.000301,-0.000972,0.000320,  46.857
    60.6,0.000351,0.000301,-0.000978,0.000333,  46.864
    60.8,0.000348,0.000295,-0.000919,0.000298,  46.861
    61.0,0.000345,0.000297,-0.000816,0.000311,  46.859
    61.2,0.000356,0.000302,-0.000795,0.000311,  46.861
    61.4,0.000361,0.000302,-0.000781,0.000311,  46.863
    61.6,0.000360,0.000302,-0.000781,0.000311,  46.862
    61.8,0.000372,0.000313,-0.000794,0.000324,  46.864
    62.0,0.000375,0.000315,-0.000821,0.000324,  46.863
    62.2,0.000377,0.000316,-0.000856,0.000324,  46.865
    62.4,0.000380,0.000317,-0.000835,0.000337,  46.869
    62.6,0.000380,0.000317,-0.000799,0.000337,  46.867
    62.8,0.000377,0.000328,-0.000725,0.000324,  46.871
    63.0,0.000373,0.000334,-0.000691,0.000324,  46.868
    63.2,0.000382,0.000328,-0.000670,0.000324,  46.867
    63.4,0.000389,0.000324,-0.000662,0.000359,  46.867
    63.6,0.000385,0.000317,-0.000642,0.000359,  46.871
    63.8,0.000385,0.000313,-0.000634,0.000324,  46.868
    64.0,0.000391,0.000318,-0.000640,0.000359,  46.875
    64.2,0.000385,0.000325,-0.000641,0.000359,  46.878
    64.4,0.000382,0.000326,-0.000654,0.000324,  46.875
    64.6,0.000384,0.000324,-0.000675,0.000359,  46.877
    64.8,0.000377,0.000320,-0.000702,0.000359,  46.876
    65.0,0.000377,0.000322,-0.000688,0.000373,  46.871
    65.2,0.000375,0.000321,-0.000674,0.000395,  46.873
    65.4,0.000368,0.000320,-0.000652,0.000395,  46.877
    65.6,0.000380,0.000316,-0.000651,0.000382,  46.874
    65.8,0.000380,0.000311,-0.000652,0.000382,  46.874
    66.0,0.000371,0.000320,-0.000666,0.000382,  46.877
    66.2,0.000369,0.000318,-0.000666,0.000369,  46.876
    66.4,0.000365,0.000315,-0.000666,0.000369,  46.871
    66.6,0.000359,0.000311,-0.000666,0.000382,  46.872
    66.8,0.000356,0.000314,-0.000687,0.000382,  46.877
    67.0,0.000365,0.000311,-0.000727,0.000382,  46.873
    67.2,0.000361,0.000315,-0.000788,0.000382,  46.873
    67.4,0.000361,0.000317,-0.000923,0.000418,  46.876
    67.6,0.000370,0.000318,-0.001094,0.000404,  46.873
    67.8,0.000367,0.000317,-0.001325,0.000391,  46.873
    68.0,0.000361,0.000326,-0.001331,0.000418,  46.869
    68.2,0.000365,0.000329,-0.001241,0.000418,  46.868
    68.4,0.000361,0.000327,-0.001065,0.000395,  46.874
    68.6,0.000365,0.000326,-0.000988,0.000373,  46.877
    68.8,0.000371,0.000326,-0.000899,0.000373,  46.872
    69.0,0.000371,0.000320,-0.000818,0.000395,  46.873
    69.2,0.000371,0.000322,-0.000770,0.000395,  46.874
    69.4,0.000369,0.000324,-0.000749,0.000395,  46.871
    69.6,0.000366,0.000323,-0.000742,0.000395,  46.875
    69.8,0.000360,0.000324,-0.000735,0.000395,  46.873
    70.0,0.000369,0.000320,-0.000735,0.000408,  46.873
    70.2,0.000371,0.000315,-0.000761,0.000408,  46.869
    70.4,0.000368,0.000316,-0.000780,0.000408,  46.874
    70.6,0.000374,0.000317,-0.000808,0.000421,  46.871
    70.8,0.000377,0.000315,-0.000843,0.000408,  46.870
    71.0,0.000373,0.000318,-0.000850,0.000408,  46.868
    71.2,0.000379,0.000318,-0.000864,0.000421,  46.864
    71.4,0.000382,0.000327,-0.000864,0.000421,  46.866
    71.6,0.000382,0.000333,-0.000857,0.000421,  46.867
    71.8,0.000382,0.000331,-0.000837,0.000386,  46.861
    72.0,0.000386,0.000333,-0.000810,0.000386,  46.865
    72.2,0.000388,0.000335,-0.000788,0.000386,  46.864
    72.4,0.000382,0.000334,-0.000767,0.000386,  46.865
    72.6,0.000386,0.000338,-0.000753,0.000363,  46.870
    72.8,0.000388,0.000340,-0.000746,0.000399,  46.866
    73.0,0.000388,0.000342,-0.000740,0.000399,  46.870
    73.2,0.000392,0.000340,-0.000753,0.000376,  46.870
    73.4,0.000397,0.000344,-0.000780,0.000399,  46.870
    73.6,0.000397,0.000344,-0.000745,0.000412,  46.865
    73.8,0.000404,0.000346,-0.000678,0.000376,  46.862
    74.0,0.000406,0.000345,-0.000602,0.000412,  46.862
    74.2,0.000403,0.000342,-0.000643,0.000425,  46.859
    74.4,0.000406,0.000339,-0.000727,0.000389,  46.863
    74.6,0.000406,0.000337,-0.000872,0.000402,  46.855
    74.8,0.000400,0.000340,-0.000886,0.000416,  46.860
    75.0,0.000404,0.000338,-0.000858,0.000402,  46.856
    75.2,0.000401,0.000340,-0.000789,0.000402,  46.860
    75.4,0.000401,0.000338,-0.000775,0.000416,  46.861
    75.6,0.000407,0.000340,-0.000767,0.000402,  46.861
    75.8,0.000407,0.000342,-0.000768,0.000402,  46.858
    76.0,0.000410,0.000341,-0.000883,0.000416,  46.862
    76.2,0.000413,0.000343,-0.001053,0.000402,  46.862
    76.4,0.000418,0.000347,-0.001285,0.000402,  46.863
    76.6,0.000414,0.000355,-0.001297,0.000416,  46.864
    76.8,0.000418,0.000357,-0.001223,0.000402,  46.865
    77.0,0.000415,0.000351,-0.001053,0.000402,  46.870
    77.2,0.000415,0.000353,-0.000998,0.000416,  46.866
    77.4,0.000415,0.000355,-0.000949,0.000402,  46.875
    77.6,0.000415,0.000354,-0.000908,0.000402,  46.871
    77.8,0.000415,0.000357,-0.000895,0.000416,  46.876
    78.0,0.000418,0.000359,-0.000903,0.000402,  46.877
    78.2,0.000418,0.000360,-0.000944,0.000438,  46.883
    78.4,0.000424,0.000359,-0.001026,0.000438,  46.883
    78.6,0.000424,0.000357,-0.001142,0.000416,  46.885
    78.8,0.000419,0.000363,-0.001292,0.000438,  46.888
    79.0,0.000428,0.000364,-0.001476,0.000438,  46.888
    79.2,0.000431,0.000361,-0.001420,0.000451,  46.888
    79.4,0.000427,0.000366,-0.001297,0.000438,  46.891
    79.6,0.000430,0.000366,-0.001099,0.000438,  46.893
    79.8,0.000430,0.000368,-0.001031,0.000451,  46.897
    80.0,0.000432,0.000366,-0.000983,0.000402,  46.898
    80.2,0.000437,0.000365,-0.000971,0.000438,  46.900
    80.4,0.000440,0.000364,-0.000943,0.000451,  46.898
    80.6,0.000445,0.000366,-0.000922,0.000416,  46.902
    80.8,0.000448,0.000368,-0.000908,0.000451,  46.902
    81.0,0.000445,0.000369,-0.000921,0.000464,  46.903
    81.2,0.000440,0.000368,-0.000961,0.000429,  46.902
    81.4,0.000437,0.000374,-0.001017,0.000451,  46.908
    81.6,0.000437,0.000374,-0.001017,0.000464,  46.909
    81.8,0.000444,0.000371,-0.000996,0.000429,  46.908
    82.0,0.000435,0.000377,-0.000963,0.000464,  46.906
    82.2,0.000441,0.000382,-0.000976,0.000464,  46.907
    82.4,0.000450,0.000381,-0.000990,0.000429,  46.908
    82.6,0.000453,0.000388,-0.001018,0.000464,  46.911
    82.8,0.000455,0.000392,-0.001004,0.000464,  46.912
    83.0,0.000452,0.000389,-0.000963,0.000429,  46.917
    83.2,0.000461,0.000388,-0.000903,0.000464,  46.931
    83.4,0.000461,0.000391,-0.000869,0.000477,  46.929
    83.6,0.000463,0.000393,-0.000848,0.000442,  46.928
    83.8,0.000467,0.000388,-0.000835,0.000442,  46.932
    84.0,0.000461,0.000397,-0.000828,0.000455,  46.932
    84.2,0.000461,0.000399,-0.000842,0.000455,  46.937
    84.4,0.000462,0.000397,-0.000868,0.000442,  46.935
    84.6,0.000458,0.000397,-0.000847,0.000442,  46.933
    84.8,0.000463,0.000399,-0.000806,0.000442,  46.933
    85.0,0.000472,0.000409,-0.000765,0.000477,  46.932
    85.2,0.000469,0.000418,-0.000750,0.000477,  46.933
    85.4,0.000469,0.000420,-0.000730,0.000442,  46.937
    85.6,0.000475,0.000416,-0.000729,0.000477,  46.934
    85.8,0.000474,0.000414,-0.000729,0.000477,  46.929
    86.0,0.000480,0.000421,-0.000720,0.000491,  46.932
    86.2,0.000489,0.000423,-0.000693,0.000504,  46.931
    86.4,0.000485,0.000432,-0.000660,0.000504,  46.927
    86.6,0.000494,0.000434,-0.000639,0.000517,  46.926
    86.8,0.000494,0.000445,-0.000619,0.000481,  46.932
    87.0,0.000497,0.000444,-0.000606,0.000530,  46.924
    87.2,0.000497,0.000452,-0.000612,0.000530,  46.928
    87.4,0.000506,0.000451,-0.000625,0.000530,  46.928
    87.6,0.000509,0.000453,-0.000665,0.000552,  46.928
    87.8,0.000511,0.000451,-0.000733,0.000552,  46.925
    88.0,0.000520,0.000447,-0.000823,0.000566,  46.924
    88.2,0.000523,0.000441,-0.000947,0.000552,  46.927
    88.4,0.000518,0.000445,-0.000960,0.000566,  46.924
    88.6,0.000519,0.000441,-0.000939,0.000530,  46.922
    88.8,0.000521,0.000439,-0.000890,0.000530,  46.923
    89.0,0.000515,0.000441,-0.000868,0.000543,  46.919
    89.2,0.000524,0.000440,-0.000842,0.000494,  46.919
    89.4,0.000529,0.000440,-0.000827,0.000530,  46.926
    89.6,0.000523,0.000442,-0.000846,0.000543,  46.928
    89.8,0.000532,0.000444,-0.000863,0.000507,  46.933
    90.0,0.000534,0.000449,-0.000899,0.000543,  46.930
    90.2,0.000537,0.000452,-0.000872,0.000556,  46.925
    90.4,0.000540,0.000453,-0.000838,0.000521,  46.927
    90.6,0.000540,0.000461,-0.000777,0.000543,  46.926
    90.8,0.000541,0.000470,-0.000709,0.000556,  46.921
    91.0,0.000556,0.000474,-0.000641,0.000521,  46.918
    91.2,0.000570,0.000482,-0.000560,0.000543,  46.919
    91.4,0.000575,0.000486,-0.000507,0.000556,  46.917
    91.6,0.000580,0.000501,-0.000462,0.000534,  46.917
    91.8,0.000580,0.000513,-0.000436,0.000569,  46.918
    92.0,0.000593,0.000529,-0.000418,0.000582,  46.919
    92.2,0.000604,0.000543,-0.000399,0.000547,  46.914
    92.4,0.000620,0.000559,-0.000394,0.000582,  46.918
    92.6,0.000633,0.000571,-0.000402,0.000569,  46.919
    92.8,0.000643,0.000588,-0.000357,0.000582,  46.919
    93.0,0.000654,0.000613,-0.000300,0.000596,  46.915
    93.2,0.000672,0.000647,-0.000236,0.000622,  46.910
    93.4,0.000696,0.000668,-0.000103,0.000648,  46.918
    93.6,0.000723,0.000691,0.000050,0.000612,  46.915
    93.8,0.000749,0.000716,0.000256,0.000612,  46.916
    94.0,0.000773,0.000734,0.000366,0.000626,  46.917
    94.2,0.000796,0.000747,0.000442,0.000626,  46.914
    94.4,0.000829,0.000761,0.000484,0.000626,  46.919
    94.6,0.000853,0.000778,0.000656,0.000639,  46.916
    94.8,0.000876,0.000799,0.000888,0.000639,  46.915
    95.0,0.000914,0.000823,0.001169,0.000639,  46.918
    95.2,0.000946,0.000854,0.001436,0.000665,  46.916
    95.4,0.000971,0.000871,0.001736,0.000642,  46.912
    95.6,0.000995,0.000890,0.002056,0.000656,  46.914
    95.8,0.001019,0.000907,0.002254,0.000669,  46.912
    96.0,0.001040,0.000929,0.002408,0.000659,  46.914
    96.2,0.001061,0.000949,0.002500,0.000682,  46.914
    96.4,0.001079,0.000969,0.002663,0.000695,  46.913
    96.6,0.001100,0.000982,0.002850,0.000672,  46.911
    96.8,0.001120,0.000995,0.003032,0.000708,  46.906
    97.0,0.001140,0.001002,0.003269,0.000721,  46.888
    97.2,0.001149,0.001013,0.003540,0.000686,  46.891
    97.4,0.001164,0.001029,0.003839,0.000721,  46.886
    97.6,0.001179,0.001043,0.004094,0.000734,  46.885
    97.8,0.001193,0.001054,0.004342,0.000686,  46.886
    98.0,0.001220,0.001070,0.004583,0.000721,  46.886
    98.2,0.001234,0.001086,0.004893,0.000734,  46.889
    98.4,0.001245,0.001091,0.005238,0.000699,  46.885
    98.6,0.001256,0.001106,0.005623,0.000734,  46.884
    98.8,0.001273,0.001110,0.006021,0.000747,  46.884
    99.0,0.001297,0.001114,0.006439,0.000712,  46.877
    99.2,0.001323,0.001126,0.006888,0.000734,  46.880
    99.4,0.001343,0.001136,0.007300,0.000734,  46.884
    99.6,0.001370,0.001143,0.007694,0.000699,  46.880
    99.8,0.001402,0.001153,0.008093,0.000708,  46.881
   100.0,0.001433,0.001166,0.008474,0.000695,  46.876
   100.2,0.001475,0.001183,0.009021,0.000708,  46.880
   100.4,0.001529,0.001209,0.009648,0.000695,  46.880
   100.6,0.001567,0.001240,0.010330,0.000695,  46.879
   100.8,0.001612,0.001260,0.011045,0.000695,  46.881
   101.0,0.001657,0.001279,0.011806,0.000646,  46.873
   101.2,0.001713,0.001300,0.012615,0.000669,  46.875
   101.4,0.001773,0.001321,0.013572,0.000669,  46.874
   101.6,0.001842,0.001357,0.014627,0.000633,  46.874
   101.8,0.001921,0.001400,0.015787,0.000669,  46.875
   102.0,0.002003,0.001445,0.016975,0.000669,  46.874
   102.2,0.002099,0.001497,0.018228,0.000633,  46.874
   102.4,0.002193,0.001554,0.019557,0.000669,  46.873
   102.6,0.002306,0.001615,0.020688,0.000669,  46.872
   102.8,0.002426,0.001675,0.021752,0.000633,  46.875
   103.0,0.002549,0.001744,0.022756,0.000669,  46.877
   103.2,0.002693,0.001815,0.024395,0.000669,  46.878
   103.4,0.002841,0.001891,0.026333,0.000620,  46.879
   103.6,0.002993,0.001981,0.028563,0.000642,  46.878
   103.8,0.003169,0.002076,0.030748,0.000642,  46.879
   104.0,0.003344,0.002174,0.033078,0.000607,  46.879
   104.2,0.003503,0.002282,0.035542,0.000642,  46.877
   104.4,0.003651,0.002398,0.037993,0.000642,  46.878
   104.6,0.003808,0.002516,0.040506,0.000620,  46.878
   104.8,0.003949,0.002640,0.043072,0.000656,  46.878
   105.0,0.004158,0.002766,0.045869,0.000656,  46.882
   105.2,0.004406,0.002905,0.048799,0.000633,  46.879
   105.4,0.004671,0.003051,0.051876,0.000656,  46.880
   105.6,0.004936,0.003206,0.055151,0.000656,  46.881
   105.8,0.005222,0.003374,0.058601,0.000620,  46.878
   106.0,0.005515,0.003554,0.062237,0.000642,  46.877
   106.2,0.005828,0.003749,0.065420,0.000642,  46.883
   106.4,0.006173,0.003943,0.068450,0.000607,  46.883
   106.6,0.006528,0.004154,0.071350,0.000656,  46.881
   106.8,0.006888,0.004364,0.074089,0.000642,  46.889
   107.0,0.007276,0.004582,0.078036,0.000656,  46.884
   107.2,0.007675,0.004821,0.082388,0.000656,  46.884
   107.4,0.008084,0.005064,0.087165,0.000642,  46.884
   107.6,0.008519,0.005279,0.091860,0.000642,  46.883
   107.8,0.008974,0.005476,0.096721,0.000620,  46.881
   108.0,0.009448,0.005672,0.101755,0.000656,  46.878
   108.2,0.009955,0.005849,0.107160,0.000656,  46.880
   108.4,0.010483,0.006116,0.112850,0.000633,  46.877
   108.6,0.011011,0.006419,0.118848,0.000656,  46.878
   108.8,0.011565,0.006750,0.124460,0.000656,  46.884
   109.0,0.012127,0.007045,0.130046,0.000656,  46.880
   109.2,0.012676,0.007336,0.135574,0.000678,  46.876
   109.4,0.013240,0.007637,0.141819,0.000665,  46.878
   109.6,0.013799,0.007982,0.148420,0.000652,  46.873
   109.8,0.014440,0.008345,0.155396,0.000674,  46.876
   110.0,0.015120,0.008743,0.162535,0.000674,  46.872
   110.2,0.015846,0.009147,0.169953,0.000639,  46.868
   110.4,0.016578,0.009559,0.177653,0.000665,  46.869
   110.6,0.017329,0.009988,0.185570,0.000678,  46.869
   110.8,0.018110,0.010424,0.193761,0.000656,  46.868
   111.0,0.018777,0.010863,0.202223,0.000656,  46.868
   111.2,0.019401,0.011311,0.210435,0.000669,  46.868
   111.4,0.019970,0.011768,0.218665,0.000659,  46.860
   111.6,0.020511,0.012252,0.226916,0.000682,  46.862
   111.8,0.021336,0.012746,0.236147,0.000695,  46.866
   112.0,0.022243,0.013275,0.245921,0.000672,  46.867
   112.2,0.023247,0.013838,0.256253,0.000708,  46.862
   112.4,0.024241,0.014427,0.266851,0.000686,  46.862
   112.6,0.025277,0.015021,0.277906,0.000686,  46.861
   112.8,0.026357,0.015631,0.289427,0.000686,  46.863
   113.0,0.027439,0.016256,0.300803,0.000663,  46.858
   113.2,0.028545,0.016887,0.312349,0.000686,  46.864
   113.4,0.029669,0.017519,0.324051,0.000686,  46.858
   113.6,0.030814,0.018160,0.334375,0.000686,  46.861
   113.8,0.031982,0.018826,0.344001,0.000699,  46.864
   114.0,0.033161,0.019510,0.352870,0.000699,  46.863
   114.2,0.034392,0.020226,0.360933,0.000699,  46.861
   114.4,0.035648,0.020958,0.372788,0.000699,  46.856
   114.6,0.036943,0.021705,0.385876,0.000699,  46.858
   114.8,0.038274,0.022478,0.400276,0.000699,  46.857
   115.0,0.039637,0.023137,0.414133,0.000676,  46.860
   115.2,0.041040,0.023757,0.428359,0.000712,  46.861
   115.4,0.042453,0.024322,0.443016,0.000712,  46.866
   115.6,0.043891,0.024851,0.457674,0.000676,  46.863
   115.8,0.045360,0.025615,0.472516,0.000712,  46.864
   116.0,0.046840,0.026446,0.487590,0.000712,  46.860
   116.2,0.048336,0.027341,0.502859,0.000689,  46.860
   116.4,0.049865,0.028204,0.518326,0.000725,  46.859
   116.6,0.051440,0.029086,0.533996,0.000725,  46.858
   116.8,0.053047,0.029987,0.550356,0.000725,  46.861
   117.0,0.054699,0.030889,0.567151,0.000725,  46.859
   117.2,0.056295,0.031807,0.584441,0.000747,  46.865
   117.4,0.057881,0.032735,0.600551,0.000699,  46.860
   117.6,0.059465,0.033622,0.616207,0.000699,  46.857
   117.8,0.061078,0.034495,0.631315,0.000712,  46.858
   118.0,0.062704,0.035352,0.648025,0.000689,  46.855
   118.2,0.064348,0.036313,0.665315,0.000738,  46.856
   118.4,0.065826,0.037314,0.683317,0.000738,  46.855
   118.6,0.067227,0.038355,0.701322,0.000716,  46.851
   118.8,0.068561,0.039393,0.719570,0.000764,  46.857
   119.0,0.069813,0.040449,0.738200,0.000751,  46.848
   119.2,0.071565,0.041520,0.756981,0.000729,  46.848
   119.4,0.073479,0.042576,0.775919,0.000764,  46.855
   119.6,0.075552,0.043631,0.795073,0.000778,  46.852
   119.8,0.077437,0.044688,0.814196,0.000755,  46.852
   120.0,0.079289,0.045797,0.833304,0.000804,  46.853
   120.2,0.081124,0.046926,0.852407,0.000817,  46.853
   120.4,0.083116,0.048089,0.869839,0.000830,  46.854
   120.6,0.085184,0.049286,0.886236,0.000856,  46.854
   120.8,0.087323,0.050516,0.901309,0.000843,  46.855
   121.0,0.089493,0.051781,0.914989,0.000843,  46.857
   121.2,0.091718,0.053029,0.934757,0.000843,  46.857
   121.4,0.093998,0.054288,0.956579,0.000856,  46.856
   121.6,0.096217,0.055557,0.980784,0.000856,  46.851
   121.8,0.098435,0.056821,1.002891,0.000821,  46.861
   122.0,0.100654,0.058089,1.025087,0.000883,  46.858
   122.2,0.102908,0.059365,1.047167,0.000883,  46.857
   122.4,0.105166,0.060468,1.069656,0.000860,  46.862
   122.6,0.107444,0.061488,1.092086,0.000896,  46.858
   122.8,0.109743,0.062429,1.114460,0.000896,  46.860
   123.0,0.112055,0.063283,1.137495,0.000873,  46.854
   123.2,0.114389,0.064524,1.160779,0.000886,  46.856
   123.4,0.116750,0.065881,1.184285,0.000899,  46.856
   123.6,0.119138,0.067350,1.207783,0.000877,  46.860
   123.8,0.121559,0.068717,1.231076,0.000899,  46.861
   124.0,0.123956,0.070089,1.254167,0.000909,  46.857
   124.2,0.126373,0.071465,1.277786,0.000886,  46.855
   124.4,0.128792,0.072836,1.301192,0.000935,  46.859
   124.6,0.130862,0.074209,1.324402,0.000935,  46.858
   124.8,0.132765,0.075582,1.347910,0.000926,  46.862
   125.0,0.134485,0.076983,1.371528,0.000975,  46.864
   125.2,0.136033,0.078398,1.394724,0.000975,  46.863
   125.4,0.138351,0.079838,1.418374,0.000952,  46.863
   125.6,0.140876,0.081224,1.442120,0.001014,  46.864
   125.8,0.143616,0.082587,1.465525,0.001001,  46.863
   126.0,0.146039,0.083939,1.489065,0.000978,  46.864
   126.2,0.148426,0.085338,1.512261,0.000991,  46.866
   126.4,0.150745,0.086753,1.534986,0.000991,  46.867
   126.6,0.153190,0.088178,1.558454,0.000969,  46.864
   126.8,0.155681,0.089620,1.581753,0.000969,  46.871
   127.0,0.158206,0.091078,1.605314,0.001005,  46.869
   127.2,0.160728,0.092549,1.626082,0.001005,  46.864
   127.4,0.163270,0.094023,1.644721,0.001031,  46.871
   127.6,0.165828,0.095516,1.661789,0.000995,  46.869
   127.8,0.168375,0.097019,1.675529,0.001044,  46.872
   128.0,0.170931,0.098476,1.696449,0.001057,  46.870
   128.2,0.173488,0.099912,1.719102,0.001070,  46.872
   128.4,0.175998,0.101339,1.743359,0.001070,  46.874
   128.6,0.178496,0.102808,1.766034,0.001048,  46.874
   128.8,0.180966,0.104285,1.788376,0.001048,  46.873
   129.0,0.183492,0.105780,1.810679,0.001097,  46.872
   129.2,0.186050,0.107077,1.833251,0.001074,  46.871
   129.4,0.188616,0.108276,1.855181,0.001087,  46.872
   129.6,0.191220,0.109384,1.876797,0.001149,  46.869
   129.8,0.193860,0.110397,1.899485,0.001127,  46.871
   130.0,0.196529,0.111788,1.921213,0.001140,  46.873
   130.2,0.199114,0.113264,1.942911,0.001175,  46.876
   130.4,0.201680,0.114847,1.965219,0.001166,  46.873
   130.6,0.204221,0.116327,1.985584,0.001192,  46.874
   130.8,0.206759,0.117815,2.005637,0.001192,  46.878
   131.0,0.209300,0.119302,2.025955,0.001170,  46.873
   131.2,0.211826,0.120785,2.046555,0.001219,  46.876
   131.4,0.214341,0.122273,2.065133,0.001219,  46.876
   131.6,0.216870,0.123761,2.084548,0.001209,  46.880
   131.8,0.219381,0.125232,2.104050,0.001245,  46.876
   132.0,0.221544,0.126703,2.121871,0.001281,  46.882
   132.2,0.223517,0.128160,2.140441,0.001258,  46.886
   132.4,0.225309,0.129616,2.157961,0.001284,  46.887
   132.6,0.226917,0.131079,2.174266,0.001320,  46.884
   132.8,0.229187,0.132536,2.191194,0.001298,  46.886
   133.0,0.231634,0.133956,2.207740,0.001311,  46.885
   133.2,0.234237,0.135360,2.223841,0.001360,  46.885
   133.4,0.236627,0.136750,2.240557,0.001350,  46.892
   133.6,0.238996,0.138193,2.255571,0.001350,  46.886
   133.8,0.241336,0.139644,2.269901,0.001399,  46.890
   134.0,0.243763,0.141116,2.282228,0.001412,  46.890
   134.2,0.246213,0.142415,2.293629,0.001403,  46.888
   134.4,0.248697,0.143643,2.304032,0.001403,  46.889
   134.6,0.250875,0.144783,2.310674,0.001416,  46.890
   134.8,0.252902,0.146073,2.324241,0.001394,  46.887
   135.0,0.254800,0.147404,2.335408,0.001429,  46.888
   135.2,0.256957,0.148774,2.348330,0.001429,  46.889
   135.4,0.259176,0.150121,2.361654,0.001407,  46.890
   135.6,0.261473,0.151477,2.373868,0.001455,  46.885
   135.8,0.263707,0.152848,2.383271,0.001469,  46.886
   136.0,0.265926,0.154007,2.396092,0.001446,  46.882
   136.2,0.268164,0.155061,2.407624,0.001495,  46.884
   136.4,0.270374,0.156021,2.416046,0.001508,  46.885
   136.6,0.272558,0.156870,2.426370,0.001499,  46.883
   136.8,0.274737,0.158043,2.436957,0.001561,  46.882
   137.0,0.276841,0.159282,2.444154,0.001574,  46.878
   137.2,0.278899,0.160585,2.453308,0.001565,  46.885
   137.4,0.280914,0.161871,2.462659,0.001636,  46.882
   137.6,0.283017,0.163181,2.470284,0.001671,  46.888
   137.8,0.285130,0.164515,2.478063,0.001662,  46.883
   138.0,0.287281,0.165833,2.488001,0.001688,  46.884
   138.2,0.289416,0.167158,2.496136,0.001702,  46.882
   138.4,0.291540,0.168489,2.506507,0.001692,  46.877
   138.6,0.293682,0.169756,2.512859,0.001719,  46.875
   138.8,0.295464,0.170991,2.517149,0.001767,  46.879
   139.0,0.297061,0.172194,2.523653,0.001758,  46.874
   139.2,0.298487,0.173411,2.530262,0.001798,  46.871
   139.4,0.299717,0.174616,2.534722,0.001811,  46.873
   139.6,0.301503,0.175807,2.541484,0.001801,  46.868
   139.8,0.303402,0.176984,2.548354,0.001863,  46.871
   140.0,0.305427,0.178139,2.550659,0.001877,  46.871
   140.2,0.307301,0.179289,2.555335,0.001867,  46.867
   140.4,0.309151,0.180433,2.562446,0.001929,  46.862
   140.6,0.310977,0.181563,2.567257,0.001942,  46.862
   140.8,0.312799,0.182694,2.572120,0.001933,  46.861
   141.0,0.314601,0.183792,2.574584,0.001982,  46.858
   141.2,0.316395,0.184869,2.579537,0.002008,  46.856
   141.4,0.318131,0.185927,2.582031,0.002021,  46.857
   141.6,0.319813,0.186958,2.589585,0.002025,  46.849
   141.8,0.321464,0.187978,2.589579,0.002061,  46.854
   142.0,0.323099,0.188966,2.592120,0.002074,  46.851
   142.2,0.324683,0.189973,2.597260,0.002078,  46.844
   142.4,0.326247,0.190991,2.599864,0.002127,  46.842
   142.6,0.327788,0.192005,2.602484,0.002140,  46.844
   142.8,0.329289,0.192949,2.605108,0.002131,  46.839
   143.0,0.330768,0.193857,2.607748,0.002193,  46.834
   143.2,0.332246,0.194730,2.610393,0.002206,  46.833
   143.4,0.333706,0.195512,2.615737,0.002197,  46.831
   143.6,0.335149,0.196234,2.618421,0.002272,  46.830
   143.8,0.336591,0.196883,2.618392,0.002285,  46.826
   144.0,0.338031,0.197478,2.623838,0.002276,  46.818
   144.2,0.339460,0.198311,2.626584,0.002338,  46.821
   144.4,0.340859,0.199198,2.626584,0.002351,  46.818
   144.6,0.342238,0.200145,2.629347,0.002342,  46.815
   144.8,0.343594,0.201009,2.632140,0.002404,  46.812
   145.0,0.344889,0.201849,2.634951,0.002439,  46.811
   145.2,0.346141,0.202674,2.640634,0.002443,  46.806
   145.4,0.347345,0.203482,2.640651,0.002470,  46.805
   145.6,0.348564,0.204261,2.640680,0.002496,  46.798
   145.8,0.349768,0.205016,2.643541,0.002500,  46.796
   146.0,0.350958,0.205784,2.646398,0.002549,  46.793
   146.2,0.351973,0.206553,2.646364,0.002549,  46.789
   146.4,0.352897,0.207320,2.649269,0.002539,  46.765
   146.6,0.353722,0.208085,2.649280,0.002601,  46.767
   146.8,0.354447,0.208858,2.652233,0.002628,  46.756
   147.0,0.355519,0.209629,2.655183,0.002619,  46.745
   147.2,0.356671,0.210355,2.655195,0.002681,  46.738
   147.4,0.357904,0.211063,2.655206,0.002707,  46.734
   147.6,0.358979,0.211751,2.658165,0.002711,  46.727
   147.8,0.360014,0.212417,2.658148,0.002786,  46.725
   148.0,0.360997,0.213061,2.658131,0.002799,  46.716
   148.2,0.361970,0.213688,2.661161,0.002826,  46.712
   148.4,0.362921,0.214312,2.664241,0.002817,  46.704
   148.6,0.363831,0.214928,2.661349,0.002865,  46.696
   148.8,0.364750,0.215537,2.661486,0.002865,  46.682
   149.0,0.365658,0.216143,2.664469,0.002856,  46.674
   149.2,0.366544,0.216752,2.667439,0.002905,  46.657
   149.4,0.367425,0.217359,2.667336,0.002945,  46.646
   149.6,0.368302,0.217911,2.670343,0.002949,  46.636
   149.8,0.369157,0.218443,2.673384,0.003011,  46.624
   150.0,0.369951,0.218950,2.670304,0.003024,  46.613
   150.2,0.370710,0.219386,2.670286,0.003015,  46.606
   150.4,0.371426,0.219773,2.673350,0.003077,  46.590
   150.6,0.372150,0.220108,2.673350,0.003103,  46.584
   150.8,0.372863,0.220407,2.673396,0.003094,  46.566
   151.0,0.373559,0.220838,2.676561,0.003156,  46.555
   151.2,0.374143,0.221295,2.676669,0.003182,  46.532
   151.4,0.374666,0.221772,2.676703,0.003186,  46.516
   151.6,0.375134,0.222176,2.679834,0.003226,  46.503
   151.8,0.375702,0.222543,2.676715,0.003203,  46.487
   152.0,0.376289,0.222885,2.679777,0.003230,  46.473
   152.2,0.376909,0.223309,2.679708,0.003256,  46.461
   152.4,0.377548,0.223749,2.679611,0.003256,  46.443
   152.6,0.378220,0.224213,2.682696,0.003283,  46.412
   152.8,0.378924,0.224636,2.682656,0.003322,  46.398
   153.0,0.379465,0.225051,2.682633,0.003349,  46.370
   153.2,0.379931,0.225459,2.685786,0.003388,  46.357
   153.4,0.380329,0.225843,2.685797,0.003415,  46.343
   153.6,0.380670,0.226214,2.682667,0.003464,  46.304
   153.8,0.381150,0.226570,2.685826,0.003454,  46.282
   154.0,0.381650,0.226930,2.685826,0.003481,  46.261
   154.2,0.382170,0.227289,2.685826,0.003530,  46.245
   154.4,0.382702,0.227646,2.688984,0.003521,  46.219
   154.6,0.383261,0.228032,2.688956,0.003534,  46.182
   154.8,0.383833,0.228432,2.688922,0.003583,  46.160
   155.0,0.384457,0.228845,2.692104,0.003573,  46.127
   155.2,0.385127,0.229259,2.692087,0.003600,  46.106
   155.4,0.385836,0.229672,2.692081,0.003662,  46.072
   155.6,0.386450,0.230089,2.692075,0.003675,  46.044
   155.8,0.387059,0.230487,2.692064,0.003666,  46.015
   156.0,0.387636,0.230862,2.695293,0.003679,  45.964
   156.2,0.388195,0.231219,2.692064,0.003728,  45.944
   156.4,0.388761,0.231595,2.692070,0.003706,  45.913
   156.6,0.389295,0.231965,2.692087,0.003768,  45.887
   156.8,0.389875,0.232338,2.692115,0.003794,  45.834
   157.0,0.390476,0.232664,2.695344,0.003785,  45.796
   157.2,0.391090,0.232978,2.695344,0.003798,  45.755
   157.4,0.391699,0.233255,2.695339,0.003847,  45.721
   157.6,0.392308,0.233522,2.698592,0.003838,  45.687
   157.8,0.392919,0.233912,2.701869,0.003864,  45.660
   158.0,0.393562,0.234341,2.698603,0.003878,  45.598
   158.2,0.394240,0.234807,2.698615,0.003868,  45.567
   158.4,0.394924,0.235228,2.701910,0.003895,  45.514
   158.6,0.395578,0.235642,2.698660,0.003908,  45.477
   158.8,0.396232,0.236048,2.698666,0.003899,  45.434
   159.0,0.396880,0.236471,2.701944,0.003912,  45.372
   159.2,0.397616,0.236894,2.698666,0.003948,  45.339
   159.4,0.398404,0.237330,2.698655,0.004010,  45.282
   159.6,0.399234,0.237744,2.701910,0.004010,  45.239
   159.8,0.399953,0.238144,2.701887,0.004023,  45.174
   160.0,0.400654,0.238534,2.701887,0.004085,  45.126
   160.2,0.401309,0.239028,2.705195,0.004112,  45.076
   160.4,0.401992,0.239577,2.705212,0.004103,  45.025
   160.6,0.402669,0.240170,2.705212,0.004116,  44.961
   160.8,0.403327,0.240758,2.708551,0.004116,  44.909
   161.0,0.403980,0.241364,2.705229,0.004116,  44.835
   161.2,0.404914,0.241990,2.708591,0.004129,  44.776
   161.4,0.405944,0.242622,2.708648,0.004129,  44.726
   161.6,0.407070,0.243266,2.708728,0.004116,  44.654
   161.8,0.408126,0.243921,2.712082,0.004129,  44.603
   162.0,0.409210,0.244555,2.708706,0.004129,  44.518
   162.2,0.410291,0.245180,2.708660,0.004129,  44.463
   162.4,0.411402,0.245801,2.708643,0.004129,  44.405
   162.6,0.412549,0.246515,2.708626,0.004129,  44.331
   162.8,0.413713,0.247276,2.711974,0.004142,  44.257
   163.0,0.414976,0.248084,2.711974,0.004129,  44.178
   163.2,0.416310,0.248936,2.715342,0.004142,  44.123
   163.4,0.417705,0.249831,2.715336,0.004142,  44.038
   163.6,0.419194,0.250770,2.715325,0.004142,  43.980
   163.8,0.420783,0.251694,2.718714,0.004142,  43.906
   164.0,0.422442,0.252627,2.718708,0.004142,  43.809
   164.2,0.424025,0.253573,2.718697,0.004129,  43.748
   164.4,0.425632,0.254387,2.722119,0.004116,  43.679
   164.6,0.427232,0.255144,2.722113,0.004116,  43.601
   164.8,0.428875,0.255840,2.722107,0.004116,  43.517
   165.0,0.430557,0.256480,2.725545,0.004129,  43.424
   165.2,0.432254,0.257453,2.725522,0.004129,  43.368
   165.4,0.434050,0.258533,2.725488,0.004116,  43.297
   165.6,0.435911,0.259717,2.728970,0.004116,  43.213
   165.8,0.437837,0.260821,2.732504,0.004089,  43.139
   166.0,0.439758,0.261940,2.729022,0.004085,  43.044
   166.2,0.441695,0.263070,2.729010,0.004050,  42.993
   166.4,0.443684,0.264256,2.732516,0.004050,  42.922
   166.6,0.445711,0.265489,2.732493,0.004072,  42.839
   166.8,0.447764,0.266749,2.732487,0.004023,  42.763
   167.0,0.449862,0.267974,2.736032,0.004023,  42.665
   167.2,0.451628,0.269188,2.736044,0.004032,  42.607
   167.4,0.453246,0.270411,2.736038,0.003997,  42.539
   167.6,0.454711,0.271710,2.739607,0.003984,  42.459
   167.8,0.456024,0.273038,2.736032,0.003970,  42.386
   168.0,0.458087,0.274403,2.739612,0.003970,  42.292
   168.2,0.460373,0.275666,2.739635,0.003957,  42.233
   168.4,0.462870,0.276887,2.739664,0.003931,  42.174
   168.6,0.464989,0.278071,2.743268,0.003931,  42.101
   168.8,0.467011,0.279366,2.743268,0.003931,  42.022
   169.0,0.468956,0.280695,2.743257,0.003931,  41.941
   169.2,0.471128,0.282066,2.743245,0.003917,  41.889
   169.4,0.473359,0.283463,2.746868,0.003904,  41.823
   169.6,0.475664,0.284882,2.746851,0.003878,  41.755
   169.8,0.477957,0.286337,2.746834,0.003851,  41.690
   170.0,0.480271,0.287744,2.746834,0.003838,  41.619
   170.2,0.482612,0.289136,2.750510,0.003825,  41.565
   170.4,0.484910,0.290523,2.750521,0.003812,  41.501
   170.6,0.487198,0.291905,2.754212,0.003776,  41.456
   170.8,0.489479,0.293280,2.754200,0.003776,  41.393
   171.0,0.491732,0.294653,2.754189,0.003776,  41.325
   171.2,0.493967,0.295825,2.757917,0.003740,  41.293
   171.4,0.496176,0.296901,2.757923,0.003740,  41.239
   171.6,0.498399,0.297863,2.757934,0.003776,  41.199
   171.8,0.500610,0.298727,2.761717,0.003776,  41.147
   172.0,0.502811,0.300009,2.765550,0.003776,  41.103
   172.2,0.505051,0.301392,2.761814,0.003776,  41.067
   172.4,0.507305,0.302882,2.761837,0.003789,  41.035
   172.6,0.509574,0.304218,2.765641,0.003767,  40.992
   172.8,0.511687,0.305535,2.765653,0.003793,  40.967
   173.0,0.513733,0.306823,2.765647,0.003806,  40.918
   173.2,0.515718,0.308060,2.769456,0.003771,  40.907
   173.4,0.517653,0.309261,2.769433,0.003806,  40.883
   173.6,0.519527,0.310422,2.773271,0.003833,  40.870
   173.8,0.521349,0.311582,2.773242,0.003810,  40.840
   174.0,0.522906,0.312720,2.773214,0.003846,  40.825
   174.2,0.524301,0.313838,2.777098,0.003873,  40.823
   174.4,0.525534,0.314897,2.777098,0.003850,  40.805
   174.6,0.526600,0.315924,2.777109,0.003886,  40.801
   174.8,0.528125,0.316910,2.781034,0.003899,  40.798
   175.0,0.529734,0.317877,2.781039,0.003912,  40.803
   175.2,0.531435,0.318814,2.781051,0.003961,  40.802
   175.4,0.532921,0.319721,2.785006,0.003988,  40.804
   175.6,0.534331,0.320553,2.781034,0.004001,  40.812
   175.8,0.535665,0.321325,2.781028,0.004014,  40.817
   176.0,0.536930,0.322037,2.781028,0.004027,  40.835
   176.2,0.538118,0.322810,2.781034,0.004054,  40.839
   176.4,0.539217,0.323598,2.781039,0.004067,  40.861
   176.6,0.540301,0.324381,2.781056,0.004080,  40.878
   176.8,0.541324,0.324904,2.781045,0.004107,  40.891
   177.0,0.542304,0.325294,2.781034,0.004098,  40.932
   177.2,0.543056,0.325554,2.781011,0.004160,  40.952
   177.4,0.543653,0.325991,2.785000,0.004186,  40.978
   177.6,0.544110,0.326457,2.781074,0.004173,  41.016
   177.8,0.544767,0.326941,2.781142,0.004160,  41.053
   178.0,0.545458,0.327317,2.785114,0.004173,  41.087
   178.2,0.546185,0.327657,2.781137,0.004186,  41.129
   178.4,0.546790,0.327943,2.781114,0.004213,  41.164
   178.6,0.547364,0.328196,2.785074,0.004239,  41.211
   178.8,0.547899,0.328533,2.781108,0.004266,  41.253
   179.0,0.548357,0.328864,2.781119,0.004292,  41.317
   179.2,0.548776,0.329205,2.785085,0.004332,  41.360
   179.4,0.549136,0.329463,2.781119,0.004358,  41.408
   179.6,0.549409,0.329679,2.781125,0.004372,  41.472
   179.8,0.549614,0.329859,2.785085,0.004411,  41.518
   180.0,0.549741,0.330034,2.781108,0.004451,  41.591
   180.2,0.549884,0.330180,2.781096,0.004491,  41.641
   180.4,0.550002,0.330309,2.785046,0.004531,  41.694
   180.6,0.550093,0.330447,2.781062,0.004570,  41.763
   180.8,0.550198,0.330564,2.781039,0.004597,  41.828
   181.0,0.550298,0.330678,2.784994,0.004637,  41.898
   181.2,0.550391,0.330724,2.781028,0.004676,  41.958
   181.4,0.550363,0.330719,2.781034,0.004703,  42.030
   181.6,0.550260,0.330673,2.785000,0.004729,  42.096
   181.8,0.550105,0.330589,2.781034,0.004756,  42.157
   182.0,0.549878,0.330459,2.781034,0.004782,  42.239
   182.2,0.549589,0.330284,2.785028,0.004809,  42.300
   182.4,0.549229,0.330095,2.781108,0.004822,  42.359
   182.6,0.548807,0.329887,2.781176,0.004849,  42.440
   182.8,0.548354,0.329654,2.785148,0.004875,  42.512
   183.0,0.547853,0.329380,2.781165,0.004902,  42.605
   183.2,0.547306,0.329073,2.781137,0.004915,  42.655
   183.4,0.546762,0.328733,2.781125,0.004942,  42.709
   183.6,0.546213,0.328389,2.781119,0.004955,  42.787
   183.8,0.545637,0.328024,2.777172,0.004981,  42.864
   184.0,0.544948,0.327638,2.777166,0.004981,  42.954
   184.2,0.544199,0.327203,2.777149,0.005008,  43.012
   184.4,0.543371,0.326744,2.777132,0.004972,  43.078
   184.6,0.542530,0.326252,2.777115,0.005034,  43.152
   184.8,0.541666,0.325769,2.781017,0.005061,  43.222
   185.0,0.540743,0.325266,2.780999,0.005074,  43.302
   185.2,0.539715,0.324755,2.777046,0.005074,  43.359
   185.4,0.538630,0.324254,2.780959,0.005088,  43.437
   185.6,0.537465,0.323744,2.777024,0.005101,  43.513
   185.8,0.536373,0.323231,2.773128,0.005088,  43.571
   186.0,0.535305,0.322719,2.777001,0.005088,  43.657
   186.2,0.534231,0.322162,2.773083,0.005065,  43.717
   186.4,0.533200,0.321581,2.773048,0.005065,  43.784
   186.6,0.532212,0.320986,2.773054,0.005078,  43.857
   186.8,0.531237,0.320383,2.773071,0.005056,  43.933
   187.0,0.530160,0.319753,2.769251,0.005069,  44.019
   187.2,0.529054,0.319116,2.769262,0.005083,  44.080
   187.4,0.527909,0.318479,2.773140,0.005083,  44.141
   187.6,0.526751,0.317826,2.769291,0.005132,  44.213
   187.8,0.525592,0.317173,2.769291,0.005132,  44.268
   188.0,0.524403,0.316474,2.769291,0.005132,  44.354
   188.2,0.523350,0.315748,2.765464,0.005167,  44.408
   188.4,0.522353,0.315000,2.765470,0.005180,  44.465
   188.6,0.521415,0.314287,2.765470,0.005194,  44.532
   188.8,0.520534,0.313583,2.765470,0.005194,  44.598
   189.0,0.519353,0.312880,2.765464,0.005207,  44.669
   189.2,0.518103,0.312167,2.765453,0.005220,  44.718
   189.4,0.516785,0.311461,2.761643,0.005207,  44.786
   189.6,0.515519,0.310745,2.761631,0.005220,  44.836
   189.8,0.514261,0.309964,2.761626,0.005220,  44.901
   190.0,0.512991,0.309153,2.757866,0.005234,  44.966
   190.2,0.511617,0.308312,2.757866,0.005234,  45.013
   190.4,0.510199,0.307461,2.757860,0.005247,  45.061
   190.6,0.508729,0.306596,2.754132,0.005247,  45.114
   190.8,0.507250,0.305709,2.754126,0.005247,  45.166
   191.0,0.505746,0.304805,2.757866,0.005247,  45.230
   191.2,0.504207,0.303883,2.757888,0.005211,  45.260
   191.4,0.502650,0.302945,2.754195,0.005247,  45.320
   191.6,0.501087,0.302034,2.754189,0.005260,  45.365
   191.8,0.499482,0.301133,2.754178,0.005247,  45.416
   192.0,0.497917,0.300241,2.750459,0.005234,  45.467
   192.2,0.496371,0.299448,2.754155,0.005234,  45.512
   192.4,0.494824,0.298711,2.750476,0.005220,  45.549
   192.6,0.493202,0.298025,2.746845,0.005207,  45.582
   192.8,0.491567,0.297390,2.750499,0.005207,  45.635
   193.0,0.489882,0.296468,2.746817,0.005171,  45.678
   193.2,0.488237,0.295469,2.743160,0.005158,  45.713
   193.4,0.486589,0.294394,2.746828,0.005158,  45.751
   193.6,0.484930,0.293382,2.743262,0.005122,  45.781
   193.8,0.483215,0.292364,2.739755,0.005109,  45.832
   194.0,0.481469,0.291335,2.739749,0.005096,  45.871
   194.2,0.479687,0.290333,2.739721,0.005083,  45.892
   194.4,0.477992,0.289345,2.736078,0.005092,  45.938
   194.6,0.476322,0.288376,2.736049,0.005078,  45.971
   194.8,0.474678,0.287415,2.736032,0.005029,  45.996
   195.0,0.473267,0.286467,2.732476,0.005039,  46.048
   195.2,0.471966,0.285533,2.732470,0.005025,  46.069
   195.4,0.470797,0.284549,2.732476,0.004990,  46.096
   195.6,0.469749,0.283546,2.728982,0.004999,  46.132
   195.8,0.468164,0.282527,2.728982,0.004999,  46.161
   196.0,0.466452,0.281523,2.728987,0.004937,  46.196
   196.2,0.464609,0.280526,2.725511,0.004959,  46.210
   196.4,0.462896,0.279522,2.722033,0.004959,  46.250
   196.6,0.461176,0.278490,2.722004,0.004946,  46.274
   196.8,0.459468,0.277442,2.721964,0.004955,  46.295
   197.0,0.457744,0.276389,2.718514,0.004955,  46.321
   197.2,0.456007,0.275375,2.718503,0.004919,  46.352
   197.4,0.454281,0.274368,2.718503,0.004906,  46.371
   197.6,0.452579,0.273386,2.718503,0.004906,  46.392
   197.8,0.450862,0.272388,2.721925,0.004906,  46.412
   198.0,0.449179,0.271385,2.718486,0.004893,  46.434
   198.2,0.447474,0.270381,2.715074,0.004879,  46.458
   198.4,0.445755,0.269343,2.718474,0.004844,  46.477
   198.6,0.444040,0.268297,2.711688,0.004853,  46.492
   198.8,0.442282,0.267230,2.708334,0.004826,  46.509
   199.0,0.440482,0.266326,2.708334,0.004826,  46.526
   199.2,0.438673,0.265492,2.705018,0.004791,  46.534
   199.4,0.436879,0.264725,2.701732,0.004800,  46.569
   199.6,0.435065,0.264030,2.701732,0.004787,  46.582
   199.8,0.433264,0.263021,2.701732,0.004751,  46.594
   200.0,0.431443,0.261937,2.698455,0.004773,  46.608
   200.2,0.429609,0.260771,2.695225,0.004760,  46.619
   200.4,0.427781,0.259696,2.695259,0.004698,  46.630
   200.6,0.425976,0.258637,2.692075,0.004720,  46.640
   200.8,0.424172,0.257580,2.688864,0.004720,  46.649
   201.0,0.422388,0.256502,2.685660,0.004671,  46.675
   201.2,0.420584,0.255422,2.685614,0.004681,  46.683
   201.4,0.418760,0.254332,2.688790,0.004667,  46.695
   201.6,0.416936,0.253249,2.682456,0.004632,  46.701
   201.8,0.415380,0.252165,2.679337,0.004654,  46.708
   202.0,0.413966,0.251091,2.679326,0.004641,  46.721
   202.2,0.412660,0.249972,2.676201,0.004579,  46.725
   202.4,0.411499,0.248837,2.670029,0.004601,  46.734
   202.6,0.409753,0.247689,2.666965,0.004601,  46.741
   202.8,0.407845,0.246611,2.666942,0.004539,  46.746
   203.0,0.405779,0.245548,2.660893,0.004548,  46.753
   203.2,0.403970,0.244509,2.660887,0.004535,  46.778
   203.4,0.402208,0.243478,2.654926,0.004486,  46.783
   203.6,0.400485,0.242456,2.651988,0.004495,  46.786
   203.8,0.398750,0.241438,2.649063,0.004482,  46.791
   204.0,0.397029,0.240400,2.649057,0.004433,  46.800
   204.2,0.395314,0.239354,2.643261,0.004406,  46.807
   204.4,0.393580,0.238302,2.643261,0.004393,  46.811
   204.6,0.391827,0.237259,2.643261,0.004393,  46.815
   204.8,0.390074,0.236230,2.637552,0.004331,  46.822
   205.0,0.388329,0.235205,2.634734,0.004367,  46.826
   205.2,0.386590,0.234314,2.631923,0.004331,  46.831
   205.4,0.384839,0.233488,2.629130,0.004318,  46.834
   205.6,0.383083,0.232738,2.623598,0.004327,  46.844
   205.8,0.381321,0.232052,2.620881,0.004327,  46.847
   206.0,0.379560,0.231093,2.618192,0.004314,  46.850
   206.2,0.377850,0.230064,2.612849,0.004300,  46.855
   206.4,0.376153,0.228975,2.610176,0.004287,  46.857
   206.6,0.374493,0.227950,2.604851,0.004274,  46.863
   206.8,0.372778,0.226931,2.602193,0.004247,  46.866
   207.0,0.371045,0.225907,2.602187,0.004234,  46.886
   207.2,0.369294,0.224858,2.596986,0.004221,  46.885
   207.4,0.367532,0.223801,2.591857,0.004194,  46.891
   207.6,0.365753,0.222731,2.589293,0.004194,  46.898
   207.8,0.363963,0.221670,2.584220,0.004194,  46.897
   208.0,0.362198,0.220613,2.579200,0.004168,  46.902
   208.2,0.360422,0.219560,2.574265,0.004155,  46.903
   208.4,0.358660,0.218490,2.569396,0.004141,  46.903
   208.6,0.357144,0.217416,2.564599,0.004115,  46.908
   208.8,0.355746,0.216340,2.562212,0.004102,  46.909
   209.0,0.354466,0.215279,2.557477,0.004088,  46.913
   209.2,0.353314,0.214219,2.550471,0.004075,  46.917
   209.4,0.351669,0.213163,2.545833,0.004075,  46.918
   209.6,0.349900,0.212106,2.543519,0.004062,  46.918
   209.8,0.348004,0.211044,2.534442,0.004035,  46.919
   210.0,0.346239,0.209980,2.529965,0.004022,  46.925
   210.2,0.344474,0.208913,2.523356,0.004009,  46.924
   210.4,0.342706,0.207849,2.516841,0.003982,  46.929
   210.6,0.340927,0.206784,2.512568,0.003969,  46.930
   210.8,0.339144,0.205727,2.504157,0.003956,  46.928
   211.0,0.337352,0.204685,2.497972,0.003930,  46.928
   211.2,0.335606,0.203647,2.491853,0.003903,  46.937
   211.4,0.333879,0.202625,2.489839,0.003903,  46.931
   211.6,0.332170,0.201610,2.483821,0.003841,  46.934
   211.8,0.330479,0.200614,2.479861,0.003877,  46.936
   212.0,0.328800,0.199604,2.475919,0.003828,  46.934
   212.2,0.327133,0.198599,2.468147,0.003801,  46.938
   212.4,0.325456,0.197596,2.460510,0.003824,  46.938
   212.6,0.323768,0.196738,2.454876,0.003810,  46.941
   212.8,0.322082,0.195946,2.449332,0.003797,  46.943
   213.0,0.320408,0.195228,2.440249,0.003784,  46.939
   213.2,0.318734,0.194583,2.433112,0.003771,  46.943
   213.4,0.317067,0.193646,2.427838,0.003744,  46.942
   213.6,0.315396,0.192645,2.419192,0.003731,  46.943
   213.8,0.313720,0.191570,2.412390,0.003731,  46.942
   214.0,0.312045,0.190569,2.405683,0.003705,  46.941
   214.2,0.310382,0.189568,2.397442,0.003678,  46.946
   214.4,0.308720,0.188582,2.390960,0.003665,  46.944
   214.6,0.307059,0.187599,2.384567,0.003665,  46.946
   214.8,0.305436,0.186619,2.375148,0.003665,  46.946
   215.0,0.303819,0.185645,2.368982,0.003652,  46.943
   215.2,0.302230,0.184664,2.361403,0.003625,  46.947
   215.4,0.300840,0.183693,2.352490,0.003612,  46.947
   215.6,0.299565,0.182710,2.345174,0.003612,  46.948
   215.8,0.298399,0.181723,2.337972,0.003599,  46.945
   216.0,0.297329,0.180742,2.326699,0.003586,  46.949
   216.2,0.295804,0.179759,2.318435,0.003572,  46.950
   216.4,0.294166,0.178780,2.310337,0.003559,  46.948
   216.6,0.292411,0.177801,2.301077,0.003546,  46.952
   216.8,0.290768,0.176833,2.292021,0.003533,  46.947
   217.0,0.289139,0.175859,2.283156,0.003519,  46.951
   217.2,0.287511,0.174885,2.274480,0.003519,  46.953
   217.4,0.285887,0.173910,2.265953,0.003519,  46.950
   217.6,0.284276,0.172945,2.256396,0.003506,  46.952
   217.8,0.282677,0.171979,2.247039,0.003480,  46.953
   218.0,0.281071,0.171019,2.239028,0.003467,  46.948
   218.2,0.279473,0.170055,2.232277,0.003467,  46.952
   218.4,0.277872,0.169084,2.225635,0.003431,  46.950
   218.6,0.276268,0.168120,2.219105,0.003467,  46.950
   218.8,0.274684,0.167152,2.210526,0.003431,  46.953
   219.0,0.273088,0.166181,2.201073,0.003404,  46.952
   219.2,0.271493,0.165212,2.190800,0.003414,  46.955
   219.4,0.269920,0.164269,2.181751,0.003400,  46.951
   219.6,0.268343,0.163338,2.171919,0.003387,  46.953
   219.8,0.266789,0.162419,2.161350,0.003361,  46.951
   220.0,0.265253,0.161630,2.151969,0.003361,  46.954
   220.2,0.263721,0.160914,2.141880,0.003361,  46.956
   220.4,0.262207,0.160270,2.132025,0.003334,  46.951
   220.6,0.260716,0.159699,2.122383,0.003321,  46.952
   220.8,0.259244,0.158861,2.112939,0.003285,  46.949
   221.0,0.257736,0.157958,2.103696,0.003272,  46.950
   221.2,0.256226,0.156996,2.094657,0.003246,  46.950
   221.4,0.254722,0.156107,2.084228,0.003233,  46.951
   221.6,0.253235,0.155214,2.074056,0.003242,  46.947
   221.8,0.251763,0.154323,2.064853,0.003242,  46.950
   222.0,0.250308,0.153434,2.054363,0.003219,  46.951
   222.2,0.248840,0.152551,2.043392,0.003206,  46.957
   222.4,0.247374,0.151673,2.033391,0.003206,  46.952
   222.6,0.245910,0.150794,2.024301,0.003171,  46.955
   222.8,0.244666,0.149925,2.013375,0.003180,  46.953
   223.0,0.243530,0.149055,2.003410,0.003167,  46.953
   223.2,0.242509,0.148197,1.993037,0.003131,  46.952
   223.4,0.241595,0.147350,1.982303,0.003140,  46.954
   223.6,0.240277,0.146502,1.972364,0.003140,  46.956
   223.8,0.238873,0.145641,1.962619,0.003078,  46.957
   224.0,0.237363,0.144770,1.952465,0.003100,  46.954
   224.2,0.235934,0.143896,1.942586,0.003100,  46.955
   224.4,0.234497,0.143027,1.931817,0.003052,  46.954
   224.6,0.233056,0.142170,1.921308,0.003061,  46.953
   224.8,0.231627,0.141319,1.911057,0.003048,  46.957
   225.0,0.230211,0.140455,1.900529,0.003012,  46.957
   225.2,0.228804,0.139594,1.890260,0.003021,  46.958
   225.4,0.227380,0.138742,1.881207,0.003008,  46.957
   225.6,0.225958,0.137894,1.873308,0.002972,  46.959
   225.8,0.224542,0.137048,1.866030,0.002995,  46.955
   226.0,0.223137,0.136211,1.858871,0.002995,  46.954
   226.2,0.221746,0.135375,1.849538,0.002946,  46.957
   226.4,0.220366,0.134535,1.839046,0.002982,  46.958
   226.6,0.218974,0.133705,1.827492,0.002968,  46.957
   226.8,0.217592,0.132874,1.817092,0.002968,  46.957
   227.0,0.216221,0.132036,1.806516,0.002933,  46.958
   227.2,0.214850,0.131212,1.795388,0.002942,  46.959
   227.4,0.213494,0.130501,1.784897,0.002929,  46.963
   227.6,0.212153,0.129856,1.773865,0.002893,  46.960
   227.8,0.210800,0.129273,1.763473,0.002902,  46.959
   228.0,0.209456,0.128748,1.753692,0.002867,  46.959
   228.2,0.208124,0.128001,1.743040,0.002853,  46.961
   228.4,0.206791,0.127202,1.733000,0.002853,  46.962
   228.6,0.205483,0.126352,1.722557,0.002853,  46.961
   228.8,0.204179,0.125567,1.711728,0.002850,  46.962
   229.0,0.202888,0.124796,1.700878,0.002846,  46.961
   229.2,0.201621,0.124036,1.690814,0.002832,  46.964
   229.4,0.200360,0.123259,1.681262,0.002797,  46.968
   229.6,0.199086,0.122479,1.671869,0.002797,  46.981
   229.8,0.197814,0.121706,1.662155,0.002784,  46.983
   230.0,0.196548,0.120944,1.651803,0.002748,  46.980
   230.2,0.195471,0.120186,1.641149,0.002784,  46.981
   230.4,0.194490,0.119438,1.631518,0.002797,  46.983
   230.6,0.193601,0.118681,1.621792,0.002748,  46.980
   230.8,0.192824,0.117924,1.611988,0.002770,  46.980
   231.0,0.191672,0.117169,1.602181,0.002784,  46.978
   231.2,0.190439,0.116428,1.592346,0.002721,  46.983
   231.4,0.189127,0.115693,1.582489,0.002744,  46.982
   231.6,0.187914,0.114970,1.572824,0.002744,  46.986
   231.8,0.186698,0.114248,1.563361,0.002695,  46.987
   232.0,0.185498,0.113525,1.554100,0.002717,  46.979
   232.2,0.184303,0.112809,1.545960,0.002704,  46.982
   232.4,0.183101,0.112082,1.538427,0.002669,  46.981
   232.6,0.181919,0.111354,1.531467,0.002704,  46.980
   232.8,0.180722,0.110619,1.525066,0.002691,  46.980
   233.0,0.179514,0.109895,1.516168,0.002655,  46.980
   233.2,0.178308,0.109171,1.506188,0.002678,  46.981
   233.4,0.177121,0.108447,1.495822,0.002652,  46.983
   233.6,0.175933,0.107730,1.486099,0.002616,  46.984
   233.8,0.174752,0.107012,1.476398,0.002603,  46.978
   234.0,0.173578,0.106296,1.466543,0.002616,  46.977
   234.2,0.172400,0.105689,1.456540,0.002593,  46.983
   234.4,0.171231,0.105131,1.446597,0.002603,  46.985
   234.6,0.170075,0.104634,1.436712,0.002589,  46.985
   234.8,0.168915,0.104186,1.427178,0.002554,  46.985
   235.0,0.167775,0.103538,1.417838,0.002576,  46.980
   235.2,0.166636,0.102841,1.408683,0.002550,  46.981
   235.4,0.165485,0.102095,1.399547,0.002514,  46.979
   235.6,0.164354,0.101413,1.390260,0.002527,  46.976
   235.8,0.163228,0.100732,1.381003,0.002514,  46.977
   236.0,0.162101,0.100055,1.371658,0.002465,  46.973
   236.2,0.160990,0.099369,1.362376,0.002465,  46.975
   236.4,0.159888,0.098694,1.352705,0.002475,  46.975
   236.6,0.158795,0.098019,1.343406,0.002439,  46.979
   236.8,0.157719,0.097366,1.334055,0.002413,  46.975
   237.0,0.156802,0.096720,1.324777,0.002435,  46.971
   237.2,0.155969,0.096087,1.316164,0.002399,  46.974
   237.4,0.155225,0.095455,1.307827,0.002386,  46.975
   237.6,0.154564,0.094834,1.299885,0.002409,  46.971
   237.8,0.153606,0.094211,1.291595,0.002373,  46.969
   238.0,0.152591,0.093583,1.283213,0.002360,  46.969
   238.2,0.151506,0.092965,1.274867,0.002382,  46.967
   238.4,0.150490,0.092345,1.266792,0.002333,  46.967
   238.6,0.149476,0.091741,1.258632,0.002333,  46.965
   238.8,0.148461,0.091145,1.250506,0.002369,  46.965
   239.0,0.147464,0.090555,1.243444,0.002320,  46.966
   239.2,0.146472,0.089953,1.236952,0.002320,  46.966
   239.4,0.145486,0.089350,1.230882,0.002356,  46.966
   239.6,0.144499,0.088737,1.225353,0.002356,  46.966
   239.8,0.143514,0.088142,1.217830,0.002356,  46.964
   240.0,0.142535,0.087557,1.209698,0.002356,  46.958
   240.2,0.141569,0.086973,1.201195,0.002343,  46.948
   240.4,0.140616,0.086388,1.193361,0.002343,  46.949
   240.6,0.139669,0.085811,1.185358,0.002329,  46.945
   240.8,0.138723,0.085235,1.177413,0.002316,  46.951
   241.0,0.137769,0.084735,1.169428,0.002281,  46.949
   241.2,0.136810,0.084272,1.161310,0.002281,  46.946
   241.4,0.135855,0.083851,1.152980,0.002303,  46.949
   241.6,0.134893,0.083470,1.144962,0.002267,  46.950
   241.8,0.133920,0.082925,1.136988,0.002267,  46.950
   242.0,0.132966,0.082343,1.128976,0.002277,  46.948
   242.2,0.132014,0.081726,1.120958,0.002241,  46.952
   242.4,0.131064,0.081144,1.112843,0.002254,  46.953
   242.6,0.130126,0.080569,1.104717,0.002277,  46.955
   242.8,0.129188,0.080002,1.096805,0.002228,  46.958
   243.0,0.128254,0.079431,1.089029,0.002264,  46.959
   243.2,0.127327,0.078866,1.081154,0.002286,  46.960
   243.4,0.126405,0.078311,1.073287,0.002237,  46.979
   243.6,0.125488,0.077751,1.065355,0.002273,  46.973
   243.8,0.124707,0.077193,1.057360,0.002273,  46.981
   244.0,0.123993,0.076639,1.049878,0.002250,  46.977
   244.2,0.123357,0.076089,1.042638,0.002273,  46.979
   244.4,0.122781,0.075546,1.035427,0.002260,  46.980
   244.6,0.121942,0.075002,1.028012,0.002237,  46.985
   244.8,0.121051,0.074468,1.020514,0.002224,  46.982
   245.0,0.120097,0.073938,1.013014,0.002224,  46.985
   245.2,0.119238,0.073414,1.005735,0.002188,  46.983
   245.4,0.118384,0.072894,0.998463,0.002175,  46.983
   245.6,0.117536,0.072385,0.991259,0.002184,  46.986
   245.8,0.116700,0.071879,0.984386,0.002149,  46.986
   246.0,0.115872,0.071376,0.977619,0.002149,  46.988
   246.2,0.115053,0.070889,0.970951,0.002158,  46.990
   246.4,0.114235,0.070403,0.965228,0.002158,  46.994
   246.6,0.113425,0.069909,0.959942,0.002158,  46.996
   246.8,0.112627,0.069415,0.955073,0.002145,  46.996
   247.0,0.111821,0.068921,0.950666,0.002145,  47.002
   247.2,0.111022,0.068435,0.944568,0.002145,  46.999
   247.4,0.110229,0.067954,0.938043,0.002145,  47.004
   247.6,0.109430,0.067481,0.931111,0.002145,  47.007
   247.8,0.108643,0.067074,0.924508,0.002096,  47.003
   248.0,0.107857,0.066699,0.917841,0.002096,  47.008
   248.2,0.107073,0.066356,0.911073,0.002132,  47.011
   248.4,0.106300,0.066057,0.904519,0.002083,  47.011
   248.6,0.105538,0.065624,0.898034,0.002083,  47.012
   248.8,0.104779,0.065160,0.891600,0.002119,  47.014
   249.0,0.104030,0.064671,0.885060,0.002096,  47.020
   249.2,0.103299,0.064215,0.878542,0.002083,  47.014
   249.4,0.102546,0.063763,0.872030,0.002092,  47.017
   249.6,0.101798,0.063310,0.865777,0.002056,  47.023
   249.8,0.101054,0.062853,0.859683,0.002092,  47.017
   250.0,0.100299,0.062394,0.853639,0.002101,  47.024
   250.2,0.099548,0.061931,0.847531,0.002066,  47.022
   250.4,0.098805,0.061473,0.841382,0.002115,  47.028
   250.6,0.098060,0.061020,0.835190,0.002101,  47.027
   250.8,0.097323,0.060572,0.829084,0.002066,  47.024
   251.0,0.096596,0.060117,0.822895,0.002115,  47.024
   251.2,0.095970,0.059668,0.816749,0.002101,  47.030
   251.4,0.095406,0.059226,0.810621,0.002066,  47.029
   251.6,0.094889,0.058791,0.804506,0.002101,  47.028
   251.8,0.094428,0.058352,0.798365,0.002088,  47.029
   252.0,0.093766,0.057920,0.792334,0.002053,  47.029
   252.2,0.093058,0.057486,0.786345,0.002088,  47.032
   252.4,0.092294,0.057057,0.780433,0.002075,  47.032
   252.6,0.091586,0.056626,0.774622,0.002039,  47.030
   252.8,0.090892,0.056196,0.768816,0.002075,  47.027
   253.0,0.090196,0.055777,0.763108,0.002062,  47.027
   253.2,0.089495,0.055358,0.757979,0.002049,  47.032
   253.4,0.088804,0.054943,0.753156,0.002026,  47.030
   253.6,0.088117,0.054538,0.748625,0.002000,  47.028
   253.8,0.087448,0.054135,0.744388,0.002036,  47.027
   254.0,0.086796,0.053736,0.739290,0.002000,  47.026
   254.2,0.086161,0.053339,0.734009,0.001987,  47.027
   254.4,0.085521,0.052950,0.728553,0.002022,  47.023
   254.6,0.084891,0.052562,0.723311,0.002000,  47.026
   254.8,0.084262,0.052180,0.718104,0.002009,  47.022
   255.0,0.083627,0.051796,0.712907,0.001996,  47.021
   255.2,0.083006,0.051469,0.707694,0.001974,  47.019
   255.4,0.082380,0.051171,0.702487,0.001960,  47.027
   255.6,0.081764,0.050908,0.697283,0.001960,  47.022
   255.8,0.081159,0.050669,0.692215,0.001925,  47.020
   256.0,0.080557,0.050319,0.687198,0.001925,  47.021
   256.2,0.079944,0.049943,0.682196,0.001947,  47.025
   256.4,0.079334,0.049543,0.677205,0.001911,  47.018
   256.6,0.078726,0.049176,0.672239,0.001898,  47.017
   256.8,0.078128,0.048816,0.667304,0.001908,  47.017
   257.0,0.077543,0.048459,0.662365,0.001872,  47.014
   257.2,0.076978,0.048104,0.657503,0.001885,  47.015
   257.4,0.076397,0.047758,0.652643,0.001921,  47.013
   257.6,0.075837,0.047412,0.647843,0.001885,  47.008
   257.8,0.075277,0.047058,0.643072,0.001898,  47.011
   258.0,0.074793,0.046709,0.638268,0.001921,  47.004
   258.2,0.074340,0.046353,0.633476,0.001885,  47.001
   258.4,0.073932,0.045994,0.628709,0.001898,  47.006
   258.6,0.073565,0.045650,0.623890,0.001921,  46.998
   258.8,0.073039,0.045300,0.618918,0.001885,  46.995
   259.0,0.072467,0.044952,0.613918,0.001898,  46.995
   259.2,0.071862,0.044615,0.608798,0.001921,  46.993
   259.4,0.071298,0.044280,0.604101,0.001885,  46.990
   259.6,0.070747,0.043942,0.599556,0.001885,  46.990
   259.8,0.070200,0.043601,0.595131,0.001908,  46.995
   260.0,0.069644,0.043268,0.591270,0.001872,  46.987
   260.2,0.069098,0.042932,0.587796,0.001872,  46.985
   260.4,0.068556,0.042600,0.584581,0.001908,  46.987
   260.6,0.068012,0.042276,0.581714,0.001908,  46.981
   260.8,0.067477,0.041952,0.577597,0.001908,  46.988
   261.0,0.066950,0.041623,0.573157,0.001908,  46.982
   261.2,0.066416,0.041306,0.568465,0.001894,  46.982
   261.4,0.065890,0.040991,0.564044,0.001894,  46.979
   261.6,0.065374,0.040666,0.559644,0.001894,  46.978
   261.8,0.064851,0.040353,0.555217,0.001881,  46.977
   262.0,0.064345,0.040086,0.550916,0.001859,  46.973
   262.2,0.063843,0.039840,0.546623,0.001846,  46.975
   262.4,0.063331,0.039621,0.542388,0.001855,  46.974
   262.6,0.062839,0.039424,0.538235,0.001832,  46.972
   262.8,0.062342,0.039143,0.534143,0.001832,  46.971
   263.0,0.061847,0.038844,0.530067,0.001855,  46.974
   263.2,0.061372,0.038527,0.525931,0.001832,  46.971
   263.4,0.060894,0.038224,0.521835,0.001819,  46.973
   263.6,0.060410,0.037931,0.517703,0.001842,  46.974
   263.8,0.059942,0.037636,0.513742,0.001819,  46.978
   264.0,0.059469,0.037339,0.509847,0.001806,  46.972
   264.2,0.058996,0.037054,0.506029,0.001842,  46.971
   264.4,0.058542,0.036775,0.502197,0.001806,  46.974
   264.6,0.058082,0.036488,0.498331,0.001806,  46.976
   264.8,0.057694,0.036215,0.494478,0.001793,  46.970
   265.0,0.057334,0.035941,0.490710,0.001757,  46.979
   265.2,0.057016,0.035668,0.486975,0.001793,  46.978
   265.4,0.056738,0.035395,0.483238,0.001780,  46.974
   265.6,0.056322,0.035129,0.479594,0.001744,  46.984
   265.8,0.055888,0.034864,0.476008,0.001780,  46.987
   266.0,0.055419,0.034594,0.472445,0.001780,  46.979
   266.2,0.054980,0.034333,0.468818,0.001744,  46.981
   266.4,0.054557,0.034070,0.465186,0.001780,  46.988
   266.6,0.054125,0.033805,0.461534,0.001780,  46.986
   266.8,0.053697,0.033538,0.458453,0.001815,  46.986
   267.0,0.053269,0.033275,0.455655,0.001802,  46.986
   267.2,0.052845,0.033014,0.453129,0.001789,  46.986
   267.4,0.052420,0.032756,0.450864,0.001776,  46.990
   267.6,0.051996,0.032498,0.447427,0.001776,  46.992
   267.8,0.051579,0.032236,0.443737,0.001789,  46.990
   268.0,0.051159,0.031982,0.439725,0.001753,  46.990
   268.2,0.050751,0.031726,0.436234,0.001731,  46.995
   268.4,0.050337,0.031477,0.432861,0.001767,  47.000
   268.6,0.049927,0.031229,0.429578,0.001753,  46.997
   268.8,0.049530,0.031015,0.426256,0.001705,  46.998
   269.0,0.049126,0.030827,0.422958,0.001740,  46.992
   269.2,0.048732,0.030652,0.419667,0.001740,  46.997
   269.4,0.048338,0.030500,0.416379,0.001691,  46.998
   269.6,0.047957,0.030274,0.413098,0.001727,  46.991
   269.8,0.047566,0.030036,0.409809,0.001740,  46.996
   270.0,0.047182,0.029781,0.406544,0.001705,  46.998
   270.2,0.046799,0.029552,0.403292,0.001727,  46.996
   270.4,0.046421,0.029318,0.400054,0.001736,  46.997
   270.6,0.046059,0.029091,0.396938,0.001714,  47.001
   270.8,0.045697,0.028870,0.393887,0.001714,  47.005
   271.0,0.045341,0.028649,0.390890,0.001736,  47.003
   271.2,0.044985,0.028431,0.387960,0.001714,  47.005
   271.4,0.044639,0.028215,0.385065,0.001714,  47.002
   271.6,0.044342,0.028003,0.382247,0.001701,  47.006
   271.8,0.044065,0.027793,0.379380,0.001678,  47.005
   272.0,0.043830,0.027584,0.376491,0.001714,  47.007
   272.2,0.043615,0.027374,0.373601,0.001701,  47.004
   272.4,0.043298,0.027165,0.370846,0.001678,  47.002
   272.6,0.042953,0.026964,0.368127,0.001714,  47.007
   272.8,0.042587,0.026762,0.365456,0.001701,  47.010
   273.0,0.042254,0.026565,0.362623,0.001678,  47.007
   273.2,0.041924,0.026365,0.359721,0.001714,  47.007
   273.4,0.041606,0.026161,0.356761,0.001701,  47.005
   273.6,0.041285,0.025959,0.354403,0.001701,  47.011
   273.8,0.040962,0.025760,0.352340,0.001701,  47.009
   274.0,0.040641,0.025564,0.350510,0.001701,  47.009
   274.2,0.040327,0.025369,0.348954,0.001688,  47.007
   274.4,0.040003,0.025175,0.346523,0.001701,  47.015
   274.6,0.039689,0.024982,0.343907,0.001701,  47.012
   274.8,0.039378,0.024793,0.341114,0.001688,  47.009
   275.0,0.039058,0.024601,0.338482,0.001652,  47.010
   275.2,0.038752,0.024409,0.335851,0.001688,  47.011
   275.4,0.038438,0.024218,0.333186,0.001674,  47.015
   275.6,0.038128,0.024053,0.330565,0.001652,  47.014
   275.8,0.037822,0.023902,0.327954,0.001652,  47.014
   276.0,0.037518,0.023769,0.325350,0.001652,  47.015
   276.2,0.037212,0.023650,0.322800,0.001629,  47.017
   276.4,0.036911,0.023473,0.320265,0.001629,  47.018
   276.6,0.036614,0.023286,0.317779,0.001665,  47.017
   276.8,0.036311,0.023087,0.315272,0.001629,  47.019
   277.0,0.036011,0.022906,0.312751,0.001652,  47.023
   277.2,0.035717,0.022725,0.310242,0.001661,  47.022
   277.4,0.035423,0.022543,0.307819,0.001626,  47.018
   277.6,0.035132,0.022362,0.305421,0.001661,  47.022
   277.8,0.034885,0.022185,0.303069,0.001661,  47.021
   278.0,0.034660,0.022008,0.300696,0.001626,  47.014
   278.2,0.034458,0.021835,0.298302,0.001661,  47.023
   278.4,0.034285,0.021661,0.295920,0.001661,  47.022
   278.6,0.034023,0.021493,0.293578,0.001626,  47.023
   278.8,0.033751,0.021327,0.291230,0.001661,  47.023
   279.0,0.033456,0.021160,0.288888,0.001661,  47.021
   279.2,0.033189,0.020992,0.286634,0.001626,  47.026
   279.4,0.032925,0.020830,0.284405,0.001648,  47.023
   279.6,0.032662,0.020671,0.282225,0.001635,  47.024
   279.8,0.032408,0.020516,0.280094,0.001599,  47.020
   280.0,0.032150,0.020354,0.277979,0.001635,  47.024
   280.2,0.031893,0.020201,0.275894,0.001635,  47.025
   280.4,0.031644,0.020051,0.274101,0.001635,  47.026
   280.6,0.031392,0.019893,0.272463,0.001635,  47.026
   280.8,0.031145,0.019741,0.270964,0.001635,  47.021
   281.0,0.030902,0.019599,0.269623,0.001635,  47.023
   281.2,0.030656,0.019448,0.267778,0.001635,  47.024
   281.4,0.030425,0.019297,0.265826,0.001648,  47.025
   281.6,0.030188,0.019155,0.263763,0.001635,  47.025
   281.8,0.029946,0.019015,0.261786,0.001599,  47.025
   282.0,0.029710,0.018869,0.259806,0.001635,  47.032
   282.2,0.029477,0.018724,0.257817,0.001635,  47.032
   282.4,0.029240,0.018605,0.255855,0.001599,  47.029
   282.6,0.029010,0.018488,0.253896,0.001635,  47.035
   282.8,0.028782,0.018393,0.251933,0.001635,  47.035
   283.0,0.028555,0.018302,0.250050,0.001599,  47.042
   283.2,0.028327,0.018170,0.248192,0.001599,  47.043
   283.4,0.028106,0.018039,0.246366,0.001599,  47.043
   283.6,0.027882,0.017891,0.244500,0.001550,  47.043
   283.8,0.027655,0.017749,0.242626,0.001573,  47.044
   284.0,0.027433,0.017615,0.240731,0.001595,  47.044
   284.2,0.027215,0.017474,0.238833,0.001560,  47.047
   284.4,0.027000,0.017331,0.236910,0.001595,  47.048
   284.6,0.026780,0.017198,0.234956,0.001608,  47.046
   284.8,0.026562,0.017062,0.233122,0.001586,  47.049
   285.0,0.026353,0.016930,0.231346,0.001586,  47.052
   285.2,0.026175,0.016798,0.229611,0.001586,  47.054
   285.4,0.026008,0.016671,0.227799,0.001564,  47.054
   285.6,0.025851,0.016546,0.225963,0.001564,  47.052
   285.8,0.025712,0.016415,0.224129,0.001599,  47.055
   286.0,0.025529,0.016283,0.222228,0.001577,  47.053
   286.2,0.025320,0.016153,0.220282,0.001577,  47.053
   286.4,0.025093,0.016026,0.218297,0.001599,  47.057
   286.6,0.024890,0.015907,0.216651,0.001550,  47.058
   286.8,0.024687,0.015779,0.215122,0.001550,  47.060
   287.0,0.024484,0.015658,0.213730,0.001586,  47.059
   287.2,0.024287,0.015537,0.212382,0.001537,  47.059
   287.4,0.024089,0.015412,0.211140,0.001537,  47.062
   287.6,0.023892,0.015298,0.209987,0.001573,  47.062
   287.8,0.023703,0.015182,0.208923,0.001560,  47.057
   288.0,0.023518,0.015064,0.207479,0.001586,  47.059
   288.2,0.023335,0.014958,0.205946,0.001573,  47.058
   288.4,0.023154,0.014846,0.204339,0.001573,  47.056
   288.6,0.022977,0.014735,0.202842,0.001586,  47.057
   288.8,0.022797,0.014626,0.201357,0.001573,  47.055
   289.0,0.022620,0.014517,0.199897,0.001573,  47.059
   289.2,0.022445,0.014427,0.198436,0.001550,  47.058
   289.4,0.022275,0.014340,0.196966,0.001573,  47.056
   289.6,0.022097,0.014272,0.195510,0.001582,  47.059
   289.8,0.021928,0.014205,0.194120,0.001560,  47.054
   290.0,0.021763,0.014104,0.192728,0.001573,  47.058
   290.2,0.021588,0.013998,0.191376,0.001537,  47.060
   290.4,0.021417,0.013876,0.189773,0.001515,  47.062
   290.6,0.021243,0.013774,0.188045,0.001515,  47.058
   290.8,0.021080,0.013671,0.186219,0.001515,  47.058
   291.0,0.020920,0.013573,0.184821,0.001515,  47.064
   291.2,0.020758,0.013477,0.183567,0.001515,  47.080
   291.4,0.020598,0.013382,0.182466,0.001550,  47.075
   291.6,0.020438,0.013281,0.181132,0.001586,  47.080
   291.8,0.020278,0.013178,0.179776,0.001586,  47.080
   292.0,0.020141,0.013082,0.178372,0.001537,  47.079
   292.2,0.020020,0.012984,0.177074,0.001550,  47.081
   292.4,0.019907,0.012883,0.175808,0.001550,  47.082
   292.6,0.019814,0.012788,0.174589,0.001537,  47.081
   292.8,0.019662,0.012689,0.173288,0.001550,  47.079
   293.0,0.019505,0.012588,0.171980,0.001537,  47.081
   293.2,0.019344,0.012493,0.170648,0.001524,  47.081
   293.4,0.019184,0.012396,0.169355,0.001537,  47.083
   293.6,0.019039,0.012298,0.168075,0.001524,  47.087
   293.8,0.018894,0.012209,0.166825,0.001524,  47.083
   294.0,0.018740,0.012114,0.165566,0.001537,  47.084
   294.2,0.018593,0.012019,0.164323,0.001537,  47.087
   294.4,0.018442,0.011936,0.163073,0.001537,  47.082
   294.6,0.018290,0.011846,0.162017,0.001537,  47.079
   294.8,0.018149,0.011756,0.161045,0.001515,  47.083
   295.0,0.018001,0.011670,0.160165,0.001550,  47.081
   295.2,0.017852,0.011585,0.159373,0.001537,  47.079
   295.4,0.017716,0.011497,0.158190,0.001550,  47.085
   295.6,0.017577,0.011410,0.156934,0.001537,  47.080
   295.8,0.017434,0.011323,0.155569,0.001537,  47.084
   296.0,0.017300,0.011239,0.154408,0.001550,  47.084
   296.2,0.017170,0.011153,0.153297,0.001537,  47.082
   296.4,0.017032,0.011070,0.152245,0.001524,  47.086
   296.6,0.016898,0.011000,0.151164,0.001537,  47.085
   296.8,0.016767,0.010937,0.150098,0.001524,  47.079
   297.0,0.016632,0.010876,0.149046,0.001524,  47.080
   297.2,0.016510,0.010828,0.148026,0.001502,  47.082
   297.4,0.016391,0.010752,0.147038,0.001502,  47.084
   297.6,0.016259,0.010670,0.146069,0.001502,  47.083
   297.8,0.016134,0.010588,0.145020,0.001479,  47.083
   298.0,0.016015,0.010508,0.143932,0.001443,  47.087
   298.2,0.015888,0.010432,0.142820,0.001479,  47.088
   298.4,0.015766,0.010358,0.141655,0.001479,  47.088
   298.6,0.015647,0.010278,0.140448,0.001479,  47.089
   298.8,0.015523,0.010210,0.139193,0.001502,  47.090
   299.0,0.015404,0.010142,0.138179,0.001515,  47.093
   299.2,0.015290,0.010070,0.137267,0.001502,  47.086
   299.4,0.015192,0.010001,0.136435,0.001488,  47.084
   299.6,0.015100,0.009930,0.135472,0.001502,  47.090
   299.8,0.015017,0.009860,0.134493,0.001488,  47.091
   300.0,0.014950,0.009792,0.133491,0.001488,  47.088
   300.2,0.014840,0.009723,0.132526,0.001502,  47.091
   300.4,0.014729,0.009653,0.131586,0.001488,  47.090
   300.6,0.014616,0.009580,0.130645,0.001488,  47.088
   300.8,0.014498,0.009515,0.129694,0.001502,  47.093
   301.0,0.014384,0.009442,0.128743,0.001488,  47.089
   301.2,0.014279,0.009375,0.127799,0.001475,  47.091
   301.4,0.014164,0.009308,0.126869,0.001488,  47.092
   301.6,0.014059,0.009240,0.125945,0.001488,  47.086
   301.8,0.013957,0.009175,0.125027,0.001475,  47.092
   302.0,0.013851,0.009112,0.124246,0.001475,  47.093
   302.2,0.013742,0.009045,0.123544,0.001439,  47.092
   302.4,0.013640,0.008979,0.122909,0.001524,  47.095
   302.6,0.013537,0.008911,0.122340,0.001511,  47.094
   302.8,0.013428,0.008845,0.121488,0.001511,  47.093
   303.0,0.013334,0.008781,0.120562,0.001511,  47.094
   303.2,0.013234,0.008718,0.119564,0.001511,  47.095
   303.4,0.013124,0.008666,0.118684,0.001524,  47.091
   303.6,0.013030,0.008610,0.117816,0.001524,  47.094
   303.8,0.012930,0.008569,0.116959,0.001511,  47.092
   304.0,0.012824,0.008526,0.116052,0.001524,  47.084
   304.2,0.012730,0.008470,0.115119,0.001524,  47.092
   304.4,0.012629,0.008409,0.114156,0.001511,  47.090
   304.6,0.012532,0.008345,0.113371,0.001511,  47.090
   304.8,0.012440,0.008283,0.112672,0.001498,  47.089
   305.0,0.012341,0.008227,0.112019,0.001471,  47.092
   305.2,0.012258,0.008174,0.111089,0.001471,  47.086
   305.4,0.012169,0.008116,0.110067,0.001471,  47.086
   305.6,0.012083,0.008062,0.108944,0.001471,  47.089
   305.8,0.011996,0.008015,0.108104,0.001471,  47.088
   306.0,0.011922,0.007957,0.107367,0.001484,  47.086
   306.2,0.011841,0.007912,0.106733,0.001484,  47.088
   306.4,0.011748,0.007866,0.106114,0.001498,  47.087
   306.6,0.011668,0.007810,0.105548,0.001498,  47.084
   306.8,0.011598,0.007765,0.105041,0.001498,  47.084
   307.0,0.011536,0.007717,0.104411,0.001511,  47.081
   307.2,0.011476,0.007666,0.103745,0.001498,  47.086
   307.4,0.011425,0.007619,0.103048,0.001498,  47.084
   307.6,0.011352,0.007569,0.102409,0.001511,  47.078
   307.8,0.011265,0.007521,0.101774,0.001498,  47.075
   308.0,0.011185,0.007476,0.101143,0.001498,  47.077
   308.2,0.011107,0.007432,0.100480,0.001511,  47.077
   308.4,0.011025,0.007384,0.099793,0.001498,  47.079
   308.6,0.010953,0.007332,0.099092,0.001498,  47.074
   308.8,0.010878,0.007281,0.098519,0.001498,  47.075
   309.0,0.010799,0.007235,0.098005,0.001475,  47.072
   309.2,0.010730,0.007181,0.097548,0.001439,  47.073
   309.4,0.010654,0.007133,0.097150,0.001453,  47.075
   309.6,0.010572,0.007086,0.096572,0.001417,  47.071
   309.8,0.010498,0.007041,0.095923,0.001439,  47.067
   310.0,0.010425,0.006998,0.095243,0.001439,  47.067
   310.2,0.010344,0.006959,0.094607,0.001453,  47.068
   310.4,0.010275,0.006924,0.093992,0.001453,  47.064
   310.6,0.010202,0.006886,0.093377,0.001475,  47.067
   310.8,0.010123,0.006857,0.092718,0.001488,  47.065
   311.0,0.010051,0.006813,0.092033,0.001488,  47.066
   311.2,0.009979,0.006767,0.091334,0.001475,  47.063
   311.4,0.009909,0.006722,0.090711,0.001488,  47.058
   311.6,0.009840,0.006672,0.090087,0.001488,  47.060
   311.8,0.009770,0.006633,0.089502,0.001475,  47.061
   312.0,0.009700,0.006590,0.088720,0.001488,  47.058
   312.2,0.009630,0.006543,0.087849,0.001488,  47.055
   312.4,0.009563,0.006503,0.086888,0.001475,  47.059
   312.6,0.009493,0.006457,0.086309,0.001488,  47.059
   312.8,0.009423,0.006411,0.085883,0.001488,  47.057
   313.0,0.009359,0.006371,0.085593,0.001488,  47.056
   313.2,0.009295,0.006331,0.085108,0.001502,  47.056
   313.4,0.009227,0.006290,0.084603,0.001488,  47.058
   313.6,0.009180,0.006248,0.084055,0.001488,  47.059
   313.8,0.009123,0.006212,0.083552,0.001502,  47.061
   314.0,0.009089,0.006173,0.083047,0.001488,  47.059
   314.2,0.009046,0.006133,0.082536,0.001475,  47.058
   314.4,0.008986,0.006094,0.082009,0.001488,  47.060
   314.6,0.008933,0.006058,0.081472,0.001488,  47.056
   314.8,0.008869,0.006024,0.080931,0.001475,  47.057
   315.0,0.008810,0.005997,0.080455,0.001488,  47.052
   315.2,0.008747,0.005964,0.079999,0.001488,  47.053
   315.4,0.008697,0.005926,0.079573,0.001488,  47.059
   315.6,0.008644,0.005893,0.079174,0.001488,  47.055
   315.8,0.008578,0.005857,0.078786,0.001453,  47.055
   316.0,0.008526,0.005817,0.078423,0.001488,  47.051
   316.2,0.008472,0.005784,0.078090,0.001475,  47.051
   316.4,0.008407,0.005751,0.077630,0.001488,  47.054
   316.6,0.008357,0.005710,0.077151,0.001488,  47.053
   316.8,0.008306,0.005678,0.076635,0.001488,  47.053
   317.0,0.008246,0.005645,0.076167,0.001502,  47.049
   317.2,0.008199,0.005609,0.075680,0.001488,  47.054
   317.4,0.008148,0.005576,0.075213,0.001488,  47.050
   317.6,0.008091,0.005549,0.074739,0.001502,  47.047
   317.8,0.008044,0.005527,0.074257,0.001488,  47.032
   318.0,0.007993,0.005505,0.073772,0.001488,  47.027
   318.2,0.007930,0.005488,0.073272,0.001502,  47.028
   318.4,0.007883,0.005456,0.072741,0.001488,  47.032
   318.6,0.007830,0.005423,0.072213,0.001488,  47.025
   318.8,0.007770,0.005384,0.071837,0.001502,  47.029
   319.0,0.007720,0.005355,0.071518,0.001488,  47.026
   319.2,0.007666,0.005315,0.071272,0.001475,  47.033
   319.4,0.007607,0.005287,0.070852,0.001488,  47.032
   319.6,0.007562,0.005253,0.070380,0.001488,  47.034
   319.8,0.007514,0.005220,0.069839,0.001488,  47.029
   320.0,0.007457,0.005188,0.069359,0.001502,  47.026
   320.2,0.007418,0.005152,0.068891,0.001488,  47.029
   320.4,0.007375,0.005127,0.068402,0.001488,  47.025
   320.6,0.007334,0.005104,0.067967,0.001502,  47.025
   320.8,0.007299,0.005071,0.067562,0.001488,  47.021
   321.0,0.007273,0.005041,0.067176,0.001488,  47.022
   321.2,0.007222,0.005010,0.066756,0.001502,  47.023
   321.4,0.007180,0.004978,0.066321,0.001488,  47.021
   321.6,0.007133,0.004951,0.065870,0.001475,  47.023
   321.8,0.007090,0.004925,0.065432,0.001488,  47.023
   322.0,0.007047,0.004900,0.065002,0.001488,  47.021
   322.2,0.007002,0.004870,0.064556,0.001475,  47.019
   322.4,0.006962,0.004843,0.064129,0.001488,  47.018
   322.6,0.006922,0.004819,0.063718,0.001488,  47.023
   322.8,0.006879,0.004789,0.063313,0.001475,  47.020
   323.0,0.006836,0.004763,0.062988,0.001475,  47.018
   323.2,0.006794,0.004739,0.062717,0.001439,  47.016
   323.4,0.006751,0.004714,0.062471,0.001475,  47.017
   323.6,0.006717,0.004698,0.062284,0.001462,  47.014
   323.8,0.006675,0.004673,0.061969,0.001462,  47.012
