Run Name,Group 9-30%
Run Date,02:24:19 PM   03-24-11
Method Name,30%B-Isocrat.1 SVS
Export Format Version, 1.00
Method ID, 1266
Points/Second, 1.00
Number of Records,   1470
Offset from Run Start Time,00:00:00
Run End Time,00:24:30
Time,Second
QuadTec 1, (280.0 nm), AU
QuadTec 2, (260.0 nm), AU
Gradient Pump,<Not Selected>
QuadTec 3, (214.0 nm), AU
QuadTec 4, (405.0 nm), AU
Conductivity,mS/cm
Trace 6,<Not Available>
GP Pressure,<Not Selected>
Volume,<Not Selected>
Fraction,<Not Available>
Time,QuadTec 1,QuadTec 2,QuadTec 3,QuadTec 4,Conductivity
     0.0,-0.000316,0.000000,0.000000,0.000000,  30.382
     1.0,0.000000,0.000000,0.000000,0.000000,  30.383
     2.0,0.000000,0.000000,0.000000,0.000000,  30.389
     3.0,0.000000,0.000000,0.000000,0.000000,  30.387
     4.0,-0.000006,-0.000009,-0.001222,-0.000022,  30.393
     5.0,-0.000006,-0.000013,-0.000346,-0.000009,  30.394
     6.0,-0.000009,-0.000012,-0.000287,-0.000053,  30.395
     7.0,-0.000014,-0.000018,-0.000238,-0.000088,  30.396
     8.0,-0.000027,-0.000016,-0.000373,-0.000080,  30.402
     9.0,-0.000014,-0.000009,-0.000575,-0.000039,  30.398
    10.0,-0.000016,-0.000006,-0.000377,-0.000053,  30.392
    11.0,-0.000006,-0.000006,-0.000370,-0.000088,  30.393
    12.0,0.000003,-0.000010,-0.000513,-0.000075,  30.393
    13.0,0.000000,-0.000010,-0.000454,-0.000039,  30.397
    14.0,-0.000005,-0.000011,-0.000349,-0.000061,  30.392
    15.0,-0.000011,-0.000008,-0.000394,-0.000061,  30.393
    16.0,-0.000011,-0.000007,-0.000389,-0.000048,  30.396
    17.0,-0.000014,-0.000008,-0.000310,-0.000097,  30.400
    18.0,-0.000017,-0.000016,-0.000341,-0.000048,  30.405
    19.0,-0.000012,-0.000013,-0.000269,-0.000048,  30.403
    20.0,-0.000018,-0.000017,-0.000335,-0.000083,  30.401
    21.0,-0.000020,-0.000018,-0.000253,-0.000083,  30.396
    22.0,-0.000040,-0.000033,-0.000319,-0.000097,  30.397
    23.0,-0.000043,-0.000025,-0.000526,-0.000083,  30.394
    24.0,-0.000024,-0.000027,-0.000516,-0.000048,  30.393
    25.0,-0.000027,-0.000017,-0.000432,-0.000106,  30.391
    26.0,-0.000019,-0.000023,-0.000387,-0.000048,  30.388
    27.0,-0.000023,-0.000013,-0.000367,-0.000021,  30.381
    28.0,-0.000015,-0.000013,-0.000442,-0.000043,  30.389
    29.0,-0.000009,-0.000001,-0.000567,-0.000007,  30.381
    30.0,-0.000009,0.000000,-0.001327,-0.000043,  30.384
    31.0,-0.000012,-0.000011,-0.000753,-0.000056,  30.382
    32.0,-0.000014,-0.000013,-0.000784,-0.000078,  30.385
    33.0,-0.000013,-0.000016,-0.000949,-0.000078,  30.385
    34.0,-0.000013,-0.000015,-0.000585,-0.000056,  30.384
    35.0,-0.000014,-0.000007,-0.000382,-0.000092,  30.386
    36.0,-0.000027,-0.000021,-0.000243,-0.000070,  30.382
    37.0,-0.000022,-0.000016,-0.000403,-0.000092,  30.382
    38.0,-0.000017,-0.000004,-0.000339,-0.000078,  30.384
    39.0,-0.000023,-0.000003,-0.000210,-0.000021,  30.391
    40.0,-0.000012,0.000001,-0.000681,-0.000021,  30.393
    41.0,-0.000007,0.000004,-0.000528,-0.000043,  30.394
    42.0,-0.000007,0.000003,-0.000511,-0.000021,  30.393
    43.0,-0.000008,0.000009,-0.000487,-0.000043,  30.396
    44.0,0.000003,0.000009,-0.000401,-0.000065,  30.403
    45.0,-0.000008,0.000013,-0.000208,-0.000051,  30.404
    46.0,-0.000008,0.000010,-0.000363,-0.000038,  30.404
    47.0,0.000001,0.000010,-0.000410,-0.000051,  30.404
    48.0,-0.000004,0.000007,-0.000286,-0.000051,  30.406
    49.0,-0.000010,0.000004,-0.000316,-0.000065,  30.415
    50.0,-0.000025,-0.000010,-0.000228,-0.000092,  30.415
    51.0,-0.000032,-0.000017,-0.000232,-0.000078,  30.416
    52.0,-0.000029,-0.000006,-0.000346,-0.000078,  30.417
    53.0,-0.000014,-0.000009,-0.001205,-0.000065,  30.416
    54.0,-0.000014,-0.000009,-0.001068,-0.000065,  30.419
    55.0,-0.000011,-0.000008,-0.000643,-0.000078,  30.423
    56.0,-0.000011,0.000004,-0.000559,-0.000087,  30.422
    57.0,-0.000007,-0.000005,-0.000463,-0.000065,  30.422
    58.0,-0.000002,-0.000001,-0.000458,-0.000065,  30.422
    59.0,-0.000010,-0.000005,-0.000495,-0.000051,  30.420
    60.0,-0.000010,-0.000001,-0.000198,-0.000029,  30.421
    61.0,-0.000004,0.000003,-0.000392,-0.000065,  30.422
    62.0,0.000001,0.000003,-0.000469,-0.000065,  30.415
    63.0,-0.000004,0.000005,-0.000409,-0.000043,  30.418
    64.0,-0.000013,0.000012,-0.001624,-0.000051,  30.419
    65.0,-0.000013,0.000012,-0.000835,-0.000065,  30.422
    66.0,0.000009,0.000019,-0.000641,-0.000051,  30.429
    67.0,0.000017,0.000034,-0.000862,-0.000038,  30.426
    68.0,0.000023,0.000036,-0.000430,-0.000016,  30.431
    69.0,0.000020,0.000035,-0.000368,-0.000038,  30.435
    70.0,0.000017,0.000034,-0.000349,-0.000002,  30.438
    71.0,0.000020,0.000022,-0.000343,-0.000038,  30.448
    72.0,0.000020,0.000019,-0.000338,-0.000038,  30.449
    73.0,0.000014,0.000017,-0.000336,-0.000065,  30.456
    74.0,0.000007,0.000023,-0.000681,-0.000051,  30.465
    75.0,0.000002,0.000027,-0.000569,-0.000038,  30.465
    76.0,0.000005,0.000030,-0.001283,-0.000051,  30.466
    77.0,0.000012,0.000023,-0.000605,-0.000087,  30.466
    78.0,0.000018,0.000019,-0.000249,-0.000051,  30.462
    79.0,0.000025,0.000023,-0.000472,-0.000038,  30.459
    80.0,0.000026,0.000032,-0.000492,-0.000038,  30.460
    81.0,0.000020,0.000036,-0.000815,-0.000016,  30.451
    82.0,0.000026,0.000038,-0.000591,-0.000038,  30.442
    83.0,0.000020,0.000025,-0.000314,-0.000038,  30.435
    84.0,0.000029,0.000029,-0.000321,-0.000016,  30.433
    85.0,0.000023,0.000032,-0.000417,-0.000038,  30.431
    86.0,0.000017,0.000039,-0.000317,-0.000038,  30.428
    87.0,0.000029,0.000040,-0.000437,-0.000038,  30.425
    88.0,0.000017,0.000032,-0.000437,-0.000051,  30.429
    89.0,0.000025,0.000041,-0.000222,-0.000051,  30.436
    90.0,0.000041,0.000048,-0.000143,-0.000038,  30.433
    91.0,0.000062,0.000063,0.000056,-0.000051,  30.436
    92.0,0.000102,0.000077,0.000410,-0.000038,  30.441
    93.0,0.000124,0.000100,0.000946,-0.000051,  30.442
    94.0,0.000171,0.000119,0.001388,-0.000051,  30.444
    95.0,0.000243,0.000155,0.002058,-0.000038,  30.456
    96.0,0.000322,0.000207,0.002766,-0.000038,  30.466
    97.0,0.000401,0.000248,0.003044,-0.000051,  30.471
    98.0,0.000492,0.000306,0.004205,-0.000038,  30.474
    99.0,0.000625,0.000383,0.005355,-0.000051,  30.490
   100.0,0.000784,0.000461,0.006816,-0.000038,  30.487
   101.0,0.000985,0.000552,0.008620,-0.000033,  30.488
   102.0,0.001197,0.000677,0.010739,-0.000038,  30.482
   103.0,0.001427,0.000821,0.013199,-0.000038,  30.490
   104.0,0.001701,0.000996,0.016366,-0.000002,  30.487
   105.0,0.002047,0.001185,0.019601,0.000011,  30.482
   106.0,0.002426,0.001396,0.022718,-0.000038,  30.478
   107.0,0.002873,0.001638,0.026733,-0.000002,  30.478
   108.0,0.003343,0.001873,0.030547,-0.000011,  30.472
   109.0,0.003912,0.002185,0.036204,-0.000024,  30.471
   110.0,0.004521,0.002626,0.043747,-0.000011,  30.468
   111.0,0.005147,0.002983,0.049943,-0.000033,  30.460
   112.0,0.005890,0.003409,0.056086,-0.000011,  30.454
   113.0,0.006783,0.003928,0.063369,0.000003,  30.456
   114.0,0.007790,0.004438,0.072754,-0.000033,  30.455
   115.0,0.008866,0.005025,0.082337,-0.000019,  30.451
   116.0,0.009987,0.005645,0.092892,-0.000006,  30.450
   117.0,0.010972,0.006379,0.104584,-0.000019,  30.448
   118.0,0.012337,0.007160,0.116834,-0.000006,  30.441
   119.0,0.013723,0.007965,0.124998,0.000044,  30.441
   120.0,0.015226,0.008854,0.140214,0.000052,  30.435
   121.0,0.016765,0.009602,0.154489,0.000044,  30.430
   122.0,0.018253,0.010438,0.168604,0.000057,  30.426
   123.0,0.019859,0.011397,0.182305,0.000057,  30.418
   124.0,0.021474,0.012590,0.201360,0.000057,  30.410
   125.0,0.023152,0.013497,0.215742,0.000071,  30.408
   126.0,0.024918,0.014537,0.227790,0.000084,  30.403
   127.0,0.026863,0.015658,0.245047,0.000084,  30.387
   128.0,0.028771,0.016545,0.261475,0.000071,  30.370
   129.0,0.030842,0.017763,0.280080,0.000071,  30.360
   130.0,0.032728,0.018930,0.297261,0.000057,  30.344
   131.0,0.034235,0.020017,0.313555,0.000052,  30.322
   132.0,0.036380,0.021252,0.331365,0.000052,  30.302
   133.0,0.038565,0.022506,0.347794,0.000039,  30.282
   134.0,0.040480,0.023622,0.363778,0.000003,  30.255
   135.0,0.042592,0.024604,0.381194,-0.000011,  30.221
   136.0,0.044591,0.025783,0.400227,-0.000029,  30.188
   137.0,0.046273,0.026772,0.413468,-0.000065,  30.151
   138.0,0.048302,0.028236,0.437926,-0.000051,  30.105
   139.0,0.050691,0.029505,0.455017,-0.000056,  30.054
   140.0,0.052417,0.030514,0.465552,-0.000078,  30.005
   141.0,0.054630,0.031818,0.484733,-0.000106,  29.953
   142.0,0.057112,0.032958,0.505474,-0.000092,  29.878
   143.0,0.059431,0.034226,0.525558,-0.000106,  29.812
   144.0,0.062142,0.035773,0.548952,-0.000133,  29.727
   145.0,0.064255,0.037308,0.572504,-0.000160,  29.633
   146.0,0.067237,0.038942,0.597474,-0.000160,  29.544
   147.0,0.070785,0.040862,0.620577,-0.000160,  29.419
   148.0,0.074746,0.043102,0.653431,-0.000160,  29.287
   149.0,0.078832,0.044784,0.686065,-0.000119,  29.132
   150.0,0.083733,0.047523,0.729641,-0.000146,  28.958
   151.0,0.087892,0.050429,0.773587,-0.000106,  28.770
   152.0,0.094764,0.054202,0.831136,-0.000092,  28.549
   153.0,0.103027,0.058694,0.896750,-0.000024,  28.329
   154.0,0.111128,0.063276,0.951841,0.000030,  28.101
   155.0,0.120822,0.068551,1.034646,0.000098,  27.855
   156.0,0.132545,0.073691,1.130673,0.000193,  27.617
   157.0,0.145032,0.080622,1.236115,0.000337,  27.396
   158.0,0.156397,0.087879,1.348018,0.000450,  27.198
   159.0,0.168574,0.095145,1.457993,0.000545,  27.025
   160.0,0.181954,0.102455,1.561183,0.000676,  26.909
   161.0,0.194607,0.109460,1.652058,0.000762,  26.814
   162.0,0.206426,0.115448,1.749919,0.000844,  26.773
   163.0,0.216882,0.120533,1.837198,0.000817,  26.777
   164.0,0.225808,0.125308,1.909636,0.000966,  26.837
   165.0,0.232446,0.129992,1.972905,0.000988,  26.938
   166.0,0.239377,0.133684,2.021608,0.000903,  27.085
   167.0,0.244932,0.136624,2.062251,0.000890,  27.276
   168.0,0.249413,0.138977,2.087338,0.000863,  27.487
   169.0,0.252685,0.140674,2.112324,0.000830,  27.720
   170.0,0.254991,0.141584,2.130458,0.000803,  27.968
   171.0,0.256297,0.142358,2.142224,0.000749,  28.215
   172.0,0.256678,0.142563,2.147757,0.000681,  28.457
   173.0,0.256673,0.142509,2.151469,0.000627,  28.702
   174.0,0.256038,0.142065,2.147819,0.000600,  28.914
   175.0,0.254684,0.141242,2.139864,0.000545,  29.127
   176.0,0.252978,0.140253,2.133429,0.000532,  29.315
   177.0,0.251013,0.139410,2.123721,0.000477,  29.483
   178.0,0.248400,0.138006,2.113970,0.000423,  29.643
   179.0,0.246448,0.136590,2.099563,0.000410,  29.781
   180.0,0.243989,0.135054,2.085645,0.000410,  29.897
   181.0,0.240522,0.133113,2.066006,0.000396,  30.002
   182.0,0.237467,0.131416,2.050909,0.000382,  30.088
   183.0,0.234245,0.129780,2.034140,0.000355,  30.154
   184.0,0.230579,0.127970,2.013228,0.000369,  30.211
   185.0,0.226874,0.125895,1.989425,0.000355,  30.268
   186.0,0.223273,0.123771,1.966195,0.000328,  30.295
   187.0,0.220060,0.121630,1.942445,0.000328,  30.332
   188.0,0.216010,0.119381,1.917161,0.000315,  30.359
   189.0,0.212035,0.117161,1.897951,0.000315,  30.370
   190.0,0.208007,0.114887,1.871080,0.000301,  30.385
   191.0,0.203888,0.113128,1.844423,0.000274,  30.395
   192.0,0.199934,0.111001,1.817687,0.000274,  30.412
   193.0,0.196372,0.108733,1.790725,0.000260,  30.415
   194.0,0.192921,0.106491,1.763901,0.000260,  30.420
   195.0,0.188488,0.104085,1.733326,0.000225,  30.428
   196.0,0.184696,0.101955,1.711559,0.000260,  30.430
   197.0,0.180722,0.099771,1.686761,0.000274,  30.427
   198.0,0.176727,0.097839,1.658497,0.000260,  30.431
   199.0,0.172630,0.095702,1.630236,0.000283,  30.431
   200.0,0.168559,0.093418,1.601071,0.000247,  30.431
   201.0,0.165478,0.091274,1.573292,0.000233,  30.432
   202.0,0.161624,0.089147,1.546228,0.000269,  30.435
   203.0,0.157719,0.086957,1.520642,0.000233,  30.431
   204.0,0.153970,0.084921,1.496346,0.000269,  30.431
   205.0,0.150288,0.083256,1.470595,0.000247,  30.429
   206.0,0.146700,0.081345,1.446355,0.000220,  30.431
   207.0,0.143481,0.079388,1.421537,0.000220,  30.432
   208.0,0.140770,0.077537,1.397629,0.000233,  30.433
   209.0,0.137063,0.075532,1.370987,0.000220,  30.435
   210.0,0.133926,0.073744,1.350794,0.000220,  30.433
   211.0,0.130791,0.072029,1.332157,0.000206,  30.429
   212.0,0.127625,0.070620,1.310555,0.000206,  30.427
   213.0,0.124488,0.068819,1.289029,0.000206,  30.427
   214.0,0.121431,0.067116,1.267729,0.000206,  30.424
   215.0,0.119046,0.065461,1.247532,0.000206,  30.425
   216.0,0.116255,0.063892,1.228231,0.000184,  30.421
   217.0,0.113453,0.062342,1.212077,0.000206,  30.423
   218.0,0.110756,0.060847,1.195332,0.000206,  30.426
   219.0,0.108181,0.059584,1.177981,0.000171,  30.427
   220.0,0.105784,0.058356,1.162921,0.000157,  30.425
   221.0,0.103446,0.057031,1.146953,0.000171,  30.430
   222.0,0.101676,0.055755,1.131916,0.000228,  30.432
   223.0,0.099339,0.054491,1.118767,0.000193,  30.431
   224.0,0.097198,0.053298,1.106257,0.000206,  30.432
   225.0,0.095192,0.052174,1.095837,0.000193,  30.436
   226.0,0.093212,0.051289,1.083334,0.000206,  30.433
   227.0,0.091215,0.050137,1.071955,0.000179,  30.438
   228.0,0.089324,0.049098,1.061316,0.000179,  30.435
   229.0,0.087762,0.048083,1.051072,0.000179,  30.447
   230.0,0.086142,0.047123,1.041321,0.000193,  30.449
   231.0,0.084491,0.046194,1.033564,0.000193,  30.450
   232.0,0.082927,0.045323,1.026394,0.000193,  30.446
   233.0,0.081427,0.044547,1.019079,0.000193,  30.445
   234.0,0.080046,0.043859,1.013429,0.000193,  30.443
   235.0,0.078699,0.043136,1.006701,0.000206,  30.443
   236.0,0.077687,0.042392,1.000804,0.000206,  30.446
   237.0,0.076467,0.041699,0.996208,0.000171,  30.442
   238.0,0.075297,0.041044,0.992783,0.000193,  30.439
   239.0,0.074190,0.040437,0.988189,0.000206,  30.446
   240.0,0.073132,0.039906,0.984762,0.000206,  30.448
   241.0,0.072090,0.039328,0.981217,0.000193,  30.451
   242.0,0.071119,0.038781,0.978843,0.000193,  30.451
   243.0,0.070405,0.038272,0.977143,0.000193,  30.454
   244.0,0.069516,0.037780,0.974084,0.000228,  30.459
   245.0,0.068702,0.037319,0.972862,0.000206,  30.468
   246.0,0.067946,0.036894,0.972201,0.000206,  30.465
   247.0,0.067234,0.036568,0.971975,0.000171,  30.471
   248.0,0.066586,0.036188,0.971804,0.000171,  30.468
   249.0,0.066012,0.035863,0.972434,0.000157,  30.473
   250.0,0.065510,0.035499,0.971784,0.000171,  30.472
   251.0,0.064959,0.035188,0.972491,0.000171,  30.482
   252.0,0.064452,0.034912,0.974182,0.000171,  30.482
   253.0,0.063951,0.034632,0.974426,0.000242,  30.479
   254.0,0.063495,0.034424,0.975861,0.000171,  30.486
   255.0,0.063075,0.034156,0.977922,0.000171,  30.488
   256.0,0.062686,0.033926,0.978999,0.000171,  30.494
   257.0,0.062377,0.033718,0.981133,0.000171,  30.495
   258.0,0.062026,0.033521,0.982375,0.000206,  30.495
   259.0,0.061699,0.033330,0.982329,0.000206,  30.496
   260.0,0.061431,0.033158,0.986591,0.000193,  30.495
   261.0,0.061168,0.033042,0.989156,0.000193,  30.497
   262.0,0.060912,0.032882,0.992589,0.000193,  30.495
   263.0,0.060748,0.032787,0.994888,0.000179,  30.497
   264.0,0.060532,0.032651,0.997550,0.000179,  30.498
   265.0,0.060352,0.032533,0.998679,0.000206,  30.499
   266.0,0.060218,0.032464,1.002038,0.000220,  30.502
   267.0,0.060063,0.032375,1.005490,0.000233,  30.499
   268.0,0.059911,0.032280,1.007996,0.000206,  30.499
   269.0,0.059796,0.032200,1.010028,0.000233,  30.499
   270.0,0.059696,0.032132,1.013098,0.000220,  30.500
   271.0,0.059598,0.032073,1.016619,0.000184,  30.497
   272.0,0.059504,0.032025,1.017268,0.000220,  30.498
   273.0,0.059419,0.031974,1.021205,0.000193,  30.493
   274.0,0.059349,0.031932,1.025145,0.000184,  30.495
   275.0,0.059292,0.031898,1.028922,0.000198,  30.493
   276.0,0.059228,0.031864,1.031709,0.000184,  30.493
   277.0,0.059195,0.031838,1.033978,0.000157,  30.494
   278.0,0.059137,0.031780,1.036447,0.000171,  30.493
   279.0,0.059094,0.031766,1.034714,0.000171,  30.495
   280.0,0.059073,0.031755,1.039798,0.000198,  30.495
   281.0,0.059043,0.031739,1.042956,0.000211,  30.492
   282.0,0.058994,0.031707,1.045226,0.000184,  30.500
   283.0,0.058961,0.031685,1.047746,0.000198,  30.496
   284.0,0.058934,0.031670,1.050052,0.000233,  30.498
   285.0,0.058903,0.031656,1.052308,0.000220,  30.501
   286.0,0.058879,0.031643,1.053860,0.000220,  30.501
   287.0,0.058846,0.031633,1.054029,0.000148,  30.500
   288.0,0.058812,0.031610,1.056500,0.000206,  30.502
   289.0,0.058791,0.031588,1.058765,0.000206,  30.502
   290.0,0.058749,0.031569,1.060037,0.000233,  30.503
   291.0,0.058703,0.031552,1.061013,0.000220,  30.500
   292.0,0.058655,0.031510,1.061774,0.000206,  30.502
   293.0,0.058624,0.031498,1.062978,0.000206,  30.500
   294.0,0.058579,0.031477,1.063288,0.000233,  30.496
   295.0,0.058555,0.031464,1.064588,0.000176,  30.496
   296.0,0.058512,0.031445,1.062842,0.000198,  30.499
   297.0,0.058446,0.031422,1.064018,0.000211,  30.502
   298.0,0.058400,0.031380,1.064671,0.000211,  30.501
   299.0,0.058346,0.031363,1.065294,0.000233,  30.500
   300.0,0.058270,0.031322,1.065110,0.000220,  30.499
   301.0,0.058182,0.031287,1.064813,0.000220,  30.500
   302.0,0.058103,0.031247,1.064777,0.000206,  30.500
   303.0,0.058031,0.031204,1.063609,0.000220,  30.498
   304.0,0.057937,0.031163,1.062398,0.000220,  30.498
   305.0,0.057858,0.031126,1.061682,0.000193,  30.497
   306.0,0.057737,0.031062,1.059684,0.000220,  30.495
   307.0,0.057653,0.031028,1.059264,0.000220,  30.494
   308.0,0.057541,0.030978,1.057613,0.000220,  30.494
   309.0,0.057423,0.030923,1.055662,0.000233,  30.491
   310.0,0.057332,0.030877,1.054621,0.000176,  30.494
   311.0,0.057208,0.030810,1.052403,0.000283,  30.494
   312.0,0.057097,0.030756,1.050154,0.000260,  30.491
   313.0,0.056958,0.030692,1.047662,0.000225,  30.495
   314.0,0.056813,0.030629,1.045973,0.000247,  30.494
   315.0,0.056668,0.030551,1.043782,0.000247,  30.493
   316.0,0.056499,0.030475,1.040389,0.000233,  30.498
   317.0,0.056333,0.030392,1.037284,0.000233,  30.491
   318.0,0.056155,0.030314,1.034212,0.000247,  30.493
   319.0,0.056017,0.030216,1.030625,0.000233,  30.487
   320.0,0.055833,0.030099,1.026812,0.000220,  30.488
   321.0,0.055655,0.030038,1.020518,0.000233,  30.487
   322.0,0.055472,0.029950,1.019721,0.000220,  30.490
   323.0,0.055279,0.029866,1.015999,0.000220,  30.487
   324.0,0.055096,0.029782,1.013792,0.000233,  30.486
   325.0,0.054949,0.029675,1.009822,0.000233,  30.487
   326.0,0.054729,0.029578,1.004714,0.000247,  30.486
   327.0,0.054522,0.029479,1.000886,0.000247,  30.487
   328.0,0.054300,0.029362,0.997269,0.000247,  30.492
   329.0,0.054090,0.029251,0.992707,0.000247,  30.490
   330.0,0.053862,0.029152,0.987473,0.000233,  30.489
   331.0,0.053617,0.029039,0.983159,0.000247,  30.490
   332.0,0.053395,0.028924,0.978328,0.000247,  30.490
   333.0,0.053179,0.028795,0.973519,0.000247,  30.493
   334.0,0.052892,0.028649,0.966511,0.000233,  30.491
   335.0,0.052665,0.028536,0.961010,0.000220,  30.493
   336.0,0.052450,0.028433,0.958754,0.000206,  30.492
   337.0,0.052160,0.028321,0.951787,0.000184,  30.493
   338.0,0.051936,0.028207,0.947021,0.000211,  30.496
   339.0,0.051736,0.028090,0.942801,0.000211,  30.495
   340.0,0.051489,0.027958,0.937276,0.000211,  30.497
   341.0,0.051217,0.027821,0.930305,0.000211,  30.489
   342.0,0.050940,0.027689,0.924348,0.000211,  30.493
   343.0,0.050672,0.027570,0.920031,0.000225,  30.494
   344.0,0.050402,0.027447,0.911276,0.000238,  30.492
   345.0,0.050143,0.027304,0.907698,0.000211,  30.502
   346.0,0.049891,0.027161,0.901929,0.000211,  30.503
   347.0,0.049606,0.027013,0.895561,0.000176,  30.504
   348.0,0.049297,0.026858,0.889940,0.000198,  30.504
   349.0,0.049024,0.026723,0.884270,0.000211,  30.510
   350.0,0.048754,0.026606,0.879052,0.000198,  30.505
   351.0,0.048461,0.026479,0.871927,0.000198,  30.504
   352.0,0.048230,0.026342,0.865746,0.000184,  30.506
   353.0,0.047973,0.026205,0.859854,0.000184,  30.506
   354.0,0.047698,0.026072,0.854554,0.000184,  30.506
   355.0,0.047403,0.025927,0.848399,0.000184,  30.502
   356.0,0.047101,0.025790,0.841455,0.000184,  30.502
   357.0,0.046821,0.025662,0.834992,0.000184,  30.498
   358.0,0.046523,0.025514,0.828424,0.000184,  30.498
   359.0,0.046285,0.025375,0.821236,0.000193,  30.499
   360.0,0.045999,0.025231,0.813264,0.000206,  30.498
   361.0,0.045711,0.025086,0.805962,0.000206,  30.494
   362.0,0.045423,0.024935,0.801325,0.000206,  30.491
   363.0,0.045134,0.024798,0.794930,0.000206,  30.490
   364.0,0.044867,0.024687,0.788810,0.000171,  30.495
   365.0,0.044586,0.024567,0.780252,0.000242,  30.492
   366.0,0.044339,0.024431,0.775489,0.000220,  30.489
   367.0,0.044099,0.024308,0.769575,0.000206,  30.489
   368.0,0.043817,0.024166,0.762539,0.000206,  30.490
   369.0,0.043527,0.024029,0.754257,0.000220,  30.490
   370.0,0.043250,0.023898,0.749474,0.000220,  30.490
   371.0,0.042960,0.023781,0.743717,0.000233,  30.493
   372.0,0.042679,0.023643,0.737597,0.000233,  30.493
   373.0,0.042443,0.023512,0.730633,0.000233,  30.497
   374.0,0.042174,0.023372,0.723058,0.000206,  30.493
   375.0,0.041912,0.023230,0.717211,0.000206,  30.492
   376.0,0.041638,0.023099,0.710749,0.000179,  30.495
   377.0,0.041373,0.022975,0.704206,0.000166,  30.490
   378.0,0.041111,0.022851,0.698875,0.000166,  30.492
   379.0,0.040884,0.022743,0.691644,0.000193,  30.492
   380.0,0.040663,0.022628,0.684724,0.000193,  30.489
   381.0,0.040418,0.022506,0.679148,0.000171,  30.486
   382.0,0.040165,0.022389,0.674294,0.000220,  30.489
   383.0,0.039916,0.022271,0.668127,0.000220,  30.485
   384.0,0.039652,0.022178,0.661807,0.000162,  30.491
   385.0,0.039408,0.022053,0.655083,0.000184,  30.493
   386.0,0.039194,0.021932,0.648432,0.000171,  30.491
   387.0,0.038953,0.021813,0.641960,0.000171,  30.491
   388.0,0.038719,0.021714,0.636074,0.000171,  30.491
   389.0,0.038493,0.021602,0.630410,0.000171,  30.491
   390.0,0.038261,0.021490,0.624311,0.000157,  30.493
   391.0,0.038036,0.021396,0.617939,0.000179,  30.493
   392.0,0.037808,0.021283,0.612622,0.000193,  30.494
   393.0,0.037643,0.021197,0.606411,0.000179,  30.493
   394.0,0.037447,0.021110,0.600277,0.000193,  30.494
   395.0,0.037227,0.021009,0.593196,0.000193,  30.497
   396.0,0.037014,0.020910,0.588915,0.000206,  30.496
   397.0,0.036801,0.020829,0.584212,0.000206,  30.496
   398.0,0.036602,0.020742,0.578861,0.000193,  30.497
   399.0,0.036415,0.020660,0.572630,0.000206,  30.498
   400.0,0.036233,0.020549,0.567244,0.000206,  30.500
   401.0,0.036035,0.020469,0.560497,0.000193,  30.497
   402.0,0.035850,0.020384,0.554793,0.000206,  30.496
   403.0,0.035669,0.020300,0.549650,0.000193,  30.503
   404.0,0.035483,0.020227,0.545472,0.000193,  30.497
   405.0,0.035342,0.020157,0.540540,0.000179,  30.495
   406.0,0.035135,0.020048,0.535545,0.000166,  30.495
   407.0,0.035023,0.020001,0.530224,0.000179,  30.495
   408.0,0.034897,0.019973,0.524983,0.000179,  30.496
   409.0,0.034719,0.019888,0.520619,0.000193,  30.498
   410.0,0.034556,0.019812,0.516505,0.000193,  30.495
   411.0,0.034403,0.019773,0.511319,0.000157,  30.503
   412.0,0.034235,0.019694,0.506030,0.000193,  30.500
   413.0,0.034114,0.019639,0.501191,0.000193,  30.501
   414.0,0.033985,0.019576,0.496320,0.000201,  30.504
   415.0,0.033822,0.019511,0.491703,0.000215,  30.504
   416.0,0.033710,0.019471,0.487621,0.000201,  30.498
   417.0,0.033613,0.019433,0.483286,0.000166,  30.492
   418.0,0.033473,0.019388,0.479091,0.000193,  30.493
   419.0,0.033416,0.019371,0.474966,0.000179,  30.484
   420.0,0.033276,0.019312,0.470367,0.000179,  30.477
   421.0,0.033130,0.019247,0.465964,0.000179,  30.475
   422.0,0.033131,0.019273,0.461776,0.000166,  30.473
   423.0,0.032998,0.019211,0.458523,0.000179,  30.470
   424.0,0.032853,0.019139,0.454847,0.000166,  30.468
   425.0,0.032767,0.019127,0.450582,0.000179,  30.469
   426.0,0.032684,0.019095,0.445913,0.000193,  30.467
   427.0,0.032585,0.019056,0.442270,0.000166,  30.455
   428.0,0.032516,0.019028,0.438545,0.000179,  30.469
   429.0,0.032439,0.019021,0.434788,0.000179,  30.472
   430.0,0.032362,0.018989,0.431266,0.000193,  30.475
   431.0,0.032305,0.018987,0.428247,0.000193,  30.481
   432.0,0.032259,0.018980,0.424682,0.000179,  30.482
   433.0,0.032234,0.018971,0.421654,0.000108,  30.485
   434.0,0.032116,0.018931,0.417903,0.000143,  30.487
   435.0,0.032052,0.018914,0.414418,0.000130,  30.490
   436.0,0.032109,0.018969,0.411237,0.000094,  30.488
   437.0,0.032037,0.018946,0.407494,0.000143,  30.494
   438.0,0.031984,0.018931,0.404888,0.000215,  30.496
   439.0,0.031918,0.018925,0.402444,0.000193,  30.495
   440.0,0.031881,0.018916,0.399185,0.000193,  30.497
   441.0,0.031875,0.018927,0.396255,0.000193,  30.501
   442.0,0.031840,0.018918,0.393260,0.000193,  30.501
   443.0,0.031789,0.018920,0.390648,0.000193,  30.498
   444.0,0.031795,0.018945,0.388365,0.000157,  30.500
   445.0,0.031778,0.018962,0.385484,0.000143,  30.496
   446.0,0.031775,0.018970,0.382921,0.000171,  30.498
   447.0,0.031809,0.019001,0.380775,0.000157,  30.495
   448.0,0.031793,0.019006,0.378092,0.000130,  30.491
   449.0,0.031727,0.018995,0.375462,0.000094,  30.493
   450.0,0.031840,0.019078,0.372560,0.000130,  30.494
   451.0,0.031818,0.019086,0.370889,0.000143,  30.493
   452.0,0.031792,0.019084,0.369017,0.000157,  30.494
   453.0,0.031795,0.019107,0.367025,0.000143,  30.492
   454.0,0.031813,0.019137,0.364813,0.000157,  30.495
   455.0,0.031830,0.019173,0.362900,0.000215,  30.502
   456.0,0.031861,0.019212,0.360257,0.000166,  30.502
   457.0,0.031869,0.019228,0.358309,0.000193,  30.500
   458.0,0.031883,0.019260,0.356756,0.000179,  30.506
   459.0,0.031949,0.019317,0.354944,0.000179,  30.505
   460.0,0.032003,0.019346,0.352638,0.000179,  30.507
   461.0,0.032031,0.019374,0.351931,0.000152,  30.514
   462.0,0.032103,0.019425,0.350249,0.000152,  30.522
   463.0,0.032086,0.019444,0.347327,0.000166,  30.528
   464.0,0.032189,0.019531,0.346651,0.000166,  30.528
   465.0,0.032274,0.019604,0.345762,0.000179,  30.534
   466.0,0.032276,0.019630,0.344391,0.000166,  30.541
   467.0,0.032279,0.019637,0.342985,0.000179,  30.541
   468.0,0.032336,0.019695,0.341767,0.000193,  30.534
   469.0,0.032429,0.019765,0.339729,0.000179,  30.538
   470.0,0.032460,0.019814,0.338792,0.000179,  30.534
   471.0,0.032511,0.019842,0.337526,0.000179,  30.534
   472.0,0.032608,0.019924,0.336678,0.000179,  30.537
   473.0,0.032647,0.019965,0.335494,0.000157,  30.535
   474.0,0.032756,0.020039,0.334411,0.000157,  30.533
   475.0,0.032871,0.020113,0.333389,0.000157,  30.527
   476.0,0.032939,0.020167,0.332595,0.000143,  30.530
   477.0,0.032951,0.020184,0.331318,0.000130,  30.524
   478.0,0.033067,0.020311,0.331011,0.000130,  30.523
   479.0,0.033187,0.020381,0.330426,0.000130,  30.520
   480.0,0.033248,0.020416,0.329280,0.000143,  30.514
   481.0,0.033313,0.020468,0.328459,0.000179,  30.512
   482.0,0.033373,0.020506,0.327424,0.000152,  30.520
   483.0,0.033473,0.020590,0.326587,0.000166,  30.522
   484.0,0.033579,0.020683,0.326371,0.000179,  30.525
   485.0,0.033642,0.020714,0.325637,0.000166,  30.527
   486.0,0.033748,0.020805,0.325111,0.000179,  30.529
   487.0,0.033871,0.020889,0.324602,0.000166,  30.527
   488.0,0.033983,0.020953,0.324253,0.000121,  30.522
   489.0,0.034100,0.021041,0.323703,0.000130,  30.521
   490.0,0.034247,0.021153,0.323709,0.000116,  30.521
   491.0,0.034278,0.021160,0.321928,0.000094,  30.523
   492.0,0.034366,0.021266,0.322037,0.000130,  30.522
   493.0,0.034608,0.021414,0.322732,0.000143,  30.525
   494.0,0.034650,0.021447,0.322288,0.000143,  30.526
   495.0,0.034725,0.021481,0.321034,0.000166,  30.525
   496.0,0.034840,0.021572,0.321494,0.000179,  30.522
   497.0,0.034943,0.021659,0.321127,0.000193,  30.527
   498.0,0.035084,0.021750,0.320385,0.000166,  30.531
   499.0,0.035204,0.021834,0.320847,0.000179,  30.527
   500.0,0.035310,0.021919,0.320920,0.000174,  30.530
   501.0,0.035455,0.021990,0.320801,0.000179,  30.532
   502.0,0.035604,0.022079,0.320919,0.000179,  30.538
   503.0,0.035713,0.022172,0.320920,0.000152,  30.532
   504.0,0.035843,0.022293,0.321436,0.000152,  30.543
   505.0,0.035934,0.022341,0.321159,0.000174,  30.540
   506.0,0.036032,0.022428,0.319573,0.000201,  30.541
   507.0,0.036277,0.022598,0.321369,0.000193,  30.539
   508.0,0.036372,0.022649,0.321501,0.000143,  30.542
   509.0,0.036476,0.022703,0.321381,0.000166,  30.543
   510.0,0.036568,0.022776,0.321547,0.000179,  30.545
   511.0,0.036689,0.022867,0.321894,0.000166,  30.545
   512.0,0.036853,0.022977,0.322401,0.000166,  30.548
   513.0,0.036974,0.023061,0.322336,0.000166,  30.543
   514.0,0.037119,0.023155,0.322514,0.000179,  30.545
   515.0,0.037274,0.023232,0.323244,0.000108,  30.552
   516.0,0.037384,0.023317,0.323288,0.000152,  30.547
   517.0,0.037523,0.023416,0.323664,0.000152,  30.551
   518.0,0.037681,0.023544,0.324404,0.000111,  30.550
   519.0,0.037777,0.023594,0.324242,0.000138,  30.557
   520.0,0.037872,0.023661,0.324162,0.000152,  30.557
   521.0,0.038152,0.023835,0.324867,0.000130,  30.553
   522.0,0.038242,0.023892,0.325006,0.000188,  30.559
   523.0,0.038343,0.023961,0.325587,0.000166,  30.563
   524.0,0.038468,0.024055,0.326184,0.000152,  30.560
   525.0,0.038574,0.024137,0.326055,0.000152,  30.562
   526.0,0.038736,0.024243,0.327598,0.000152,  30.563
   527.0,0.038902,0.024350,0.328128,0.000152,  30.564
   528.0,0.039006,0.024408,0.328252,0.000166,  30.569
   529.0,0.039168,0.024510,0.328577,0.000188,  30.569
   530.0,0.039343,0.024630,0.329383,0.000152,  30.562
   531.0,0.039432,0.024716,0.330116,0.000179,  30.567
   532.0,0.039595,0.024815,0.330971,0.000152,  30.566
   533.0,0.039737,0.024909,0.331472,0.000166,  30.561
   534.0,0.039827,0.024963,0.331373,0.000152,  30.562
   535.0,0.040077,0.025127,0.332463,0.000152,  30.561
   536.0,0.040207,0.025200,0.333342,0.000138,  30.560
   537.0,0.040276,0.025246,0.333449,0.000152,  30.556
   538.0,0.040407,0.025333,0.333793,0.000152,  30.555
   539.0,0.040535,0.025439,0.334450,0.000166,  30.552
   540.0,0.040687,0.025527,0.334961,0.000166,  30.555
   541.0,0.040850,0.025643,0.335880,0.000179,  30.556
   542.0,0.040989,0.025724,0.336583,0.000166,  30.553
   543.0,0.041129,0.025803,0.336463,0.000143,  30.554
   544.0,0.041286,0.025907,0.337830,0.000193,  30.547
   545.0,0.041409,0.026011,0.338618,0.000179,  30.546
   546.0,0.041540,0.026101,0.339335,0.000130,  30.536
   547.0,0.041670,0.026191,0.339964,0.000152,  30.534
   548.0,0.041790,0.026259,0.340324,0.000166,  30.541
   549.0,0.041962,0.026359,0.341352,0.000143,  30.535
   550.0,0.042131,0.026474,0.342310,0.000143,  30.538
   551.0,0.042242,0.026540,0.342193,0.000143,  30.549
   552.0,0.042324,0.026613,0.342931,0.000157,  30.552
   553.0,0.042470,0.026701,0.343591,0.000157,  30.553
   554.0,0.042613,0.026813,0.342824,0.000157,  30.556
   555.0,0.042759,0.026896,0.344919,0.000143,  30.558
   556.0,0.042882,0.026961,0.345928,0.000166,  30.559
   557.0,0.043031,0.027058,0.346908,0.000179,  30.564
   558.0,0.043177,0.027153,0.347624,0.000179,  30.559
   559.0,0.043267,0.027243,0.348519,0.000179,  30.563
   560.0,0.043402,0.027334,0.349447,0.000166,  30.559
   561.0,0.043543,0.027407,0.350088,0.000152,  30.559
   562.0,0.043630,0.027474,0.350400,0.000179,  30.560
   563.0,0.043780,0.027544,0.350837,0.000201,  30.563
   564.0,0.043962,0.027672,0.351553,0.000179,  30.558
   565.0,0.044047,0.027722,0.352551,0.000179,  30.556
   566.0,0.044152,0.027805,0.353427,0.000179,  30.558
   567.0,0.044284,0.027899,0.354241,0.000193,  30.556
   568.0,0.044410,0.027977,0.354859,0.000179,  30.556
   569.0,0.044554,0.028064,0.355736,0.000179,  30.552
   570.0,0.044668,0.028133,0.356703,0.000166,  30.545
   571.0,0.044785,0.028212,0.357181,0.000166,  30.539
   572.0,0.044903,0.028294,0.357982,0.000179,  30.534
   573.0,0.045029,0.028370,0.358766,0.000179,  30.526
   574.0,0.045144,0.028456,0.359300,0.000193,  30.524
   575.0,0.045247,0.028527,0.359925,0.000179,  30.525
   576.0,0.045352,0.028583,0.360605,0.000166,  30.531
   577.0,0.045467,0.028646,0.361090,0.000179,  30.531
   578.0,0.045638,0.028751,0.362278,0.000193,  30.529
   579.0,0.045714,0.028828,0.362978,0.000179,  30.536
   580.0,0.045796,0.028885,0.363577,0.000143,  30.543
   581.0,0.045908,0.028952,0.363066,0.000179,  30.551
   582.0,0.046038,0.029023,0.364239,0.000193,  30.551
   583.0,0.046144,0.029092,0.365532,0.000171,  30.554
   584.0,0.046264,0.029163,0.366606,0.000143,  30.555
   585.0,0.046356,0.029234,0.367154,0.000143,  30.552
   586.0,0.046447,0.029306,0.367707,0.000157,  30.551
   587.0,0.046559,0.029379,0.367882,0.000157,  30.547
   588.0,0.046668,0.029444,0.368262,0.000157,  30.548
   589.0,0.046742,0.029484,0.369367,0.000143,  30.545
   590.0,0.046842,0.029539,0.369764,0.000171,  30.543
   591.0,0.046940,0.029600,0.369954,0.000157,  30.534
   592.0,0.047052,0.029678,0.371199,0.000179,  30.511
   593.0,0.047152,0.029743,0.371939,0.000179,  30.504
   594.0,0.047241,0.029810,0.372603,0.000179,  30.487
   595.0,0.047365,0.029898,0.373080,0.000193,  30.473
   596.0,0.047477,0.029971,0.373902,0.000206,  30.471
   597.0,0.047556,0.030030,0.374417,0.000206,  30.466
   598.0,0.047639,0.030076,0.375084,0.000206,  30.470
   599.0,0.047705,0.030110,0.375738,0.000206,  30.471
   600.0,0.047779,0.030167,0.376229,0.000193,  30.475
   601.0,0.047849,0.030210,0.376779,0.000206,  30.468
   602.0,0.047929,0.030263,0.377183,0.000193,  30.474
   603.0,0.048000,0.030303,0.377792,0.000179,  30.479
   604.0,0.048086,0.030347,0.378217,0.000193,  30.478
   605.0,0.048174,0.030397,0.378758,0.000179,  30.494
   606.0,0.048255,0.030459,0.379243,0.000179,  30.501
   607.0,0.048343,0.030520,0.379844,0.000193,  30.512
   608.0,0.048396,0.030568,0.380202,0.000193,  30.517
   609.0,0.048479,0.030614,0.380645,0.000206,  30.527
   610.0,0.048562,0.030674,0.381206,0.000193,  30.532
   611.0,0.048630,0.030705,0.381768,0.000206,  30.544
   612.0,0.048704,0.030757,0.382281,0.000206,  30.558
   613.0,0.048776,0.030806,0.382834,0.000193,  30.564
   614.0,0.048838,0.030859,0.383243,0.000198,  30.566
   615.0,0.048897,0.030909,0.383894,0.000184,  30.573
   616.0,0.048968,0.030951,0.384262,0.000184,  30.576
   617.0,0.049021,0.030978,0.384752,0.000157,  30.580
   618.0,0.049063,0.030994,0.384664,0.000171,  30.582
   619.0,0.049149,0.031048,0.385273,0.000171,  30.583
   620.0,0.049197,0.031081,0.385536,0.000198,  30.585
   621.0,0.049256,0.031130,0.386006,0.000184,  30.594
   622.0,0.049303,0.031163,0.386548,0.000184,  30.593
   623.0,0.049360,0.031203,0.386756,0.000184,  30.598
   624.0,0.049413,0.031233,0.387185,0.000206,  30.599
   625.0,0.049442,0.031265,0.387648,0.000220,  30.600
   626.0,0.049499,0.031287,0.387922,0.000255,  30.600
   627.0,0.049549,0.031326,0.388244,0.000247,  30.598
   628.0,0.049573,0.031341,0.388425,0.000233,  30.596
   629.0,0.049627,0.031361,0.387895,0.000233,  30.593
   630.0,0.049665,0.031387,0.387818,0.000220,  30.591
   631.0,0.049689,0.031408,0.388701,0.000220,  30.590
   632.0,0.049716,0.031418,0.389152,0.000179,  30.591
   633.0,0.049760,0.031452,0.389304,0.000206,  30.591
   634.0,0.049763,0.031465,0.389505,0.000206,  30.582
   635.0,0.049811,0.031492,0.389946,0.000198,  30.574
   636.0,0.049843,0.031509,0.390178,0.000220,  30.563
   637.0,0.049873,0.031526,0.390138,0.000193,  30.553
   638.0,0.049909,0.031549,0.390348,0.000220,  30.537
   639.0,0.049933,0.031562,0.390938,0.000220,  30.531
   640.0,0.049959,0.031575,0.390849,0.000220,  30.516
   641.0,0.050013,0.031611,0.391135,0.000220,  30.504
   642.0,0.050025,0.031615,0.391260,0.000220,  30.507
   643.0,0.050027,0.031625,0.391129,0.000220,  30.504
   644.0,0.050057,0.031648,0.391434,0.000220,  30.499
   645.0,0.050066,0.031655,0.391763,0.000193,  30.501
   646.0,0.050027,0.031629,0.391403,0.000206,  30.509
   647.0,0.050090,0.031661,0.391651,0.000193,  30.509
   648.0,0.050084,0.031666,0.391721,0.000206,  30.510
   649.0,0.050057,0.031646,0.391604,0.000193,  30.516
   650.0,0.050117,0.031678,0.391677,0.000206,  30.522
   651.0,0.050123,0.031689,0.391846,0.000220,  30.527
   652.0,0.050105,0.031681,0.391923,0.000220,  30.538
   653.0,0.050141,0.031701,0.392065,0.000193,  30.542
   654.0,0.050132,0.031703,0.391934,0.000206,  30.547
   655.0,0.050141,0.031707,0.391961,0.000206,  30.552
   656.0,0.050147,0.031714,0.392103,0.000206,  30.549
   657.0,0.050131,0.031712,0.391900,0.000206,  30.553
   658.0,0.050114,0.031704,0.391704,0.000247,  30.549
   659.0,0.050108,0.031710,0.391972,0.000193,  30.541
   660.0,0.050048,0.031682,0.391350,0.000228,  30.537
   661.0,0.050072,0.031695,0.391412,0.000206,  30.529
   662.0,0.050099,0.031690,0.391781,0.000206,  30.515
   663.0,0.050037,0.031653,0.390842,0.000220,  30.512
   664.0,0.050054,0.031674,0.390976,0.000220,  30.509
   665.0,0.050075,0.031677,0.391227,0.000233,  30.504
   666.0,0.050066,0.031674,0.391095,0.000247,  30.504
   667.0,0.050037,0.031656,0.390905,0.000233,  30.508
   668.0,0.050028,0.031645,0.390701,0.000220,  30.508
   669.0,0.050010,0.031637,0.390706,0.000184,  30.517
   670.0,0.049986,0.031618,0.390551,0.000220,  30.515
   671.0,0.049933,0.031598,0.390226,0.000220,  30.516
   672.0,0.049894,0.031578,0.390349,0.000184,  30.514
   673.0,0.049834,0.031544,0.389975,0.000220,  30.514
   674.0,0.049734,0.031495,0.388861,0.000193,  30.519
   675.0,0.049760,0.031490,0.388977,0.000206,  30.525
   676.0,0.049763,0.031471,0.388752,0.000206,  30.522
   677.0,0.049627,0.031414,0.388065,0.000206,  30.522
   678.0,0.049653,0.031420,0.388096,0.000206,  30.524
   679.0,0.049630,0.031410,0.387935,0.000193,  30.531
   680.0,0.049591,0.031378,0.387683,0.000206,  30.524
   681.0,0.049571,0.031360,0.387267,0.000242,  30.531
   682.0,0.049523,0.031328,0.386931,0.000206,  30.540
   683.0,0.049461,0.031292,0.386724,0.000193,  30.545
   684.0,0.049455,0.031288,0.386417,0.000206,  30.554
   685.0,0.049387,0.031242,0.385946,0.000206,  30.561
   686.0,0.049306,0.031198,0.384888,0.000171,  30.568
   687.0,0.049277,0.031174,0.384863,0.000171,  30.575
   688.0,0.049164,0.031116,0.384530,0.000157,  30.580
   689.0,0.049108,0.031084,0.383943,0.000143,  30.594
   690.0,0.049155,0.031098,0.384122,0.000108,  30.591
   691.0,0.048990,0.030997,0.383189,0.000157,  30.600
   692.0,0.048969,0.030971,0.382707,0.000171,  30.603
   693.0,0.048963,0.030978,0.382754,0.000171,  30.606
   694.0,0.048906,0.030944,0.381924,0.000171,  30.613
   695.0,0.048844,0.030899,0.381389,0.000171,  30.617
   696.0,0.048796,0.030876,0.380972,0.000206,  30.618
   697.0,0.048720,0.030820,0.380512,0.000206,  30.618
   698.0,0.048663,0.030780,0.380063,0.000206,  30.618
   699.0,0.048607,0.030755,0.379811,0.000206,  30.627
   700.0,0.048518,0.030708,0.379046,0.000206,  30.636
   701.0,0.048423,0.030654,0.378230,0.000206,  30.633
   702.0,0.048352,0.030618,0.377868,0.000193,  30.632
   703.0,0.048228,0.030543,0.377208,0.000206,  30.629
   704.0,0.048225,0.030521,0.376867,0.000193,  30.629
   705.0,0.048086,0.030452,0.374923,0.000206,  30.630
   706.0,0.048009,0.030400,0.374843,0.000206,  30.630
   707.0,0.047971,0.030377,0.374619,0.000206,  30.628
   708.0,0.047918,0.030350,0.374494,0.000206,  30.628
   709.0,0.047843,0.030294,0.373953,0.000220,  30.622
   710.0,0.047737,0.030240,0.373163,0.000220,  30.622
   711.0,0.047669,0.030181,0.372629,0.000220,  30.624
   712.0,0.047583,0.030135,0.372198,0.000220,  30.612
   713.0,0.047474,0.030063,0.371245,0.000220,  30.606
   714.0,0.047380,0.030010,0.371060,0.000148,  30.602
   715.0,0.047267,0.029950,0.370192,0.000206,  30.605
   716.0,0.047143,0.029881,0.369094,0.000193,  30.609
   717.0,0.046999,0.029767,0.367938,0.000179,  30.604
   718.0,0.046996,0.029757,0.367251,0.000193,  30.611
   719.0,0.046863,0.029650,0.366197,0.000193,  30.614
   720.0,0.046724,0.029581,0.365171,0.000179,  30.611
   721.0,0.046701,0.029579,0.365466,0.000179,  30.615
   722.0,0.046604,0.029511,0.364885,0.000193,  30.617
   723.0,0.046560,0.029474,0.364177,0.000193,  30.621
   724.0,0.046451,0.029407,0.363202,0.000148,  30.624
   725.0,0.046342,0.029331,0.361568,0.000171,  30.627
   726.0,0.046241,0.029289,0.361334,0.000206,  30.628
   727.0,0.046138,0.029222,0.360642,0.000206,  30.630
   728.0,0.045994,0.029137,0.359414,0.000179,  30.628
   729.0,0.045888,0.029075,0.357886,0.000179,  30.630
   730.0,0.045806,0.029011,0.358141,0.000193,  30.635
   731.0,0.045594,0.028870,0.357092,0.000188,  30.634
   732.0,0.045550,0.028851,0.355258,0.000215,  30.633
   733.0,0.045494,0.028786,0.355680,0.000215,  30.633
   734.0,0.045274,0.028679,0.354055,0.000193,  30.629
   735.0,0.045224,0.028635,0.353979,0.000206,  30.626
   736.0,0.045162,0.028612,0.353463,0.000193,  30.624
   737.0,0.045071,0.028535,0.352378,0.000193,  30.629
   738.0,0.044927,0.028449,0.351331,0.000179,  30.625
   739.0,0.044822,0.028379,0.350630,0.000179,  30.624
   740.0,0.044686,0.028303,0.349812,0.000206,  30.623
   741.0,0.044566,0.028235,0.348813,0.000179,  30.621
   742.0,0.044449,0.028167,0.346740,0.000179,  30.619
   743.0,0.044317,0.028069,0.346743,0.000193,  30.618
   744.0,0.044188,0.027983,0.345895,0.000179,  30.622
   745.0,0.044047,0.027862,0.344756,0.000166,  30.623
   746.0,0.043950,0.027826,0.344005,0.000166,  30.621
   747.0,0.043865,0.027772,0.342726,0.000193,  30.624
   748.0,0.043637,0.027659,0.341795,0.000179,  30.620
   749.0,0.043578,0.027607,0.341184,0.000193,  30.617
   750.0,0.043488,0.027538,0.340459,0.000206,  30.615
   751.0,0.043406,0.027490,0.339692,0.000193,  30.613
   752.0,0.043277,0.027410,0.338889,0.000193,  30.611
   753.0,0.043122,0.027309,0.337126,0.000193,  30.602
   754.0,0.043026,0.027256,0.336688,0.000228,  30.603
   755.0,0.042877,0.027172,0.335664,0.000206,  30.600
   756.0,0.042707,0.027070,0.334327,0.000193,  30.597
   757.0,0.042616,0.027001,0.333747,0.000179,  30.585
   758.0,0.042464,0.026906,0.332494,0.000143,  30.589
   759.0,0.042269,0.026760,0.330268,0.000179,  30.588
   760.0,0.042181,0.026710,0.329879,0.000179,  30.586
   761.0,0.042073,0.026663,0.329650,0.000179,  30.588
   762.0,0.041794,0.026507,0.327789,0.000193,  30.588
   763.0,0.041759,0.026470,0.327296,0.000193,  30.593
   764.0,0.041701,0.026415,0.326572,0.000193,  30.595
   765.0,0.041543,0.026336,0.325045,0.000193,  30.597
   766.0,0.041450,0.026272,0.324478,0.000206,  30.593
   767.0,0.041272,0.026164,0.323511,0.000206,  30.596
   768.0,0.041124,0.026069,0.322370,0.000206,  30.591
   769.0,0.041007,0.026020,0.321889,0.000135,  30.586
   770.0,0.040856,0.025928,0.320500,0.000171,  30.587
   771.0,0.040705,0.025816,0.319274,0.000171,  30.586
   772.0,0.040574,0.025716,0.318224,0.000157,  30.582
   773.0,0.040370,0.025593,0.317058,0.000179,  30.587
   774.0,0.040228,0.025497,0.314931,0.000193,  30.588
   775.0,0.040152,0.025462,0.314672,0.000193,  30.582
   776.0,0.039885,0.025315,0.313554,0.000206,  30.580
   777.0,0.039784,0.025235,0.312026,0.000206,  30.575
   778.0,0.039741,0.025195,0.311474,0.000193,  30.580
   779.0,0.039622,0.025122,0.310022,0.000184,  30.592
   780.0,0.039482,0.025036,0.309463,0.000220,  30.598
   781.0,0.039314,0.024932,0.308287,0.000193,  30.603
   782.0,0.039172,0.024864,0.306916,0.000206,  30.608
   783.0,0.039013,0.024771,0.305601,0.000242,  30.607
   784.0,0.038882,0.024667,0.304764,0.000242,  30.616
   785.0,0.038741,0.024564,0.303498,0.000228,  30.618
   786.0,0.038570,0.024459,0.302205,0.000228,  30.622
   787.0,0.038375,0.024338,0.301214,0.000193,  30.625
   788.0,0.038237,0.024237,0.299799,0.000201,  30.617
   789.0,0.038118,0.024184,0.299534,0.000179,  30.616
   790.0,0.037916,0.024062,0.297387,0.000193,  30.614
   791.0,0.037795,0.023960,0.296433,0.000179,  30.611
   792.0,0.037676,0.023899,0.295635,0.000143,  30.609
   793.0,0.037523,0.023801,0.293200,0.000201,  30.608
   794.0,0.037422,0.023731,0.292937,0.000193,  30.597
   795.0,0.037240,0.023625,0.291994,0.000206,  30.599
   796.0,0.037059,0.023508,0.290815,0.000215,  30.595
   797.0,0.036949,0.023447,0.289702,0.000193,  30.586
   798.0,0.036820,0.023338,0.288839,0.000206,  30.585
   799.0,0.036624,0.023218,0.286944,0.000228,  30.582
   800.0,0.036514,0.023146,0.284905,0.000242,  30.580
   801.0,0.036342,0.023022,0.284689,0.000215,  30.576
   802.0,0.036102,0.022892,0.283193,0.000193,  30.579
   803.0,0.036065,0.022874,0.283213,0.000206,  30.574
   804.0,0.035907,0.022786,0.281698,0.000193,  30.565
   805.0,0.035678,0.022619,0.279807,0.000206,  30.558
   806.0,0.035623,0.022587,0.279377,0.000179,  30.562
   807.0,0.035494,0.022507,0.278589,0.000193,  30.561
   808.0,0.035335,0.022414,0.277382,0.000206,  30.564
   809.0,0.035192,0.022352,0.275607,0.000220,  30.568
   810.0,0.035002,0.022227,0.274369,0.000193,  30.568
   811.0,0.034873,0.022134,0.272843,0.000206,  30.568
   812.0,0.034750,0.022051,0.272584,0.000193,  30.576
   813.0,0.034569,0.021943,0.271221,0.000206,  30.579
   814.0,0.034397,0.021841,0.269783,0.000206,  30.584
   815.0,0.034271,0.021754,0.269063,0.000206,  30.587
   816.0,0.034047,0.021626,0.266609,0.000206,  30.587
   817.0,0.033939,0.021549,0.266694,0.000193,  30.589
   818.0,0.033836,0.021482,0.265909,0.000193,  30.589
   819.0,0.033584,0.021310,0.263726,0.000179,  30.591
   820.0,0.033449,0.021242,0.262955,0.000193,  30.593
   821.0,0.033366,0.021183,0.262254,0.000206,  30.593
   822.0,0.033204,0.021077,0.261214,0.000179,  30.593
   823.0,0.033015,0.020982,0.258937,0.000206,  30.597
   824.0,0.032866,0.020879,0.258453,0.000206,  30.599
   825.0,0.032772,0.020779,0.257243,0.000215,  30.595
   826.0,0.032587,0.020674,0.256108,0.000215,  30.604
   827.0,0.032441,0.020591,0.254007,0.000215,  30.600
   828.0,0.032276,0.020484,0.253053,0.000179,  30.602
   829.0,0.032105,0.020385,0.251987,0.000193,  30.609
   830.0,0.031885,0.020268,0.250922,0.000201,  30.606
   831.0,0.031797,0.020177,0.249931,0.000179,  30.606
   832.0,0.031689,0.020094,0.249283,0.000179,  30.609
   833.0,0.031401,0.019924,0.246955,0.000215,  30.604
   834.0,0.031330,0.019887,0.246339,0.000228,  30.613
   835.0,0.031233,0.019814,0.245572,0.000201,  30.608
   836.0,0.031088,0.019741,0.244502,0.000179,  30.611
   837.0,0.030934,0.019661,0.243842,0.000179,  30.609
   838.0,0.030753,0.019547,0.241966,0.000201,  30.609
   839.0,0.030635,0.019444,0.240872,0.000179,  30.614
   840.0,0.030492,0.019354,0.239736,0.000201,  30.623
   841.0,0.030324,0.019244,0.238572,0.000201,  30.621
   842.0,0.030145,0.019130,0.237324,0.000179,  30.623
   843.0,0.030000,0.019051,0.236069,0.000223,  30.623
   844.0,0.029791,0.018930,0.234319,0.000223,  30.626
   845.0,0.029680,0.018830,0.233271,0.000201,  30.625
   846.0,0.029626,0.018790,0.232916,0.000201,  30.632
   847.0,0.029376,0.018630,0.230704,0.000201,  30.628
   848.0,0.029227,0.018562,0.229962,0.000215,  30.624
   849.0,0.029167,0.018515,0.229272,0.000206,  30.627
   850.0,0.028994,0.018421,0.227684,0.000206,  30.628
   851.0,0.028830,0.018310,0.226501,0.000193,  30.624
   852.0,0.028711,0.018221,0.225726,0.000206,  30.625
   853.0,0.028539,0.018109,0.224451,0.000206,  30.618
   854.0,0.028384,0.017993,0.223215,0.000193,  30.621
   855.0,0.028251,0.017916,0.222298,0.000193,  30.626
   856.0,0.028082,0.017804,0.220980,0.000179,  30.625
   857.0,0.027904,0.017712,0.219415,0.000179,  30.623
   858.0,0.027756,0.017636,0.218209,0.000179,  30.623
   859.0,0.027590,0.017509,0.216952,0.000166,  30.628
   860.0,0.027519,0.017444,0.216192,0.000179,  30.622
   861.0,0.027350,0.017352,0.214075,0.000166,  30.625
   862.0,0.027153,0.017242,0.213453,0.000166,  30.622
   863.0,0.027062,0.017192,0.212696,0.000179,  30.622
   864.0,0.026956,0.017127,0.211982,0.000143,  30.621
   865.0,0.026789,0.017045,0.210076,0.000179,  30.625
   866.0,0.026612,0.016923,0.208784,0.000193,  30.623
   867.0,0.026499,0.016841,0.208191,0.000179,  30.622
   868.0,0.026372,0.016758,0.207300,0.000143,  30.629
   869.0,0.026198,0.016647,0.206206,0.000179,  30.625
   870.0,0.026067,0.016562,0.205193,0.000179,  30.626
   871.0,0.025895,0.016466,0.203888,0.000193,  30.626
   872.0,0.025726,0.016378,0.202851,0.000174,  30.621
   873.0,0.025566,0.016263,0.201646,0.000152,  30.622
   874.0,0.025493,0.016196,0.200623,0.000166,  30.617
   875.0,0.025293,0.016091,0.199285,0.000201,  30.620
   876.0,0.025153,0.015998,0.198174,0.000179,  30.615
   877.0,0.025060,0.015923,0.197243,0.000201,  30.619
   878.0,0.024915,0.015846,0.196168,0.000179,  30.613
   879.0,0.024786,0.015762,0.194352,0.000179,  30.611
   880.0,0.024646,0.015666,0.193755,0.000201,  30.610
   881.0,0.024503,0.015561,0.192792,0.000179,  30.613
   882.0,0.024402,0.015503,0.191837,0.000201,  30.608
   883.0,0.024243,0.015408,0.190817,0.000179,  30.608
   884.0,0.024066,0.015290,0.189620,0.000193,  30.602
   885.0,0.023935,0.015221,0.188504,0.000157,  30.601
   886.0,0.023786,0.015144,0.187360,0.000143,  30.602
   887.0,0.023551,0.015006,0.186087,0.000130,  30.604
   888.0,0.023512,0.014953,0.185353,0.000116,  30.600
   889.0,0.023372,0.014863,0.184453,0.000166,  30.604
   890.0,0.023174,0.014734,0.182737,0.000152,  30.606
   891.0,0.023107,0.014677,0.182079,0.000152,  30.607
   892.0,0.022981,0.014621,0.180184,0.000108,  30.607
   893.0,0.022834,0.014518,0.179596,0.000130,  30.616
   894.0,0.022717,0.014447,0.178930,0.000143,  30.614
   895.0,0.022588,0.014350,0.177667,0.000130,  30.617
   896.0,0.022453,0.014277,0.176945,0.000166,  30.624
   897.0,0.022309,0.014179,0.175827,0.000166,  30.625
   898.0,0.022170,0.014099,0.174848,0.000152,  30.633
   899.0,0.022011,0.014010,0.173349,0.000138,  30.641
   900.0,0.021867,0.013910,0.172624,0.000138,  30.643
   901.0,0.021700,0.013800,0.171142,0.000125,  30.643
   902.0,0.021604,0.013745,0.170098,0.000125,  30.645
   903.0,0.021499,0.013659,0.169672,0.000125,  30.642
   904.0,0.021318,0.013535,0.168076,0.000138,  30.639
   905.0,0.021215,0.013496,0.167271,0.000125,  30.636
   906.0,0.021110,0.013437,0.166295,0.000174,  30.621
   907.0,0.021013,0.013359,0.165458,0.000152,  30.618
   908.0,0.020896,0.013274,0.164420,0.000138,  30.618
   909.0,0.020740,0.013181,0.163334,0.000174,  30.621
   910.0,0.020626,0.013118,0.162813,0.000188,  30.619
   911.0,0.020499,0.013022,0.161744,0.000174,  30.614
   912.0,0.020352,0.012944,0.160563,0.000166,  30.616
   913.0,0.020224,0.012883,0.159382,0.000166,  30.613
   914.0,0.020086,0.012800,0.158392,0.000152,  30.614
   915.0,0.019939,0.012674,0.157293,0.000152,  30.613
   916.0,0.019861,0.012637,0.156755,0.000138,  30.611
   917.0,0.019758,0.012576,0.155835,0.000138,  30.611
   918.0,0.019553,0.012449,0.154215,0.000166,  30.613
   919.0,0.019490,0.012419,0.153563,0.000174,  30.615
   920.0,0.019396,0.012359,0.152484,0.000152,  30.617
   921.0,0.019274,0.012276,0.151549,0.000166,  30.617
   922.0,0.019180,0.012219,0.151084,0.000188,  30.614
   923.0,0.019027,0.012128,0.150100,0.000188,  30.617
   924.0,0.018884,0.012041,0.149110,0.000188,  30.619
   925.0,0.018801,0.011981,0.147993,0.000152,  30.611
   926.0,0.018648,0.011883,0.147156,0.000166,  30.610
   927.0,0.018497,0.011786,0.145853,0.000188,  30.607
   928.0,0.018392,0.011720,0.145128,0.000152,  30.603
   929.0,0.018278,0.011640,0.144173,0.000138,  30.602
   930.0,0.018124,0.011551,0.143217,0.000161,  30.605
   931.0,0.018076,0.011523,0.142869,0.000138,  30.600
   932.0,0.017909,0.011402,0.141597,0.000174,  30.602
   933.0,0.017782,0.011339,0.140580,0.000152,  30.604
   934.0,0.017724,0.011297,0.140171,0.000166,  30.602
   935.0,0.017625,0.011229,0.139107,0.000138,  30.602
   936.0,0.017515,0.011142,0.138100,0.000152,  30.605
   937.0,0.017399,0.011083,0.137340,0.000152,  30.610
   938.0,0.017264,0.010998,0.135845,0.000152,  30.613
   939.0,0.017145,0.010910,0.135346,0.000138,  30.613
   940.0,0.017035,0.010845,0.133857,0.000116,  30.616
   941.0,0.016892,0.010768,0.132798,0.000174,  30.616
   942.0,0.016768,0.010679,0.132291,0.000125,  30.616
   943.0,0.016680,0.010614,0.131771,0.000084,  30.628
   944.0,0.016532,0.010527,0.130746,0.000120,  30.630
   945.0,0.016468,0.010480,0.129950,0.000133,  30.636
   946.0,0.016317,0.010382,0.129026,0.000125,  30.637
   947.0,0.016209,0.010345,0.128505,0.000125,  30.640
   948.0,0.016144,0.010286,0.127340,0.000161,  30.642
   949.0,0.016059,0.010221,0.126728,0.000125,  30.639
   950.0,0.015968,0.010158,0.125753,0.000125,  30.643
   951.0,0.015836,0.010083,0.125078,0.000174,  30.638
   952.0,0.015712,0.010005,0.124114,0.000138,  30.639
   953.0,0.015622,0.009956,0.123516,0.000174,  30.640
   954.0,0.015493,0.009879,0.122274,0.000138,  30.641
   955.0,0.015381,0.009796,0.121571,0.000125,  30.640
   956.0,0.015299,0.009742,0.120480,0.000125,  30.642
   957.0,0.015175,0.009671,0.119753,0.000089,  30.636
   958.0,0.015011,0.009569,0.118774,0.000098,  30.640
   959.0,0.014988,0.009550,0.118471,0.000111,  30.637
   960.0,0.014870,0.009491,0.117482,0.000125,  30.637
   961.0,0.014725,0.009393,0.116010,0.000161,  30.635
   962.0,0.014681,0.009373,0.115792,0.000125,  30.631
   963.0,0.014602,0.009315,0.115213,0.000125,  30.631
   964.0,0.014501,0.009242,0.114321,0.000147,  30.622
   965.0,0.014399,0.009189,0.112402,0.000111,  30.621
   966.0,0.014287,0.009105,0.112319,0.000161,  30.615
   967.0,0.014192,0.009059,0.111970,0.000138,  30.609
   968.0,0.014097,0.008991,0.111541,0.000138,  30.594
   969.0,0.013976,0.008922,0.110471,0.000161,  30.594
   970.0,0.013877,0.008855,0.109575,0.000125,  30.590
   971.0,0.013781,0.008802,0.109147,0.000161,  30.582
   972.0,0.013643,0.008692,0.107668,0.000098,  30.580
   973.0,0.013588,0.008652,0.107257,0.000098,  30.584
   974.0,0.013517,0.008623,0.106615,0.000125,  30.584
   975.0,0.013364,0.008519,0.105551,0.000125,  30.583
   976.0,0.013307,0.008473,0.104878,0.000111,  30.589
   977.0,0.013247,0.008439,0.104460,0.000161,  30.590
   978.0,0.013156,0.008393,0.103641,0.000174,  30.593
   979.0,0.013034,0.008325,0.103121,0.000161,  30.590
   980.0,0.012957,0.008285,0.102607,0.000138,  30.591
   981.0,0.012864,0.008216,0.102277,0.000125,  30.589
   982.0,0.012750,0.008156,0.101065,0.000125,  30.587
   983.0,0.012691,0.008107,0.100141,0.000125,  30.592
   984.0,0.012598,0.008036,0.099539,0.000125,  30.588
   985.0,0.012489,0.007981,0.098675,0.000138,  30.588
   986.0,0.012396,0.007917,0.097861,0.000125,  30.583
   987.0,0.012325,0.007867,0.097492,0.000138,  30.588
   988.0,0.012246,0.007833,0.097086,0.000152,  30.586
   989.0,0.012110,0.007747,0.095902,0.000138,  30.583
   990.0,0.012063,0.007702,0.094693,0.000138,  30.583
   991.0,0.011997,0.007649,0.094311,0.000116,  30.585
   992.0,0.011914,0.007617,0.093789,0.000138,  30.580
   993.0,0.011821,0.007556,0.093336,0.000152,  30.583
   994.0,0.011723,0.007494,0.092682,0.000138,  30.580
   995.0,0.011650,0.007442,0.092069,0.000138,  30.576
   996.0,0.011572,0.007403,0.091536,0.000152,  30.578
   997.0,0.011473,0.007329,0.090615,0.000138,  30.580
   998.0,0.011389,0.007271,0.090061,0.000125,  30.577
   999.0,0.011282,0.007218,0.089333,0.000125,  30.583
  1000.0,0.011178,0.007137,0.088583,0.000111,  30.582
  1001.0,0.011112,0.007091,0.088175,0.000125,  30.586
  1002.0,0.011042,0.007059,0.087706,0.000111,  30.591
  1003.0,0.010903,0.006973,0.086465,0.000147,  30.592
  1004.0,0.010873,0.006934,0.085763,0.000125,  30.595
  1005.0,0.010819,0.006906,0.085347,0.000161,  30.602
  1006.0,0.010729,0.006856,0.084890,0.000125,  30.602
  1007.0,0.010659,0.006815,0.084130,0.000125,  30.605
  1008.0,0.010575,0.006769,0.083460,0.000161,  30.602
  1009.0,0.010491,0.006702,0.082833,0.000125,  30.613
  1010.0,0.010428,0.006658,0.082385,0.000125,  30.622
  1011.0,0.010350,0.006609,0.081653,0.000125,  30.620
  1012.0,0.010255,0.006550,0.081073,0.000138,  30.621
  1013.0,0.010173,0.006492,0.080369,0.000125,  30.625
  1014.0,0.010078,0.006442,0.079854,0.000125,  30.625
  1015.0,0.010005,0.006389,0.079210,0.000111,  30.630
  1016.0,0.009953,0.006366,0.078873,0.000111,  30.627
  1017.0,0.009878,0.006303,0.077966,0.000125,  30.630
  1018.0,0.009796,0.006258,0.077345,0.000111,  30.630
  1019.0,0.009745,0.006234,0.077009,0.000111,  30.622
  1020.0,0.009695,0.006196,0.076652,0.000111,  30.616
  1021.0,0.009607,0.006158,0.075920,0.000125,  30.615
  1022.0,0.009517,0.006105,0.075286,0.000125,  30.624
  1023.0,0.009452,0.006060,0.074667,0.000125,  30.618
  1024.0,0.009388,0.006006,0.074218,0.000161,  30.622
  1025.0,0.009304,0.005954,0.073483,0.000103,  30.615
  1026.0,0.009237,0.005909,0.072450,0.000125,  30.621
  1027.0,0.009161,0.005860,0.072056,0.000125,  30.615
  1028.0,0.009077,0.005817,0.071748,0.000125,  30.616
  1029.0,0.009012,0.005778,0.071461,0.000133,  30.617
  1030.0,0.008956,0.005730,0.070849,0.000098,  30.619
  1031.0,0.008891,0.005689,0.069988,0.000111,  30.622
  1032.0,0.008818,0.005642,0.069603,0.000147,  30.621
  1033.0,0.008772,0.005609,0.068591,0.000125,  30.621
  1034.0,0.008699,0.005564,0.068659,0.000161,  30.627
  1035.0,0.008648,0.005547,0.068335,0.000125,  30.627
  1036.0,0.008575,0.005507,0.067676,0.000125,  30.626
  1037.0,0.008488,0.005447,0.067131,0.000125,  30.623
  1038.0,0.008445,0.005414,0.066811,0.000125,  30.621
  1039.0,0.008371,0.005374,0.066175,0.000147,  30.619
  1040.0,0.008297,0.005322,0.065632,0.000147,  30.620
  1041.0,0.008243,0.005282,0.065172,0.000111,  30.617
  1042.0,0.008175,0.005239,0.064648,0.000133,  30.615
  1043.0,0.008081,0.005169,0.064118,0.000071,  30.613
  1044.0,0.008040,0.005148,0.062842,0.000084,  30.608
  1045.0,0.008003,0.005119,0.062830,0.000120,  30.612
  1046.0,0.007897,0.005058,0.062400,0.000120,  30.604
  1047.0,0.007858,0.005042,0.061358,0.000133,  30.600
  1048.0,0.007808,0.005005,0.061344,0.000084,  30.602
  1049.0,0.007748,0.004977,0.061130,0.000084,  30.601
  1050.0,0.007689,0.004929,0.060552,0.000156,  30.603
  1051.0,0.007608,0.004900,0.060039,0.000183,  30.603
  1052.0,0.007567,0.004859,0.059589,0.000098,  30.608
  1053.0,0.007514,0.004820,0.059316,0.000133,  30.604
  1054.0,0.007459,0.004780,0.058772,0.000133,  30.613
  1055.0,0.007380,0.004733,0.058387,0.000133,  30.616
  1056.0,0.007340,0.004708,0.058031,0.000098,  30.614
  1057.0,0.007253,0.004665,0.057578,0.000098,  30.614
  1058.0,0.007225,0.004630,0.057150,0.000098,  30.614
  1059.0,0.007178,0.004605,0.056921,0.000098,  30.613
  1060.0,0.007097,0.004558,0.056090,0.000125,  30.609
  1061.0,0.007056,0.004535,0.055827,0.000111,  30.611
  1062.0,0.007021,0.004512,0.055410,0.000111,  30.610
  1063.0,0.006970,0.004488,0.055060,0.000133,  30.607
  1064.0,0.006911,0.004449,0.054772,0.000111,  30.603
  1065.0,0.006852,0.004405,0.053599,0.000098,  30.606
  1066.0,0.006817,0.004369,0.053467,0.000133,  30.600
  1067.0,0.006753,0.004335,0.053131,0.000147,  30.611
  1068.0,0.006702,0.004301,0.053144,0.000147,  30.613
  1069.0,0.006651,0.004278,0.052612,0.000125,  30.611
  1070.0,0.006586,0.004241,0.051996,0.000111,  30.612
  1071.0,0.006503,0.004202,0.051689,0.000133,  30.615
  1072.0,0.006474,0.004169,0.051229,0.000098,  30.616
  1073.0,0.006438,0.004135,0.050889,0.000098,  30.617
  1074.0,0.006363,0.004094,0.050184,0.000147,  30.615
  1075.0,0.006342,0.004085,0.050063,0.000161,  30.617
  1076.0,0.006299,0.004060,0.049440,0.000161,  30.622
  1077.0,0.006245,0.004030,0.048966,0.000125,  30.623
  1078.0,0.006205,0.004007,0.048552,0.000125,  30.622
  1079.0,0.006148,0.003969,0.047832,0.000125,  30.625
  1080.0,0.006113,0.003938,0.047836,0.000125,  30.625
  1081.0,0.006065,0.003911,0.047719,0.000147,  30.620
  1082.0,0.006003,0.003879,0.047425,0.000161,  30.622
  1083.0,0.005952,0.003840,0.047024,0.000111,  30.626
  1084.0,0.005901,0.003812,0.046712,0.000147,  30.622
  1085.0,0.005832,0.003770,0.046382,0.000125,  30.623
  1086.0,0.005791,0.003734,0.045886,0.000111,  30.622
  1087.0,0.005775,0.003721,0.045592,0.000147,  30.617
  1088.0,0.005713,0.003679,0.045136,0.000147,  30.617
  1089.0,0.005668,0.003663,0.044750,0.000147,  30.619
  1090.0,0.005646,0.003643,0.044507,0.000125,  30.617
  1091.0,0.005604,0.003609,0.044124,0.000076,  30.618
  1092.0,0.005561,0.003586,0.043774,0.000089,  30.623
  1093.0,0.005513,0.003564,0.043455,0.000161,  30.619
  1094.0,0.005476,0.003532,0.043144,0.000111,  30.621
  1095.0,0.005439,0.003506,0.042842,0.000111,  30.631
  1096.0,0.005381,0.003485,0.042504,0.000125,  30.639
  1097.0,0.005336,0.003448,0.042182,0.000125,  30.638
  1098.0,0.005285,0.003418,0.041749,0.000125,  30.642
  1099.0,0.005234,0.003395,0.041467,0.000111,  30.643
  1100.0,0.005194,0.003349,0.041070,0.000133,  30.646
  1101.0,0.005159,0.003329,0.040786,0.000084,  30.652
  1102.0,0.005108,0.003298,0.040348,0.000120,  30.647
  1103.0,0.005071,0.003271,0.038629,0.000111,  30.654
  1104.0,0.005035,0.003254,0.039445,0.000084,  30.654
  1105.0,0.004998,0.003233,0.039296,0.000133,  30.654
  1106.0,0.004964,0.003215,0.039468,0.000111,  30.655
  1107.0,0.004912,0.003174,0.038755,0.000098,  30.654
  1108.0,0.004889,0.003146,0.038089,0.000147,  30.651
  1109.0,0.004848,0.003134,0.037993,0.000147,  30.655
  1110.0,0.004808,0.003110,0.037762,0.000147,  30.652
  1111.0,0.004773,0.003090,0.037559,0.000125,  30.652
  1112.0,0.004730,0.003064,0.037678,0.000125,  30.652
  1113.0,0.004677,0.003034,0.037068,0.000120,  30.649
  1114.0,0.004634,0.003005,0.036822,0.000098,  30.646
  1115.0,0.004615,0.002989,0.036559,0.000161,  30.647
  1116.0,0.004572,0.002960,0.036190,0.000147,  30.648
  1117.0,0.004532,0.002930,0.035818,0.000111,  30.655
  1118.0,0.004513,0.002924,0.035291,0.000147,  30.656
  1119.0,0.004482,0.002902,0.035178,0.000098,  30.658
  1120.0,0.004430,0.002869,0.034392,0.000098,  30.655
  1121.0,0.004404,0.002837,0.034538,0.000133,  30.660
  1122.0,0.004358,0.002821,0.034269,0.000133,  30.657
  1123.0,0.004321,0.002804,0.033989,0.000133,  30.662
  1124.0,0.004292,0.002771,0.033858,0.000111,  30.659
  1125.0,0.004246,0.002753,0.033615,0.000111,  30.667
  1126.0,0.004209,0.002723,0.033467,0.000147,  30.662
  1127.0,0.004169,0.002716,0.032994,0.000125,  30.666
  1128.0,0.004123,0.002679,0.032762,0.000098,  30.660
  1129.0,0.004110,0.002663,0.032376,0.000161,  30.671
  1130.0,0.004080,0.002650,0.032316,0.000111,  30.671
  1131.0,0.004029,0.002623,0.031836,0.000133,  30.672
  1132.0,0.004019,0.002607,0.031787,0.000120,  30.668
  1133.0,0.003997,0.002602,0.031489,0.000111,  30.671
  1134.0,0.003968,0.002574,0.031347,0.000133,  30.675
  1135.0,0.003938,0.002558,0.031007,0.000111,  30.673
  1136.0,0.003917,0.002546,0.030526,0.000111,  30.678
  1137.0,0.003891,0.002533,0.030491,0.000125,  30.676
  1138.0,0.003850,0.002516,0.030146,0.000111,  30.671
  1139.0,0.003821,0.002494,0.029896,0.000111,  30.678
  1140.0,0.003794,0.002475,0.028916,0.000125,  30.670
  1141.0,0.003752,0.002452,0.029394,0.000098,  30.668
  1142.0,0.003713,0.002433,0.029423,0.000133,  30.658
  1143.0,0.003695,0.002413,0.029273,0.000147,  30.640
  1144.0,0.003673,0.002395,0.028934,0.000161,  30.634
  1145.0,0.003631,0.002376,0.028543,0.000125,  30.630
  1146.0,0.003621,0.002365,0.028450,0.000098,  30.623
  1147.0,0.003591,0.002342,0.027218,0.000147,  30.620
  1148.0,0.003567,0.002325,0.027649,0.000125,  30.613
  1149.0,0.003541,0.002310,0.027646,0.000147,  30.613
  1150.0,0.003501,0.002286,0.027337,0.000147,  30.614
  1151.0,0.003474,0.002274,0.027228,0.000111,  30.613
  1152.0,0.003444,0.002240,0.026979,0.000147,  30.614
  1153.0,0.003410,0.002231,0.025556,0.000125,  30.618
  1154.0,0.003388,0.002208,0.026163,0.000111,  30.615
  1155.0,0.003370,0.002196,0.026255,0.000111,  30.619
  1156.0,0.003322,0.002167,0.026001,0.000084,  30.618
  1157.0,0.003295,0.002153,0.025338,0.000111,  30.617
  1158.0,0.003282,0.002144,0.025589,0.000147,  30.616
  1159.0,0.003242,0.002128,0.025252,0.000084,  30.616
  1160.0,0.003218,0.002102,0.025277,0.000120,  30.617
  1161.0,0.003191,0.002092,0.025268,0.000084,  30.621
  1162.0,0.003172,0.002061,0.024958,0.000098,  30.618
  1163.0,0.003137,0.002044,0.024787,0.000084,  30.621
  1164.0,0.003122,0.002028,0.024516,0.000120,  30.623
  1165.0,0.003079,0.002006,0.024254,0.000120,  30.628
  1166.0,0.003060,0.001994,0.024100,0.000084,  30.630
  1167.0,0.003031,0.001975,0.024229,0.000084,  30.624
  1168.0,0.002999,0.001951,0.023737,0.000084,  30.629
  1169.0,0.002983,0.001942,0.023518,0.000084,  30.630
  1170.0,0.002948,0.001921,0.023260,0.000093,  30.635
  1171.0,0.002925,0.001900,0.022644,0.000093,  30.635
  1172.0,0.002914,0.001904,0.022275,0.000084,  30.635
  1173.0,0.002887,0.001889,0.022206,0.000120,  30.638
  1174.0,0.002866,0.001873,0.022263,0.000156,  30.639
  1175.0,0.002847,0.001858,0.022239,0.000133,  30.638
  1176.0,0.002836,0.001852,0.021790,0.000169,  30.643
  1177.0,0.002818,0.001846,0.021679,0.000183,  30.643
  1178.0,0.002799,0.001835,0.021779,0.000147,  30.645
  1179.0,0.002775,0.001823,0.021604,0.000125,  30.648
  1180.0,0.002751,0.001812,0.021612,0.000111,  30.659
  1181.0,0.002733,0.001794,0.021101,0.000111,  30.656
  1182.0,0.002720,0.001792,0.020999,0.000125,  30.659
  1183.0,0.002701,0.001778,0.020930,0.000111,  30.657
  1184.0,0.002680,0.001768,0.020845,0.000098,  30.660
  1185.0,0.002642,0.001747,0.020665,0.000098,  30.662
  1186.0,0.002634,0.001742,0.020603,0.000098,  30.659
  1187.0,0.002616,0.001732,0.020248,0.000125,  30.654
  1188.0,0.002600,0.001724,0.019466,0.000125,  30.649
  1189.0,0.002587,0.001705,0.019485,0.000111,  30.651
  1190.0,0.002567,0.001691,0.019595,0.000125,  30.648
  1191.0,0.002549,0.001679,0.019721,0.000120,  30.645
  1192.0,0.002531,0.001665,0.019715,0.000111,  30.635
  1193.0,0.002501,0.001653,0.019395,0.000098,  30.628
  1194.0,0.002479,0.001629,0.019524,0.000133,  30.622
  1195.0,0.002462,0.001621,0.019296,0.000098,  30.620
  1196.0,0.002426,0.001597,0.019106,0.000098,  30.620
  1197.0,0.002411,0.001579,0.018880,0.000133,  30.618
  1198.0,0.002376,0.001560,0.018646,0.000133,  30.619
  1199.0,0.002333,0.001529,0.018531,0.000106,  30.620
  1200.0,0.002320,0.001532,0.018448,0.000084,  30.622
  1201.0,0.002304,0.001521,0.018278,0.000084,  30.622
  1202.0,0.002277,0.001503,0.017954,0.000106,  30.624
  1203.0,0.002280,0.001501,0.017820,0.000084,  30.622
  1204.0,0.002269,0.001492,0.017724,0.000120,  30.625
  1205.0,0.002253,0.001481,0.017661,0.000120,  30.625
  1206.0,0.002246,0.001479,0.017477,0.000084,  30.627
  1207.0,0.002221,0.001472,0.017222,0.000106,  30.633
  1208.0,0.002206,0.001462,0.016925,0.000084,  30.635
  1209.0,0.002187,0.001442,0.016962,0.000084,  30.641
  1210.0,0.002166,0.001423,0.016840,0.000120,  30.640
  1211.0,0.002141,0.001406,0.015885,0.000120,  30.641
  1212.0,0.002126,0.001398,0.016226,0.000120,  30.640
  1213.0,0.002094,0.001383,0.016221,0.000084,  30.636
  1214.0,0.002091,0.001378,0.016161,0.000111,  30.639
  1215.0,0.002083,0.001390,0.016084,0.000133,  30.637
  1216.0,0.002056,0.001370,0.015992,0.000071,  30.634
  1217.0,0.002048,0.001372,0.015807,0.000120,  30.634
  1218.0,0.002049,0.001350,0.015773,0.000120,  30.635
  1219.0,0.002035,0.001352,0.015668,0.000084,  30.635
  1220.0,0.002016,0.001343,0.015626,0.000133,  30.635
  1221.0,0.002007,0.001325,0.015607,0.000142,  30.628
  1222.0,0.001996,0.001317,0.015465,0.000120,  30.624
  1223.0,0.001977,0.001308,0.015327,0.000156,  30.622
  1224.0,0.001953,0.001303,0.015091,0.000156,  30.613
  1225.0,0.001939,0.001287,0.014947,0.000156,  30.604
  1226.0,0.001924,0.001276,0.014870,0.000156,  30.596
  1227.0,0.001889,0.001264,0.013959,0.000084,  30.594
  1228.0,0.001881,0.001245,0.013942,0.000120,  30.586
  1229.0,0.001879,0.001249,0.013994,0.000084,  30.580
  1230.0,0.001857,0.001236,0.014243,0.000084,  30.581
  1231.0,0.001855,0.001233,0.014251,0.000120,  30.581
  1232.0,0.001838,0.001229,0.013167,0.000084,  30.580
  1233.0,0.001828,0.001221,0.013843,0.000120,  30.586
  1234.0,0.001814,0.001221,0.013098,0.000084,  30.583
  1235.0,0.001810,0.001213,0.013177,0.000084,  30.581
  1236.0,0.001805,0.001207,0.013502,0.000120,  30.585
  1237.0,0.001795,0.001200,0.013679,0.000084,  30.590
  1238.0,0.001774,0.001190,0.013533,0.000120,  30.592
  1239.0,0.001761,0.001181,0.013434,0.000084,  30.604
  1240.0,0.001743,0.001170,0.013373,0.000111,  30.596
  1241.0,0.001711,0.001166,0.013434,0.000106,  30.603
  1242.0,0.001706,0.001150,0.013366,0.000084,  30.606
  1243.0,0.001697,0.001147,0.013191,0.000111,  30.610
  1244.0,0.001690,0.001138,0.013000,0.000147,  30.609
  1245.0,0.001676,0.001139,0.013061,0.000147,  30.606
  1246.0,0.001679,0.001133,0.012941,0.000147,  30.610
  1247.0,0.001660,0.001128,0.012769,0.000098,  30.612
  1248.0,0.001647,0.001122,0.012752,0.000098,  30.610
  1249.0,0.001636,0.001111,0.012555,0.000133,  30.608
  1250.0,0.001620,0.001097,0.012509,0.000111,  30.608
  1251.0,0.001607,0.001089,0.012280,0.000133,  30.606
  1252.0,0.001601,0.001078,0.012253,0.000133,  30.603
  1253.0,0.001582,0.001070,0.012271,0.000098,  30.605
  1254.0,0.001558,0.001063,0.012065,0.000111,  30.606
  1255.0,0.001545,0.001053,0.012122,0.000071,  30.604
  1256.0,0.001531,0.001041,0.011932,0.000098,  30.605
  1257.0,0.001533,0.001044,0.011876,0.000133,  30.603
  1258.0,0.001522,0.001042,0.011074,0.000098,  30.600
  1259.0,0.001514,0.001036,0.011296,0.000133,  30.600
  1260.0,0.001504,0.001022,0.011441,0.000098,  30.601
  1261.0,0.001502,0.001015,0.011446,0.000098,  30.595
  1262.0,0.001488,0.001021,0.010293,0.000125,  30.602
  1263.0,0.001486,0.001011,0.010995,0.000125,  30.599
  1264.0,0.001472,0.001006,0.011146,0.000111,  30.604
  1265.0,0.001459,0.001001,0.011069,0.000111,  30.605
  1266.0,0.001445,0.000988,0.011055,0.000111,  30.604
  1267.0,0.001434,0.000975,0.010990,0.000111,  30.612
  1268.0,0.001427,0.000970,0.010688,0.000098,  30.609
  1269.0,0.001405,0.000964,0.010651,0.000098,  30.606
  1270.0,0.001390,0.000951,0.010570,0.000133,  30.608
  1271.0,0.001389,0.000955,0.010617,0.000098,  30.613
  1272.0,0.001379,0.000954,0.010537,0.000147,  30.613
  1273.0,0.001373,0.000944,0.010382,0.000125,  30.613
  1274.0,0.001371,0.000946,0.010348,0.000111,  30.618
  1275.0,0.001361,0.000946,0.010057,0.000156,  30.620
  1276.0,0.001354,0.000924,0.010257,0.000156,  30.619
  1277.0,0.001342,0.000916,0.010081,0.000147,  30.622
  1278.0,0.001338,0.000911,0.009716,0.000169,  30.621
  1279.0,0.001330,0.000915,0.009975,0.000169,  30.619
  1280.0,0.001310,0.000901,0.009785,0.000169,  30.623
  1281.0,0.001303,0.000901,0.009716,0.000133,  30.624
  1282.0,0.001290,0.000894,0.009794,0.000084,  30.625
  1283.0,0.001276,0.000876,0.009742,0.000133,  30.622
  1284.0,0.001250,0.000859,0.009672,0.000098,  30.621
  1285.0,0.001247,0.000860,0.009591,0.000133,  30.624
  1286.0,0.001260,0.000857,0.009110,0.000133,  30.617
  1287.0,0.001244,0.000848,0.009059,0.000098,  30.618
  1288.0,0.001226,0.000848,0.009131,0.000133,  30.619
  1289.0,0.001229,0.000841,0.008858,0.000098,  30.616
  1290.0,0.001210,0.000833,0.008847,0.000098,  30.617
  1291.0,0.001210,0.000828,0.008829,0.000133,  30.605
  1292.0,0.001196,0.000826,0.008866,0.000133,  30.609
  1293.0,0.001182,0.000808,0.007809,0.000133,  30.604
  1294.0,0.001177,0.000803,0.008090,0.000120,  30.606
  1295.0,0.001163,0.000806,0.008433,0.000120,  30.608
  1296.0,0.001150,0.000804,0.008442,0.000142,  30.605
  1297.0,0.001147,0.000801,0.008539,0.000156,  30.604
  1298.0,0.001132,0.000787,0.008077,0.000120,  30.600
  1299.0,0.001135,0.000777,0.008326,0.000156,  30.591
  1300.0,0.001136,0.000788,0.008253,0.000147,  30.591
  1301.0,0.001125,0.000780,0.008310,0.000169,  30.587
  1302.0,0.001120,0.000784,0.007637,0.000133,  30.586
  1303.0,0.001117,0.000779,0.008171,0.000098,  30.583
  1304.0,0.001115,0.000778,0.008228,0.000133,  30.582
  1305.0,0.001115,0.000775,0.008124,0.000098,  30.576
  1306.0,0.001098,0.000769,0.008037,0.000133,  30.579
  1307.0,0.001102,0.000771,0.008038,0.000098,  30.581
  1308.0,0.001093,0.000760,0.007966,0.000098,  30.587
  1309.0,0.001077,0.000761,0.008248,0.000111,  30.590
  1310.0,0.001078,0.000755,0.007869,0.000098,  30.593
  1311.0,0.001072,0.000754,0.007711,0.000133,  30.597
  1312.0,0.001057,0.000742,0.007738,0.000133,  30.601
  1313.0,0.001051,0.000741,0.007701,0.000133,  30.600
  1314.0,0.001056,0.000744,0.007085,0.000147,  30.600
  1315.0,0.001057,0.000742,0.007204,0.000125,  30.603
  1316.0,0.001052,0.000739,0.007353,0.000111,  30.603
  1317.0,0.001046,0.000738,0.007281,0.000147,  30.606
  1318.0,0.001038,0.000737,0.007543,0.000125,  30.609
  1319.0,0.001035,0.000731,0.007451,0.000161,  30.605
  1320.0,0.001033,0.000723,0.007681,0.000174,  30.606
  1321.0,0.001024,0.000719,0.007530,0.000125,  30.610
  1322.0,0.001024,0.000725,0.007362,0.000161,  30.606
  1323.0,0.001029,0.000723,0.007117,0.000125,  30.601
  1324.0,0.001026,0.000724,0.007242,0.000125,  30.602
  1325.0,0.001026,0.000726,0.007341,0.000161,  30.597
  1326.0,0.001010,0.000706,0.007143,0.000174,  30.597
  1327.0,0.000985,0.000695,0.007302,0.000161,  30.592
  1328.0,0.000994,0.000698,0.007195,0.000125,  30.588
  1329.0,0.000989,0.000701,0.007142,0.000125,  30.581
  1330.0,0.000989,0.000689,0.007033,0.000161,  30.570
  1331.0,0.000983,0.000694,0.007108,0.000125,  30.565
  1332.0,0.000974,0.000695,0.006979,0.000161,  30.561
  1333.0,0.000969,0.000695,0.006932,0.000174,  30.557
  1334.0,0.000961,0.000688,0.006847,0.000125,  30.551
  1335.0,0.000947,0.000678,0.006760,0.000161,  30.544
  1336.0,0.000946,0.000677,0.006806,0.000169,  30.542
  1337.0,0.000940,0.000670,0.005868,0.000147,  30.543
  1338.0,0.000927,0.000662,0.006313,0.000183,  30.548
  1339.0,0.000913,0.000655,0.006540,0.000183,  30.542
  1340.0,0.000908,0.000647,0.006572,0.000169,  30.535
  1341.0,0.000898,0.000636,0.006375,0.000169,  30.533
  1342.0,0.000894,0.000638,0.006443,0.000111,  30.551
  1343.0,0.000889,0.000641,0.006476,0.000133,  30.553
  1344.0,0.000892,0.000630,0.006313,0.000098,  30.548
  1345.0,0.000884,0.000628,0.006258,0.000111,  30.554
  1346.0,0.000881,0.000632,0.006315,0.000147,  30.560
  1347.0,0.000873,0.000624,0.006338,0.000111,  30.564
  1348.0,0.000860,0.000615,0.006182,0.000147,  30.569
  1349.0,0.000853,0.000610,0.006301,0.000098,  30.573
  1350.0,0.000847,0.000612,0.006056,0.000098,  30.579
  1351.0,0.000850,0.000604,0.005859,0.000133,  30.587
  1352.0,0.000841,0.000603,0.005961,0.000098,  30.602
  1353.0,0.000832,0.000598,0.005843,0.000133,  30.607
  1354.0,0.000823,0.000596,0.005861,0.000084,  30.607
  1355.0,0.000801,0.000582,0.005884,0.000084,  30.615
  1356.0,0.000804,0.000583,0.006048,0.000133,  30.622
  1357.0,0.000813,0.000583,0.006005,0.000071,  30.622
  1358.0,0.000803,0.000577,0.005699,0.000098,  30.628
  1359.0,0.000807,0.000585,0.005684,0.000133,  30.634
  1360.0,0.000807,0.000586,0.005536,0.000133,  30.634
  1361.0,0.000793,0.000579,0.004630,0.000133,  30.634
  1362.0,0.000797,0.000575,0.005217,0.000098,  30.645
  1363.0,0.000786,0.000572,0.005134,0.000084,  30.647
  1364.0,0.000775,0.000561,0.005634,0.000133,  30.649
  1365.0,0.000781,0.000556,0.005445,0.000098,  30.647
  1366.0,0.000789,0.000562,0.005274,0.000111,  30.645
  1367.0,0.000773,0.000567,0.005272,0.000133,  30.644
  1368.0,0.000768,0.000565,0.005242,0.000084,  30.647
  1369.0,0.000744,0.000546,0.005433,0.000120,  30.645
  1370.0,0.000755,0.000542,0.005295,0.000084,  30.651
  1371.0,0.000766,0.000548,0.005293,0.000084,  30.656
  1372.0,0.000761,0.000543,0.005294,0.000120,  30.656
  1373.0,0.000753,0.000547,0.004841,0.000084,  30.658
  1374.0,0.000755,0.000541,0.005322,0.000120,  30.655
  1375.0,0.000755,0.000541,0.005167,0.000111,  30.649
  1376.0,0.000755,0.000541,0.005154,0.000133,  30.636
  1377.0,0.000747,0.000543,0.004927,0.000183,  30.634
  1378.0,0.000753,0.000543,0.004996,0.000196,  30.617
  1379.0,0.000739,0.000536,0.005107,0.000147,  30.615
  1380.0,0.000739,0.000541,0.004976,0.000169,  30.609
  1381.0,0.000730,0.000542,0.004871,0.000169,  30.607
  1382.0,0.000722,0.000532,0.003753,0.000133,  30.604
  1383.0,0.000709,0.000519,0.004490,0.000071,  30.600
  1384.0,0.000716,0.000518,0.005072,0.000111,  30.599
  1385.0,0.000706,0.000523,0.004860,0.000133,  30.596
  1386.0,0.000698,0.000509,0.004855,0.000098,  30.598
  1387.0,0.000701,0.000513,0.004856,0.000133,  30.600
  1388.0,0.000704,0.000517,0.004470,0.000133,  30.598
  1389.0,0.000693,0.000512,0.004454,0.000133,  30.601
  1390.0,0.000689,0.000510,0.004546,0.000169,  30.607
  1391.0,0.000696,0.000521,0.004482,0.000169,  30.609
  1392.0,0.000687,0.000512,0.004819,0.000147,  30.617
  1393.0,0.000688,0.000518,0.004749,0.000183,  30.617
  1394.0,0.000692,0.000519,0.004727,0.000183,  30.625
  1395.0,0.000694,0.000519,0.003759,0.000183,  30.627
  1396.0,0.000697,0.000509,0.004071,0.000196,  30.628
  1397.0,0.000684,0.000512,0.004557,0.000133,  30.637
  1398.0,0.000675,0.000499,0.003744,0.000161,  30.643
  1399.0,0.000692,0.000513,0.004177,0.000138,  30.651
  1400.0,0.000683,0.000505,0.004365,0.000138,  30.659
  1401.0,0.000680,0.000511,0.003905,0.000174,  30.662
  1402.0,0.000679,0.000510,0.004264,0.000188,  30.665
  1403.0,0.000679,0.000505,0.004326,0.000147,  30.672
  1404.0,0.000672,0.000502,0.004328,0.000161,  30.669
  1405.0,0.000670,0.000497,0.003455,0.000147,  30.667
  1406.0,0.000666,0.000488,0.003957,0.000183,  30.677
  1407.0,0.000660,0.000488,0.004122,0.000196,  30.688
  1408.0,0.000657,0.000483,0.004100,0.000183,  30.683
  1409.0,0.000652,0.000488,0.004051,0.000161,  30.684
  1410.0,0.000644,0.000480,0.004092,0.000111,  30.684
  1411.0,0.000631,0.000477,0.004239,0.000142,  30.678
  1412.0,0.000615,0.000458,0.004238,0.000156,  30.677
  1413.0,0.000620,0.000456,0.004111,0.000120,  30.670
  1414.0,0.000617,0.000448,0.003575,0.000169,  30.666
  1415.0,0.000605,0.000451,0.003244,0.000169,  30.663
  1416.0,0.000614,0.000453,0.002320,0.000169,  30.666
  1417.0,0.000623,0.000465,0.003416,0.000161,  30.661
  1418.0,0.000623,0.000466,0.003871,0.000125,  30.665
  1419.0,0.000608,0.000462,0.003908,0.000147,  30.664
  1420.0,0.000612,0.000456,0.003837,0.000125,  30.662
  1421.0,0.000606,0.000459,0.003846,0.000147,  30.662
  1422.0,0.000609,0.000454,0.003452,0.000147,  30.663
  1423.0,0.000617,0.000452,0.003212,0.000111,  30.663
  1424.0,0.000597,0.000455,0.003604,0.000147,  30.659
  1425.0,0.000587,0.000453,0.003513,0.000111,  30.660
  1426.0,0.000582,0.000438,0.003679,0.000098,  30.657
  1427.0,0.000591,0.000437,0.003705,0.000133,  30.656
  1428.0,0.000588,0.000437,0.003688,0.000133,  30.656
  1429.0,0.000605,0.000440,0.003681,0.000133,  30.662
  1430.0,0.000602,0.000447,0.003579,0.000098,  30.662
  1431.0,0.000594,0.000442,0.003597,0.000098,  30.671
  1432.0,0.000600,0.000447,0.003745,0.000147,  30.670
  1433.0,0.000597,0.000452,0.003676,0.000125,  30.674
  1434.0,0.000588,0.000445,0.003550,0.000111,  30.677
  1435.0,0.000588,0.000440,0.003524,0.000161,  30.672
  1436.0,0.000580,0.000444,0.003488,0.000125,  30.673
  1437.0,0.000577,0.000441,0.003504,0.000161,  30.672
  1438.0,0.000575,0.000442,0.003685,0.000138,  30.672
  1439.0,0.000570,0.000437,0.003732,0.000125,  30.677
  1440.0,0.000569,0.000426,0.003253,0.000111,  30.678
  1441.0,0.000577,0.000432,0.003250,0.000125,  30.675
  1442.0,0.000573,0.000431,0.003458,0.000147,  30.676
  1443.0,0.000565,0.000430,0.003218,0.000125,  30.677
  1444.0,0.000562,0.000430,0.003168,0.000125,  30.674
  1445.0,0.000558,0.000431,0.003293,0.000147,  30.671
  1446.0,0.000564,0.000424,0.003665,0.000125,  30.670
  1447.0,0.000561,0.000422,0.003542,0.000125,  30.674
  1448.0,0.000556,0.000432,0.003473,0.000147,  30.670
  1449.0,0.000548,0.000421,0.003304,0.000147,  30.666
  1450.0,0.000545,0.000420,0.002155,0.000147,  30.665
  1451.0,0.000543,0.000412,0.002958,0.000156,  30.664
  1452.0,0.000541,0.000412,0.003042,0.000098,  30.663
  1453.0,0.000541,0.000409,0.003332,0.000133,  30.663
  1454.0,0.000528,0.000398,0.003259,0.000071,  30.662
  1455.0,0.000528,0.000400,0.003183,0.000120,  30.666
  1456.0,0.000531,0.000411,0.003234,0.000147,  30.664
  1457.0,0.000530,0.000414,0.003039,0.000111,  30.660
  1458.0,0.000539,0.000406,0.003019,0.000147,  30.659
  1459.0,0.000533,0.000405,0.003146,0.000125,  30.656
  1460.0,0.000528,0.000401,0.003019,0.000111,  30.646
  1461.0,0.000525,0.000400,0.003124,0.000147,  30.646
  1462.0,0.000522,0.000408,0.003089,0.000147,  30.644
  1463.0,0.000522,0.000413,0.003115,0.000147,  30.642
  1464.0,0.000527,0.000410,0.002868,0.000125,  30.645
  1465.0,0.000527,0.000414,0.002667,0.000111,  30.640
  1466.0,0.000522,0.000413,0.003119,0.000161,  30.642
  1467.0,0.000519,0.000406,0.002534,0.000125,  30.641
  1468.0,0.000506,0.000393,0.002805,0.000111,  30.643
  1469.0,0.000508,0.000394,0.002455,0.000147,  30.644
