Run Name,Group 2 - 35/65
Run Date,01:21:04 PM   02-22-11
Method Name,35%B-Isocrat
Export Format Version, 1.00
Method ID, 1194
Points/Second, 1.00
Number of Records,    972
Offset from Run Start Time,00:00:00
Run End Time,00:16:12
Time,Second
QuadTec 1, (280.0 nm), AU
QuadTec 2, (260.0 nm), AU
Gradient Pump,<Not Selected>
QuadTec 3, (214.0 nm), AU
QuadTec 4, (405.0 nm), AU
Conductivity,mS/cm
Trace 6,<Not Available>
GP Pressure,<Not Selected>
Volume,<Not Selected>
Fraction,<Not Available>
Time,QuadTec 1,QuadTec 2,QuadTec 3,QuadTec 4,Conductivity
     0.0,0.004501,0.003268,0.010965,0.000000,  24.475
     1.0,0.004012,0.003275,0.000000,0.000000,  24.422
     2.0,0.000000,0.000000,0.000000,0.000000,  24.410
     3.0,0.000000,0.000000,0.000000,0.000000,  24.401
     4.0,0.000000,0.000000,0.000000,0.000000,  24.402
     5.0,0.000000,0.000000,0.001560,-0.000009,  24.398
     6.0,0.000012,0.000000,0.001425,-0.000018,  24.393
     7.0,0.000009,0.000016,0.001365,-0.000053,  24.399
     8.0,0.000025,0.000019,0.001410,-0.000018,  24.398
     9.0,0.000027,0.000025,0.001354,-0.000107,  24.416
    10.0,-0.000046,0.000039,0.001444,-0.000219,  24.463
    11.0,-0.000075,0.000019,0.001767,-0.000291,  24.494
    12.0,-0.000103,-0.000008,0.001950,-0.000421,  24.478
    13.0,-0.000278,-0.000054,0.001675,-0.000259,  24.425
    14.0,-0.000178,-0.000205,0.001534,-0.000201,  24.422
    15.0,-0.000072,-0.000143,0.000665,-0.000098,  24.422
    16.0,-0.000031,-0.000065,0.001136,-0.000084,  24.413
    17.0,0.000006,-0.000023,0.001285,-0.000107,  24.412
    18.0,0.000024,0.000009,0.001523,-0.000044,  24.408
    19.0,0.000032,0.000036,0.001574,-0.000057,  24.404
    20.0,0.000035,0.000044,0.001610,-0.000080,  24.398
    21.0,0.000048,0.000042,0.001730,-0.000125,  24.407
    22.0,0.000020,0.000052,0.002257,-0.000268,  24.442
    23.0,-0.000068,0.000033,0.002603,-0.000309,  24.474
    24.0,-0.000107,-0.000021,0.002523,-0.000430,  24.472
    25.0,-0.000279,-0.000042,0.002024,-0.000268,  24.396
    26.0,-0.000191,-0.000199,0.001661,-0.000160,  24.371
    27.0,-0.000080,-0.000167,0.000932,-0.000142,  24.374
    28.0,-0.000005,-0.000067,0.001464,-0.000151,  24.374
    29.0,0.000009,-0.000012,0.001546,-0.000115,  24.369
    30.0,0.000030,0.000021,0.001721,-0.000138,  24.374
    31.0,0.000041,0.000044,0.001797,-0.000093,  24.378
    32.0,0.000039,0.000053,0.001767,-0.000066,  24.376
    33.0,0.000050,0.000055,0.001840,-0.000107,  24.383
    34.0,0.000035,0.000061,0.001559,-0.000214,  24.419
    35.0,-0.000045,0.000071,0.002460,-0.000322,  24.466
    36.0,-0.000135,0.000013,0.002553,-0.000403,  24.469
    37.0,-0.000285,-0.000047,0.002098,-0.000282,  24.417
    38.0,-0.000223,-0.000192,0.002078,-0.000174,  24.388
    39.0,-0.000081,-0.000167,0.002006,-0.000107,  24.390
    40.0,-0.000006,-0.000048,0.001813,-0.000080,  24.374
    41.0,0.000028,0.000007,0.001778,-0.000039,  24.372
    42.0,0.000043,0.000036,0.001746,-0.000088,  24.368
    43.0,0.000053,0.000046,0.001716,-0.000111,  24.366
    44.0,0.000056,0.000055,0.001766,-0.000111,  24.353
    45.0,0.000067,0.000048,0.001778,-0.000142,  24.362
    46.0,0.000054,0.000064,0.001988,-0.000250,  24.400
    47.0,-0.000054,0.000061,0.002406,-0.000290,  24.443
    48.0,-0.000089,-0.000007,0.002635,-0.000452,  24.452
    49.0,-0.000262,-0.000014,0.000812,-0.000367,  24.394
    50.0,-0.000207,-0.000154,0.001459,-0.000183,  24.362
    51.0,-0.000076,-0.000154,0.001797,-0.000129,  24.359
    52.0,0.000002,-0.000053,0.001341,-0.000111,  24.350
    53.0,0.000047,0.000018,0.003401,-0.000075,  24.354
    54.0,0.000301,0.000054,0.002842,-0.000075,  24.429
    55.0,0.000242,0.000735,0.002260,-0.000097,  24.354
    56.0,0.000141,0.000568,0.001929,-0.000062,  24.351
    57.0,0.000122,0.000265,0.001989,-0.000084,  24.351
    58.0,0.000135,0.000161,0.002449,-0.000129,  24.377
    59.0,0.000044,0.000160,0.002851,-0.000223,  24.424
    60.0,-0.000008,0.000092,0.003102,-0.000380,  24.438
    61.0,-0.000145,0.000054,0.002638,-0.000264,  24.402
    62.0,-0.000159,-0.000042,0.001809,-0.000142,  24.347
    63.0,-0.000035,-0.000112,0.001919,-0.000124,  24.347
    64.0,0.000034,-0.000021,0.001964,-0.000075,  24.349
    65.0,0.000075,0.000042,0.002085,-0.000097,  24.349
    66.0,0.000092,0.000071,0.001992,-0.000035,  24.350
    67.0,0.000097,0.000097,0.002016,-0.000048,  24.357
    68.0,0.000102,0.000114,0.001692,-0.000084,  24.357
    69.0,0.000093,0.000105,0.001514,-0.000048,  24.372
    70.0,0.000082,0.000097,0.001862,-0.000196,  24.392
    71.0,-0.000021,0.000098,0.002566,-0.000286,  24.433
    72.0,-0.000054,0.000037,0.002870,-0.000371,  24.447
    73.0,-0.000147,0.000009,0.002429,-0.000344,  24.428
    74.0,-0.000246,-0.000099,0.001516,-0.000237,  24.396
    75.0,-0.000138,-0.000176,0.001584,-0.000142,  24.403
    76.0,-0.000040,-0.000095,0.000943,-0.000151,  24.404
    77.0,0.000013,-0.000013,0.001049,-0.000088,  24.404
    78.0,0.000036,0.000016,0.001423,-0.000088,  24.409
    79.0,0.000041,0.000039,0.000722,-0.000111,  24.413
    80.0,0.000056,0.000043,0.001038,-0.000075,  24.415
    81.0,0.000058,0.000064,0.001471,-0.000075,  24.418
    82.0,0.000080,0.000076,0.001908,-0.000169,  24.424
    83.0,0.000004,0.000090,0.002386,-0.000250,  24.449
    84.0,-0.000045,0.000038,0.002092,-0.000367,  24.466
    85.0,-0.000109,0.000017,0.001868,-0.000412,  24.459
    86.0,-0.000262,-0.000042,0.001600,-0.000228,  24.423
    87.0,-0.000129,-0.000179,0.001514,-0.000142,  24.419
    88.0,-0.000025,-0.000118,0.001543,-0.000075,  24.414
    89.0,0.000037,-0.000024,0.001587,-0.000075,  24.407
    90.0,0.000066,0.000030,0.001765,-0.000097,  24.409
    91.0,0.000079,0.000060,0.001834,-0.000062,  24.408
    92.0,0.000110,0.000095,0.001798,-0.000070,  24.409
    93.0,0.000144,0.000124,0.001857,-0.000021,  24.411
    94.0,0.000160,0.000154,0.001874,-0.000102,  24.411
    95.0,0.000103,0.000174,0.002373,-0.000245,  24.440
    96.0,0.000030,0.000137,0.002928,-0.000304,  24.460
    97.0,-0.000047,0.000094,0.002792,-0.000398,  24.461
    98.0,-0.000195,0.000048,0.002174,-0.000187,  24.417
    99.0,-0.000112,-0.000110,0.002085,-0.000129,  24.404
   100.0,-0.000001,-0.000059,0.001935,-0.000124,  24.400
   101.0,0.000056,0.000028,0.001619,-0.000062,  24.394
   102.0,0.000090,0.000068,0.000132,-0.000048,  24.399
   103.0,0.000113,0.000100,0.001478,-0.000084,  24.397
   104.0,0.000117,0.000124,0.001896,-0.000035,  24.393
   105.0,0.000137,0.000134,0.001688,-0.000048,  24.391
   106.0,0.000136,0.000124,0.000990,-0.000138,  24.395
   107.0,0.000087,0.000137,0.002037,-0.000295,  24.421
   108.0,0.000017,0.000125,0.003162,-0.000340,  24.436
   109.0,-0.000035,0.000050,0.003387,-0.000483,  24.445
   110.0,-0.000178,0.000006,0.002842,-0.000286,  24.408
   111.0,-0.000082,-0.000113,0.002896,-0.000165,  24.392
   112.0,0.000053,-0.000060,0.003080,-0.000133,  24.391
   113.0,0.000125,0.000057,0.003300,-0.000070,  24.387
   114.0,0.000169,0.000110,0.002970,-0.000070,  24.387
   115.0,0.000192,0.000141,0.003566,-0.000106,  24.385
   116.0,0.000216,0.000158,0.004066,-0.000070,  24.380
   117.0,0.000248,0.000186,0.004502,-0.000093,  24.378
   118.0,0.000289,0.000203,0.005021,-0.000097,  24.386
   119.0,0.000297,0.000235,0.005861,-0.000232,  24.398
   120.0,0.000245,0.000249,0.007026,-0.000335,  24.430
   121.0,0.000223,0.000214,0.007337,-0.000447,  24.439
   122.0,0.000060,0.000195,0.006803,-0.000286,  24.401
   123.0,0.000166,0.000080,0.006722,-0.000214,  24.378
   124.0,0.000357,0.000104,0.007538,-0.000124,  24.379
   125.0,0.000444,0.000236,0.008516,-0.000084,  24.375
   126.0,0.000571,0.000333,0.009143,-0.000084,  24.373
   127.0,0.000626,0.000439,0.009805,-0.000057,  24.371
   128.0,0.000703,0.000490,0.011007,-0.000079,  24.370
   129.0,0.000785,0.000537,0.012112,-0.000070,  24.366
   130.0,0.000885,0.000607,0.013512,-0.000084,  24.369
   131.0,0.000964,0.000665,0.015327,-0.000308,  24.387
   132.0,0.000975,0.000746,0.017261,-0.000326,  24.419
   133.0,0.001032,0.000760,0.017772,-0.000434,  24.429
   134.0,0.000938,0.000803,0.017753,-0.000299,  24.399
   135.0,0.000967,0.000696,0.018532,-0.000192,  24.380
   136.0,0.001226,0.000719,0.019702,-0.000088,  24.376
   137.0,0.001423,0.000921,0.021612,-0.000048,  24.379
   138.0,0.001618,0.001064,0.023050,-0.000057,  24.380
   139.0,0.001777,0.001217,0.024690,0.000006,  24.384
   140.0,0.001948,0.001335,0.026683,0.000006,  24.381
   141.0,0.002135,0.001488,0.028842,0.000011,  24.376
   142.0,0.002317,0.001642,0.031456,0.000019,  24.380
   143.0,0.002525,0.001802,0.034010,-0.000151,  24.390
   144.0,0.002605,0.001972,0.036486,-0.000223,  24.420
   145.0,0.002742,0.002046,0.037572,-0.000398,  24.426
   146.0,0.002662,0.002142,0.037673,-0.000286,  24.406
   147.0,0.002705,0.002054,0.039409,-0.000146,  24.368
   148.0,0.003091,0.002057,0.041084,-0.000043,  24.364
   149.0,0.003373,0.002324,0.044044,-0.000003,  24.350
   150.0,0.003615,0.002581,0.046164,-0.000012,  24.342
   151.0,0.003845,0.002801,0.048819,0.000078,  24.320
   152.0,0.004128,0.003002,0.051100,0.000083,  24.310
   153.0,0.004433,0.003241,0.054504,0.000145,  24.296
   154.0,0.004754,0.003492,0.057869,0.000145,  24.281
   155.0,0.005054,0.003746,0.061866,-0.000052,  24.288
   156.0,0.005251,0.003978,0.066071,-0.000124,  24.321
   157.0,0.005457,0.004073,0.068239,-0.000286,  24.338
   158.0,0.005374,0.004201,0.067865,-0.000227,  24.310
   159.0,0.005371,0.004145,0.070255,-0.000030,  24.251
   160.0,0.005686,0.004105,0.073786,-0.000025,  24.235
   161.0,0.006117,0.004384,0.077217,-0.000016,  24.223
   162.0,0.006436,0.004635,0.080018,-0.000003,  24.189
   163.0,0.006648,0.004837,0.081769,0.000011,  24.168
   164.0,0.006868,0.005001,0.086344,0.000046,  24.137
   165.0,0.007145,0.005149,0.090884,-0.000003,  24.111
   166.0,0.007476,0.005321,0.095442,-0.000021,  24.075
   167.0,0.007778,0.005515,0.100799,-0.000021,  24.063
   168.0,0.008227,0.005699,0.107652,0.000046,  24.075
   169.0,0.008855,0.006014,0.111248,0.000019,  24.089
   170.0,0.009257,0.006444,0.110529,-0.000165,  24.064
   171.0,0.008880,0.006603,0.109854,-0.000254,  23.985
   172.0,0.008885,0.006334,0.115116,-0.000259,  23.946
   173.0,0.009463,0.006240,0.117694,-0.000232,  23.892
   174.0,0.010000,0.006517,0.119290,-0.000254,  23.818
   175.0,0.010274,0.006765,0.120872,-0.000272,  23.740
   176.0,0.010455,0.006919,0.124159,-0.000272,  23.649
   177.0,0.010847,0.006984,0.128979,-0.000286,  23.545
   178.0,0.011456,0.007153,0.134017,-0.000259,  23.438
   179.0,0.012315,0.007451,0.142642,-0.000322,  23.344
   180.0,0.013363,0.007889,0.152097,-0.000259,  23.310
   181.0,0.014477,0.008485,0.159543,-0.000272,  23.290
   182.0,0.015286,0.009057,0.160035,-0.000331,  23.243
   183.0,0.015065,0.009509,0.161799,-0.000183,  23.134
   184.0,0.015540,0.009347,0.172281,-0.000057,  23.024
   185.0,0.016823,0.009517,0.178573,0.000181,  22.918
   186.0,0.017755,0.010314,0.186025,0.000199,  22.805
   187.0,0.019015,0.010918,0.191672,0.000235,  22.718
   188.0,0.019747,0.011548,0.199681,0.000208,  22.654
   189.0,0.020770,0.011887,0.211890,0.000159,  22.611
   190.0,0.021974,0.012407,0.224990,0.000194,  22.597
   191.0,0.023366,0.012894,0.239203,0.000006,  22.619
   192.0,0.024736,0.013615,0.251715,-0.000259,  22.678
   193.0,0.025806,0.014332,0.261204,-0.000358,  22.730
   194.0,0.026523,0.014832,0.263781,-0.000385,  22.753
   195.0,0.026655,0.015304,0.270273,-0.000129,  22.733
   196.0,0.027575,0.015286,0.279878,0.000060,  22.760
   197.0,0.029257,0.015876,0.286830,0.000145,  22.847
   198.0,0.030191,0.016785,0.300395,0.000248,  22.958
   199.0,0.031537,0.017329,0.309934,0.000235,  23.093
   200.0,0.032546,0.018067,0.320411,0.000172,  23.227
   201.0,0.033711,0.018521,0.332543,0.000208,  23.357
   202.0,0.035018,0.019108,0.346193,0.000208,  23.482
   203.0,0.036364,0.019847,0.360114,0.000127,  23.599
   204.0,0.037924,0.020648,0.370579,-0.000035,  23.701
   205.0,0.039081,0.021498,0.378464,-0.000138,  23.784
   206.0,0.040039,0.022063,0.381092,-0.000295,  23.826
   207.0,0.040064,0.022495,0.389999,-0.000070,  23.824
   208.0,0.041317,0.022487,0.404166,0.000078,  23.845
   209.0,0.043217,0.023053,0.409904,0.000110,  23.915
   210.0,0.044135,0.024121,0.423744,0.000186,  23.971
   211.0,0.045455,0.024634,0.433728,0.000186,  24.025
   212.0,0.046395,0.025399,0.446536,0.000186,  24.068
   213.0,0.047843,0.026015,0.457216,0.000213,  24.104
   214.0,0.049437,0.026791,0.470933,0.000177,  24.138
   215.0,0.051124,0.027640,0.486049,0.000159,  24.167
   216.0,0.052816,0.028561,0.496700,0.000091,  24.212
   217.0,0.053992,0.029415,0.501206,0.000190,  24.280
   218.0,0.054514,0.029989,0.503769,0.000294,  24.305
   219.0,0.054781,0.030380,0.506306,0.000240,  24.319
   220.0,0.054799,0.030599,0.512927,0.000078,  24.258
   221.0,0.055330,0.030748,0.521608,0.000118,  24.232
   222.0,0.056507,0.030823,0.535265,0.000110,  24.242
   223.0,0.058427,0.031457,0.543630,0.000172,  24.256
   224.0,0.059393,0.032462,0.550703,0.000213,  24.257
   225.0,0.060230,0.032979,0.561810,0.000204,  24.266
   226.0,0.061596,0.033338,0.576486,0.000253,  24.271
   227.0,0.063320,0.034053,0.589914,0.000213,  24.283
   228.0,0.064720,0.034974,0.599078,0.000064,  24.314
   229.0,0.065926,0.035872,0.602781,0.000051,  24.349
   230.0,0.066532,0.036522,0.600082,-0.000160,  24.373
   231.0,0.066429,0.036788,0.612662,-0.000043,  24.342
   232.0,0.067628,0.036591,0.628866,0.000118,  24.317
   233.0,0.069567,0.037387,0.642125,0.000123,  24.318
   234.0,0.070914,0.038276,0.648769,0.000226,  24.319
   235.0,0.071814,0.039110,0.658647,0.000253,  24.321
   236.0,0.072810,0.039608,0.670812,0.000217,  24.326
   237.0,0.074112,0.040263,0.684595,0.000267,  24.318
   238.0,0.075720,0.041009,0.697179,0.000258,  24.321
   239.0,0.077309,0.041920,0.707437,0.000280,  24.324
   240.0,0.078783,0.042775,0.714862,0.000145,  24.341
   241.0,0.079652,0.043584,0.712202,0.000024,  24.368
   242.0,0.079708,0.044000,0.706685,-0.000021,  24.381
   243.0,0.079304,0.043958,0.718629,-0.000016,  24.383
   244.0,0.080648,0.043658,0.737066,0.000181,  24.342
   245.0,0.082221,0.044182,0.748582,0.000235,  24.332
   246.0,0.083385,0.045360,0.751269,0.000226,  24.326
   247.0,0.083878,0.045982,0.757449,0.000253,  24.321
   248.0,0.084603,0.046282,0.767033,0.000294,  24.325
   249.0,0.085797,0.046748,0.776810,0.000271,  24.322
   250.0,0.086943,0.047381,0.787138,0.000294,  24.323
   251.0,0.088177,0.047918,0.794652,0.000294,  24.324
   252.0,0.089087,0.048587,0.797544,0.000150,  24.331
   253.0,0.089517,0.049115,0.789302,0.000064,  24.359
   254.0,0.089332,0.049362,0.779797,-0.000052,  24.380
   255.0,0.088396,0.049154,0.787451,-0.000070,  24.376
   256.0,0.089116,0.048555,0.807838,0.000118,  24.347
   257.0,0.091310,0.049040,0.816621,0.000163,  24.338
   258.0,0.091843,0.050230,0.820146,0.000199,  24.339
   259.0,0.092013,0.050561,0.821169,0.000280,  24.339
   260.0,0.092355,0.050724,0.826936,0.000271,  24.347
   261.0,0.093099,0.050848,0.834191,0.000334,  24.351
   262.0,0.093849,0.051287,0.839085,0.000334,  24.352
   263.0,0.094551,0.051771,0.841593,0.000347,  24.359
   264.0,0.095072,0.052172,0.841218,0.000240,  24.360
   265.0,0.095133,0.052442,0.826423,0.000069,  24.375
   266.0,0.094303,0.052401,0.813565,0.000024,  24.390
   267.0,0.093102,0.051772,0.818708,-0.000057,  24.395
   268.0,0.093682,0.051193,0.841196,0.000083,  24.385
   269.0,0.095616,0.051270,0.846659,0.000186,  24.384
   270.0,0.095516,0.052465,0.847668,0.000186,  24.385
   271.0,0.095870,0.052586,0.843665,0.000240,  24.383
   272.0,0.095328,0.052586,0.846644,0.000280,  24.378
   273.0,0.095712,0.052450,0.849750,0.000271,  24.366
   274.0,0.096141,0.052727,0.851626,0.000294,  24.367
   275.0,0.096396,0.052973,0.851001,0.000321,  24.366
   276.0,0.096406,0.053074,0.846171,0.000217,  24.370
   277.0,0.095984,0.053093,0.830085,0.000132,  24.383
   278.0,0.094907,0.052893,0.809559,-0.000003,  24.395
   279.0,0.093490,0.052248,0.815039,-0.000062,  24.394
   280.0,0.093182,0.051188,0.832763,0.000078,  24.379
   281.0,0.095245,0.051205,0.832696,0.000150,  24.363
   282.0,0.094975,0.052291,0.839454,0.000172,  24.357
   283.0,0.095197,0.052114,0.830111,0.000240,  24.352
   284.0,0.094084,0.052353,0.829609,0.000244,  24.354
   285.0,0.093975,0.051758,0.829200,0.000307,  24.348
   286.0,0.093959,0.051754,0.827904,0.000334,  24.345
   287.0,0.093837,0.051756,0.824068,0.000298,  24.349
   288.0,0.093461,0.051717,0.814371,0.000267,  24.352
   289.0,0.092772,0.051500,0.799164,0.000083,  24.364
   290.0,0.091422,0.051083,0.775250,0.000024,  24.380
   291.0,0.089450,0.050179,0.771284,-0.000084,  24.386
   292.0,0.088992,0.049040,0.791228,0.000006,  24.362
   293.0,0.090870,0.048782,0.794956,0.000123,  24.329
   294.0,0.090268,0.049779,0.799236,0.000087,  24.323
   295.0,0.090159,0.049728,0.785600,0.000128,  24.315
   296.0,0.089002,0.049754,0.782899,0.000253,  24.310
   297.0,0.088787,0.048980,0.778561,0.000258,  24.304
   298.0,0.088393,0.048859,0.773464,0.000294,  24.299
   299.0,0.087747,0.048657,0.768620,0.000307,  24.285
   300.0,0.087101,0.048324,0.758397,0.000231,  24.283
   301.0,0.086071,0.047963,0.742815,0.000132,  24.305
   302.0,0.084805,0.047355,0.716538,0.000037,  24.343
   303.0,0.082631,0.046801,0.708150,-0.000173,  24.361
   304.0,0.081840,0.045576,0.726272,0.000024,  24.319
   305.0,0.083499,0.044815,0.728236,0.000159,  24.258
   306.0,0.083113,0.045714,0.732087,0.000145,  24.253
   307.0,0.082822,0.045485,0.716942,0.000159,  24.244
   308.0,0.081443,0.045453,0.715295,0.000190,  24.234
   309.0,0.080957,0.044738,0.707873,0.000240,  24.231
   310.0,0.080346,0.044552,0.701188,0.000280,  24.224
   311.0,0.079454,0.044262,0.691489,0.000258,  24.215
   312.0,0.078306,0.043845,0.682249,0.000253,  24.214
   313.0,0.077238,0.043215,0.665937,0.000118,  24.249
   314.0,0.076019,0.042652,0.639771,0.000029,  24.293
   315.0,0.074223,0.041855,0.629489,-0.000043,  24.325
   316.0,0.072571,0.040697,0.644740,-0.000039,  24.292
   317.0,0.074008,0.039845,0.649304,0.000118,  24.230
   318.0,0.074263,0.040659,0.648782,0.000132,  24.224
   319.0,0.073563,0.040659,0.636759,0.000096,  24.226
   320.0,0.072064,0.040416,0.631872,0.000199,  24.228
   321.0,0.071448,0.039715,0.625314,0.000240,  24.233
   322.0,0.070777,0.039383,0.616109,0.000204,  24.238
   323.0,0.070038,0.039027,0.606862,0.000262,  24.240
   324.0,0.068823,0.038528,0.594448,0.000240,  24.243
   325.0,0.067495,0.037880,0.583985,0.000105,  24.256
   326.0,0.066170,0.037159,0.561660,0.000051,  24.302
   327.0,0.064381,0.036360,0.544790,-0.000120,  24.327
   328.0,0.062844,0.035281,0.552954,-0.000070,  24.315
   329.0,0.063766,0.034444,0.563245,0.000091,  24.251
   330.0,0.064105,0.034807,0.561495,0.000083,  24.246
   331.0,0.063054,0.035300,0.550244,0.000132,  24.249
   332.0,0.062220,0.034713,0.544405,0.000186,  24.246
   333.0,0.061486,0.034134,0.537228,0.000213,  24.251
   334.0,0.060729,0.033819,0.531906,0.000240,  24.250
   335.0,0.059799,0.033448,0.521760,0.000190,  24.254
   336.0,0.058732,0.032977,0.510578,0.000226,  24.247
   337.0,0.057472,0.032341,0.496368,0.000105,  24.259
   338.0,0.056130,0.031809,0.478245,-0.000012,  24.290
   339.0,0.054663,0.031038,0.462489,-0.000124,  24.325
   340.0,0.053143,0.030198,0.468780,-0.000124,  24.320
   341.0,0.053354,0.029274,0.476138,0.000037,  24.273
   342.0,0.054174,0.029393,0.471596,0.000105,  24.259
   343.0,0.053175,0.029722,0.465296,0.000069,  24.256
   344.0,0.052480,0.029206,0.457558,0.000145,  24.257
   345.0,0.051468,0.028766,0.452792,0.000186,  24.258
   346.0,0.050839,0.028326,0.445451,0.000177,  24.266
   347.0,0.049982,0.028094,0.435661,0.000199,  24.263
   348.0,0.049039,0.027650,0.427021,0.000213,  24.265
   349.0,0.048053,0.027159,0.415561,0.000056,  24.265
   350.0,0.046887,0.026549,0.399531,-0.000030,  24.297
   351.0,0.045638,0.025856,0.387701,-0.000169,  24.327
   352.0,0.044131,0.025071,0.388086,-0.000214,  24.327
   353.0,0.044097,0.024202,0.395110,-0.000061,  24.291
   354.0,0.044642,0.024190,0.389938,0.000006,  24.277
   355.0,0.043743,0.024506,0.387779,0.000042,  24.274
   356.0,0.043231,0.024159,0.379248,0.000087,  24.259
   357.0,0.042430,0.023942,0.373451,0.000101,  24.251
   358.0,0.041858,0.023433,0.367733,0.000194,  24.248
   359.0,0.041192,0.023072,0.359867,0.000136,  24.241
   360.0,0.040327,0.022717,0.352351,0.000172,  24.243
   361.0,0.039415,0.022248,0.343480,0.000091,  24.245
   362.0,0.038269,0.021739,0.331126,-0.000052,  24.273
   363.0,0.037224,0.021126,0.318636,-0.000111,  24.314
   364.0,0.036029,0.020455,0.318413,-0.000218,  24.324
   365.0,0.036017,0.019885,0.323790,-0.000016,  24.277
   366.0,0.036349,0.019708,0.319316,0.000087,  24.257
   367.0,0.035556,0.019958,0.317327,0.000078,  24.256
   368.0,0.035345,0.019584,0.309657,0.000141,  24.257
   369.0,0.034512,0.019465,0.305860,0.000132,  24.260
   370.0,0.034009,0.019028,0.297531,0.000110,  24.259
   371.0,0.033282,0.018765,0.292998,0.000145,  24.261
   372.0,0.032573,0.018381,0.286822,0.000159,  24.269
   373.0,0.031784,0.018020,0.279008,0.000056,  24.276
   374.0,0.030875,0.017658,0.267508,-0.000030,  24.304
   375.0,0.029901,0.017146,0.256625,-0.000138,  24.348
   376.0,0.029009,0.016563,0.256546,-0.000259,  24.356
   377.0,0.028528,0.015916,0.260802,-0.000070,  24.326
   378.0,0.029098,0.015689,0.255679,0.000002,  24.291
   379.0,0.028586,0.015947,0.255902,0.000064,  24.297
   380.0,0.028282,0.015655,0.249918,0.000078,  24.297
   381.0,0.027626,0.015613,0.245902,0.000083,  24.301
   382.0,0.027146,0.015286,0.240865,0.000118,  24.300
   383.0,0.026532,0.015084,0.234310,0.000132,  24.307
   384.0,0.025914,0.014762,0.228656,0.000083,  24.306
   385.0,0.025259,0.014353,0.222044,0.000091,  24.313
   386.0,0.024514,0.013983,0.214383,-0.000079,  24.337
   387.0,0.023750,0.013572,0.206461,-0.000084,  24.379
   388.0,0.022957,0.013101,0.202464,-0.000245,  24.395
   389.0,0.022328,0.012648,0.206841,-0.000160,  24.367
   390.0,0.022789,0.012262,0.204944,-0.000003,  24.312
   391.0,0.022427,0.012500,0.203213,0.000037,  24.308
   392.0,0.022158,0.012440,0.197493,0.000029,  24.303
   393.0,0.021617,0.012300,0.194894,0.000078,  24.302
   394.0,0.021350,0.011978,0.190517,0.000069,  24.318
   395.0,0.020874,0.011833,0.186057,0.000105,  24.310
   396.0,0.020298,0.011570,0.180511,0.000118,  24.310
   397.0,0.019643,0.011255,0.174366,0.000042,  24.315
   398.0,0.019034,0.010896,0.169383,-0.000057,  24.342
   399.0,0.018437,0.010572,0.162201,-0.000111,  24.392
   400.0,0.017720,0.010280,0.157161,-0.000281,  24.416
   401.0,0.017232,0.009898,0.161241,-0.000151,  24.397
   402.0,0.017432,0.009492,0.161099,-0.000030,  24.341
   403.0,0.017456,0.009579,0.159267,0.000046,  24.342
   404.0,0.017129,0.009600,0.154161,0.000051,  24.338
   405.0,0.016771,0.009471,0.152814,0.000056,  24.341
   406.0,0.016475,0.009285,0.149630,0.000078,  24.336
   407.0,0.016115,0.009144,0.145861,0.000091,  24.337
   408.0,0.015684,0.008968,0.141491,0.000056,  24.333
   409.0,0.015194,0.008762,0.136491,0.000078,  24.326
   410.0,0.014682,0.008492,0.132762,-0.000043,  24.345
   411.0,0.014233,0.008227,0.127600,-0.000160,  24.389
   412.0,0.013767,0.007923,0.124261,-0.000272,  24.422
   413.0,0.013200,0.007653,0.125517,-0.000295,  24.410
   414.0,0.013278,0.007310,0.125361,-0.000111,  24.354
   415.0,0.013406,0.007315,0.123387,-0.000016,  24.341
   416.0,0.013152,0.007366,0.120904,-0.000039,  24.338
   417.0,0.012869,0.007276,0.119181,0.000051,  24.338
   418.0,0.012670,0.007171,0.116702,0.000064,  24.338
   419.0,0.012374,0.007072,0.114002,0.000029,  24.340
   420.0,0.012063,0.006945,0.110723,0.000051,  24.344
   421.0,0.011751,0.006764,0.107257,0.000029,  24.343
   422.0,0.011366,0.006559,0.104785,-0.000084,  24.354
   423.0,0.010914,0.006357,0.099042,-0.000165,  24.393
   424.0,0.010460,0.006100,0.096828,-0.000281,  24.421
   425.0,0.010078,0.005824,0.097451,-0.000259,  24.420
   426.0,0.010073,0.005600,0.098532,-0.000111,  24.372
   427.0,0.010223,0.005537,0.096943,0.000019,  24.361
   428.0,0.010013,0.005653,0.094966,0.000011,  24.358
   429.0,0.009881,0.005581,0.092836,-0.000012,  24.357
   430.0,0.009722,0.005509,0.091281,0.000037,  24.360
   431.0,0.009526,0.005437,0.089605,0.000051,  24.363
   432.0,0.009291,0.005341,0.087270,0.000042,  24.363
   433.0,0.009026,0.005218,0.084648,0.000064,  24.356
   434.0,0.008738,0.005081,0.080933,-0.000043,  24.361
   435.0,0.008372,0.004956,0.078164,-0.000187,  24.396
   436.0,0.008062,0.004749,0.076319,-0.000299,  24.424
   437.0,0.007755,0.004554,0.076969,-0.000299,  24.426
   438.0,0.007599,0.004299,0.076560,-0.000138,  24.386
   439.0,0.007764,0.004209,0.075580,-0.000057,  24.364
   440.0,0.007662,0.004296,0.074904,-0.000025,  24.363
   441.0,0.007606,0.004279,0.073392,0.000011,  24.355
   442.0,0.007450,0.004255,0.071853,0.000037,  24.356
   443.0,0.007296,0.004200,0.070103,0.000015,  24.350
   444.0,0.007127,0.004137,0.068648,0.000037,  24.346
   445.0,0.006917,0.004048,0.066345,0.000037,  24.340
   446.0,0.006731,0.003941,0.064799,-0.000133,  24.338
   447.0,0.006457,0.003823,0.062995,-0.000205,  24.370
   448.0,0.006208,0.003665,0.061567,-0.000322,  24.410
   449.0,0.005930,0.003491,0.061207,-0.000367,  24.416
   450.0,0.005741,0.003335,0.061627,-0.000178,  24.368
   451.0,0.005934,0.003176,0.060507,-0.000120,  24.333
   452.0,0.005872,0.003292,0.059899,-0.000030,  24.321
   453.0,0.005841,0.003298,0.058042,0.000011,  24.318
   454.0,0.005750,0.003313,0.057325,0.000019,  24.311
   455.0,0.005663,0.003261,0.056226,0.000060,  24.307
   456.0,0.005551,0.003218,0.054918,0.000073,  24.310
   457.0,0.005397,0.003158,0.053878,0.000073,  24.304
   458.0,0.005256,0.003080,0.052638,-0.000016,  24.317
   459.0,0.005048,0.003007,0.051665,-0.000102,  24.347
   460.0,0.004864,0.002898,0.050206,-0.000196,  24.395
   461.0,0.004607,0.002803,0.048328,-0.000367,  24.405
   462.0,0.004438,0.002676,0.049327,-0.000142,  24.366
   463.0,0.004587,0.002464,0.048896,-0.000021,  24.323
   464.0,0.004574,0.002541,0.048445,-0.000043,  24.329
   465.0,0.004581,0.002582,0.047623,0.000033,  24.319
   466.0,0.004512,0.002607,0.047048,0.000011,  24.323
   467.0,0.004462,0.002586,0.046253,0.000046,  24.316
   468.0,0.004364,0.002562,0.045074,0.000060,  24.319
   469.0,0.004253,0.002510,0.044133,0.000037,  24.313
   470.0,0.004147,0.002455,0.043133,-0.000066,  24.317
   471.0,0.003983,0.002406,0.042552,-0.000138,  24.344
   472.0,0.003805,0.002333,0.041655,-0.000192,  24.387
   473.0,0.003714,0.002209,0.041078,-0.000389,  24.409
   474.0,0.003458,0.002162,0.040627,-0.000218,  24.378
   475.0,0.003566,0.001961,0.040454,-0.000120,  24.324
   476.0,0.003625,0.001997,0.040264,-0.000043,  24.318
   477.0,0.003628,0.002051,0.039213,0.000011,  24.323
   478.0,0.003614,0.002091,0.039171,-0.000025,  24.317
   479.0,0.003580,0.002087,0.038664,0.000024,  24.319
   480.0,0.003516,0.002082,0.037743,-0.000034,  24.314
   481.0,0.003436,0.002065,0.037081,-0.000021,  24.309
   482.0,0.003370,0.002014,0.036424,-0.000003,  24.307
   483.0,0.003274,0.001977,0.036111,-0.000160,  24.322
   484.0,0.003104,0.001929,0.034901,-0.000192,  24.373
   485.0,0.002981,0.001827,0.034463,-0.000299,  24.397
   486.0,0.002758,0.001757,0.034858,-0.000281,  24.381
   487.0,0.002807,0.001557,0.034784,-0.000097,  24.311
   488.0,0.002926,0.001550,0.034464,-0.000003,  24.312
   489.0,0.002969,0.001671,0.033906,-0.000025,  24.302
   490.0,0.002945,0.001715,0.033651,0.000011,  24.300
   491.0,0.002929,0.001733,0.032250,-0.000025,  24.296
   492.0,0.002877,0.001719,0.032292,0.000024,  24.287
   493.0,0.002828,0.001703,0.032093,0.000037,  24.279
   494.0,0.002782,0.001679,0.031605,-0.000012,  24.278
   495.0,0.002709,0.001641,0.031439,-0.000151,  24.294
   496.0,0.002534,0.001612,0.031233,-0.000192,  24.338
   497.0,0.002462,0.001518,0.030644,-0.000375,  24.380
   498.0,0.002275,0.001459,0.030669,-0.000272,  24.366
   499.0,0.002270,0.001335,0.030407,-0.000097,  24.296
   500.0,0.002384,0.001260,0.029118,-0.000030,  24.280
   501.0,0.002443,0.001366,0.028903,-0.000003,  24.283
   502.0,0.002468,0.001420,0.029272,-0.000012,  24.280
   503.0,0.002467,0.001449,0.029027,0.000024,  24.266
   504.0,0.002463,0.001473,0.028863,0.000037,  24.268
   505.0,0.002421,0.001465,0.028518,-0.000012,  24.269
   506.0,0.002383,0.001456,0.027823,0.000011,  24.266
   507.0,0.002319,0.001440,0.027987,-0.000111,  24.271
   508.0,0.002208,0.001415,0.027819,-0.000227,  24.323
   509.0,0.002125,0.001332,0.027679,-0.000299,  24.366
   510.0,0.001946,0.001279,0.027547,-0.000348,  24.363
   511.0,0.001881,0.001139,0.027499,-0.000124,  24.294
   512.0,0.002042,0.001076,0.026775,-0.000043,  24.269
   513.0,0.002105,0.001185,0.026894,-0.000025,  24.274
   514.0,0.002136,0.001238,0.026643,0.000024,  24.273
   515.0,0.002139,0.001270,0.025717,0.000037,  24.273
   516.0,0.002131,0.001282,0.025937,0.000073,  24.277
   517.0,0.002104,0.001291,0.025943,0.000037,  24.273
   518.0,0.002089,0.001281,0.025323,0.000002,  24.272
   519.0,0.002055,0.001262,0.025660,-0.000084,  24.282
   520.0,0.001943,0.001251,0.025922,-0.000165,  24.320
   521.0,0.001855,0.001184,0.025728,-0.000281,  24.362
   522.0,0.001712,0.001135,0.025447,-0.000286,  24.372
   523.0,0.001622,0.001035,0.025243,-0.000124,  24.301
   524.0,0.001782,0.000922,0.025179,-0.000079,  24.273
   525.0,0.001839,0.001021,0.024857,-0.000003,  24.273
   526.0,0.001868,0.001088,0.024747,-0.000012,  24.273
   527.0,0.001886,0.001123,0.024590,0.000024,  24.273
   528.0,0.001886,0.001139,0.024384,0.000037,  24.278
   529.0,0.001889,0.001147,0.024327,-0.000021,  24.269
   530.0,0.001873,0.001150,0.023984,0.000037,  24.275
   531.0,0.001844,0.001152,0.024179,-0.000057,  24.277
   532.0,0.001743,0.001137,0.024383,-0.000187,  24.311
   533.0,0.001670,0.001094,0.024358,-0.000272,  24.365
   534.0,0.001585,0.001028,0.024036,-0.000313,  24.370
   535.0,0.001405,0.000935,0.023951,-0.000165,  24.315
   536.0,0.001548,0.000799,0.023670,-0.000043,  24.271
   537.0,0.001655,0.000887,0.023676,-0.000052,  24.273
   538.0,0.001704,0.000977,0.023501,0.000011,  24.283
   539.0,0.001732,0.001032,0.023415,0.000011,  24.296
   540.0,0.001733,0.001057,0.021856,-0.000025,  24.294
   541.0,0.001725,0.001060,0.022592,0.000011,  24.298
   542.0,0.001710,0.001056,0.022147,0.000037,  24.292
   543.0,0.001696,0.001054,0.022762,-0.000070,  24.294
   544.0,0.001636,0.001055,0.023360,-0.000165,  24.314
   545.0,0.001570,0.001012,0.023289,-0.000227,  24.365
   546.0,0.001517,0.000980,0.023122,-0.000367,  24.383
   547.0,0.001281,0.000934,0.022863,-0.000192,  24.337
   548.0,0.001414,0.000741,0.022918,-0.000106,  24.271
   549.0,0.001517,0.000788,0.022725,-0.000030,  24.267
   550.0,0.001568,0.000885,0.022683,0.000024,  24.266
   551.0,0.001608,0.000947,0.022596,0.000019,  24.258
   552.0,0.001621,0.000985,0.022358,0.000024,  24.262
   553.0,0.001629,0.001002,0.022348,0.000060,  24.258
   554.0,0.001618,0.001016,0.022284,0.000060,  24.256
   555.0,0.001610,0.001007,0.022344,-0.000016,  24.252
   556.0,0.001570,0.001001,0.022790,-0.000115,  24.279
   557.0,0.001470,0.000988,0.023038,-0.000218,  24.338
   558.0,0.001439,0.000916,0.022771,-0.000340,  24.360
   559.0,0.001301,0.000901,0.022574,-0.000227,  24.332
   560.0,0.001314,0.000734,0.022469,-0.000070,  24.264
   561.0,0.001455,0.000750,0.022128,-0.000066,  24.264
   562.0,0.001512,0.000856,0.022089,0.000024,  24.258
   563.0,0.001548,0.000919,0.022157,0.000037,  24.264
   564.0,0.001567,0.000956,0.022192,0.000015,  24.267
   565.0,0.001561,0.000962,0.022135,0.000037,  24.272
   566.0,0.001558,0.000968,0.022012,0.000051,  24.268
   567.0,0.001576,0.000966,0.022061,-0.000012,  24.272
   568.0,0.001554,0.000974,0.022403,-0.000111,  24.286
   569.0,0.001453,0.000984,0.022440,-0.000192,  24.330
   570.0,0.001416,0.000912,0.021650,-0.000340,  24.364
   571.0,0.001246,0.000895,0.022081,-0.000232,  24.352
   572.0,0.001258,0.000731,0.020837,-0.000120,  24.292
   573.0,0.001390,0.000717,0.021620,-0.000030,  24.279
   574.0,0.001449,0.000826,0.021700,0.000024,  24.270
   575.0,0.001491,0.000878,0.021736,-0.000025,  24.272
   576.0,0.001512,0.000904,0.021092,0.000002,  24.275
   577.0,0.001512,0.000923,0.021197,-0.000021,  24.272
   578.0,0.001514,0.000944,0.021624,0.000037,  24.277
   579.0,0.001514,0.000952,0.021791,0.000037,  24.278
   580.0,0.001512,0.000946,0.022248,-0.000160,  24.290
   581.0,0.001408,0.000950,0.022579,-0.000192,  24.332
   582.0,0.001324,0.000873,0.022586,-0.000286,  24.360
   583.0,0.001174,0.000822,0.022455,-0.000281,  24.358
   584.0,0.001195,0.000728,0.022258,-0.000097,  24.305
   585.0,0.001347,0.000675,0.022145,-0.000030,  24.290
   586.0,0.001421,0.000780,0.021438,-0.000039,  24.284
   587.0,0.001457,0.000846,0.021803,0.000011,  24.294
   588.0,0.001486,0.000892,0.021961,-0.000047,  24.282
   589.0,0.001494,0.000923,0.021831,-0.000012,  24.288
   590.0,0.001490,0.000930,0.021857,-0.000047,  24.295
   591.0,0.001494,0.000932,0.021949,-0.000061,  24.296
   592.0,0.001481,0.000931,0.022393,-0.000138,  24.303
   593.0,0.001378,0.000935,0.022337,-0.000192,  24.327
   594.0,0.001351,0.000877,0.021926,-0.000375,  24.366
   595.0,0.001218,0.000848,0.022279,-0.000259,  24.366
   596.0,0.001167,0.000711,0.022338,-0.000173,  24.325
   597.0,0.001327,0.000666,0.022171,-0.000030,  24.308
   598.0,0.001428,0.000797,0.022302,0.000037,  24.312
   599.0,0.001478,0.000875,0.022329,-0.000012,  24.306
   600.0,0.001487,0.000909,0.022334,0.000037,  24.307
   601.0,0.001500,0.000927,0.022183,0.000037,  24.305
   602.0,0.001512,0.000942,0.022223,0.000015,  24.308
   603.0,0.001499,0.000946,0.022353,0.000037,  24.309
   604.0,0.001498,0.000941,0.022581,-0.000088,  24.306
   605.0,0.001388,0.000945,0.023060,-0.000169,  24.334
   606.0,0.001341,0.000871,0.023133,-0.000299,  24.361
   607.0,0.001238,0.000834,0.021357,-0.000348,  24.362
   608.0,0.001141,0.000756,0.022066,-0.000124,  24.325
   609.0,0.001287,0.000660,0.022306,-0.000043,  24.292
   610.0,0.001394,0.000750,0.022203,-0.000025,  24.297
   611.0,0.001444,0.000828,0.022404,0.000024,  24.296
   612.0,0.001470,0.000876,0.022321,0.000037,  24.294
   613.0,0.001486,0.000906,0.022312,0.000037,  24.297
   614.0,0.001485,0.000920,0.022399,0.000051,  24.299
   615.0,0.001501,0.000920,0.022463,0.000015,  24.295
   616.0,0.001512,0.000928,0.022292,-0.000057,  24.294
   617.0,0.001430,0.000948,0.022997,-0.000111,  24.328
   618.0,0.001406,0.000895,0.023317,-0.000295,  24.366
   619.0,0.001258,0.000906,0.023041,-0.000313,  24.362
   620.0,0.001147,0.000813,0.022780,-0.000124,  24.338
   621.0,0.001272,0.000662,0.022611,-0.000079,  24.301
   622.0,0.001372,0.000728,0.022633,-0.000016,  24.302
   623.0,0.001425,0.000818,0.022608,-0.000039,  24.301
   624.0,0.001453,0.000857,0.022646,0.000024,  24.297
   625.0,0.001466,0.000890,0.022599,0.000037,  24.289
   626.0,0.001496,0.000911,0.022859,0.000002,  24.283
   627.0,0.001512,0.000933,0.022449,0.000037,  24.268
   628.0,0.001516,0.000949,0.022289,-0.000043,  24.260
   629.0,0.001455,0.000959,0.022437,-0.000160,  24.287
   630.0,0.001402,0.000933,0.023179,-0.000178,  24.333
   631.0,0.001403,0.000889,0.023175,-0.000335,  24.350
   632.0,0.001187,0.000880,0.023190,-0.000178,  24.311
   633.0,0.001261,0.000693,0.022628,-0.000057,  24.241
   634.0,0.001381,0.000727,0.022684,-0.000039,  24.230
   635.0,0.001437,0.000822,0.022735,0.000024,  24.225
   636.0,0.001479,0.000856,0.022795,0.000037,  24.217
   637.0,0.001507,0.000896,0.022976,-0.000012,  24.211
   638.0,0.001517,0.000935,0.022925,0.000037,  24.210
   639.0,0.001520,0.000947,0.022948,0.000015,  24.198
   640.0,0.001520,0.000951,0.023105,0.000011,  24.196
   641.0,0.001484,0.000954,0.023816,-0.000182,  24.224
   642.0,0.001409,0.000927,0.024233,-0.000250,  24.283
   643.0,0.001359,0.000883,0.023617,-0.000389,  24.316
   644.0,0.001157,0.000848,0.023286,-0.000290,  24.293
   645.0,0.001230,0.000679,0.022644,-0.000142,  24.213
   646.0,0.001359,0.000677,0.022804,-0.000030,  24.210
   647.0,0.001419,0.000781,0.023117,0.000024,  24.211
   648.0,0.001471,0.000853,0.023349,0.000011,  24.210
   649.0,0.001497,0.000899,0.023192,0.000037,  24.208
   650.0,0.001502,0.000923,0.023202,-0.000012,  24.209
   651.0,0.001502,0.000931,0.023207,0.000037,  24.206
   652.0,0.001507,0.000932,0.023555,-0.000003,  24.205
   653.0,0.001487,0.000943,0.024028,-0.000187,  24.230
   654.0,0.001391,0.000939,0.024524,-0.000192,  24.274
   655.0,0.001370,0.000872,0.024221,-0.000326,  24.315
   656.0,0.001230,0.000857,0.024044,-0.000232,  24.301
   657.0,0.001222,0.000690,0.023929,-0.000097,  24.238
   658.0,0.001376,0.000696,0.023884,-0.000025,  24.226
   659.0,0.001466,0.000808,0.024097,0.000051,  24.223
   660.0,0.001513,0.000885,0.023600,0.000064,  24.228
   661.0,0.001542,0.000924,0.023364,0.000029,  24.225
   662.0,0.001549,0.000952,0.023634,0.000051,  24.230
   663.0,0.001557,0.000964,0.023846,0.000064,  24.231
   664.0,0.001549,0.000965,0.023631,0.000002,  24.235
   665.0,0.001544,0.000971,0.023880,-0.000111,  24.236
   666.0,0.001435,0.000959,0.024670,-0.000227,  24.272
   667.0,0.001388,0.000892,0.024754,-0.000353,  24.312
   668.0,0.001232,0.000849,0.024514,-0.000272,  24.307
   669.0,0.001234,0.000730,0.024395,-0.000133,  24.240
   670.0,0.001370,0.000696,0.023992,-0.000016,  24.224
   671.0,0.001455,0.000790,0.022356,0.000011,  24.219
   672.0,0.001513,0.000866,0.023628,0.000015,  24.212
   673.0,0.001541,0.000921,0.024072,0.000037,  24.211
   674.0,0.001558,0.000955,0.023829,0.000015,  24.209
   675.0,0.001562,0.000975,0.024183,0.000051,  24.208
   676.0,0.001565,0.000980,0.024051,0.000051,  24.209
   677.0,0.001566,0.000980,0.023894,-0.000133,  24.220
   678.0,0.001468,0.000968,0.024946,-0.000178,  24.253
   679.0,0.001401,0.000890,0.025276,-0.000286,  24.301
   680.0,0.001227,0.000875,0.025211,-0.000281,  24.304
   681.0,0.001253,0.000752,0.025115,-0.000084,  24.239
   682.0,0.001375,0.000698,0.025020,-0.000043,  24.217
   683.0,0.001474,0.000803,0.025062,-0.000003,  24.226
   684.0,0.001520,0.000885,0.024969,0.000024,  24.226
   685.0,0.001560,0.000930,0.024760,0.000015,  24.227
   686.0,0.001575,0.000962,0.024870,0.000051,  24.230
   687.0,0.001580,0.000977,0.024388,0.000064,  24.229
   688.0,0.001583,0.000981,0.024097,0.000015,  24.234
   689.0,0.001577,0.000984,0.024392,-0.000124,  24.235
   690.0,0.001482,0.000972,0.025283,-0.000192,  24.269
   691.0,0.001450,0.000930,0.025608,-0.000286,  24.304
   692.0,0.001344,0.000892,0.025557,-0.000313,  24.308
   693.0,0.001227,0.000777,0.025397,-0.000173,  24.270
   694.0,0.001365,0.000690,0.025407,-0.000057,  24.235
   695.0,0.001487,0.000804,0.025266,0.000011,  24.232
   696.0,0.001545,0.000881,0.025345,0.000002,  24.229
   697.0,0.001562,0.000925,0.025233,0.000037,  24.224
   698.0,0.001577,0.000955,0.025343,0.000037,  24.216
   699.0,0.001588,0.000964,0.025353,0.000015,  24.215
   700.0,0.001593,0.000974,0.024856,0.000037,  24.211
   701.0,0.001598,0.000980,0.024614,-0.000115,  24.212
   702.0,0.001531,0.000989,0.025422,-0.000160,  24.243
   703.0,0.001502,0.000935,0.026321,-0.000303,  24.293
   704.0,0.001396,0.000938,0.026006,-0.000357,  24.310
   705.0,0.001241,0.000842,0.025730,-0.000173,  24.266
   706.0,0.001392,0.000712,0.025713,-0.000101,  24.222
   707.0,0.001504,0.000774,0.025726,-0.000061,  24.216
   708.0,0.001547,0.000885,0.025536,0.000024,  24.211
   709.0,0.001582,0.000944,0.025477,-0.000012,  24.214
   710.0,0.001595,0.000970,0.025772,0.000037,  24.216
   711.0,0.001613,0.000989,0.025084,0.000064,  24.210
   712.0,0.001618,0.000995,0.025556,0.000042,  24.205
   713.0,0.001626,0.001000,0.025958,-0.000030,  24.205
   714.0,0.001564,0.001006,0.026327,-0.000138,  24.237
   715.0,0.001517,0.000980,0.027171,-0.000254,  24.282
   716.0,0.001465,0.000943,0.026807,-0.000313,  24.307
   717.0,0.001281,0.000921,0.026510,-0.000138,  24.273
   718.0,0.001377,0.000732,0.026627,-0.000043,  24.226
   719.0,0.001505,0.000774,0.026134,0.000011,  24.228
   720.0,0.001565,0.000883,0.026273,0.000002,  24.229
   721.0,0.001606,0.000935,0.024905,0.000051,  24.229
   722.0,0.001629,0.000973,0.025829,0.000064,  24.233
   723.0,0.001632,0.000988,0.026202,0.000029,  24.239
   724.0,0.001631,0.001003,0.026359,0.000051,  24.238
   725.0,0.001650,0.001009,0.026656,-0.000003,  24.236
   726.0,0.001627,0.001014,0.027441,-0.000111,  24.252
   727.0,0.001543,0.001011,0.027793,-0.000151,  24.288
   728.0,0.001509,0.000954,0.027558,-0.000362,  24.310
   729.0,0.001327,0.000934,0.027327,-0.000165,  24.300
   730.0,0.001416,0.000765,0.027291,-0.000043,  24.242
   731.0,0.001553,0.000817,0.026886,-0.000025,  24.233
   732.0,0.001605,0.000929,0.027101,0.000037,  24.230
   733.0,0.001652,0.000965,0.026952,0.000051,  24.216
   734.0,0.001654,0.001001,0.027053,0.000042,  24.209
   735.0,0.001656,0.001012,0.026684,0.000078,  24.194
   736.0,0.001654,0.001026,0.026735,0.000029,  24.191
   737.0,0.001662,0.001026,0.026927,0.000024,  24.188
   738.0,0.001642,0.001025,0.027530,-0.000138,  24.196
   739.0,0.001532,0.001003,0.028091,-0.000227,  24.246
   740.0,0.001498,0.000932,0.027853,-0.000340,  24.276
   741.0,0.001299,0.000906,0.027677,-0.000205,  24.271
   742.0,0.001390,0.000780,0.026322,-0.000093,  24.181
   743.0,0.001517,0.000762,0.026502,-0.000003,  24.163
   744.0,0.001574,0.000862,0.027070,0.000002,  24.152
   745.0,0.001637,0.000930,0.027187,0.000037,  24.152
   746.0,0.001663,0.000991,0.027225,-0.000007,  24.155
   747.0,0.001674,0.001009,0.027420,0.000042,  24.162
   748.0,0.001674,0.001021,0.025995,0.000064,  24.158
   749.0,0.001674,0.001022,0.026939,0.000037,  24.161
   750.0,0.001658,0.001022,0.027995,-0.000187,  24.175
   751.0,0.001562,0.001022,0.028449,-0.000218,  24.223
   752.0,0.001523,0.000950,0.027708,-0.000367,  24.266
   753.0,0.001357,0.000923,0.028026,-0.000232,  24.265
   754.0,0.001337,0.000748,0.028195,-0.000097,  24.207
   755.0,0.001510,0.000741,0.027917,-0.000066,  24.190
   756.0,0.001596,0.000860,0.027917,0.000011,  24.194
   757.0,0.001658,0.000926,0.028036,0.000037,  24.184
   758.0,0.001685,0.000972,0.028021,0.000029,  24.186
   759.0,0.001692,0.001003,0.027905,0.000051,  24.173
   760.0,0.001707,0.001020,0.027396,0.000064,  24.173
   761.0,0.001710,0.001033,0.026939,0.000002,  24.172
   762.0,0.001700,0.001039,0.028212,-0.000138,  24.174
   763.0,0.001579,0.001031,0.029228,-0.000227,  24.213
   764.0,0.001552,0.000968,0.029120,-0.000340,  24.262
   765.0,0.001424,0.000946,0.028960,-0.000259,  24.266
   766.0,0.001415,0.000821,0.028818,-0.000120,  24.202
   767.0,0.001557,0.000783,0.028788,-0.000003,  24.171
   768.0,0.001637,0.000883,0.027466,0.000011,  24.165
   769.0,0.001692,0.000961,0.028377,0.000087,  24.165
   770.0,0.001726,0.001013,0.027750,0.000087,  24.160
   771.0,0.001731,0.001033,0.028413,0.000087,  24.159
   772.0,0.001721,0.001043,0.028490,0.000087,  24.159
   773.0,0.001730,0.001048,0.027891,0.000051,  24.159
   774.0,0.001730,0.001050,0.028877,-0.000084,  24.161
   775.0,0.001647,0.001049,0.029725,-0.000151,  24.201
   776.0,0.001623,0.000985,0.030016,-0.000335,  24.255
   777.0,0.001453,0.001002,0.029580,-0.000330,  24.260
   778.0,0.001416,0.000882,0.029438,-0.000133,  24.208
   779.0,0.001551,0.000791,0.029288,-0.000074,  24.155
   780.0,0.001669,0.000886,0.028887,-0.000012,  24.161
   781.0,0.001695,0.000969,0.029131,-0.000012,  24.156
   782.0,0.001725,0.001014,0.029120,-0.000025,  24.153
   783.0,0.001730,0.001026,0.029040,0.000024,  24.153
   784.0,0.001740,0.001035,0.029143,0.000037,  24.150
   785.0,0.001756,0.001049,0.028969,0.000002,  24.147
   786.0,0.001761,0.001055,0.029525,-0.000097,  24.150
   787.0,0.001675,0.001072,0.030483,-0.000138,  24.178
   788.0,0.001644,0.001025,0.030656,-0.000241,  24.237
   789.0,0.001611,0.001011,0.030375,-0.000384,  24.260
   790.0,0.001420,0.000943,0.029988,-0.000196,  24.206
   791.0,0.001549,0.000788,0.029949,-0.000066,  24.147
   792.0,0.001661,0.000877,0.029730,-0.000047,  24.145
   793.0,0.001724,0.000968,0.030086,-0.000021,  24.154
   794.0,0.001760,0.001021,0.028794,0.000002,  24.147
   795.0,0.001760,0.001052,0.028405,-0.000007,  24.153
   796.0,0.001777,0.001058,0.029486,-0.000007,  24.152
   797.0,0.001782,0.001061,0.029553,0.000015,  24.160
   798.0,0.001784,0.001072,0.029966,-0.000088,  24.164
   799.0,0.001735,0.001078,0.030753,-0.000160,  24.192
   800.0,0.001689,0.001042,0.031320,-0.000276,  24.243
   801.0,0.001634,0.001006,0.031134,-0.000438,  24.267
   802.0,0.001414,0.000951,0.030791,-0.000200,  24.249
   803.0,0.001563,0.000790,0.030909,-0.000115,  24.196
   804.0,0.001693,0.000851,0.030567,-0.000039,  24.197
   805.0,0.001748,0.000973,0.030666,0.000024,  24.194
   806.0,0.001786,0.001034,0.030510,0.000015,  24.191
   807.0,0.001805,0.001074,0.030443,0.000064,  24.192
   808.0,0.001818,0.001088,0.030045,0.000064,  24.189
   809.0,0.001813,0.001099,0.030445,0.000056,  24.187
   810.0,0.001811,0.001101,0.030787,-0.000016,  24.189
   811.0,0.001786,0.001105,0.031580,-0.000151,  24.203
   812.0,0.001711,0.001088,0.032162,-0.000254,  24.240
   813.0,0.001668,0.001027,0.031875,-0.000353,  24.268
   814.0,0.001486,0.001010,0.031674,-0.000165,  24.257
   815.0,0.001558,0.000838,0.031825,-0.000070,  24.197
   816.0,0.001706,0.000873,0.031245,-0.000003,  24.183
   817.0,0.001763,0.000991,0.031058,0.000002,  24.170
   818.0,0.001806,0.001031,0.031111,0.000037,  24.163
   819.0,0.001825,0.001071,0.031267,0.000037,  24.154
   820.0,0.001829,0.001085,0.031063,0.000015,  24.136
   821.0,0.001834,0.001095,0.031226,0.000051,  24.134
   822.0,0.001848,0.001097,0.031556,0.000011,  24.124
   823.0,0.001831,0.001108,0.032299,-0.000151,  24.131
   824.0,0.001735,0.001113,0.032915,-0.000205,  24.191
   825.0,0.001686,0.001042,0.032287,-0.000389,  24.225
   826.0,0.001525,0.000992,0.032203,-0.000205,  24.228
   827.0,0.001587,0.000853,0.032275,-0.000097,  24.149
   828.0,0.001745,0.000889,0.031803,-0.000052,  24.130
   829.0,0.001803,0.000984,0.032293,0.000024,  24.128
   830.0,0.001863,0.001040,0.032086,0.000051,  24.125
   831.0,0.001867,0.001092,0.031944,0.000073,  24.126
   832.0,0.001884,0.001112,0.032071,0.000051,  24.136
   833.0,0.001881,0.001128,0.031564,0.000100,  24.134
   834.0,0.001891,0.001135,0.031942,0.000060,  24.140
   835.0,0.001878,0.001137,0.032559,-0.000138,  24.156
   836.0,0.001773,0.001133,0.033038,-0.000156,  24.190
   837.0,0.001731,0.001063,0.033192,-0.000340,  24.237
   838.0,0.001545,0.001037,0.033073,-0.000218,  24.238
   839.0,0.001579,0.000887,0.033306,-0.000120,  24.173
   840.0,0.001746,0.000884,0.032297,-0.000003,  24.141
   841.0,0.001819,0.000995,0.032980,-0.000012,  24.141
   842.0,0.001887,0.001057,0.032927,0.000037,  24.132
   843.0,0.001916,0.001120,0.032813,0.000037,  24.127
   844.0,0.001913,0.001145,0.032579,0.000015,  24.124
   845.0,0.001910,0.001137,0.032669,0.000051,  24.117
   846.0,0.001916,0.001130,0.033010,0.000011,  24.120
   847.0,0.001903,0.001137,0.033789,-0.000200,  24.123
   848.0,0.001815,0.001150,0.034362,-0.000218,  24.171
   849.0,0.001771,0.001080,0.034082,-0.000389,  24.218
   850.0,0.001616,0.001033,0.033851,-0.000272,  24.225
   851.0,0.001590,0.000889,0.033664,-0.000097,  24.159
   852.0,0.001772,0.000875,0.033599,-0.000052,  24.122
   853.0,0.001861,0.001000,0.033777,0.000011,  24.118
   854.0,0.001923,0.001071,0.033588,0.000037,  24.119
   855.0,0.001949,0.001134,0.033119,0.000015,  24.120
   856.0,0.001957,0.001168,0.033550,0.000073,  24.119
   857.0,0.001962,0.001181,0.033623,0.000051,  24.119
   858.0,0.001967,0.001177,0.033253,0.000024,  24.112
   859.0,0.001966,0.001186,0.034296,-0.000084,  24.113
   860.0,0.001873,0.001186,0.035134,-0.000187,  24.150
   861.0,0.001881,0.001124,0.035505,-0.000313,  24.216
   862.0,0.001727,0.001137,0.035184,-0.000259,  24.226
   863.0,0.001688,0.001035,0.035044,-0.000133,  24.174
   864.0,0.001825,0.000935,0.034952,-0.000016,  24.123
   865.0,0.001901,0.001021,0.034997,0.000011,  24.127
   866.0,0.001942,0.001109,0.034900,0.000024,  24.128
   867.0,0.001977,0.001156,0.034117,0.000037,  24.131
   868.0,0.001985,0.001173,0.034295,0.000015,  24.134
   869.0,0.001993,0.001177,0.034044,0.000051,  24.139
   870.0,0.002001,0.001188,0.034576,0.000051,  24.142
   871.0,0.002001,0.001187,0.034620,-0.000133,  24.146
   872.0,0.001923,0.001187,0.036004,-0.000165,  24.172
   873.0,0.001897,0.001152,0.036401,-0.000272,  24.221
   874.0,0.001813,0.001135,0.035831,-0.000335,  24.243
   875.0,0.001653,0.001090,0.035517,-0.000165,  24.207
   876.0,0.001771,0.000907,0.035461,-0.000106,  24.153
   877.0,0.001889,0.000977,0.033897,-0.000016,  24.156
   878.0,0.001944,0.001069,0.034142,0.000011,  24.154
   879.0,0.001986,0.001124,0.034879,-0.000025,  24.160
   880.0,0.001996,0.001161,0.035086,0.000011,  24.159
   881.0,0.001993,0.001171,0.035112,0.000037,  24.172
   882.0,0.002011,0.001172,0.035188,0.000002,  24.173
   883.0,0.002019,0.001181,0.035575,-0.000097,  24.174
   884.0,0.001980,0.001194,0.036700,-0.000187,  24.191
   885.0,0.001911,0.001173,0.037073,-0.000237,  24.232
   886.0,0.001847,0.001159,0.036663,-0.000380,  24.254
   887.0,0.001676,0.001077,0.036363,-0.000205,  24.241
   888.0,0.001836,0.000928,0.036636,-0.000048,  24.197
   889.0,0.001981,0.001000,0.036221,-0.000003,  24.189
   890.0,0.002041,0.001126,0.035762,0.000073,  24.188
   891.0,0.002082,0.001180,0.034677,0.000073,  24.192
   892.0,0.002082,0.001224,0.035907,0.000064,  24.196
   893.0,0.002078,0.001240,0.036189,0.000051,  24.195
   894.0,0.002083,0.001248,0.036328,0.000064,  24.193
   895.0,0.002094,0.001247,0.036948,-0.000039,  24.192
   896.0,0.002063,0.001252,0.037708,-0.000138,  24.208
   897.0,0.001979,0.001236,0.038355,-0.000205,  24.235
   898.0,0.001948,0.001174,0.038206,-0.000348,  24.253
   899.0,0.001765,0.001153,0.037732,-0.000151,  24.256
   900.0,0.001888,0.001001,0.037956,-0.000043,  24.202
   901.0,0.002000,0.001045,0.037519,0.000024,  24.192
   902.0,0.002062,0.001163,0.037771,0.000024,  24.187
   903.0,0.002125,0.001213,0.037787,0.000015,  24.186
   904.0,0.002129,0.001253,0.037550,0.000051,  24.180
   905.0,0.002126,0.001274,0.037435,0.000064,  24.180
   906.0,0.002132,0.001276,0.037515,0.000029,  24.174
   907.0,0.002137,0.001282,0.037837,0.000011,  24.176
   908.0,0.002119,0.001273,0.038625,-0.000124,  24.179
   909.0,0.002060,0.001277,0.039397,-0.000241,  24.212
   910.0,0.002026,0.001237,0.038520,-0.000326,  24.246
   911.0,0.001831,0.001185,0.038527,-0.000200,  24.236
   912.0,0.001921,0.001034,0.038743,-0.000043,  24.191
   913.0,0.002083,0.001091,0.038415,0.000037,  24.173
   914.0,0.002122,0.001199,0.038916,0.000064,  24.174
   915.0,0.002192,0.001238,0.038195,0.000064,  24.174
   916.0,0.002198,0.001291,0.038283,0.000078,  24.171
   917.0,0.002195,0.001299,0.038457,0.000056,  24.170
   918.0,0.002189,0.001308,0.038572,0.000078,  24.170
   919.0,0.002186,0.001302,0.038894,0.000015,  24.168
   920.0,0.002168,0.001302,0.039579,-0.000146,  24.171
   921.0,0.002074,0.001297,0.040289,-0.000263,  24.206
   922.0,0.002046,0.001231,0.039972,-0.000398,  24.238
   923.0,0.001895,0.001203,0.039907,-0.000227,  24.239
   924.0,0.001963,0.001095,0.040073,-0.000142,  24.177
   925.0,0.002095,0.001078,0.039435,-0.000074,  24.158
   926.0,0.002126,0.001179,0.039856,0.000011,  24.158
   927.0,0.002184,0.001223,0.039152,0.000015,  24.161
   928.0,0.002201,0.001269,0.039239,0.000051,  24.156
   929.0,0.002204,0.001286,0.039515,0.000037,  24.157
   930.0,0.002219,0.001287,0.039512,0.000029,  24.154
   931.0,0.002216,0.001293,0.039616,0.000037,  24.149
   932.0,0.002222,0.001302,0.040279,-0.000084,  24.146
   933.0,0.002149,0.001303,0.040927,-0.000214,  24.174
   934.0,0.002108,0.001242,0.040865,-0.000340,  24.222
   935.0,0.001929,0.001235,0.040755,-0.000218,  24.226
   936.0,0.001903,0.001093,0.040953,-0.000111,  24.168
   937.0,0.002066,0.001044,0.039765,-0.000074,  24.127
   938.0,0.002156,0.001159,0.040565,-0.000061,  24.120
   939.0,0.002223,0.001226,0.040560,-0.000012,  24.115
   940.0,0.002245,0.001288,0.040534,-0.000034,  24.115
   941.0,0.002247,0.001300,0.040367,-0.000007,  24.106
   942.0,0.002244,0.001306,0.040534,0.000015,  24.105
   943.0,0.002253,0.001314,0.040614,-0.000034,  24.100
   944.0,0.002264,0.001317,0.041400,-0.000133,  24.104
   945.0,0.002183,0.001330,0.042236,-0.000209,  24.146
   946.0,0.002168,0.001273,0.042120,-0.000344,  24.199
   947.0,0.002033,0.001269,0.041939,-0.000272,  24.214
   948.0,0.001954,0.001116,0.041764,-0.000097,  24.171
   949.0,0.002121,0.001057,0.041551,-0.000088,  24.132
   950.0,0.002208,0.001171,0.040640,-0.000025,  24.124
   951.0,0.002273,0.001251,0.039167,-0.000034,  24.123
   952.0,0.002294,0.001303,0.040839,-0.000047,  24.125
   953.0,0.002285,0.001329,0.041388,0.000024,  24.132
   954.0,0.002305,0.001336,0.041607,0.000015,  24.135
   955.0,0.002315,0.001334,0.041740,0.000037,  24.141
   956.0,0.002320,0.001355,0.042433,-0.000070,  24.149
   957.0,0.002245,0.001361,0.043518,-0.000187,  24.172
   958.0,0.002243,0.001317,0.043209,-0.000286,  24.211
   959.0,0.002134,0.001299,0.042806,-0.000326,  24.224
   960.0,0.002004,0.001225,0.042847,-0.000146,  24.206
   961.0,0.002134,0.001075,0.043053,-0.000030,  24.155
   962.0,0.002258,0.001174,0.042818,-0.000025,  24.147
   963.0,0.002322,0.001277,0.042614,0.000037,  24.142
   964.0,0.002365,0.001340,0.042747,0.000037,  24.143
   965.0,0.002373,0.001383,0.042673,0.000002,  24.139
   966.0,0.002367,0.001381,0.042868,0.000037,  24.139
   967.0,0.002360,0.001381,0.043022,0.000037,  24.140
   968.0,0.002362,0.001376,0.043719,-0.000106,  24.137
   969.0,0.002302,0.001371,0.042562,-0.000192,  24.152
   970.0,0.002281,0.001343,0.044132,-0.000299,  24.193
   971.0,0.002216,0.001311,0.043418,-0.000340,  24.218
