Run Name,Group 2 - 27%B
Run Date,03:53:59 PM   02-22-11
Method Name,27%B-Isocrat.2
Export Format Version, 1.00
Method ID, 1203
Points/Second, 1.00
Number of Records,    882
Offset from Run Start Time,00:00:00
Run End Time,00:14:41
Time,Second
QuadTec 1, (280.0 nm), AU
QuadTec 2, (260.0 nm), AU
Gradient Pump,<Not Selected>
QuadTec 3, (214.0 nm), AU
QuadTec 4, (405.0 nm), AU
Conductivity,mS/cm
Trace 6,<Not Available>
GP Pressure,<Not Selected>
Volume,<Not Selected>
Fraction,<Not Available>
Time,QuadTec 1,QuadTec 2,QuadTec 3,QuadTec 4,Conductivity
     0.0,-0.000377,0.000000,0.000000,0.000000,  28.479
     1.0,0.000000,0.000000,0.000000,0.000000,  28.499
     2.0,0.000000,0.000000,0.000000,0.000000,  28.544
     3.0,0.000000,0.000000,0.000000,0.000000,  28.560
     4.0,0.000000,0.000000,0.000000,0.000000,  28.504
     5.0,0.000093,0.000109,-0.000193,0.000135,  28.483
     6.0,0.000106,0.000136,-0.000306,0.000077,  28.487
     7.0,0.000055,0.000114,0.000271,-0.000018,  28.524
     8.0,0.000035,0.000131,-0.000603,-0.000072,  28.559
     9.0,-0.000177,0.000002,0.000593,-0.000126,  28.570
    10.0,-0.000150,-0.000062,0.000080,-0.000103,  28.505
    11.0,0.000000,0.000058,-0.000586,0.000005,  28.494
    12.0,0.000052,0.000115,-0.000320,0.000019,  28.495
    13.0,0.000080,0.000148,0.000227,-0.000062,  28.536
    14.0,0.000044,0.000128,0.000841,-0.000116,  28.563
    15.0,-0.000088,-0.000006,0.000749,-0.000300,  28.569
    16.0,-0.000080,-0.000039,-0.000095,-0.000103,  28.514
    17.0,0.000030,0.000057,-0.001599,0.000019,  28.510
    18.0,0.000047,0.000095,-0.001109,-0.000003,  28.510
    19.0,0.000034,0.000109,0.000223,-0.000089,  28.549
    20.0,-0.000021,0.000085,0.000648,-0.000170,  28.572
    21.0,-0.000236,-0.000091,-0.001139,-0.000251,  28.576
    22.0,-0.000092,-0.000020,-0.000771,-0.000076,  28.513
    23.0,0.000023,0.000071,-0.000520,-0.000003,  28.506
    24.0,0.000034,0.000116,-0.000387,-0.000035,  28.504
    25.0,0.000040,0.000124,0.000376,-0.000076,  28.557
    26.0,0.000012,0.000115,0.000902,-0.000165,  28.570
    27.0,-0.000172,-0.000071,0.000704,-0.000184,  28.570
    28.0,-0.000050,0.000008,-0.000069,-0.000071,  28.508
    29.0,0.000048,0.000100,-0.000494,-0.000026,  28.505
    30.0,0.000024,0.000097,0.000073,-0.000030,  28.503
    31.0,0.000028,0.000119,0.000606,-0.000161,  28.559
    32.0,-0.000034,0.000067,0.000964,-0.000192,  28.570
    33.0,-0.000166,-0.000076,0.000472,-0.000296,  28.560
    34.0,-0.000021,0.000018,-0.000128,-0.000107,  28.498
    35.0,0.000075,0.000112,-0.001516,0.000037,  28.494
    36.0,0.000039,0.000110,-0.000449,-0.000093,  28.506
    37.0,0.000029,0.000119,0.000585,-0.000161,  28.556
    38.0,-0.000011,0.000070,0.000954,-0.000206,  28.569
    39.0,-0.000123,-0.000046,0.000436,-0.000152,  28.541
    40.0,0.000005,0.000055,-0.000262,-0.000017,  28.500
    41.0,0.000086,0.000117,-0.000308,0.000028,  28.494
    42.0,0.000056,0.000128,0.000135,-0.000080,  28.515
    43.0,0.000074,0.000159,0.000794,-0.000084,  28.563
    44.0,-0.000067,0.000097,0.000554,-0.000255,  28.574
    45.0,-0.000101,-0.000044,0.000311,-0.000174,  28.523
    46.0,0.000009,0.000060,0.000009,-0.000003,  28.488
    47.0,0.000077,0.000137,-0.000058,-0.000012,  28.486
    48.0,0.000055,0.000132,0.000289,-0.000044,  28.521
    49.0,0.000056,0.000130,0.000706,-0.000134,  28.563
    50.0,-0.000072,-0.000041,0.001067,-0.000174,  28.571
    51.0,-0.000072,-0.000045,0.000209,-0.000071,  28.499
    52.0,0.000044,0.000066,-0.000208,0.000001,  28.488
    53.0,0.000080,0.000112,-0.000546,0.000001,  28.486
    54.0,0.000078,0.000143,0.000265,-0.000071,  28.538
    55.0,0.000041,0.000120,0.000833,-0.000161,  28.565
    56.0,-0.000092,0.000017,0.000222,-0.000336,  28.570
    57.0,-0.000060,0.000002,-0.000249,-0.000098,  28.507
    58.0,0.000049,0.000090,-0.000368,-0.000012,  28.502
    59.0,0.000087,0.000150,-0.000213,0.000024,  28.506
    60.0,0.000126,0.000203,0.000551,-0.000066,  28.550
    61.0,0.000072,0.000178,0.001233,-0.000143,  28.574
    62.0,-0.000155,-0.000037,0.001032,-0.000174,  28.588
    63.0,-0.000022,0.000016,0.000211,-0.000026,  28.516
    64.0,0.000063,0.000111,-0.000121,0.000006,  28.508
    65.0,0.000059,0.000162,-0.000024,-0.000039,  28.510
    66.0,0.000067,0.000170,0.000882,-0.000066,  28.565
    67.0,0.000004,0.000134,0.001102,-0.000134,  28.585
    68.0,-0.000133,-0.000049,0.000853,-0.000269,  28.583
    69.0,-0.000014,0.000036,0.000088,-0.000089,  28.513
    70.0,0.000088,0.000118,-0.000105,0.000028,  28.505
    71.0,0.000064,0.000118,-0.000091,-0.000039,  28.516
    72.0,0.000069,0.000148,0.000293,-0.000129,  28.571
    73.0,0.000026,0.000088,0.001068,-0.000161,  28.590
    74.0,-0.000177,-0.000079,-0.000571,-0.000210,  28.581
    75.0,-0.000031,0.000019,-0.001276,-0.000053,  28.516
    76.0,0.000073,0.000108,-0.000566,0.000042,  28.510
    77.0,0.000044,0.000134,-0.000085,-0.000116,  28.520
    78.0,0.000044,0.000138,0.000680,-0.000120,  28.572
    79.0,-0.000060,0.000085,0.000889,-0.000255,  28.592
    80.0,-0.000130,-0.000063,0.000360,-0.000224,  28.559
    81.0,-0.000013,0.000041,-0.000260,-0.000053,  28.496
    82.0,0.000067,0.000114,-0.000322,0.000015,  28.486
    83.0,0.000029,0.000095,-0.000003,-0.000066,  28.511
    84.0,-0.000002,0.000096,0.000599,-0.000134,  28.566
    85.0,-0.000136,-0.000046,0.000940,-0.000250,  28.588
    86.0,-0.000150,-0.000091,0.000142,-0.000161,  28.522
    87.0,0.000008,0.000040,-0.000472,-0.000026,  28.486
    88.0,0.000054,0.000114,-0.000593,-0.000021,  28.487
    89.0,0.000067,0.000147,0.000110,-0.000066,  28.525
    90.0,0.000054,0.000149,0.000694,-0.000093,  28.584
    91.0,-0.000034,0.000022,0.000922,-0.000282,  28.594
    92.0,-0.000096,-0.000037,0.000042,-0.000134,  28.520
    93.0,0.000007,0.000054,-0.000376,-0.000048,  28.491
    94.0,0.000068,0.000091,-0.000687,0.000001,  28.491
    95.0,0.000043,0.000119,-0.000118,-0.000080,  28.554
    96.0,0.000008,0.000120,0.000386,-0.000197,  28.590
    97.0,-0.000226,-0.000048,0.000238,-0.000255,  28.598
    98.0,-0.000115,-0.000028,-0.000378,-0.000129,  28.523
    99.0,0.000023,0.000070,-0.000867,-0.000043,  28.514
   100.0,0.000072,0.000132,-0.000868,-0.000057,  28.522
   101.0,0.000068,0.000149,-0.000173,-0.000138,  28.578
   102.0,0.000027,0.000112,0.000400,-0.000161,  28.610
   103.0,-0.000136,-0.000082,0.000251,-0.000242,  28.626
   104.0,-0.000031,-0.000001,-0.000530,-0.000116,  28.559
   105.0,0.000068,0.000091,-0.001318,0.000028,  28.564
   106.0,0.000055,0.000115,-0.001165,0.000001,  28.576
   107.0,0.000086,0.000176,-0.000072,-0.000089,  28.627
   108.0,0.000060,0.000135,0.000488,-0.000134,  28.657
   109.0,-0.000182,-0.000056,-0.000233,-0.000228,  28.663
   110.0,-0.000032,0.000026,-0.000751,-0.000053,  28.597
   111.0,0.000085,0.000116,-0.000968,0.000055,  28.610
   112.0,0.000085,0.000159,-0.000774,-0.000039,  28.616
   113.0,0.000050,0.000154,-0.000309,-0.000084,  28.669
   114.0,-0.000014,0.000095,0.000361,-0.000242,  28.681
   115.0,-0.000110,-0.000049,-0.000022,-0.000170,  28.679
   116.0,0.000043,0.000083,-0.001208,0.000001,  28.620
   117.0,0.000165,0.000190,-0.001376,0.000046,  28.623
   118.0,0.000145,0.000205,-0.000341,0.000001,  28.641
   119.0,0.000153,0.000207,-0.000431,-0.000066,  28.699
   120.0,0.000010,0.000118,0.000201,-0.000224,  28.721
   121.0,0.000008,0.000041,0.000397,-0.000147,  28.700
   122.0,0.000153,0.000144,-0.000353,0.000028,  28.654
   123.0,0.000254,0.000243,-0.000198,0.000033,  28.660
   124.0,0.000247,0.000252,0.000425,-0.000053,  28.693
   125.0,0.000231,0.000246,0.001540,-0.000147,  28.752
   126.0,0.000151,0.000103,0.002494,-0.000255,  28.773
   127.0,0.000148,0.000097,0.001901,-0.000120,  28.734
   128.0,0.000329,0.000251,0.001867,-0.000008,  28.713
   129.0,0.000483,0.000359,0.002867,0.000069,  28.726
   130.0,0.000488,0.000386,0.003710,-0.000066,  28.776
   131.0,0.000464,0.000350,0.005180,-0.000197,  28.828
   132.0,0.000372,0.000311,0.006174,-0.000363,  28.853
   133.0,0.000539,0.000333,0.005042,-0.000093,  28.792
   134.0,0.000711,0.000511,0.006985,0.000006,  28.794
   135.0,0.000947,0.000658,0.007992,0.000015,  28.820
   136.0,0.001012,0.000707,0.009386,-0.000026,  28.882
   137.0,0.001094,0.000748,0.011067,-0.000098,  28.931
   138.0,0.001015,0.000597,0.013031,-0.000201,  28.952
   139.0,0.001220,0.000727,0.013009,-0.000039,  28.895
   140.0,0.001570,0.000925,0.014813,0.000055,  28.907
   141.0,0.001795,0.001134,0.016941,0.000042,  28.940
   142.0,0.001902,0.001201,0.018469,-0.000102,  29.011
   143.0,0.002051,0.001304,0.021685,-0.000188,  29.048
   144.0,0.002140,0.001282,0.023450,-0.000372,  29.070
   145.0,0.002390,0.001450,0.024326,-0.000053,  29.006
   146.0,0.003005,0.001873,0.028777,0.000069,  29.040
   147.0,0.003259,0.002025,0.031934,0.000019,  29.070
   148.0,0.003440,0.002114,0.034303,-0.000030,  29.148
   149.0,0.003845,0.002333,0.039535,-0.000134,  29.185
   150.0,0.003905,0.002316,0.042337,-0.000156,  29.202
   151.0,0.004182,0.002545,0.043510,0.000042,  29.150
   152.0,0.004956,0.003063,0.051762,0.000123,  29.185
   153.0,0.005477,0.003347,0.053628,0.000042,  29.228
   154.0,0.005762,0.003536,0.056538,-0.000012,  29.288
   155.0,0.006299,0.003870,0.064092,-0.000192,  29.324
   156.0,0.006569,0.003865,0.067621,-0.000197,  29.327
   157.0,0.007054,0.004169,0.071628,-0.000043,  29.276
   158.0,0.008427,0.004974,0.079938,0.000038,  29.306
   159.0,0.008811,0.005277,0.086413,0.000006,  29.354
   160.0,0.009188,0.005556,0.091778,-0.000111,  29.424
   161.0,0.009965,0.005959,0.101560,-0.000192,  29.459
   162.0,0.010339,0.006192,0.105221,-0.000124,  29.450
   163.0,0.011176,0.006678,0.108156,0.000024,  29.432
   164.0,0.012571,0.007637,0.124145,0.000154,  29.464
   165.0,0.013433,0.008067,0.129492,-0.000030,  29.513
   166.0,0.014144,0.008409,0.137746,-0.000084,  29.574
   167.0,0.015131,0.008993,0.148943,-0.000264,  29.599
   168.0,0.015576,0.009204,0.154568,-0.000084,  29.570
   169.0,0.016459,0.010015,0.164256,0.000065,  29.562
   170.0,0.018255,0.010936,0.178200,0.000114,  29.583
   171.0,0.019034,0.011430,0.183903,0.000011,  29.643
   172.0,0.019962,0.012008,0.192277,0.000001,  29.703
   173.0,0.020851,0.012530,0.206262,-0.000093,  29.724
   174.0,0.021889,0.013030,0.213099,0.000033,  29.667
   175.0,0.023567,0.013892,0.229201,0.000217,  29.666
   176.0,0.025438,0.015133,0.241866,0.000231,  29.699
   177.0,0.026297,0.015654,0.249052,0.000060,  29.767
   178.0,0.027401,0.016413,0.264741,-0.000012,  29.817
   179.0,0.028601,0.016899,0.276838,-0.000170,  29.830
   180.0,0.029521,0.017659,0.285694,0.000073,  29.779
   181.0,0.032416,0.019328,0.301487,0.000200,  29.786
   182.0,0.033280,0.019963,0.317645,0.000227,  29.800
   183.0,0.034292,0.020450,0.323472,0.000114,  29.868
   184.0,0.036020,0.021358,0.341028,0.000024,  29.910
   185.0,0.037061,0.022060,0.355538,-0.000084,  29.921
   186.0,0.037952,0.022732,0.366452,0.000168,  29.847
   187.0,0.040199,0.024598,0.394273,0.000281,  29.853
   188.0,0.042012,0.025065,0.397008,0.000208,  29.873
   189.0,0.042725,0.025498,0.401025,0.000092,  29.929
   190.0,0.044779,0.026768,0.423143,0.000011,  29.962
   191.0,0.045868,0.027105,0.438223,0.000019,  29.975
   192.0,0.047438,0.028096,0.453761,0.000159,  29.891
   193.0,0.051023,0.029915,0.476708,0.000227,  29.897
   194.0,0.052063,0.030822,0.487955,0.000208,  29.899
   195.0,0.052774,0.031300,0.496638,0.000186,  29.961
   196.0,0.055338,0.032883,0.526129,0.000146,  29.991
   197.0,0.056492,0.033403,0.541147,-0.000003,  29.981
   198.0,0.057912,0.034133,0.551920,0.000024,  29.907
   199.0,0.062070,0.036628,0.588370,0.000046,  29.897
   200.0,0.063287,0.037152,0.593187,0.000173,  29.892
   201.0,0.064901,0.037941,0.602385,0.000362,  29.940
   202.0,0.068008,0.039781,0.635180,0.000425,  29.945
   203.0,0.069491,0.040424,0.658076,-0.000016,  29.918
   204.0,0.072610,0.041999,0.685716,-0.000165,  29.813
   205.0,0.077261,0.044907,0.735730,-0.000183,  29.769
   206.0,0.080812,0.046835,0.747470,0.000262,  29.744
   207.0,0.083422,0.048594,0.767926,0.000555,  29.783
   208.0,0.087429,0.050724,0.804770,0.000528,  29.770
   209.0,0.090128,0.052012,0.838814,-0.000008,  29.680
   210.0,0.096596,0.054642,0.898064,-0.000228,  29.564
   211.0,0.107511,0.060622,0.973750,-0.000093,  29.463
   212.0,0.112949,0.064031,1.018678,0.000371,  29.404
   213.0,0.116499,0.066573,1.059307,0.000501,  29.416
   214.0,0.120330,0.068438,1.102822,0.000325,  29.388
   215.0,0.126770,0.072218,1.166439,0.000096,  29.232
   216.0,0.139515,0.079019,1.254997,0.000042,  29.068
   217.0,0.155467,0.088147,1.365122,0.000208,  28.892
   218.0,0.164692,0.092804,1.444492,0.000298,  28.816
   219.0,0.168788,0.094509,1.490139,0.000163,  28.804
   220.0,0.173429,0.096548,1.521091,-0.000197,  28.741
   221.0,0.184751,0.102366,1.606637,0.000325,  28.529
   222.0,0.197851,0.110463,1.716753,0.000609,  28.334
   223.0,0.214619,0.120112,1.833063,0.000425,  28.133
   224.0,0.223110,0.124566,1.901166,0.000150,  28.083
   225.0,0.225239,0.125152,1.916640,-0.000250,  28.061
   226.0,0.227452,0.127189,1.945487,0.000042,  27.995
   227.0,0.240614,0.133104,2.018986,0.000690,  27.792
   228.0,0.252158,0.139560,2.089098,0.000884,  27.675
   229.0,0.264434,0.146458,2.163291,0.000514,  27.592
   230.0,0.268939,0.149269,2.191088,0.000042,  27.637
   231.0,0.267005,0.147824,2.169835,-0.000304,  27.656
   232.0,0.270187,0.149585,2.190226,-0.000120,  27.659
   233.0,0.278969,0.155043,2.234965,0.000641,  27.574
   234.0,0.282637,0.157635,2.271595,0.000893,  27.631
   235.0,0.291601,0.161950,2.309037,0.000406,  27.746
   236.0,0.292815,0.162389,2.310200,0.000006,  27.894
   237.0,0.287134,0.159054,2.269132,-0.000134,  27.983
   238.0,0.291285,0.160835,2.290998,0.000325,  28.048
   239.0,0.296439,0.164180,2.324752,0.000722,  28.110
   240.0,0.296947,0.164255,2.337074,0.000717,  28.318
   241.0,0.300481,0.166515,2.351124,0.000303,  28.573
   242.0,0.298962,0.164987,2.319386,0.000123,  28.773
   243.0,0.291408,0.161183,2.278730,-0.000053,  28.906
   244.0,0.296679,0.164421,2.303676,0.000276,  29.001
   245.0,0.299431,0.165546,2.328910,0.000677,  29.131
   246.0,0.297205,0.164334,2.338449,0.000542,  29.382
   247.0,0.298426,0.164887,2.341149,0.000222,  29.650
   248.0,0.293896,0.162707,2.304927,0.000123,  29.823
   249.0,0.286443,0.157443,2.248308,0.000163,  29.932
   250.0,0.290191,0.160636,2.291184,0.000487,  29.998
   251.0,0.290186,0.160503,2.298793,0.000650,  30.133
   252.0,0.285766,0.158178,2.302470,0.000479,  30.336
   253.0,0.285780,0.158012,2.296081,0.000244,  30.536
   254.0,0.279841,0.155179,2.242659,0.000163,  30.668
   255.0,0.274309,0.151370,2.187176,0.000006,  30.746
   256.0,0.278626,0.153635,2.233818,0.000442,  30.756
   257.0,0.273523,0.150352,2.232694,0.000555,  30.841
   258.0,0.270157,0.149011,2.228351,0.000262,  30.965
   259.0,0.268004,0.147605,2.201123,0.000190,  31.114
   260.0,0.261050,0.143476,2.145900,0.000100,  31.205
   261.0,0.253711,0.140571,2.098588,0.000150,  31.256
   262.0,0.259350,0.143285,2.150432,0.000447,  31.205
   263.0,0.253089,0.140274,2.133633,0.000519,  31.257
   264.0,0.248490,0.137549,2.137137,0.000312,  31.330
   265.0,0.246218,0.136398,2.101504,0.000217,  31.443
   266.0,0.239163,0.132149,2.023831,0.000087,  31.514
   267.0,0.236550,0.129768,2.003969,0.000177,  31.537
   268.0,0.238427,0.131382,2.047258,0.000460,  31.478
   269.0,0.229463,0.126937,2.024748,0.000474,  31.523
   270.0,0.226919,0.124737,2.012064,0.000271,  31.573
   271.0,0.223042,0.122745,1.975941,0.000114,  31.664
   272.0,0.215409,0.118679,1.896654,0.000055,  31.711
   273.0,0.214310,0.117981,1.894207,0.000150,  31.737
   274.0,0.214338,0.118741,1.928686,0.000384,  31.667
   275.0,0.205997,0.113918,1.901243,0.000393,  31.697
   276.0,0.203783,0.112645,1.883701,0.000231,  31.733
   277.0,0.200322,0.110230,1.831307,0.000150,  31.823
   278.0,0.193471,0.106311,1.755452,0.000109,  31.862
   279.0,0.193171,0.106311,1.766934,0.000195,  31.877
   280.0,0.192727,0.105713,1.802106,0.000420,  31.799
   281.0,0.185262,0.101825,1.779597,0.000379,  31.816
   282.0,0.182153,0.100445,1.758137,0.000222,  31.861
   283.0,0.178063,0.098426,1.708094,0.000136,  31.947
   284.0,0.171444,0.094840,1.648733,0.000055,  31.976
   285.0,0.172681,0.095335,1.681483,0.000195,  31.970
   286.0,0.171796,0.094507,1.687993,0.000406,  31.917
   287.0,0.164739,0.090890,1.668204,0.000303,  31.937
   288.0,0.162579,0.089496,1.641711,0.000204,  31.986
   289.0,0.158022,0.086707,1.591815,0.000123,  32.075
   290.0,0.153595,0.084049,1.534863,0.000033,  32.097
   291.0,0.155237,0.084976,1.571076,0.000271,  32.066
   292.0,0.151076,0.083780,1.585654,0.000420,  32.037
   293.0,0.147114,0.080899,1.568972,0.000290,  32.068
   294.0,0.145232,0.079746,1.544125,0.000217,  32.118
   295.0,0.141807,0.077618,1.496873,0.000092,  32.198
   296.0,0.137482,0.075755,1.469744,-0.000021,  32.225
   297.0,0.139661,0.076765,1.508532,0.000213,  32.166
   298.0,0.136002,0.074962,1.510596,0.000348,  32.172
   299.0,0.132336,0.072963,1.499989,0.000262,  32.196
   300.0,0.130520,0.071835,1.471535,0.000159,  32.260
   301.0,0.126789,0.069748,1.427266,0.000065,  32.314
   302.0,0.124412,0.067866,1.410563,0.000114,  32.336
   303.0,0.126504,0.069332,1.456996,0.000294,  32.286
   304.0,0.123088,0.067460,1.455623,0.000384,  32.289
   305.0,0.120443,0.065882,1.450303,0.000281,  32.315
   306.0,0.118790,0.064982,1.430362,0.000159,  32.383
   307.0,0.115535,0.063216,1.391730,0.000100,  32.434
   308.0,0.114646,0.062590,1.382858,-0.000030,  32.450
   309.0,0.116161,0.063654,1.428478,0.000281,  32.390
   310.0,0.112604,0.061913,1.433909,0.000371,  32.409
   311.0,0.111724,0.061158,1.431908,0.000271,  32.430
   312.0,0.110304,0.060086,1.406051,0.000154,  32.502
   313.0,0.107331,0.058330,1.368798,0.000109,  32.543
   314.0,0.106634,0.058295,1.378562,0.000127,  32.558
   315.0,0.108312,0.058970,1.423557,0.000393,  32.488
   316.0,0.105780,0.057771,1.431568,0.000420,  32.514
   317.0,0.104825,0.057221,1.432793,0.000235,  32.540
   318.0,0.103381,0.056457,1.409557,0.000177,  32.612
   319.0,0.100703,0.054941,1.377906,0.000015,  32.646
   320.0,0.101798,0.055448,1.407558,0.000127,  32.658
   321.0,0.103118,0.056079,1.440206,0.000379,  32.597
   322.0,0.101133,0.055124,1.452536,0.000393,  32.614
   323.0,0.100969,0.054762,1.452987,0.000235,  32.645
   324.0,0.099435,0.053855,1.431756,0.000105,  32.725
   325.0,0.097049,0.052546,1.397777,0.000024,  32.757
   326.0,0.098834,0.053319,1.432158,0.000200,  32.747
   327.0,0.099404,0.054103,1.466240,0.000389,  32.690
   328.0,0.098384,0.053392,1.486822,0.000348,  32.702
   329.0,0.098433,0.053373,1.488495,0.000208,  32.734
   330.0,0.097261,0.052536,1.462512,0.000065,  32.822
   331.0,0.095492,0.051564,1.431252,-0.000089,  32.839
   332.0,0.097666,0.052796,1.481877,0.000208,  32.823
   333.0,0.097873,0.052837,1.508980,0.000416,  32.777
   334.0,0.097568,0.052744,1.529634,0.000357,  32.810
   335.0,0.097406,0.052644,1.529196,0.000195,  32.854
   336.0,0.095725,0.051754,1.497593,0.000073,  32.923
   337.0,0.094135,0.050782,1.480732,0.000069,  32.944
   338.0,0.096985,0.052425,1.533589,0.000379,  32.900
   339.0,0.097309,0.052570,1.555489,0.000452,  32.886
   340.0,0.097228,0.052585,1.581514,0.000379,  32.910
   341.0,0.097342,0.052514,1.575722,0.000195,  32.965
   342.0,0.095916,0.051570,1.546423,0.000136,  33.025
   343.0,0.095381,0.051004,1.522796,0.000082,  33.050
   344.0,0.097845,0.052492,1.580292,0.000357,  32.970
   345.0,0.097348,0.052622,1.605041,0.000465,  32.975
   346.0,0.098115,0.052783,1.624487,0.000254,  32.999
   347.0,0.097949,0.052663,1.615667,0.000119,  33.072
   348.0,0.096321,0.051670,1.573920,0.000096,  33.123
   349.0,0.095703,0.051726,1.580474,0.000123,  33.137
   350.0,0.098508,0.053123,1.625248,0.000474,  33.052
   351.0,0.098068,0.052856,1.642848,0.000506,  33.064
   352.0,0.098805,0.053221,1.664690,0.000262,  33.075
   353.0,0.098564,0.053084,1.652519,0.000190,  33.160
   354.0,0.096768,0.052061,1.607082,0.000109,  33.210
   355.0,0.097283,0.051990,1.621508,0.000222,  33.229
   356.0,0.099596,0.053520,1.666183,0.000514,  33.142
   357.0,0.099075,0.053381,1.681950,0.000465,  33.141
   358.0,0.099782,0.053616,1.699116,0.000298,  33.169
   359.0,0.099274,0.053255,1.683764,0.000177,  33.264
   360.0,0.097225,0.052081,1.631175,0.000060,  33.299
   361.0,0.098580,0.052754,1.653072,0.000244,  33.308
   362.0,0.099936,0.053874,1.691488,0.000514,  33.203
   363.0,0.099482,0.053601,1.709369,0.000438,  33.215
   364.0,0.100170,0.053903,1.714649,0.000231,  33.242
   365.0,0.099518,0.053390,1.683749,0.000136,  33.346
   366.0,0.097780,0.052239,1.632057,0.000069,  33.382
   367.0,0.099394,0.053334,1.674354,0.000339,  33.378
   368.0,0.100024,0.053768,1.701968,0.000519,  33.282
   369.0,0.099900,0.053690,1.715011,0.000406,  33.297
   370.0,0.100115,0.053825,1.718999,0.000231,  33.337
   371.0,0.098958,0.053271,1.681285,0.000114,  33.439
   372.0,0.097251,0.052356,1.642624,-0.000012,  33.473
   373.0,0.099323,0.053525,1.685288,0.000339,  33.429
   374.0,0.099887,0.053779,1.694306,0.000506,  33.358
   375.0,0.099407,0.053672,1.717669,0.000352,  33.374
   376.0,0.099685,0.053683,1.714395,0.000154,  33.440
   377.0,0.098463,0.052870,1.675490,0.000096,  33.533
   378.0,0.096881,0.051811,1.629910,0.000136,  33.561
   379.0,0.099013,0.053171,1.676383,0.000384,  33.488
   380.0,0.098349,0.053277,1.687790,0.000555,  33.468
   381.0,0.098330,0.053071,1.697214,0.000339,  33.488
   382.0,0.098313,0.052987,1.686227,0.000163,  33.557
   383.0,0.096787,0.052048,1.628514,0.000096,  33.626
   384.0,0.095858,0.051793,1.615656,-0.000021,  33.646
   385.0,0.097783,0.052854,1.652534,0.000379,  33.563
   386.0,0.096605,0.052343,1.650230,0.000487,  33.548
   387.0,0.096794,0.052397,1.665042,0.000195,  33.570
   388.0,0.096460,0.052215,1.647272,0.000136,  33.654
   389.0,0.094782,0.051318,1.592203,0.000096,  33.729
   390.0,0.094079,0.050813,1.586931,0.000181,  33.745
   391.0,0.095890,0.051882,1.617757,0.000460,  33.644
   392.0,0.094653,0.051316,1.603400,0.000416,  33.650
   393.0,0.094414,0.051212,1.616633,0.000208,  33.671
   394.0,0.093966,0.050875,1.598964,0.000051,  33.767
   395.0,0.092214,0.050049,1.538640,-0.000016,  33.815
   396.0,0.092677,0.050101,1.543512,0.000114,  33.832
   397.0,0.093464,0.050879,1.571123,0.000348,  33.743
   398.0,0.091811,0.050187,1.565560,0.000317,  33.755
   399.0,0.091948,0.050015,1.557190,0.000150,  33.772
   400.0,0.091263,0.049571,1.527883,0.000069,  33.874
   401.0,0.089611,0.048546,1.470025,0.000069,  33.905
   402.0,0.089984,0.048991,1.485978,0.000231,  33.923
   403.0,0.090431,0.049348,1.512321,0.000411,  33.790
   404.0,0.088978,0.048694,1.497403,0.000379,  33.782
   405.0,0.088803,0.048626,1.499228,0.000177,  33.806
   406.0,0.087903,0.048143,1.462173,0.000033,  33.938
   407.0,0.086507,0.047350,1.415531,-0.000093,  33.969
   408.0,0.087369,0.047922,1.437472,0.000217,  33.960
   409.0,0.087424,0.047937,1.429848,0.000406,  33.849
   410.0,0.085979,0.047299,1.429653,0.000312,  33.863
   411.0,0.085749,0.047084,1.421434,0.000114,  33.903
   412.0,0.084704,0.046467,1.387066,0.000082,  34.024
   413.0,0.082986,0.045628,1.341724,0.000082,  34.058
   414.0,0.084477,0.046428,1.369143,0.000262,  34.016
   415.0,0.083608,0.046394,1.364608,0.000433,  33.938
   416.0,0.082584,0.045784,1.353795,0.000285,  33.960
   417.0,0.082387,0.045596,1.339936,0.000065,  34.023
   418.0,0.081428,0.044997,1.295111,0.000024,  34.127
   419.0,0.080597,0.044478,1.267444,-0.000084,  34.151
   420.0,0.081704,0.045304,1.294417,0.000222,  34.075
   421.0,0.080603,0.044944,1.288514,0.000321,  34.046
   422.0,0.079773,0.044531,1.273412,0.000146,  34.065
   423.0,0.079315,0.044240,1.260088,0.000073,  34.138
   424.0,0.078248,0.043679,1.221463,-0.000003,  34.215
   425.0,0.077330,0.043242,1.206340,0.000019,  34.244
   426.0,0.078721,0.044064,1.225077,0.000276,  34.154
   427.0,0.077652,0.043641,1.202910,0.000308,  34.139
   428.0,0.076800,0.043251,1.199160,0.000154,  34.156
   429.0,0.076435,0.042943,1.181178,0.000038,  34.240
   430.0,0.075462,0.042363,1.141605,-0.000043,  34.305
   431.0,0.075440,0.042197,1.128801,0.000033,  34.326
   432.0,0.076280,0.043060,1.146030,0.000227,  34.228
   433.0,0.075116,0.042689,1.130291,0.000281,  34.229
   434.0,0.074663,0.042338,1.119012,0.000141,  34.249
   435.0,0.074174,0.042026,1.100201,0.000051,  34.341
   436.0,0.073245,0.041519,1.064183,0.000055,  34.399
   437.0,0.073353,0.041777,1.068829,0.000069,  34.414
   438.0,0.074072,0.042299,1.080730,0.000276,  34.303
   439.0,0.073043,0.041988,1.060721,0.000339,  34.303
   440.0,0.072702,0.041781,1.050398,0.000105,  34.322
   441.0,0.072138,0.041412,1.029091,0.000038,  34.424
   442.0,0.071465,0.040989,0.997553,-0.000021,  34.477
   443.0,0.071982,0.041377,1.005521,0.000127,  34.498
   444.0,0.072641,0.041858,1.010015,0.000281,  34.376
   445.0,0.071728,0.041521,0.993024,0.000262,  34.383
   446.0,0.071465,0.041388,0.984281,0.000105,  34.405
   447.0,0.070912,0.041048,0.965092,0.000073,  34.521
   448.0,0.069997,0.040723,0.941395,-0.000070,  34.555
   449.0,0.071266,0.041340,0.953866,0.000065,  34.561
   450.0,0.071465,0.041848,0.951757,0.000262,  34.456
   451.0,0.070933,0.041641,0.938652,0.000186,  34.468
   452.0,0.070857,0.041500,0.926956,0.000092,  34.502
   453.0,0.070277,0.041147,0.905849,0.000033,  34.613
   454.0,0.069750,0.040616,0.886474,-0.000084,  34.641
   455.0,0.071166,0.041802,0.902526,0.000141,  34.614
   456.0,0.071453,0.042083,0.901828,0.000240,  34.543
   457.0,0.070982,0.041986,0.888783,0.000200,  34.549
   458.0,0.070823,0.041916,0.878011,0.000136,  34.610
   459.0,0.070271,0.041614,0.858778,0.000055,  34.697
   460.0,0.069908,0.041529,0.848502,-0.000116,  34.726
   461.0,0.071716,0.042695,0.865575,0.000204,  34.674
   462.0,0.071838,0.043110,0.857774,0.000294,  34.647
   463.0,0.071713,0.042981,0.849594,0.000208,  34.658
   464.0,0.071624,0.042856,0.838972,0.000105,  34.724
   465.0,0.071190,0.042582,0.821365,0.000051,  34.794
   466.0,0.071022,0.042350,0.812890,0.000060,  34.814
   467.0,0.073006,0.043759,0.831457,0.000227,  34.745
   468.0,0.073147,0.044059,0.825776,0.000281,  34.734
   469.0,0.073261,0.044231,0.819155,0.000208,  34.743
   470.0,0.073126,0.044101,0.807492,0.000127,  34.811
   471.0,0.072564,0.043791,0.790211,0.000096,  34.876
   472.0,0.073095,0.044235,0.791471,0.000015,  34.899
   473.0,0.074919,0.045457,0.809891,0.000235,  34.806
   474.0,0.075280,0.045934,0.804857,0.000352,  34.797
   475.0,0.075508,0.045992,0.798831,0.000231,  34.809
   476.0,0.075200,0.045805,0.786964,0.000141,  34.899
   477.0,0.074777,0.045410,0.771566,0.000069,  34.950
   478.0,0.075261,0.046092,0.781006,0.000163,  34.962
   479.0,0.077429,0.047311,0.794379,0.000312,  34.858
   480.0,0.077730,0.047675,0.790939,0.000352,  34.864
   481.0,0.078251,0.047977,0.787570,0.000195,  34.887
   482.0,0.077938,0.047764,0.776119,0.000163,  34.990
   483.0,0.077262,0.047448,0.762742,0.000015,  35.040
   484.0,0.079072,0.048221,0.775765,0.000087,  35.052
   485.0,0.080637,0.049616,0.788881,0.000285,  34.960
   486.0,0.081250,0.050094,0.786915,0.000276,  34.972
   487.0,0.081666,0.050359,0.782561,0.000132,  34.989
   488.0,0.081225,0.050036,0.769804,0.000065,  35.084
   489.0,0.080506,0.049422,0.759596,-0.000003,  35.116
   490.0,0.082688,0.051131,0.777116,0.000150,  35.119
   491.0,0.084196,0.052102,0.790528,0.000325,  35.046
   492.0,0.084962,0.052635,0.791671,0.000303,  35.057
   493.0,0.085480,0.052990,0.787846,0.000190,  35.082
   494.0,0.084918,0.052648,0.775094,0.000100,  35.158
   495.0,0.084647,0.052379,0.764489,-0.000124,  35.196
   496.0,0.087170,0.054109,0.790519,0.000168,  35.175
   497.0,0.088593,0.055147,0.798648,0.000267,  35.114
   498.0,0.089557,0.055773,0.799282,0.000276,  35.115
   499.0,0.090004,0.055990,0.798893,0.000173,  35.159
   500.0,0.089232,0.055448,0.787271,0.000078,  35.245
   501.0,0.088561,0.055084,0.782401,0.000019,  35.270
   502.0,0.092032,0.057184,0.807897,0.000186,  35.213
   503.0,0.093107,0.058065,0.815119,0.000281,  35.168
   504.0,0.094224,0.058838,0.820181,0.000222,  35.172
   505.0,0.094466,0.058977,0.815063,0.000119,  35.225
   506.0,0.093657,0.058368,0.800647,0.000073,  35.313
   507.0,0.093780,0.058346,0.802040,-0.000008,  35.331
   508.0,0.096949,0.060642,0.826648,0.000186,  35.250
   509.0,0.098077,0.061455,0.835410,0.000330,  35.226
   510.0,0.099369,0.062086,0.840530,0.000213,  35.240
   511.0,0.099333,0.062179,0.836308,0.000132,  35.316
   512.0,0.098164,0.061466,0.821384,0.000073,  35.389
   513.0,0.098567,0.061953,0.828875,0.000046,  35.402
   514.0,0.101896,0.063935,0.854714,0.000290,  35.305
   515.0,0.102859,0.064660,0.861508,0.000357,  35.303
   516.0,0.104364,0.065534,0.868284,0.000173,  35.317
   517.0,0.104258,0.065291,0.860627,0.000127,  35.401
   518.0,0.102948,0.064418,0.843981,-0.000030,  35.457
   519.0,0.104522,0.065095,0.855431,0.000038,  35.473
   520.0,0.107423,0.067248,0.880082,0.000276,  35.358
   521.0,0.108607,0.067986,0.887933,0.000308,  35.349
   522.0,0.109647,0.068759,0.893938,0.000173,  35.369
   523.0,0.109250,0.068505,0.883622,0.000127,  35.477
   524.0,0.107595,0.067378,0.869170,-0.000057,  35.528
   525.0,0.109844,0.069133,0.894535,0.000073,  35.527
   526.0,0.112368,0.070723,0.909545,0.000240,  35.398
   527.0,0.113479,0.071662,0.920879,0.000294,  35.396
   528.0,0.114708,0.072192,0.924522,0.000195,  35.410
   529.0,0.113895,0.071684,0.911059,0.000078,  35.543
   530.0,0.112577,0.070478,0.891910,-0.000016,  35.575
   531.0,0.115679,0.072300,0.920925,0.000195,  35.586
   532.0,0.117256,0.073747,0.940403,0.000308,  35.446
   533.0,0.118663,0.074629,0.951228,0.000267,  35.447
   534.0,0.119724,0.075281,0.954310,0.000168,  35.480
   535.0,0.118632,0.074412,0.940212,0.000087,  35.607
   536.0,0.117002,0.073845,0.926104,-0.000080,  35.629
   537.0,0.120894,0.075797,0.954813,0.000190,  35.600
   538.0,0.122151,0.076853,0.966342,0.000317,  35.508
   539.0,0.123827,0.077921,0.981646,0.000222,  35.521
   540.0,0.124326,0.078252,0.980495,0.000078,  35.561
   541.0,0.122789,0.077099,0.959096,0.000011,  35.673
   542.0,0.121315,0.076142,0.953616,0.000011,  35.701
   543.0,0.125413,0.079027,0.982893,0.000213,  35.630
   544.0,0.126373,0.079735,0.996252,0.000371,  35.564
   545.0,0.128153,0.080718,1.009060,0.000254,  35.568
   546.0,0.128547,0.080981,1.009783,0.000132,  35.646
   547.0,0.126566,0.079820,0.986034,0.000087,  35.748
   548.0,0.126974,0.079612,0.983293,-0.000043,  35.776
   549.0,0.129749,0.081872,1.015741,0.000254,  35.668
   550.0,0.130057,0.082083,1.023826,0.000393,  35.639
   551.0,0.132296,0.083426,1.035195,0.000298,  35.665
   552.0,0.132341,0.083256,1.031383,0.000204,  35.746
   553.0,0.130000,0.081605,1.006155,0.000136,  35.829
   554.0,0.130160,0.081642,1.009606,0.000127,  35.848
   555.0,0.133769,0.084138,1.038908,0.000366,  35.738
   556.0,0.134391,0.084463,1.043244,0.000398,  35.744
   557.0,0.135726,0.085513,1.057694,0.000213,  35.758
   558.0,0.135597,0.085369,1.048848,0.000168,  35.847
   559.0,0.133013,0.083607,1.020704,-0.000016,  35.907
   560.0,0.134266,0.084645,1.038365,0.000087,  35.918
   561.0,0.137287,0.086420,1.058194,0.000281,  35.812
   562.0,0.137107,0.086872,1.067559,0.000321,  35.823
   563.0,0.138992,0.087613,1.077471,0.000208,  35.838
   564.0,0.137740,0.086982,1.064926,0.000078,  35.929
   565.0,0.134901,0.084969,1.030820,0.000024,  35.975
   566.0,0.137590,0.086386,1.056383,0.000208,  35.985
   567.0,0.139031,0.087782,1.076146,0.000335,  35.883
   568.0,0.139567,0.087974,1.085201,0.000366,  35.894
   569.0,0.140781,0.088818,1.089245,0.000244,  35.913
   570.0,0.139573,0.087751,1.074280,0.000127,  36.007
   571.0,0.137032,0.086423,1.045770,-0.000053,  36.045
   572.0,0.140316,0.088096,1.072395,0.000217,  36.044
   573.0,0.140879,0.088829,1.082430,0.000371,  35.953
   574.0,0.142172,0.089480,1.095009,0.000325,  35.959
   575.0,0.142593,0.089869,1.098351,0.000159,  35.985
   576.0,0.140993,0.088645,1.073748,0.000092,  36.079
   577.0,0.137586,0.086857,1.055876,0.000060,  36.114
   578.0,0.141320,0.089277,1.086436,0.000235,  36.092
   579.0,0.142108,0.089506,1.089887,0.000420,  36.018
   580.0,0.142754,0.090188,1.103500,0.000366,  36.031
   581.0,0.143396,0.090570,1.106590,0.000195,  36.065
   582.0,0.141059,0.089138,1.078410,0.000136,  36.151
   583.0,0.140051,0.087703,1.057871,0.000055,  36.181
   584.0,0.142819,0.089830,1.091224,0.000290,  36.138
   585.0,0.141418,0.089430,1.095011,0.000398,  36.094
   586.0,0.143482,0.090352,1.103390,0.000240,  36.108
   587.0,0.143459,0.090278,1.101042,0.000141,  36.146
   588.0,0.140304,0.088152,1.068803,0.000038,  36.214
   589.0,0.139179,0.087638,1.061876,0.000024,  36.244
   590.0,0.142548,0.089785,1.089851,0.000317,  36.169
   591.0,0.141573,0.089073,1.083558,0.000362,  36.137
   592.0,0.142873,0.090217,1.100929,0.000227,  36.141
   593.0,0.142914,0.090123,1.094729,0.000181,  36.218
   594.0,0.140095,0.088050,1.059170,0.000051,  36.284
   595.0,0.139682,0.087823,1.065138,0.000100,  36.306
   596.0,0.142104,0.089342,1.083248,0.000294,  36.207
   597.0,0.140532,0.088950,1.080152,0.000375,  36.186
   598.0,0.141826,0.089358,1.088851,0.000249,  36.194
   599.0,0.141008,0.089073,1.080253,0.000132,  36.279
   600.0,0.137421,0.086810,1.041110,0.000051,  36.338
   601.0,0.138860,0.087247,1.053594,0.000154,  36.351
   602.0,0.140185,0.088583,1.071074,0.000357,  36.241
   603.0,0.138777,0.087556,1.072781,0.000344,  36.240
   604.0,0.139959,0.088396,1.074558,0.000231,  36.250
   605.0,0.139022,0.087513,1.056246,0.000177,  36.346
   606.0,0.135740,0.085159,1.025013,0.000082,  36.400
   607.0,0.137217,0.086342,1.038231,0.000244,  36.410
   608.0,0.137535,0.086847,1.054798,0.000348,  36.290
   609.0,0.137264,0.086319,1.049784,0.000344,  36.283
   610.0,0.137740,0.086861,1.058680,0.000159,  36.306
   611.0,0.136353,0.085759,1.035195,0.000078,  36.414
   612.0,0.132426,0.083667,1.008424,-0.000035,  36.452
   613.0,0.134611,0.085040,1.028750,0.000159,  36.458
   614.0,0.134677,0.084611,1.025900,0.000384,  36.327
   615.0,0.134097,0.084757,1.032017,0.000294,  36.329
   616.0,0.134411,0.084914,1.031229,0.000159,  36.355
   617.0,0.132096,0.083593,1.007017,0.000114,  36.475
   618.0,0.129628,0.081197,0.974997,0.000051,  36.502
   619.0,0.132009,0.082962,1.003668,0.000281,  36.478
   620.0,0.129987,0.082374,1.001226,0.000375,  36.388
   621.0,0.130506,0.082239,1.003930,0.000267,  36.399
   622.0,0.130453,0.082282,1.001382,0.000208,  36.441
   623.0,0.127879,0.080466,0.974659,0.000092,  36.548
   624.0,0.125909,0.079656,0.954847,-0.000084,  36.567
   625.0,0.128150,0.080867,0.976224,0.000249,  36.517
   626.0,0.125669,0.079287,0.965993,0.000335,  36.460
   627.0,0.126715,0.079967,0.971800,0.000186,  36.467
   628.0,0.126469,0.079857,0.969551,0.000141,  36.517
   629.0,0.124060,0.077913,0.935870,0.000038,  36.612
   630.0,0.121842,0.076778,0.929970,0.000105,  36.631
   631.0,0.123818,0.077934,0.945590,0.000267,  36.553
   632.0,0.121797,0.076739,0.931593,0.000335,  36.521
   633.0,0.121835,0.076929,0.940025,0.000222,  36.531
   634.0,0.121296,0.076766,0.933347,0.000078,  36.598
   635.0,0.117924,0.074632,0.895805,-0.000016,  36.674
   636.0,0.118158,0.074323,0.893260,0.000060,  36.685
   637.0,0.119103,0.075209,0.907054,0.000281,  36.595
   638.0,0.116448,0.073566,0.900583,0.000281,  36.593
   639.0,0.117345,0.073975,0.901051,0.000168,  36.610
   640.0,0.116412,0.073343,0.890509,0.000105,  36.679
   641.0,0.113290,0.071142,0.860540,0.000073,  36.737
   642.0,0.113247,0.071413,0.860843,0.000105,  36.762
   643.0,0.113356,0.071754,0.872140,0.000294,  36.674
   644.0,0.111630,0.070284,0.856315,0.000357,  36.681
   645.0,0.111748,0.070640,0.862498,0.000146,  36.697
   646.0,0.110286,0.069848,0.845912,0.000065,  36.778
   647.0,0.107632,0.067933,0.815678,-0.000089,  36.817
   648.0,0.108381,0.068472,0.827606,0.000119,  36.833
   649.0,0.108275,0.067904,0.822105,0.000303,  36.757
   650.0,0.106488,0.067274,0.821091,0.000281,  36.764
   651.0,0.106370,0.067110,0.819131,0.000146,  36.782
   652.0,0.104777,0.066121,0.802957,0.000100,  36.854
   653.0,0.101498,0.064058,0.773706,-0.000003,  36.891
   654.0,0.103024,0.064844,0.787730,0.000186,  36.894
   655.0,0.101990,0.064623,0.781194,0.000357,  36.814
   656.0,0.100641,0.063637,0.778785,0.000254,  36.809
   657.0,0.100735,0.063729,0.778998,0.000132,  36.812
   658.0,0.098989,0.062379,0.754716,0.000087,  36.901
   659.0,0.096896,0.060956,0.733451,-0.000048,  36.918
   660.0,0.097740,0.061602,0.746286,0.000208,  36.905
   661.0,0.094964,0.060047,0.738301,0.000294,  36.813
   662.0,0.095258,0.060069,0.733514,0.000240,  36.810
   663.0,0.094815,0.059919,0.732258,0.000154,  36.838
   664.0,0.092505,0.058570,0.708528,0.000065,  36.941
   665.0,0.090504,0.057282,0.696367,-0.000003,  36.970
   666.0,0.091947,0.058014,0.706438,0.000262,  36.927
   667.0,0.090056,0.056396,0.685648,0.000335,  36.850
   668.0,0.089176,0.056481,0.692060,0.000235,  36.854
   669.0,0.088893,0.056142,0.687463,0.000119,  36.905
   670.0,0.086512,0.054716,0.661799,0.000051,  36.989
   671.0,0.085749,0.053735,0.651209,0.000087,  37.015
   672.0,0.086360,0.054459,0.661801,0.000254,  36.939
   673.0,0.083685,0.053127,0.647814,0.000321,  36.896
   674.0,0.083615,0.052719,0.645830,0.000222,  36.901
   675.0,0.083091,0.052483,0.640614,0.000105,  36.956
   676.0,0.080863,0.050874,0.614616,0.000073,  37.049
   677.0,0.080135,0.050583,0.615264,0.000024,  37.067
   678.0,0.080191,0.050693,0.620194,0.000267,  36.964
   679.0,0.077799,0.049021,0.603024,0.000344,  36.957
   680.0,0.077836,0.049318,0.604419,0.000159,  36.970
   681.0,0.076878,0.048783,0.595726,0.000105,  37.052
   682.0,0.074645,0.047188,0.571171,0.000019,  37.104
   683.0,0.074651,0.047068,0.573189,0.000132,  37.128
   684.0,0.074485,0.046828,0.573008,0.000267,  37.025
   685.0,0.072592,0.045779,0.560945,0.000281,  37.024
   686.0,0.072111,0.045639,0.561771,0.000146,  37.033
   687.0,0.071288,0.044969,0.552536,0.000100,  37.114
   688.0,0.068871,0.043732,0.531467,-0.000043,  37.164
   689.0,0.069275,0.043719,0.535014,0.000078,  37.189
   690.0,0.068488,0.043442,0.527325,0.000290,  37.075
   691.0,0.066929,0.042406,0.521201,0.000213,  37.066
   692.0,0.066833,0.042303,0.519217,0.000092,  37.068
   693.0,0.065648,0.041443,0.504608,0.000046,  37.170
   694.0,0.063878,0.039981,0.486809,-0.000030,  37.213
   695.0,0.064199,0.040447,0.493549,0.000168,  37.217
   696.0,0.062549,0.039663,0.489328,0.000254,  37.112
   697.0,0.061687,0.039035,0.480140,0.000267,  37.112
   698.0,0.060343,0.038301,0.468149,0.000344,  37.131
   699.0,0.058992,0.037461,0.456057,0.000348,  37.131
   700.0,0.057385,0.036473,0.444324,0.000362,  37.147
   701.0,0.056255,0.035587,0.434082,0.000384,  37.159
   702.0,0.054787,0.034663,0.422902,0.000362,  37.177
   703.0,0.053195,0.033728,0.412739,0.000398,  37.198
   704.0,0.051810,0.032816,0.401314,0.000362,  37.219
   705.0,0.050389,0.031892,0.392170,0.000375,  37.230
   706.0,0.048787,0.030885,0.379455,0.000398,  37.243
   707.0,0.047584,0.030286,0.370520,0.000362,  37.256
   708.0,0.046434,0.029564,0.361842,0.000362,  37.291
   709.0,0.045318,0.028847,0.352259,0.000384,  37.306
   710.0,0.044235,0.028075,0.343475,0.000362,  37.340
   711.0,0.043069,0.027300,0.333409,0.000362,  37.352
   712.0,0.041734,0.026452,0.323339,0.000348,  37.376
   713.0,0.040716,0.025823,0.317584,0.000348,  37.391
   714.0,0.039623,0.025140,0.309699,0.000371,  37.410
   715.0,0.038604,0.024538,0.302215,0.000335,  37.438
   716.0,0.037638,0.024040,0.294600,0.000321,  37.452
   717.0,0.036584,0.023356,0.285260,0.000371,  37.467
   718.0,0.035482,0.022628,0.276407,0.000335,  37.481
   719.0,0.034775,0.022074,0.270670,0.000348,  37.489
   720.0,0.033880,0.021521,0.263073,0.000371,  37.519
   721.0,0.033076,0.020996,0.257094,0.000348,  37.532
   722.0,0.032153,0.020429,0.251202,0.000371,  37.538
   723.0,0.031214,0.019846,0.244780,0.000335,  37.547
   724.0,0.030347,0.019358,0.237456,0.000348,  37.558
   725.0,0.029586,0.018925,0.231072,0.000357,  37.581
   726.0,0.028778,0.018438,0.226053,0.000321,  37.594
   727.0,0.028077,0.017985,0.220599,0.000321,  37.607
   728.0,0.027458,0.017487,0.213473,0.000344,  37.621
   729.0,0.026602,0.016932,0.207548,0.000308,  37.621
   730.0,0.025853,0.016475,0.201489,0.000344,  37.634
   731.0,0.025198,0.016068,0.196493,0.000357,  37.656
   732.0,0.024599,0.015677,0.193004,0.000321,  37.663
   733.0,0.023949,0.015301,0.188603,0.000357,  37.674
   734.0,0.023245,0.014922,0.183322,0.000335,  37.680
   735.0,0.022518,0.014471,0.175670,0.000321,  37.687
   736.0,0.021901,0.014068,0.172097,0.000330,  37.694
   737.0,0.021391,0.013709,0.168312,0.000308,  37.708
   738.0,0.020843,0.013352,0.164352,0.000281,  37.708
   739.0,0.020314,0.013000,0.160041,0.000294,  37.722
   740.0,0.019762,0.012648,0.156697,0.000294,  37.730
   741.0,0.019130,0.012249,0.151219,0.000330,  37.735
   742.0,0.018624,0.011928,0.147620,0.000308,  37.742
   743.0,0.018128,0.011676,0.143786,0.000294,  37.748
   744.0,0.017666,0.011365,0.139746,0.000330,  37.758
   745.0,0.017164,0.011054,0.135225,0.000308,  37.771
   746.0,0.016759,0.010740,0.132227,0.000294,  37.769
   747.0,0.016228,0.010419,0.128293,0.000330,  37.780
   748.0,0.015821,0.010170,0.125417,0.000308,  37.787
   749.0,0.015389,0.009890,0.122384,0.000317,  37.807
   750.0,0.014967,0.009620,0.119528,0.000254,  37.814
   751.0,0.014553,0.009357,0.116166,0.000267,  37.831
   752.0,0.014130,0.009137,0.113043,0.000303,  37.841
   753.0,0.013679,0.008853,0.109480,0.000267,  37.848
   754.0,0.013319,0.008623,0.106630,0.000267,  37.864
   755.0,0.013035,0.008406,0.104125,0.000303,  37.883
   756.0,0.012709,0.008179,0.101615,0.000267,  37.893
   757.0,0.012346,0.007952,0.098807,0.000290,  37.901
   758.0,0.011996,0.007736,0.096380,0.000267,  37.913
   759.0,0.011623,0.007519,0.093610,0.000267,  37.921
   760.0,0.011317,0.007337,0.091192,0.000290,  37.930
   761.0,0.010999,0.007168,0.088815,0.000254,  37.947
   762.0,0.010708,0.006976,0.086487,0.000254,  37.969
   763.0,0.010429,0.006791,0.084249,0.000276,  37.979
   764.0,0.010160,0.006586,0.081712,0.000254,  37.989
   765.0,0.009856,0.006396,0.079241,0.000290,  38.007
   766.0,0.009596,0.006238,0.077648,0.000267,  38.016
   767.0,0.009338,0.006056,0.076093,0.000267,  38.031
   768.0,0.009089,0.005911,0.074211,0.000276,  38.055
   769.0,0.008829,0.005774,0.071707,0.000262,  38.060
   770.0,0.008562,0.005612,0.068841,0.000276,  38.067
   771.0,0.008350,0.005469,0.067933,0.000298,  38.065
   772.0,0.008175,0.005338,0.066580,0.000312,  38.072
   773.0,0.007962,0.005206,0.064945,0.000276,  38.078
   774.0,0.007753,0.005067,0.063388,0.000312,  38.086
   775.0,0.007530,0.004933,0.062087,0.000276,  38.084
   776.0,0.007296,0.004780,0.060368,0.000298,  38.089
   777.0,0.007114,0.004696,0.058649,0.000312,  38.089
   778.0,0.006938,0.004590,0.057061,0.000276,  38.093
   779.0,0.006769,0.004464,0.056290,0.000262,  38.099
   780.0,0.006608,0.004360,0.055050,0.000240,  38.124
   781.0,0.006445,0.004240,0.053549,0.000254,  38.122
   782.0,0.006243,0.004123,0.052089,0.000240,  38.132
   783.0,0.006093,0.004030,0.051166,0.000254,  38.138
   784.0,0.005943,0.003937,0.050096,0.000276,  38.151
   785.0,0.005801,0.003847,0.049116,0.000240,  38.158
   786.0,0.005656,0.003768,0.047797,0.000227,  38.193
   787.0,0.005509,0.003670,0.046840,0.000249,  38.201
   788.0,0.005349,0.003574,0.045511,0.000240,  38.214
   789.0,0.005255,0.003495,0.044560,0.000240,  38.224
   790.0,0.005120,0.003417,0.043302,0.000262,  38.238
   791.0,0.004992,0.003331,0.042483,0.000227,  38.249
   792.0,0.004857,0.003252,0.041871,0.000262,  38.269
   793.0,0.004729,0.003169,0.041044,0.000240,  38.278
   794.0,0.004602,0.003105,0.039983,0.000240,  38.281
   795.0,0.004506,0.003050,0.039333,0.000262,  38.281
   796.0,0.004406,0.002983,0.038496,0.000240,  38.283
   797.0,0.004303,0.002919,0.037845,0.000240,  38.289
   798.0,0.004232,0.002862,0.037115,0.000262,  38.290
   799.0,0.004121,0.002797,0.036432,0.000254,  38.296
   800.0,0.004027,0.002732,0.035593,0.000276,  38.300
   801.0,0.003950,0.002674,0.035053,0.000240,  38.307
   802.0,0.003857,0.002629,0.034437,0.000267,  38.314
   803.0,0.003776,0.002583,0.033229,0.000290,  38.318
   804.0,0.003692,0.002538,0.031804,0.000267,  38.332
   805.0,0.003609,0.002479,0.032166,0.000267,  38.334
   806.0,0.003541,0.002426,0.031867,0.000303,  38.350
   807.0,0.003464,0.002379,0.031248,0.000267,  38.357
   808.0,0.003388,0.002332,0.029441,0.000290,  38.366
   809.0,0.003299,0.002279,0.029812,0.000267,  38.373
   810.0,0.003232,0.002237,0.029643,0.000267,  38.381
   811.0,0.003159,0.002198,0.028894,0.000303,  38.393
   812.0,0.003101,0.002165,0.028418,0.000267,  38.393
   813.0,0.003041,0.002126,0.028295,0.000294,  38.403
   814.0,0.002968,0.002084,0.027925,0.000317,  38.414
   815.0,0.002915,0.002046,0.027545,0.000281,  38.421
   816.0,0.002855,0.002002,0.026958,0.000317,  38.437
   817.0,0.002785,0.001956,0.026366,0.000303,  38.444
   818.0,0.002729,0.001930,0.026155,0.000267,  38.450
   819.0,0.002680,0.001888,0.025699,0.000290,  38.460
   820.0,0.002620,0.001862,0.025274,0.000267,  38.472
   821.0,0.002567,0.001824,0.024853,0.000267,  38.487
   822.0,0.002524,0.001801,0.024406,0.000290,  38.476
   823.0,0.002469,0.001767,0.023923,0.000267,  38.481
   824.0,0.002424,0.001740,0.023557,0.000267,  38.471
   825.0,0.002386,0.001709,0.022983,0.000240,  38.472
   826.0,0.002328,0.001676,0.022729,0.000267,  38.468
   827.0,0.002287,0.001652,0.022335,0.000312,  38.470
   828.0,0.002246,0.001624,0.021574,0.000312,  38.453
   829.0,0.002198,0.001602,0.021450,0.000290,  38.444
   830.0,0.002154,0.001572,0.021005,0.000312,  38.436
   831.0,0.002106,0.001543,0.020776,0.000312,  38.432
   832.0,0.002070,0.001509,0.020403,0.000290,  38.419
   833.0,0.002018,0.001482,0.019449,0.000276,  38.399
   834.0,0.001975,0.001456,0.018832,0.000267,  38.381
   835.0,0.001945,0.001430,0.018723,0.000276,  38.365
   836.0,0.001908,0.001400,0.018699,0.000240,  38.353
   837.0,0.001868,0.001388,0.018541,0.000254,  38.334
   838.0,0.001826,0.001364,0.018220,0.000262,  38.311
   839.0,0.001801,0.001344,0.017872,0.000240,  38.289
   840.0,0.001770,0.001326,0.017454,0.000276,  38.268
   841.0,0.001748,0.001299,0.017261,0.000262,  38.253
   842.0,0.001717,0.001285,0.017056,0.000240,  38.228
   843.0,0.001677,0.001274,0.016792,0.000262,  38.207
   844.0,0.001649,0.001249,0.016585,0.000240,  38.191
   845.0,0.001636,0.001234,0.016220,0.000254,  38.172
   846.0,0.001604,0.001219,0.015792,0.000276,  38.141
   847.0,0.001587,0.001207,0.014770,0.000240,  38.117
   848.0,0.001569,0.001202,0.015127,0.000240,  38.090
   849.0,0.001549,0.001184,0.015126,0.000276,  38.061
   850.0,0.001531,0.001162,0.014905,0.000240,  38.039
   851.0,0.001516,0.001156,0.014636,0.000276,  38.014
   852.0,0.001492,0.001136,0.014514,0.000254,  37.980
   853.0,0.001476,0.001136,0.014337,0.000267,  37.956
   854.0,0.001460,0.001127,0.014009,0.000317,  37.931
   855.0,0.001437,0.001129,0.013477,0.000254,  37.901
   856.0,0.001412,0.001100,0.012754,0.000267,  37.878
   857.0,0.001393,0.001086,0.013038,0.000303,  37.850
   858.0,0.001356,0.001072,0.012577,0.000267,  37.809
   859.0,0.001336,0.001048,0.011856,0.000303,  37.766
   860.0,0.001321,0.001033,0.012112,0.000303,  37.734
   861.0,0.001298,0.001016,0.012273,0.000267,  37.704
   862.0,0.001274,0.001003,0.012121,0.000290,  37.670
   863.0,0.001262,0.000997,0.010944,0.000267,  37.626
   864.0,0.001243,0.000980,0.010012,0.000267,  37.587
   865.0,0.001236,0.000975,0.010879,0.000290,  37.564
   866.0,0.001225,0.000966,0.011190,0.000267,  37.549
   867.0,0.001217,0.000970,0.010959,0.000290,  37.514
   868.0,0.001204,0.000953,0.010864,0.000303,  37.502
   869.0,0.001186,0.000949,0.010902,0.000267,  37.472
   870.0,0.001164,0.000943,0.010744,0.000303,  37.446
   871.0,0.001160,0.000941,0.010537,0.000267,  37.419
   872.0,0.001145,0.000932,0.010155,0.000267,  37.403
   873.0,0.001127,0.000905,0.010235,0.000290,  37.380
   874.0,0.001122,0.000908,0.010138,0.000267,  37.355
   875.0,0.001112,0.000890,0.009375,0.000267,  37.326
   876.0,0.001099,0.000884,0.008994,0.000254,  37.304
   877.0,0.001082,0.000880,0.009374,0.000267,  37.268
   878.0,0.001080,0.000893,0.009274,0.000290,  37.249
   879.0,0.001076,0.000883,0.009306,0.000267,  37.213
   880.0,0.001071,0.000884,0.008320,0.000267,  37.194
   881.0,0.001055,0.000866,0.008702,0.000303,  37.171
