Run Name,Group 5 27%
Run Date,07:19:08 PM   02-08-11
Method Name,27%B-Isocrat.1
Export Format Version, 1.00
Method ID, 1190
Points/Second, 1.00
Number of Records,   1453
Offset from Run Start Time,00:00:00
Run End Time,00:24:17
Time,Second
QuadTec 1, (280.0 nm), AU
QuadTec 2, (260.0 nm), AU
Gradient Pump,<Not Selected>
QuadTec 3, (214.0 nm), AU
QuadTec 4, (405.0 nm), AU
Conductivity,mS/cm
Trace 6,<Not Available>
GP Pressure,<Not Selected>
Volume,<Not Selected>
Fraction,<Not Available>
Time,QuadTec 1,QuadTec 2,QuadTec 3,QuadTec 4,Conductivity
     0.0,0.000573,0.000266,0.001181,0.000000,  28.187
     1.0,0.000567,0.000268,0.000000,0.000000,  28.190
     2.0,0.000562,0.000263,0.000000,0.000000,  28.188
     3.0,0.000544,0.000000,0.000000,0.000000,  28.187
     4.0,0.000000,0.000000,0.000000,0.000000,  28.188
     5.0,0.000000,0.000000,-0.000805,0.000005,  28.187
     6.0,0.000000,0.000000,-0.000270,-0.000017,  28.186
     7.0,0.000000,0.000000,0.000150,-0.000017,  28.188
     8.0,-0.000007,-0.000013,0.000152,-0.000062,  28.185
     9.0,-0.000004,-0.000012,-0.000005,-0.000062,  28.187
    10.0,0.000001,-0.000007,-0.000090,-0.000040,  28.187
    11.0,-0.000002,-0.000010,-0.000136,-0.000062,  28.188
    12.0,-0.000004,-0.000015,-0.000704,-0.000071,  28.188
    13.0,-0.000002,-0.000007,-0.000257,-0.000048,  28.185
    14.0,-0.000005,-0.000007,0.000030,-0.000120,  28.183
    15.0,-0.000011,-0.000003,0.000180,-0.000120,  28.173
    16.0,-0.000006,-0.000006,0.000119,-0.000120,  28.172
    17.0,0.000000,0.000002,0.000021,-0.000133,  28.169
    18.0,-0.000005,-0.000007,-0.000054,-0.000098,  28.163
    19.0,-0.000003,-0.000012,-0.001261,-0.000133,  28.165
    20.0,-0.000008,-0.000012,-0.000363,-0.000120,  28.169
    21.0,-0.000013,-0.000024,-0.000172,-0.000084,  28.172
    22.0,-0.000013,-0.000026,-0.000290,-0.000106,  28.175
    23.0,-0.000010,-0.000018,-0.000088,-0.000106,  28.177
    24.0,-0.000013,-0.000010,-0.000204,-0.000071,  28.189
    25.0,-0.000023,-0.000017,-0.001112,-0.000057,  28.189
    26.0,-0.000027,-0.000010,-0.001012,-0.000084,  28.186
    27.0,-0.000012,-0.000007,-0.000433,-0.000120,  28.199
    28.0,-0.000012,-0.000007,-0.000148,-0.000106,  28.198
    29.0,-0.000010,-0.000010,-0.000023,-0.000057,  28.201
    30.0,-0.000007,-0.000009,-0.000494,-0.000093,  28.202
    31.0,-0.000009,0.000001,-0.000188,-0.000093,  28.205
    32.0,0.000010,0.000003,0.000051,-0.000057,  28.210
    33.0,0.000008,0.000006,-0.000021,-0.000057,  28.204
    34.0,0.000011,0.000010,-0.000121,-0.000057,  28.207
    35.0,0.000003,0.000002,0.000004,-0.000093,  28.208
    36.0,0.000009,0.000003,-0.000829,-0.000093,  28.210
    37.0,-0.000007,0.000003,-0.000344,-0.000057,  28.214
    38.0,-0.000009,0.000007,-0.000201,-0.000093,  28.209
    39.0,-0.000012,-0.000003,-0.000144,-0.000106,  28.213
    40.0,-0.000012,-0.000008,-0.000950,-0.000106,  28.210
    41.0,-0.000028,-0.000015,-0.000424,-0.000093,  28.208
    42.0,-0.000030,-0.000026,-0.000185,-0.000093,  28.214
    43.0,-0.000035,-0.000035,-0.000496,-0.000106,  28.216
    44.0,-0.000041,-0.000038,-0.000601,-0.000093,  28.214
    45.0,-0.000031,-0.000023,-0.000220,-0.000093,  28.220
    46.0,-0.000031,-0.000021,-0.000162,-0.000093,  28.220
    47.0,-0.000034,-0.000018,-0.000153,-0.000093,  28.228
    48.0,-0.000016,-0.000019,-0.000162,-0.000093,  28.234
    49.0,-0.000012,-0.000006,-0.000445,-0.000066,  28.238
    50.0,-0.000007,-0.000002,-0.000932,-0.000093,  28.241
    51.0,0.000001,-0.000002,-0.000396,-0.000093,  28.239
    52.0,-0.000005,0.000004,-0.000148,-0.000093,  28.244
    53.0,-0.000007,0.000007,-0.000066,-0.000093,  28.268
    54.0,-0.000004,0.000009,0.000078,-0.000048,  28.315
    55.0,-0.000010,0.000001,0.001116,0.000123,  28.236
    56.0,-0.000018,-0.000009,0.001105,-0.000025,  28.239
    57.0,0.000222,0.000367,0.000318,-0.000079,  28.234
    58.0,0.000385,0.000397,0.000162,-0.000093,  28.227
    59.0,0.000041,0.000090,-0.001403,-0.000052,  28.226
    60.0,-0.000041,-0.000027,-0.000257,0.000002,  28.207
    61.0,-0.000044,-0.000037,-0.000061,0.000002,  28.211
    62.0,-0.000005,-0.000007,-0.000784,-0.000039,  28.202
    63.0,0.000056,0.000088,-0.000216,-0.000025,  28.198
    64.0,0.000071,0.000055,-0.000096,-0.000039,  28.196
    65.0,0.000000,0.000038,-0.000197,-0.000039,  28.194
    66.0,0.000013,0.000042,-0.001055,-0.000039,  28.188
    67.0,0.000005,0.000040,-0.001918,-0.000066,  28.183
    68.0,0.000003,0.000030,-0.001471,-0.000066,  28.179
    69.0,0.000010,0.000025,-0.001133,-0.000066,  28.173
    70.0,0.000005,0.000020,-0.000516,-0.000079,  28.181
    71.0,-0.000002,0.000013,-0.000379,-0.000066,  28.179
    72.0,-0.000009,0.000002,-0.000617,-0.000066,  28.174
    73.0,-0.000012,-0.000001,-0.000505,-0.000066,  28.179
    74.0,-0.000015,-0.000005,-0.000483,-0.000079,  28.188
    75.0,-0.000023,-0.000001,-0.000374,-0.000115,  28.196
    76.0,-0.000039,0.000004,-0.000360,-0.000101,  28.203
    77.0,-0.000034,-0.000014,-0.000232,-0.000079,  28.207
    78.0,-0.000034,-0.000006,-0.000257,-0.000093,  28.212
    79.0,-0.000025,-0.000004,-0.000342,-0.000128,  28.219
    80.0,-0.000022,0.000004,-0.000220,-0.000128,  28.220
    81.0,-0.000028,-0.000012,-0.000346,-0.000101,  28.223
    82.0,-0.000033,-0.000025,-0.000830,-0.000115,  28.226
    83.0,-0.000038,-0.000021,-0.001296,-0.000115,  28.227
    84.0,-0.000043,-0.000015,-0.001019,-0.000101,  28.228
    85.0,-0.000038,-0.000017,-0.000683,-0.000115,  28.236
    86.0,-0.000038,-0.000023,-0.000523,-0.000115,  28.240
    87.0,-0.000030,-0.000010,-0.000323,-0.000124,  28.240
    88.0,-0.000028,-0.000000,-0.000275,-0.000088,  28.237
    89.0,-0.000017,0.000004,-0.000272,-0.000075,  28.237
    90.0,-0.000009,0.000017,-0.000189,-0.000061,  28.230
    91.0,0.000003,0.000034,-0.000081,-0.000075,  28.225
    92.0,0.000020,0.000039,-0.000068,-0.000075,  28.230
    93.0,0.000016,0.000043,-0.000063,-0.000061,  28.229
    94.0,0.000019,0.000038,0.000128,-0.000061,  28.236
    95.0,0.000028,0.000057,0.000358,-0.000048,  28.242
    96.0,0.000037,0.000061,0.000435,-0.000061,  28.250
    97.0,0.000053,0.000067,0.000538,-0.000075,  28.247
    98.0,0.000073,0.000085,0.000884,-0.000061,  28.250
    99.0,0.000089,0.000096,0.001153,-0.000075,  28.245
   100.0,0.000097,0.000101,0.001586,-0.000075,  28.250
   101.0,0.000109,0.000099,0.001941,-0.000061,  28.249
   102.0,0.000120,0.000100,0.002693,-0.000088,  28.250
   103.0,0.000154,0.000112,0.002801,-0.000017,  28.246
   104.0,0.000197,0.000132,0.004272,-0.000039,  28.245
   105.0,0.000257,0.000166,0.005427,-0.000039,  28.245
   106.0,0.000330,0.000203,0.006441,-0.000088,  28.241
   107.0,0.000409,0.000260,0.008160,-0.000052,  28.247
   108.0,0.000507,0.000313,0.009502,-0.000110,  28.242
   109.0,0.000634,0.000393,0.011697,-0.000075,  28.249
   110.0,0.000786,0.000466,0.014121,-0.000088,  28.250
   111.0,0.000966,0.000572,0.016766,-0.000075,  28.249
   112.0,0.001162,0.000680,0.019583,-0.000039,  28.252
   113.0,0.001384,0.000792,0.022677,-0.000039,  28.250
   114.0,0.001642,0.000943,0.026460,-0.000025,  28.251
   115.0,0.001910,0.001111,0.030510,-0.000052,  28.254
   116.0,0.002214,0.001310,0.033963,-0.000061,  28.253
   117.0,0.002590,0.001524,0.038684,-0.000048,  28.247
   118.0,0.002987,0.001758,0.043734,-0.000034,  28.246
   119.0,0.003432,0.002017,0.049396,-0.000007,  28.237
   120.0,0.003938,0.002318,0.055364,-0.000007,  28.236
   121.0,0.004472,0.002573,0.061524,-0.000007,  28.232
   122.0,0.005067,0.002919,0.068238,-0.000007,  28.229
   123.0,0.005705,0.003289,0.075797,-0.000007,  28.226
   124.0,0.006236,0.003684,0.082771,0.000006,  28.223
   125.0,0.006936,0.004090,0.088981,0.000020,  28.226
   126.0,0.007706,0.004539,0.097359,0.000006,  28.220
   127.0,0.008518,0.005021,0.105908,0.000064,  28.220
   128.0,0.009370,0.005515,0.114925,0.000029,  28.222
   129.0,0.010233,0.006005,0.124174,0.000056,  28.223
   130.0,0.011138,0.006423,0.133717,0.000056,  28.221
   131.0,0.012114,0.006984,0.143480,0.000083,  28.216
   132.0,0.013135,0.007569,0.153561,0.000069,  28.221
   133.0,0.014024,0.008159,0.161452,0.000083,  28.225
   134.0,0.014994,0.008772,0.171625,0.000069,  28.226
   135.0,0.016067,0.009395,0.181946,0.000083,  28.222
   136.0,0.017126,0.010016,0.191889,0.000011,  28.218
   137.0,0.018228,0.010650,0.202950,0.000033,  28.217
   138.0,0.019320,0.011264,0.213657,0.000033,  28.208
   139.0,0.020450,0.011802,0.224560,0.000033,  28.205
   140.0,0.021566,0.012461,0.235488,0.000006,  28.198
   141.0,0.022705,0.013113,0.245926,-0.000029,  28.185
   142.0,0.023591,0.013759,0.254473,-0.000021,  28.175
   143.0,0.024758,0.014404,0.266300,-0.000007,  28.150
   144.0,0.025883,0.015042,0.278019,-0.000034,  28.136
   145.0,0.027021,0.015698,0.289480,-0.000025,  28.107
   146.0,0.028193,0.016373,0.301397,-0.000025,  28.088
   147.0,0.029407,0.016977,0.313853,-0.000025,  28.051
   148.0,0.030604,0.017610,0.327246,-0.000039,  28.021
   149.0,0.031867,0.018311,0.340430,-0.000012,  27.976
   150.0,0.033208,0.019054,0.354559,-0.000048,  27.937
   151.0,0.034344,0.019860,0.368983,-0.000007,  27.880
   152.0,0.035827,0.020701,0.383428,0.000006,  27.822
   153.0,0.037431,0.021603,0.401308,0.000060,  27.756
   154.0,0.039194,0.022606,0.420622,0.000141,  27.680
   155.0,0.041106,0.023667,0.440884,0.000168,  27.600
   156.0,0.043188,0.024759,0.461960,0.000236,  27.511
   157.0,0.045467,0.025860,0.483360,0.000317,  27.428
   158.0,0.047904,0.027210,0.504979,0.000384,  27.335
   159.0,0.050327,0.028593,0.527391,0.000389,  27.253
   160.0,0.052402,0.030030,0.545540,0.000457,  27.167
   161.0,0.055066,0.031475,0.566088,0.000470,  27.095
   162.0,0.057789,0.032990,0.586248,0.000488,  27.030
   163.0,0.060410,0.034425,0.606020,0.000573,  26.983
   164.0,0.062784,0.035720,0.622952,0.000587,  26.956
   165.0,0.065123,0.036724,0.639118,0.000600,  26.947
   166.0,0.067342,0.037946,0.653555,0.000587,  26.953
   167.0,0.069261,0.038983,0.665199,0.000587,  26.979
   168.0,0.071121,0.040003,0.675617,0.000600,  27.026
   169.0,0.072379,0.040857,0.684674,0.000560,  27.083
   170.0,0.073849,0.041570,0.691284,0.000533,  27.155
   171.0,0.075047,0.042195,0.696178,0.000546,  27.234
   172.0,0.076119,0.042759,0.701450,0.000506,  27.318
   173.0,0.076911,0.043155,0.704025,0.000492,  27.413
   174.0,0.077611,0.043497,0.707325,0.000465,  27.498
   175.0,0.078000,0.043647,0.708573,0.000452,  27.584
   176.0,0.078139,0.043693,0.707513,0.000438,  27.682
   177.0,0.078454,0.043828,0.704729,0.000425,  27.762
   178.0,0.078593,0.043883,0.702404,0.000376,  27.840
   179.0,0.078399,0.043748,0.700299,0.000411,  27.917
   180.0,0.078299,0.043647,0.696137,0.000398,  27.977
   181.0,0.077950,0.043415,0.692273,0.000384,  28.040
   182.0,0.077629,0.043208,0.688504,0.000398,  28.090
   183.0,0.077262,0.042980,0.683330,0.000384,  28.133
   184.0,0.076757,0.042749,0.677506,0.000313,  28.172
   185.0,0.076325,0.042465,0.672802,0.000322,  28.208
   186.0,0.075778,0.042187,0.667039,0.000322,  28.232
   187.0,0.075044,0.041756,0.659606,0.000286,  28.262
   188.0,0.074544,0.041378,0.654456,0.000330,  28.277
   189.0,0.073852,0.040960,0.645795,0.000330,  28.300
   190.0,0.073014,0.040455,0.637438,0.000330,  28.315
   191.0,0.072217,0.040036,0.630460,0.000330,  28.323
   192.0,0.071289,0.039501,0.621563,0.000303,  28.341
   193.0,0.070447,0.039089,0.611803,0.000317,  28.343
   194.0,0.069512,0.038620,0.604212,0.000303,  28.352
   195.0,0.068462,0.038011,0.595139,0.000303,  28.348
   196.0,0.067460,0.037403,0.586621,0.000303,  28.348
   197.0,0.066635,0.036875,0.578131,0.000317,  28.346
   198.0,0.065648,0.036296,0.569726,0.000317,  28.345
   199.0,0.064461,0.035653,0.559871,0.000303,  28.343
   200.0,0.063417,0.035069,0.550379,0.000317,  28.342
   201.0,0.062399,0.034511,0.540037,0.000317,  28.337
   202.0,0.061221,0.033989,0.530533,0.000290,  28.337
   203.0,0.060273,0.033424,0.521412,0.000290,  28.334
   204.0,0.059124,0.032791,0.511743,0.000276,  28.334
   205.0,0.058149,0.032104,0.503477,0.000227,  28.332
   206.0,0.057067,0.031514,0.495246,0.000298,  28.330
   207.0,0.055941,0.030878,0.485207,0.000285,  28.330
   208.0,0.054744,0.030222,0.474217,0.000263,  28.327
   209.0,0.053750,0.029680,0.464870,0.000236,  28.325
   210.0,0.052571,0.029064,0.456014,0.000236,  28.324
   211.0,0.051334,0.028450,0.446448,0.000307,  28.317
   212.0,0.050211,0.027833,0.437506,0.000258,  28.315
   213.0,0.049122,0.027239,0.428204,0.000258,  28.318
   214.0,0.048126,0.026610,0.421000,0.000258,  28.317
   215.0,0.047184,0.026011,0.412147,0.000258,  28.309
   216.0,0.046083,0.025412,0.403728,0.000258,  28.312
   217.0,0.044991,0.024821,0.395029,0.000244,  28.309
   218.0,0.043956,0.024235,0.386649,0.000244,  28.314
   219.0,0.042937,0.023705,0.377746,0.000231,  28.318
   220.0,0.041909,0.023225,0.368857,0.000231,  28.318
   221.0,0.040913,0.022675,0.361894,0.000195,  28.324
   222.0,0.039836,0.022081,0.354231,0.000146,  28.329
   223.0,0.039053,0.021518,0.347503,0.000182,  28.326
   224.0,0.038119,0.021034,0.339448,0.000195,  28.328
   225.0,0.037175,0.020494,0.331599,0.000195,  28.331
   226.0,0.036226,0.019964,0.324122,0.000190,  28.324
   227.0,0.035275,0.019453,0.317361,0.000204,  28.316
   228.0,0.034334,0.018987,0.309601,0.000204,  28.322
   229.0,0.033465,0.018547,0.303765,0.000177,  28.320
   230.0,0.032610,0.018070,0.297415,0.000106,  28.323
   231.0,0.031743,0.017588,0.290577,0.000155,  28.317
   232.0,0.031124,0.017156,0.286176,0.000168,  28.320
   233.0,0.030339,0.016723,0.280072,0.000168,  28.312
   234.0,0.029514,0.016272,0.272726,0.000155,  28.320
   235.0,0.028772,0.015863,0.268075,0.000168,  28.318
   236.0,0.028056,0.015461,0.262535,0.000177,  28.318
   237.0,0.027296,0.015075,0.257608,0.000128,  28.320
   238.0,0.026592,0.014741,0.252659,0.000141,  28.327
   239.0,0.025878,0.014352,0.247502,0.000141,  28.338
   240.0,0.025223,0.013986,0.242193,0.000106,  28.337
   241.0,0.024728,0.013638,0.238539,0.000128,  28.341
   242.0,0.024053,0.013272,0.234353,0.000128,  28.337
   243.0,0.023396,0.012903,0.229743,0.000141,  28.341
   244.0,0.022816,0.012586,0.225648,0.000128,  28.338
   245.0,0.022256,0.012278,0.221842,0.000128,  28.333
   246.0,0.021672,0.012011,0.217937,0.000141,  28.338
   247.0,0.021132,0.011716,0.214637,0.000141,  28.333
   248.0,0.020637,0.011440,0.210866,0.000114,  28.335
   249.0,0.020114,0.011156,0.207145,0.000114,  28.336
   250.0,0.019739,0.010892,0.204052,0.000128,  28.338
   251.0,0.019264,0.010623,0.201039,0.000141,  28.335
   252.0,0.018756,0.010348,0.197770,0.000128,  28.334
   253.0,0.018333,0.010112,0.195987,0.000114,  28.329
   254.0,0.017903,0.009874,0.193364,0.000114,  28.328
   255.0,0.017443,0.009627,0.190474,0.000128,  28.327
   256.0,0.017094,0.009471,0.188147,0.000137,  28.329
   257.0,0.016699,0.009258,0.185959,0.000079,  28.322
   258.0,0.016302,0.009030,0.183787,0.000101,  28.321
   259.0,0.016029,0.008837,0.181985,0.000079,  28.319
   260.0,0.015675,0.008654,0.180086,0.000079,  28.326
   261.0,0.015360,0.008469,0.178190,0.000065,  28.324
   262.0,0.015039,0.008289,0.176816,0.000087,  28.323
   263.0,0.014713,0.008105,0.175154,0.000087,  28.333
   264.0,0.014435,0.007958,0.173816,0.000087,  28.333
   265.0,0.014150,0.007818,0.172589,0.000101,  28.339
   266.0,0.013880,0.007674,0.170824,0.000137,  28.345
   267.0,0.013646,0.007536,0.169406,0.000123,  28.345
   268.0,0.013443,0.007393,0.169098,0.000123,  28.353
   269.0,0.013206,0.007254,0.168559,0.000123,  28.356
   270.0,0.012980,0.007146,0.167783,0.000123,  28.359
   271.0,0.012784,0.007039,0.166991,0.000110,  28.361
   272.0,0.012595,0.006934,0.166161,0.000123,  28.361
   273.0,0.012411,0.006830,0.165594,0.000150,  28.366
   274.0,0.012220,0.006737,0.165474,0.000137,  28.363
   275.0,0.012021,0.006630,0.165015,0.000123,  28.364
   276.0,0.011869,0.006543,0.164706,0.000074,  28.366
   277.0,0.011752,0.006466,0.164538,0.000087,  28.367
   278.0,0.011585,0.006371,0.164022,0.000087,  28.362
   279.0,0.011469,0.006301,0.164152,0.000123,  28.358
   280.0,0.011347,0.006242,0.164492,0.000123,  28.360
   281.0,0.011214,0.006163,0.164409,0.000052,  28.356
   282.0,0.011116,0.006114,0.162920,0.000145,  28.357
   283.0,0.011030,0.006057,0.164178,0.000137,  28.353
   284.0,0.010918,0.005994,0.164787,0.000150,  28.352
   285.0,0.010851,0.005949,0.164785,0.000123,  28.344
   286.0,0.010760,0.005897,0.165479,0.000123,  28.335
   287.0,0.010683,0.005850,0.165697,0.000123,  28.318
   288.0,0.010616,0.005818,0.166835,0.000150,  28.306
   289.0,0.010558,0.005789,0.167542,0.000092,  28.302
   290.0,0.010492,0.005753,0.168101,0.000128,  28.300
   291.0,0.010469,0.005748,0.168921,0.000128,  28.298
   292.0,0.010429,0.005728,0.169778,0.000141,  28.287
   293.0,0.010395,0.005701,0.170545,0.000128,  28.287
   294.0,0.010360,0.005681,0.171157,0.000164,  28.272
   295.0,0.010338,0.005661,0.171859,0.000101,  28.267
   296.0,0.010300,0.005633,0.172857,0.000114,  28.262
   297.0,0.010282,0.005626,0.173893,0.000114,  28.254
   298.0,0.010249,0.005601,0.174166,0.000114,  28.254
   299.0,0.010228,0.005593,0.175216,0.000114,  28.256
   300.0,0.010209,0.005579,0.174887,0.000114,  28.255
   301.0,0.010210,0.005577,0.176795,0.000150,  28.262
   302.0,0.010190,0.005565,0.178162,0.000087,  28.266
   303.0,0.010217,0.005572,0.179159,0.000101,  28.259
   304.0,0.010227,0.005570,0.180405,0.000114,  28.267
   305.0,0.010227,0.005562,0.181304,0.000141,  28.273
   306.0,0.010237,0.005572,0.182763,0.000114,  28.278
   307.0,0.010245,0.005574,0.183816,0.000128,  28.288
   308.0,0.010271,0.005599,0.185199,0.000141,  28.285
   309.0,0.010292,0.005605,0.186687,0.000128,  28.284
   310.0,0.010303,0.005608,0.187099,0.000128,  28.283
   311.0,0.010329,0.005627,0.189289,0.000141,  28.291
   312.0,0.010353,0.005645,0.190646,0.000141,  28.300
   313.0,0.010380,0.005652,0.191388,0.000168,  28.310
   314.0,0.010435,0.005685,0.192500,0.000168,  28.311
   315.0,0.010487,0.005716,0.194156,0.000155,  28.315
   316.0,0.010515,0.005727,0.195743,0.000168,  28.327
   317.0,0.010554,0.005751,0.197444,0.000168,  28.327
   318.0,0.010605,0.005760,0.198677,0.000141,  28.337
   319.0,0.010653,0.005781,0.199403,0.000168,  28.339
   320.0,0.010694,0.005810,0.201173,0.000155,  28.345
   321.0,0.010737,0.005825,0.202243,0.000168,  28.345
   322.0,0.010757,0.005848,0.203208,0.000168,  28.341
   323.0,0.010808,0.005882,0.204878,0.000141,  28.333
   324.0,0.010859,0.005897,0.206528,0.000141,  28.331
   325.0,0.010899,0.005911,0.207637,0.000141,  28.324
   326.0,0.010955,0.005931,0.209187,0.000141,  28.317
   327.0,0.011005,0.005955,0.210748,0.000141,  28.312
   328.0,0.011027,0.005963,0.211908,0.000141,  28.313
   329.0,0.011090,0.005999,0.213567,0.000133,  28.313
   330.0,0.011135,0.006032,0.214483,0.000168,  28.318
   331.0,0.011196,0.006058,0.215722,0.000168,  28.321
   332.0,0.011271,0.006097,0.217579,0.000168,  28.323
   333.0,0.011315,0.006127,0.218721,0.000182,  28.321
   334.0,0.011379,0.006163,0.219921,0.000168,  28.330
   335.0,0.011451,0.006195,0.221363,0.000168,  28.331
   336.0,0.011506,0.006221,0.222356,0.000182,  28.332
   337.0,0.011554,0.006242,0.223725,0.000133,  28.333
   338.0,0.011593,0.006275,0.224124,0.000182,  28.340
   339.0,0.011642,0.006305,0.226044,0.000168,  28.344
   340.0,0.011695,0.006333,0.227662,0.000168,  28.347
   341.0,0.011748,0.006359,0.228929,0.000182,  28.348
   342.0,0.011806,0.006381,0.230027,0.000168,  28.345
   343.0,0.011867,0.006412,0.231310,0.000168,  28.347
   344.0,0.011931,0.006439,0.232766,0.000195,  28.348
   345.0,0.011981,0.006470,0.233113,0.000182,  28.347
   346.0,0.012051,0.006501,0.234153,0.000146,  28.346
   347.0,0.012090,0.006533,0.235814,0.000168,  28.345
   348.0,0.012136,0.006556,0.237319,0.000182,  28.346
   349.0,0.012188,0.006590,0.238271,0.000195,  28.344
   350.0,0.012255,0.006621,0.239368,0.000182,  28.345
   351.0,0.012295,0.006642,0.240035,0.000182,  28.343
   352.0,0.012340,0.006663,0.241370,0.000182,  28.336
   353.0,0.012377,0.006670,0.242211,0.000168,  28.334
   354.0,0.012415,0.006686,0.242891,0.000146,  28.332
   355.0,0.012467,0.006728,0.243992,0.000168,  28.334
   356.0,0.012519,0.006750,0.244771,0.000168,  28.329
   357.0,0.012550,0.006760,0.245110,0.000182,  28.320
   358.0,0.012600,0.006804,0.247215,0.000168,  28.326
   359.0,0.012670,0.006831,0.248156,0.000168,  28.323
   360.0,0.012704,0.006842,0.248764,0.000182,  28.325
   361.0,0.012762,0.006871,0.249731,0.000168,  28.328
   362.0,0.012824,0.006911,0.250873,0.000168,  28.327
   363.0,0.012853,0.006934,0.251901,0.000168,  28.328
   364.0,0.012889,0.006945,0.252804,0.000168,  28.324
   365.0,0.012916,0.006968,0.253221,0.000182,  28.324
   366.0,0.012962,0.006996,0.251409,0.000168,  28.319
   367.0,0.013021,0.007016,0.253475,0.000168,  28.319
   368.0,0.013036,0.007024,0.254889,0.000195,  28.317
   369.0,0.013063,0.007033,0.255569,0.000182,  28.316
   370.0,0.013097,0.007052,0.256076,0.000195,  28.325
   371.0,0.013132,0.007073,0.255756,0.000195,  28.320
   372.0,0.013167,0.007087,0.257323,0.000146,  28.319
   373.0,0.013184,0.007113,0.258290,0.000195,  28.322
   374.0,0.013225,0.007131,0.258951,0.000182,  28.320
   375.0,0.013260,0.007144,0.259489,0.000195,  28.320
   376.0,0.013289,0.007163,0.259982,0.000195,  28.320
   377.0,0.013321,0.007175,0.259144,0.000168,  28.323
   378.0,0.013345,0.007191,0.259882,0.000168,  28.333
   379.0,0.013382,0.007207,0.261358,0.000182,  28.331
   380.0,0.013388,0.007210,0.261552,0.000168,  28.338
   381.0,0.013422,0.007226,0.261781,0.000133,  28.344
   382.0,0.013442,0.007241,0.261697,0.000155,  28.348
   383.0,0.013456,0.007240,0.261823,0.000168,  28.354
   384.0,0.013459,0.007257,0.262511,0.000168,  28.354
   385.0,0.013475,0.007252,0.262903,0.000155,  28.357
   386.0,0.013467,0.007255,0.262968,0.000168,  28.358
   387.0,0.013491,0.007265,0.263682,0.000195,  28.356
   388.0,0.013508,0.007269,0.263833,0.000182,  28.364
   389.0,0.013509,0.007284,0.263757,0.000195,  28.368
   390.0,0.013568,0.007308,0.264008,0.000182,  28.366
   391.0,0.013579,0.007318,0.264287,0.000195,  28.372
   392.0,0.013581,0.007312,0.264352,0.000195,  28.372
   393.0,0.013609,0.007323,0.263747,0.000182,  28.371
   394.0,0.013625,0.007336,0.264356,0.000217,  28.364
   395.0,0.013606,0.007328,0.264515,0.000217,  28.367
   396.0,0.013617,0.007334,0.263849,0.000217,  28.363
   397.0,0.013634,0.007342,0.263983,0.000195,  28.358
   398.0,0.013625,0.007343,0.262962,0.000195,  28.362
   399.0,0.013610,0.007337,0.263412,0.000146,  28.363
   400.0,0.013602,0.007336,0.262567,0.000195,  28.364
   401.0,0.013579,0.007326,0.262584,0.000195,  28.367
   402.0,0.013588,0.007318,0.262785,0.000195,  28.365
   403.0,0.013567,0.007308,0.263201,0.000195,  28.366
   404.0,0.013555,0.007295,0.262994,0.000195,  28.361
   405.0,0.013565,0.007306,0.263336,0.000195,  28.360
   406.0,0.013568,0.007313,0.262773,0.000195,  28.356
   407.0,0.013565,0.007304,0.262149,0.000195,  28.353
   408.0,0.013576,0.007316,0.261670,0.000146,  28.342
   409.0,0.013554,0.007309,0.261570,0.000182,  28.343
   410.0,0.013533,0.007288,0.261491,0.000195,  28.334
   411.0,0.013509,0.007284,0.261302,0.000195,  28.328
   412.0,0.013488,0.007268,0.259806,0.000182,  28.330
   413.0,0.013501,0.007277,0.259616,0.000195,  28.325
   414.0,0.013483,0.007271,0.259237,0.000195,  28.324
   415.0,0.013438,0.007241,0.258772,0.000182,  28.328
   416.0,0.013408,0.007224,0.257574,0.000195,  28.323
   417.0,0.013390,0.007208,0.257579,0.000119,  28.320
   418.0,0.013371,0.007203,0.257147,0.000133,  28.323
   419.0,0.013347,0.007197,0.256931,0.000146,  28.322
   420.0,0.013332,0.007179,0.256500,0.000133,  28.322
   421.0,0.013308,0.007173,0.255864,0.000097,  28.325
   422.0,0.013282,0.007162,0.255445,0.000146,  28.323
   423.0,0.013258,0.007153,0.254766,0.000155,  28.328
   424.0,0.013232,0.007138,0.253863,0.000168,  28.330
   425.0,0.013204,0.007123,0.253290,0.000182,  28.334
   426.0,0.013184,0.007119,0.252950,0.000133,  28.334
   427.0,0.013145,0.007094,0.252044,0.000168,  28.336
   428.0,0.013126,0.007079,0.251074,0.000155,  28.331
   429.0,0.013107,0.007069,0.247993,0.000168,  28.332
   430.0,0.013062,0.007026,0.247620,0.000168,  28.328
   431.0,0.013011,0.007012,0.248003,0.000155,  28.330
   432.0,0.012971,0.007001,0.247377,0.000168,  28.317
   433.0,0.012922,0.006984,0.246653,0.000182,  28.315
   434.0,0.012904,0.006968,0.246449,0.000168,  28.304
   435.0,0.012865,0.006956,0.245442,0.000168,  28.302
   436.0,0.012828,0.006922,0.244475,0.000141,  28.304
   437.0,0.012815,0.006923,0.243750,0.000141,  28.305
   438.0,0.012769,0.006895,0.242823,0.000155,  28.299
   439.0,0.012700,0.006853,0.241649,0.000155,  28.298
   440.0,0.012665,0.006836,0.241092,0.000155,  28.301
   441.0,0.012651,0.006807,0.240053,0.000128,  28.300
   442.0,0.012573,0.006774,0.238022,0.000141,  28.297
   443.0,0.012536,0.006775,0.237855,0.000141,  28.301
   444.0,0.012496,0.006751,0.236859,0.000141,  28.292
   445.0,0.012469,0.006731,0.235700,0.000141,  28.284
   446.0,0.012421,0.006711,0.235185,0.000128,  28.287
   447.0,0.012366,0.006684,0.232503,0.000128,  28.275
   448.0,0.012299,0.006644,0.232419,0.000141,  28.267
   449.0,0.012270,0.006631,0.231941,0.000128,  28.273
   450.0,0.012217,0.006611,0.230539,0.000128,  28.274
   451.0,0.012164,0.006581,0.229652,0.000141,  28.278
   452.0,0.012129,0.006567,0.229021,0.000177,  28.281
   453.0,0.012092,0.006552,0.227713,0.000128,  28.287
   454.0,0.012042,0.006524,0.226217,0.000155,  28.304
   455.0,0.012014,0.006515,0.225565,0.000128,  28.314
   456.0,0.011951,0.006482,0.224729,0.000141,  28.314
   457.0,0.011903,0.006463,0.223863,0.000128,  28.318
   458.0,0.011858,0.006429,0.222765,0.000128,  28.324
   459.0,0.011786,0.006385,0.221007,0.000128,  28.323
   460.0,0.011768,0.006374,0.219218,0.000114,  28.328
   461.0,0.011721,0.006353,0.218428,0.000114,  28.340
   462.0,0.011630,0.006316,0.216399,0.000114,  28.346
   463.0,0.011585,0.006287,0.216266,0.000128,  28.347
   464.0,0.011527,0.006255,0.214208,0.000141,  28.352
   465.0,0.011479,0.006224,0.212518,0.000186,  28.359
   466.0,0.011434,0.006213,0.212582,0.000150,  28.359
   467.0,0.011367,0.006171,0.211759,0.000150,  28.359
   468.0,0.011311,0.006139,0.209178,0.000150,  28.358
   469.0,0.011269,0.006118,0.208818,0.000164,  28.368
   470.0,0.011214,0.006094,0.207985,0.000164,  28.365
   471.0,0.011161,0.006064,0.206914,0.000164,  28.370
   472.0,0.011108,0.006033,0.205969,0.000141,  28.376
   473.0,0.011071,0.006021,0.205288,0.000155,  28.381
   474.0,0.010999,0.005982,0.202230,0.000141,  28.374
   475.0,0.010952,0.005963,0.201418,0.000141,  28.379
   476.0,0.010921,0.005947,0.200702,0.000141,  28.369
   477.0,0.010840,0.005910,0.199464,0.000128,  28.372
   478.0,0.010793,0.005892,0.198192,0.000199,  28.371
   479.0,0.010727,0.005851,0.196618,0.000128,  28.363
   480.0,0.010664,0.005807,0.195462,0.000128,  28.370
   481.0,0.010629,0.005794,0.194900,0.000092,  28.369
   482.0,0.010566,0.005756,0.193709,0.000128,  28.365
   483.0,0.010491,0.005723,0.192269,0.000141,  28.367
   484.0,0.010448,0.005701,0.191379,0.000128,  28.364
   485.0,0.010388,0.005660,0.190050,0.000128,  28.367
   486.0,0.010327,0.005634,0.188770,0.000128,  28.369
   487.0,0.010271,0.005618,0.187488,0.000128,  28.365
   488.0,0.010224,0.005581,0.184672,0.000128,  28.372
   489.0,0.010166,0.005553,0.184598,0.000141,  28.374
   490.0,0.010112,0.005532,0.183776,0.000128,  28.377
   491.0,0.010060,0.005506,0.182031,0.000128,  28.383
   492.0,0.009998,0.005478,0.181008,0.000114,  28.378
   493.0,0.009954,0.005443,0.179863,0.000114,  28.388
   494.0,0.009886,0.005406,0.178498,0.000114,  28.390
   495.0,0.009820,0.005371,0.176827,0.000114,  28.393
   496.0,0.009773,0.005352,0.176024,0.000114,  28.396
   497.0,0.009698,0.005319,0.174881,0.000128,  28.403
   498.0,0.009637,0.005285,0.173765,0.000128,  28.409
   499.0,0.009595,0.005258,0.172681,0.000106,  28.412
   500.0,0.009562,0.005241,0.171230,0.000128,  28.417
   501.0,0.009517,0.005219,0.169652,0.000128,  28.427
   502.0,0.009472,0.005206,0.168657,0.000141,  28.429
   503.0,0.009408,0.005169,0.167412,0.000141,  28.432
   504.0,0.009355,0.005153,0.166828,0.000092,  28.432
   505.0,0.009300,0.005123,0.165535,0.000141,  28.431
   506.0,0.009236,0.005089,0.163917,0.000128,  28.434
   507.0,0.009205,0.005074,0.161987,0.000106,  28.432
   508.0,0.009165,0.005050,0.161376,0.000128,  28.427
   509.0,0.009094,0.005017,0.160378,0.000128,  28.433
   510.0,0.009025,0.004992,0.159267,0.000128,  28.427
   511.0,0.008967,0.004948,0.157795,0.000101,  28.425
   512.0,0.008899,0.004910,0.156648,0.000114,  28.432
   513.0,0.008854,0.004887,0.155075,0.000114,  28.426
   514.0,0.008801,0.004862,0.154341,0.000114,  28.419
   515.0,0.008752,0.004845,0.152601,0.000114,  28.413
   516.0,0.008720,0.004830,0.151503,0.000079,  28.419
   517.0,0.008672,0.004802,0.150596,0.000101,  28.415
   518.0,0.008618,0.004768,0.149148,0.000114,  28.404
   519.0,0.008585,0.004735,0.147627,0.000101,  28.403
   520.0,0.008513,0.004699,0.147292,0.000101,  28.392
   521.0,0.008449,0.004672,0.145128,0.000101,  28.386
   522.0,0.008397,0.004648,0.144646,0.000087,  28.378
   523.0,0.008349,0.004636,0.143517,0.000087,  28.372
   524.0,0.008294,0.004603,0.141933,0.000087,  28.360
   525.0,0.008238,0.004571,0.140098,0.000087,  28.356
   526.0,0.008186,0.004536,0.139656,0.000087,  28.347
   527.0,0.008116,0.004511,0.138228,0.000087,  28.348
   528.0,0.008085,0.004495,0.137497,0.000052,  28.349
   529.0,0.008035,0.004469,0.136665,0.000016,  28.343
   530.0,0.007987,0.004454,0.135801,0.000052,  28.346
   531.0,0.007962,0.004444,0.135081,0.000052,  28.344
   532.0,0.007908,0.004423,0.133837,0.000016,  28.350
   533.0,0.007866,0.004395,0.132813,0.000052,  28.354
   534.0,0.007841,0.004372,0.130880,0.000052,  28.356
   535.0,0.007795,0.004355,0.130496,0.000052,  28.359
   536.0,0.007759,0.004325,0.129751,0.000052,  28.364
   537.0,0.007709,0.004300,0.128816,0.000052,  28.372
   538.0,0.007654,0.004279,0.127278,0.000074,  28.376
   539.0,0.007626,0.004279,0.126399,0.000074,  28.379
   540.0,0.007581,0.004270,0.125425,0.000087,  28.385
   541.0,0.007525,0.004235,0.124348,0.000074,  28.393
   542.0,0.007480,0.004206,0.123299,0.000087,  28.400
   543.0,0.007447,0.004185,0.122396,0.000052,  28.404
   544.0,0.007407,0.004160,0.121745,0.000074,  28.405
   545.0,0.007365,0.004144,0.120691,0.000074,  28.409
   546.0,0.007320,0.004126,0.119672,0.000074,  28.404
   547.0,0.007283,0.004096,0.118640,0.000074,  28.406
   548.0,0.007250,0.004083,0.117829,0.000087,  28.402
   549.0,0.007199,0.004070,0.116934,0.000087,  28.397
   550.0,0.007160,0.004051,0.115836,0.000087,  28.393
   551.0,0.007128,0.004031,0.114981,0.000087,  28.398
   552.0,0.007110,0.004028,0.114261,0.000087,  28.395
   553.0,0.007082,0.004009,0.113139,0.000087,  28.395
   554.0,0.007055,0.004000,0.112324,0.000060,  28.390
   555.0,0.007021,0.003983,0.111229,0.000074,  28.382
   556.0,0.006976,0.003958,0.108807,0.000074,  28.383
   557.0,0.006931,0.003945,0.108562,0.000074,  28.384
   558.0,0.006895,0.003925,0.108153,0.000074,  28.389
   559.0,0.006853,0.003911,0.107017,0.000074,  28.389
   560.0,0.006813,0.003900,0.105854,0.000060,  28.398
   561.0,0.006790,0.003866,0.105539,0.000074,  28.392
   562.0,0.006742,0.003850,0.105089,0.000074,  28.398
   563.0,0.006730,0.003833,0.104210,0.000038,  28.400
   564.0,0.006696,0.003816,0.103215,0.000002,  28.394
   565.0,0.006653,0.003812,0.102510,0.000038,  28.401
   566.0,0.006635,0.003796,0.100987,0.000038,  28.401
   567.0,0.006601,0.003783,0.100885,0.000002,  28.404
   568.0,0.006575,0.003760,0.100280,0.000038,  28.402
   569.0,0.006546,0.003752,0.099536,0.000002,  28.411
   570.0,0.006534,0.003744,0.098799,0.000038,  28.408
   571.0,0.006505,0.003736,0.097844,0.000038,  28.411
   572.0,0.006481,0.003717,0.097114,0.000002,  28.418
   573.0,0.006433,0.003709,0.096366,0.000038,  28.425
   574.0,0.006421,0.003688,0.095125,0.000025,  28.432
   575.0,0.006400,0.003678,0.094840,0.000002,  28.439
   576.0,0.006362,0.003674,0.093995,0.000038,  28.437
   577.0,0.006338,0.003657,0.092565,0.000038,  28.438
   578.0,0.006333,0.003662,0.092637,0.000038,  28.434
   579.0,0.006317,0.003646,0.092248,0.000038,  28.435
   580.0,0.006277,0.003628,0.091466,0.000002,  28.434
   581.0,0.006263,0.003629,0.090947,0.000029,  28.438
   582.0,0.006237,0.003615,0.090070,0.000038,  28.437
   583.0,0.006224,0.003607,0.089578,0.000002,  28.441
   584.0,0.006203,0.003609,0.088839,0.000074,  28.437
   585.0,0.006177,0.003593,0.088121,0.000074,  28.443
   586.0,0.006159,0.003587,0.087597,0.000074,  28.449
   587.0,0.006146,0.003584,0.086913,0.000074,  28.452
   588.0,0.006119,0.003584,0.086228,0.000038,  28.453
   589.0,0.006119,0.003579,0.085711,0.000052,  28.460
   590.0,0.006099,0.003566,0.085209,0.000052,  28.455
   591.0,0.006075,0.003558,0.084568,0.000029,  28.458
   592.0,0.006059,0.003547,0.083961,0.000052,  28.455
   593.0,0.006043,0.003544,0.083338,0.000052,  28.444
   594.0,0.006025,0.003537,0.082788,0.000016,  28.437
   595.0,0.006011,0.003537,0.081870,0.000052,  28.434
   596.0,0.005990,0.003519,0.081355,0.000002,  28.436
   597.0,0.005968,0.003523,0.080652,0.000038,  28.437
   598.0,0.005961,0.003514,0.080544,0.000038,  28.439
   599.0,0.005948,0.003510,0.080137,0.000025,  28.436
   600.0,0.005921,0.003502,0.079595,0.000060,  28.440
   601.0,0.005919,0.003499,0.078861,0.000011,  28.452
   602.0,0.005903,0.003497,0.078449,0.000002,  28.457
   603.0,0.005890,0.003487,0.078004,0.000038,  28.464
   604.0,0.005883,0.003477,0.076938,0.000002,  28.472
   605.0,0.005870,0.003479,0.076520,0.000038,  28.476
   606.0,0.005857,0.003463,0.076444,0.000038,  28.486
   607.0,0.005845,0.003467,0.076150,0.000002,  28.489
   608.0,0.005829,0.003470,0.075616,0.000038,  28.494
   609.0,0.005810,0.003468,0.075070,0.000038,  28.507
   610.0,0.005811,0.003467,0.074665,0.000002,  28.509
   611.0,0.005800,0.003460,0.074103,0.000038,  28.509
   612.0,0.005793,0.003449,0.073714,0.000052,  28.518
   613.0,0.005791,0.003453,0.073389,0.000038,  28.517
   614.0,0.005780,0.003450,0.072609,0.000025,  28.519
   615.0,0.005773,0.003444,0.072540,0.000002,  28.521
   616.0,0.005762,0.003445,0.071986,0.000038,  28.521
   617.0,0.005764,0.003434,0.071481,0.000047,  28.523
   618.0,0.005763,0.003437,0.071100,-0.000011,  28.524
   619.0,0.005736,0.003438,0.070843,0.000025,  28.525
   620.0,0.005740,0.003437,0.070506,0.000025,  28.522
   621.0,0.005740,0.003437,0.070039,-0.000011,  28.523
   622.0,0.005738,0.003435,0.069902,0.000025,  28.533
   623.0,0.005736,0.003440,0.069086,-0.000025,  28.537
   624.0,0.005736,0.003439,0.068900,0.000025,  28.535
   625.0,0.005730,0.003442,0.068748,0.000033,  28.531
   626.0,0.005711,0.003433,0.068603,0.000047,  28.530
   627.0,0.005716,0.003437,0.068314,0.000060,  28.532
   628.0,0.005730,0.003447,0.067979,0.000025,  28.537
   629.0,0.005725,0.003448,0.067586,-0.000011,  28.532
   630.0,0.005742,0.003461,0.067380,0.000025,  28.530
   631.0,0.005741,0.003474,0.067038,0.000002,  28.525
   632.0,0.005735,0.003476,0.066653,0.000038,  28.524
   633.0,0.005744,0.003484,0.065972,0.000025,  28.519
   634.0,0.005740,0.003478,0.065819,0.000002,  28.509
   635.0,0.005729,0.003474,0.065704,0.000038,  28.510
   636.0,0.005735,0.003474,0.065495,0.000025,  28.500
   637.0,0.005727,0.003477,0.065261,-0.000025,  28.503
   638.0,0.005721,0.003483,0.065007,0.000025,  28.499
   639.0,0.005730,0.003486,0.064802,0.000025,  28.502
   640.0,0.005735,0.003489,0.064200,0.000025,  28.496
   641.0,0.005738,0.003491,0.064213,0.000011,  28.496
   642.0,0.005750,0.003501,0.062995,0.000025,  28.489
   643.0,0.005745,0.003508,0.063544,0.000074,  28.488
   644.0,0.005762,0.003516,0.062914,0.000060,  28.486
   645.0,0.005775,0.003526,0.062895,0.000074,  28.476
   646.0,0.005783,0.003536,0.063020,0.000074,  28.462
   647.0,0.005796,0.003537,0.062890,0.000060,  28.457
   648.0,0.005801,0.003547,0.062491,0.000025,  28.451
   649.0,0.005794,0.003556,0.062584,0.000060,  28.440
   650.0,0.005806,0.003563,0.062132,0.000074,  28.438
   651.0,0.005808,0.003561,0.061314,0.000074,  28.436
   652.0,0.005817,0.003564,0.061672,0.000060,  28.436
   653.0,0.005817,0.003579,0.061307,0.000074,  28.436
   654.0,0.005832,0.003581,0.061862,0.000074,  28.438
   655.0,0.005838,0.003581,0.061608,0.000047,  28.435
   656.0,0.005848,0.003594,0.061406,0.000047,  28.433
   657.0,0.005861,0.003606,0.060537,0.000047,  28.436
   658.0,0.005867,0.003607,0.060730,0.000047,  28.434
   659.0,0.005867,0.003612,0.060957,0.000074,  28.431
   660.0,0.005878,0.003620,0.060760,0.000060,  28.429
   661.0,0.005881,0.003631,0.060694,0.000060,  28.432
   662.0,0.005888,0.003642,0.060772,0.000060,  28.436
   663.0,0.005911,0.003645,0.060160,0.000011,  28.435
   664.0,0.005919,0.003648,0.060054,0.000011,  28.436
   665.0,0.005937,0.003661,0.060149,0.000033,  28.435
   666.0,0.005953,0.003671,0.060229,-0.000002,  28.439
   667.0,0.005961,0.003674,0.059928,0.000047,  28.440
   668.0,0.005974,0.003684,0.059964,-0.000002,  28.444
   669.0,0.005978,0.003692,0.059736,-0.000025,  28.442
   670.0,0.005989,0.003698,0.059738,0.000011,  28.448
   671.0,0.006011,0.003703,0.059465,-0.000016,  28.447
   672.0,0.006022,0.003714,0.059594,-0.000038,  28.441
   673.0,0.006018,0.003724,0.059540,0.000011,  28.443
   674.0,0.006036,0.003733,0.059477,-0.000016,  28.450
   675.0,0.006058,0.003751,0.059451,0.000011,  28.450
   676.0,0.006063,0.003754,0.059307,-0.000002,  28.446
   677.0,0.006086,0.003766,0.059270,-0.000025,  28.445
   678.0,0.006105,0.003780,0.059139,0.000025,  28.440
   679.0,0.006109,0.003783,0.059146,0.000011,  28.448
   680.0,0.006134,0.003804,0.059183,-0.000025,  28.451
   681.0,0.006153,0.003812,0.058768,0.000033,  28.447
   682.0,0.006168,0.003820,0.058835,-0.000016,  28.454
   683.0,0.006192,0.003847,0.058931,-0.000038,  28.452
   684.0,0.006202,0.003852,0.059009,-0.000002,  28.454
   685.0,0.006211,0.003859,0.058778,-0.000025,  28.458
   686.0,0.006230,0.003878,0.058956,0.000025,  28.452
   687.0,0.006257,0.003897,0.058475,0.000011,  28.453
   688.0,0.006272,0.003914,0.058686,-0.000025,  28.453
   689.0,0.006299,0.003935,0.058841,0.000025,  28.453
   690.0,0.006314,0.003944,0.058997,0.000025,  28.456
   691.0,0.006335,0.003954,0.058861,0.000002,  28.457
   692.0,0.006354,0.003970,0.058571,0.000025,  28.460
   693.0,0.006374,0.003977,0.058411,0.000002,  28.456
   694.0,0.006389,0.003990,0.058746,0.000038,  28.454
   695.0,0.006415,0.004014,0.059096,0.000047,  28.457
   696.0,0.006441,0.004030,0.059081,0.000047,  28.456
   697.0,0.006464,0.004043,0.059022,0.000060,  28.455
   698.0,0.006474,0.004050,0.058892,0.000047,  28.458
   699.0,0.006482,0.004058,0.058738,0.000047,  28.448
   700.0,0.006506,0.004070,0.059036,0.000047,  28.457
   701.0,0.006515,0.004091,0.059151,0.000025,  28.455
   702.0,0.006543,0.004091,0.058353,0.000074,  28.453
   703.0,0.006563,0.004118,0.058872,0.000038,  28.453
   704.0,0.006597,0.004140,0.059249,0.000002,  28.452
   705.0,0.006613,0.004146,0.058928,0.000074,  28.448
   706.0,0.006642,0.004170,0.059304,0.000047,  28.442
   707.0,0.006664,0.004185,0.059483,-0.000025,  28.432
   708.0,0.006671,0.004194,0.059490,0.000025,  28.430
   709.0,0.006698,0.004201,0.059525,0.000025,  28.426
   710.0,0.006719,0.004212,0.059427,0.000025,  28.431
   711.0,0.006723,0.004216,0.059404,0.000011,  28.427
   712.0,0.006755,0.004234,0.059003,-0.000025,  28.425
   713.0,0.006771,0.004253,0.059483,0.000025,  28.428
   714.0,0.006789,0.004261,0.059564,0.000033,  28.429
   715.0,0.006813,0.004274,0.059150,0.000011,  28.433
   716.0,0.006830,0.004282,0.059672,0.000011,  28.439
   717.0,0.006857,0.004293,0.059843,-0.000002,  28.432
   718.0,0.006880,0.004308,0.059928,-0.000038,  28.426
   719.0,0.006887,0.004323,0.060121,-0.000002,  28.420
   720.0,0.006911,0.004344,0.059595,-0.000025,  28.414
   721.0,0.006941,0.004362,0.059444,0.000025,  28.407
   722.0,0.006967,0.004374,0.059993,0.000011,  28.409
   723.0,0.006985,0.004387,0.060266,-0.000025,  28.404
   724.0,0.007011,0.004406,0.060351,0.000025,  28.405
   725.0,0.007037,0.004423,0.060589,0.000011,  28.396
   726.0,0.007058,0.004440,0.060568,-0.000025,  28.395
   727.0,0.007087,0.004461,0.060490,0.000025,  28.400
   728.0,0.007115,0.004490,0.060757,0.000025,  28.400
   729.0,0.007139,0.004498,0.060909,0.000060,  28.404
   730.0,0.007166,0.004508,0.061186,0.000047,  28.401
   731.0,0.007184,0.004526,0.061223,0.000047,  28.406
   732.0,0.007202,0.004535,0.061412,0.000047,  28.402
   733.0,0.007220,0.004548,0.061435,0.000033,  28.404
   734.0,0.007233,0.004557,0.060779,0.000047,  28.409
   735.0,0.007265,0.004570,0.061405,0.000047,  28.407
   736.0,0.007293,0.004600,0.061795,-0.000002,  28.411
   737.0,0.007309,0.004609,0.061915,0.000011,  28.410
   738.0,0.007343,0.004627,0.061641,0.000011,  28.424
   739.0,0.007358,0.004645,0.061815,-0.000025,  28.429
   740.0,0.007379,0.004651,0.062103,0.000011,  28.435
   741.0,0.007406,0.004678,0.062353,-0.000002,  28.436
   742.0,0.007435,0.004681,0.062214,-0.000025,  28.439
   743.0,0.007460,0.004697,0.062213,-0.000011,  28.439
   744.0,0.007490,0.004711,0.062636,-0.000025,  28.437
   745.0,0.007512,0.004728,0.062762,-0.000025,  28.437
   746.0,0.007530,0.004746,0.062863,-0.000002,  28.440
   747.0,0.007554,0.004760,0.063086,-0.000025,  28.441
   748.0,0.007585,0.004785,0.063274,0.000011,  28.440
   749.0,0.007607,0.004795,0.063385,-0.000002,  28.435
   750.0,0.007630,0.004823,0.063485,-0.000025,  28.437
   751.0,0.007660,0.004834,0.063308,0.000011,  28.438
   752.0,0.007678,0.004843,0.063560,0.000011,  28.441
   753.0,0.007715,0.004870,0.063901,-0.000025,  28.444
   754.0,0.007737,0.004889,0.064134,0.000025,  28.442
   755.0,0.007772,0.004898,0.063943,0.000025,  28.440
   756.0,0.007804,0.004917,0.064210,0.000025,  28.442
   757.0,0.007825,0.004945,0.064422,0.000020,  28.440
   758.0,0.007849,0.004956,0.064677,0.000033,  28.435
   759.0,0.007887,0.004985,0.064832,0.000047,  28.439
   760.0,0.007916,0.005002,0.064270,0.000047,  28.433
   761.0,0.007938,0.005013,0.064808,0.000047,  28.432
   762.0,0.007956,0.005033,0.065262,0.000025,  28.435
   763.0,0.007993,0.005036,0.064902,0.000011,  28.436
   764.0,0.008017,0.005065,0.065073,-0.000025,  28.435
   765.0,0.008037,0.005081,0.065574,0.000011,  28.431
   766.0,0.008061,0.005095,0.065109,-0.000025,  28.429
   767.0,0.008082,0.005112,0.065689,0.000025,  28.430
   768.0,0.008105,0.005130,0.065806,0.000020,  28.432
   769.0,0.008128,0.005145,0.065932,0.000011,  28.437
   770.0,0.008166,0.005153,0.066219,0.000025,  28.435
   771.0,0.008198,0.005174,0.066643,0.000011,  28.438
   772.0,0.008214,0.005189,0.066814,-0.000025,  28.440
   773.0,0.008237,0.005210,0.066981,0.000025,  28.438
   774.0,0.008272,0.005229,0.067084,0.000025,  28.439
   775.0,0.008304,0.005263,0.067346,0.000038,  28.440
   776.0,0.008337,0.005280,0.067164,0.000047,  28.437
   777.0,0.008356,0.005293,0.067321,-0.000011,  28.437
   778.0,0.008371,0.005291,0.067584,0.000025,  28.438
   779.0,0.008409,0.005327,0.068015,0.000025,  28.434
   780.0,0.008438,0.005337,0.068126,0.000002,  28.438
   781.0,0.008462,0.005345,0.066616,0.000038,  28.441
   782.0,0.008485,0.005352,0.067615,0.000025,  28.439
   783.0,0.008506,0.005369,0.067519,0.000038,  28.442
   784.0,0.008510,0.005383,0.068241,0.000011,  28.447
   785.0,0.008542,0.005405,0.068633,0.000002,  28.451
   786.0,0.008577,0.005424,0.068867,0.000038,  28.447
   787.0,0.008601,0.005433,0.069076,0.000025,  28.452
   788.0,0.008629,0.005457,0.069364,0.000002,  28.449
   789.0,0.008653,0.005477,0.069357,0.000038,  28.451
   790.0,0.008682,0.005486,0.069630,0.000025,  28.455
   791.0,0.008723,0.005513,0.069941,0.000025,  28.449
   792.0,0.008743,0.005527,0.070001,0.000025,  28.446
   793.0,0.008761,0.005536,0.068931,0.000002,  28.449
   794.0,0.008787,0.005561,0.068411,0.000038,  28.447
   795.0,0.008815,0.005566,0.069628,0.000025,  28.447
   796.0,0.008835,0.005592,0.070219,0.000047,  28.450
   797.0,0.008866,0.005619,0.070016,0.000025,  28.449
   798.0,0.008893,0.005628,0.070801,0.000011,  28.444
   799.0,0.008916,0.005646,0.071133,-0.000025,  28.453
   800.0,0.008943,0.005662,0.071278,0.000025,  28.453
   801.0,0.008965,0.005673,0.070842,0.000025,  28.451
   802.0,0.008975,0.005669,0.071337,0.000038,  28.458
   803.0,0.008998,0.005694,0.071939,0.000025,  28.457
   804.0,0.009030,0.005714,0.071961,0.000002,  28.459
   805.0,0.009061,0.005729,0.072197,0.000038,  28.459
   806.0,0.009104,0.005752,0.072265,0.000025,  28.461
   807.0,0.009128,0.005766,0.072336,0.000002,  28.462
   808.0,0.009141,0.005780,0.072593,0.000038,  28.464
   809.0,0.009159,0.005802,0.072793,0.000025,  28.465
   810.0,0.009175,0.005810,0.072967,0.000038,  28.464
   811.0,0.009209,0.005829,0.073202,0.000025,  28.460
   812.0,0.009238,0.005852,0.073131,0.000002,  28.458
   813.0,0.009259,0.005862,0.073495,0.000038,  28.451
   814.0,0.009283,0.005874,0.073153,0.000047,  28.449
   815.0,0.009315,0.005894,0.073576,0.000074,  28.450
   816.0,0.009338,0.005909,0.073878,0.000074,  28.446
   817.0,0.009367,0.005929,0.072666,0.000038,  28.441
   818.0,0.009391,0.005941,0.073792,0.000002,  28.441
   819.0,0.009412,0.005956,0.074283,0.000038,  28.441
   820.0,0.009433,0.005973,0.074250,0.000002,  28.444
   821.0,0.009462,0.005992,0.074744,0.000038,  28.441
   822.0,0.009497,0.006015,0.074881,0.000025,  28.442
   823.0,0.009518,0.006031,0.074571,0.000002,  28.446
   824.0,0.009534,0.006038,0.075056,0.000038,  28.449
   825.0,0.009539,0.006027,0.074789,0.000038,  28.451
   826.0,0.009574,0.006046,0.075451,0.000016,  28.453
   827.0,0.009610,0.006069,0.075982,0.000052,  28.456
   828.0,0.009626,0.006091,0.075877,0.000052,  28.455
   829.0,0.009663,0.006120,0.076193,0.000052,  28.457
   830.0,0.009697,0.006149,0.076263,0.000052,  28.457
   831.0,0.009722,0.006158,0.076526,-0.000011,  28.456
   832.0,0.009747,0.006176,0.076720,0.000038,  28.459
   833.0,0.009774,0.006184,0.076817,0.000038,  28.455
   834.0,0.009784,0.006196,0.077119,0.000002,  28.457
   835.0,0.009808,0.006208,0.077338,0.000052,  28.456
   836.0,0.009821,0.006222,0.077388,0.000065,  28.449
   837.0,0.009841,0.006237,0.077574,0.000043,  28.447
   838.0,0.009886,0.006257,0.077762,0.000065,  28.444
   839.0,0.009909,0.006277,0.077889,0.000029,  28.442
   840.0,0.009906,0.006279,0.077946,0.000052,  28.445
   841.0,0.009954,0.006298,0.078162,0.000052,  28.448
   842.0,0.009970,0.006318,0.078118,0.000016,  28.445
   843.0,0.009988,0.006319,0.077644,0.000025,  28.442
   844.0,0.010012,0.006341,0.078291,0.000025,  28.447
   845.0,0.010029,0.006346,0.078680,0.000052,  28.449
   846.0,0.010061,0.006357,0.078878,0.000038,  28.455
   847.0,0.010074,0.006372,0.078957,0.000029,  28.452
   848.0,0.010084,0.006380,0.079188,0.000052,  28.463
   849.0,0.010127,0.006397,0.079262,0.000052,  28.466
   850.0,0.010147,0.006424,0.079620,0.000016,  28.467
   851.0,0.010160,0.006431,0.078658,0.000025,  28.475
   852.0,0.010181,0.006443,0.079420,0.000060,  28.472
   853.0,0.010205,0.006457,0.079728,0.000002,  28.477
   854.0,0.010226,0.006465,0.079803,0.000025,  28.476
   855.0,0.010239,0.006473,0.080195,0.000038,  28.470
   856.0,0.010255,0.006487,0.080378,0.000038,  28.462
   857.0,0.010263,0.006491,0.079799,0.000038,  28.461
   858.0,0.010297,0.006510,0.080411,0.000002,  28.458
   859.0,0.010318,0.006518,0.080345,0.000038,  28.455
   860.0,0.010321,0.006536,0.080723,0.000038,  28.451
   861.0,0.010350,0.006547,0.081108,0.000002,  28.454
   862.0,0.010358,0.006563,0.081151,0.000038,  28.453
   863.0,0.010379,0.006575,0.081168,0.000052,  28.456
   864.0,0.010413,0.006595,0.081218,0.000038,  28.455
   865.0,0.010424,0.006603,0.081463,0.000038,  28.455
   866.0,0.010437,0.006602,0.081700,0.000002,  28.452
   867.0,0.010464,0.006617,0.081955,0.000038,  28.453
   868.0,0.010488,0.006632,0.081441,0.000038,  28.450
   869.0,0.010515,0.006654,0.081887,0.000002,  28.452
   870.0,0.010546,0.006676,0.082106,0.000038,  28.451
   871.0,0.010556,0.006675,0.082429,0.000038,  28.450
   872.0,0.010564,0.006692,0.082411,0.000052,  28.449
   873.0,0.010575,0.006707,0.082507,0.000038,  28.447
   874.0,0.010607,0.006719,0.082537,0.000002,  28.450
   875.0,0.010604,0.006719,0.082685,0.000038,  28.449
   876.0,0.010634,0.006722,0.083012,0.000038,  28.450
   877.0,0.010652,0.006741,0.083108,0.000029,  28.448
   878.0,0.010665,0.006744,0.083377,0.000052,  28.458
   879.0,0.010704,0.006764,0.083218,0.000052,  28.454
   880.0,0.010722,0.006791,0.083355,0.000002,  28.451
   881.0,0.010733,0.006791,0.083607,0.000038,  28.455
   882.0,0.010755,0.006810,0.083783,0.000002,  28.459
   883.0,0.010753,0.006820,0.084014,0.000065,  28.451
   884.0,0.010775,0.006840,0.083730,0.000065,  28.452
   885.0,0.010818,0.006862,0.083851,0.000043,  28.460
   886.0,0.010839,0.006866,0.084094,0.000065,  28.447
   887.0,0.010851,0.006870,0.083695,0.000065,  28.451
   888.0,0.010864,0.006877,0.083936,0.000016,  28.447
   889.0,0.010865,0.006870,0.084265,0.000052,  28.443
   890.0,0.010872,0.006877,0.084591,0.000052,  28.442
   891.0,0.010882,0.006886,0.084705,0.000052,  28.435
   892.0,0.010912,0.006904,0.084821,0.000052,  28.426
   893.0,0.010941,0.006922,0.085004,0.000016,  28.423
   894.0,0.010945,0.006928,0.085218,0.000052,  28.418
   895.0,0.010953,0.006935,0.084360,0.000052,  28.418
   896.0,0.010985,0.006953,0.084780,0.000016,  28.418
   897.0,0.011006,0.006962,0.085253,0.000052,  28.420
   898.0,0.011015,0.006970,0.085588,0.000038,  28.427
   899.0,0.011039,0.006983,0.085639,0.000002,  28.430
   900.0,0.011043,0.006987,0.085622,0.000038,  28.434
   901.0,0.011041,0.006998,0.085659,0.000029,  28.436
   902.0,0.011062,0.007011,0.085814,0.000052,  28.441
   903.0,0.011070,0.007010,0.085895,0.000065,  28.449
   904.0,0.011072,0.007007,0.085954,0.000043,  28.456
   905.0,0.011107,0.007028,0.085606,0.000052,  28.467
   906.0,0.011115,0.007033,0.086137,0.000074,  28.468
   907.0,0.011133,0.007048,0.086350,0.000087,  28.477
   908.0,0.011154,0.007059,0.086395,0.000038,  28.473
   909.0,0.011162,0.007076,0.086498,0.000002,  28.472
   910.0,0.011168,0.007076,0.085986,0.000038,  28.474
   911.0,0.011181,0.007077,0.086386,0.000038,  28.477
   912.0,0.011184,0.007086,0.086732,0.000002,  28.476
   913.0,0.011176,0.007085,0.086780,0.000038,  28.477
   914.0,0.011195,0.007083,0.087052,0.000038,  28.476
   915.0,0.011193,0.007088,0.086392,0.000002,  28.475
   916.0,0.011217,0.007090,0.086884,0.000052,  28.474
   917.0,0.011242,0.007107,0.086929,0.000052,  28.465
   918.0,0.011245,0.007114,0.086352,0.000052,  28.462
   919.0,0.011255,0.007116,0.086913,0.000052,  28.460
   920.0,0.011266,0.007124,0.087151,0.000016,  28.455
   921.0,0.011273,0.007137,0.087486,0.000052,  28.453
   922.0,0.011286,0.007146,0.087484,0.000052,  28.447
   923.0,0.011299,0.007153,0.087643,0.000016,  28.448
   924.0,0.011313,0.007166,0.087112,0.000052,  28.445
   925.0,0.011337,0.007175,0.087637,0.000052,  28.454
   926.0,0.011345,0.007179,0.087788,0.000029,  28.458
   927.0,0.011358,0.007185,0.087853,0.000065,  28.462
   928.0,0.011378,0.007198,0.088034,0.000043,  28.464
   929.0,0.011390,0.007212,0.088242,0.000065,  28.465
   930.0,0.011404,0.007226,0.088322,0.000079,  28.464
   931.0,0.011422,0.007236,0.088367,0.000065,  28.463
   932.0,0.011449,0.007254,0.088337,0.000087,  28.466
   933.0,0.011451,0.007262,0.088326,0.000052,  28.466
   934.0,0.011451,0.007265,0.087727,0.000052,  28.472
   935.0,0.011446,0.007255,0.088317,0.000052,  28.475
   936.0,0.011422,0.007242,0.088332,0.000016,  28.469
   937.0,0.011433,0.007246,0.088593,0.000052,  28.470
   938.0,0.011431,0.007246,0.088583,0.000052,  28.470
   939.0,0.011436,0.007234,0.088543,0.000016,  28.464
   940.0,0.011451,0.007255,0.088735,0.000052,  28.457
   941.0,0.011465,0.007254,0.088753,0.000052,  28.455
   942.0,0.011471,0.007244,0.088738,0.000016,  28.452
   943.0,0.011486,0.007261,0.089003,0.000052,  28.452
   944.0,0.011504,0.007276,0.088797,0.000016,  28.451
   945.0,0.011507,0.007278,0.088912,0.000016,  28.460
   946.0,0.011523,0.007297,0.089068,0.000016,  28.459
   947.0,0.011525,0.007299,0.089078,0.000016,  28.462
   948.0,0.011531,0.007305,0.089165,0.000016,  28.466
   949.0,0.011533,0.007301,0.088696,0.000016,  28.468
   950.0,0.011536,0.007309,0.088899,-0.000011,  28.473
   951.0,0.011530,0.007303,0.088949,0.000029,  28.479
   952.0,0.011549,0.007319,0.088252,0.000016,  28.482
   953.0,0.011541,0.007312,0.089003,0.000029,  28.487
   954.0,0.011539,0.007295,0.089390,0.000029,  28.498
   955.0,0.011557,0.007317,0.088965,0.000043,  28.507
   956.0,0.011579,0.007322,0.089037,0.000029,  28.504
   957.0,0.011576,0.007320,0.089169,0.000016,  28.510
   958.0,0.011581,0.007321,0.089403,0.000016,  28.509
   959.0,0.011567,0.007325,0.089266,0.000016,  28.508
   960.0,0.011579,0.007324,0.089529,0.000016,  28.509
   961.0,0.011579,0.007335,0.089524,0.000043,  28.508
   962.0,0.011581,0.007323,0.088956,0.000029,  28.506
   963.0,0.011594,0.007343,0.088976,0.000043,  28.507
   964.0,0.011607,0.007351,0.088777,0.000029,  28.506
   965.0,0.011597,0.007332,0.089236,0.000029,  28.506
   966.0,0.011589,0.007330,0.089408,0.000043,  28.506
   967.0,0.011586,0.007335,0.089276,0.000029,  28.507
   968.0,0.011586,0.007337,0.089284,0.000016,  28.504
   969.0,0.011592,0.007331,0.089429,-0.000006,  28.509
   970.0,0.011592,0.007328,0.089081,0.000029,  28.507
   971.0,0.011595,0.007338,0.089215,0.000016,  28.503
   972.0,0.011605,0.007351,0.089405,0.000052,  28.501
   973.0,0.011610,0.007348,0.089471,0.000016,  28.495
   974.0,0.011594,0.007342,0.089381,0.000016,  28.486
   975.0,0.011621,0.007354,0.089279,0.000052,  28.478
   976.0,0.011621,0.007355,0.087987,0.000052,  28.475
   977.0,0.011605,0.007337,0.088741,0.000016,  28.467
   978.0,0.011616,0.007356,0.089248,0.000052,  28.470
   979.0,0.011637,0.007368,0.089382,0.000052,  28.466
   980.0,0.011645,0.007371,0.089436,0.000052,  28.462
   981.0,0.011640,0.007366,0.089219,0.000052,  28.459
   982.0,0.011619,0.007358,0.089468,0.000029,  28.461
   983.0,0.011600,0.007346,0.089581,0.000065,  28.458
   984.0,0.011618,0.007360,0.088721,0.000065,  28.462
   985.0,0.011616,0.007357,0.089231,0.000029,  28.464
   986.0,0.011608,0.007357,0.089399,0.000065,  28.470
   987.0,0.011635,0.007363,0.089644,0.000065,  28.469
   988.0,0.011624,0.007362,0.089674,0.000065,  28.476
   989.0,0.011606,0.007340,0.089546,0.000065,  28.471
   990.0,0.011627,0.007362,0.089519,0.000043,  28.480
   991.0,0.011626,0.007370,0.089096,0.000065,  28.481
   992.0,0.011626,0.007353,0.089335,0.000065,  28.489
   993.0,0.011621,0.007358,0.089529,0.000043,  28.488
   994.0,0.011601,0.007353,0.089531,0.000065,  28.492
   995.0,0.011629,0.007363,0.089466,0.000065,  28.489
   996.0,0.011621,0.007365,0.089242,0.000043,  28.499
   997.0,0.011613,0.007358,0.089162,0.000065,  28.500
   998.0,0.011608,0.007345,0.089161,0.000043,  28.498
   999.0,0.011591,0.007340,0.089196,0.000065,  28.505
  1000.0,0.011586,0.007332,0.089174,0.000079,  28.500
  1001.0,0.011574,0.007325,0.089306,0.000043,  28.503
  1002.0,0.011566,0.007332,0.089296,0.000079,  28.500
  1003.0,0.011596,0.007335,0.089176,0.000079,  28.496
  1004.0,0.011600,0.007335,0.088902,0.000043,  28.494
  1005.0,0.011594,0.007330,0.088842,0.000065,  28.484
  1006.0,0.011579,0.007321,0.088899,0.000043,  28.480
  1007.0,0.011568,0.007322,0.089402,0.000029,  28.474
  1008.0,0.011571,0.007324,0.089203,0.000029,  28.475
  1009.0,0.011551,0.007315,0.088809,0.000043,  28.469
  1010.0,0.011553,0.007321,0.088670,0.000029,  28.466
  1011.0,0.011568,0.007322,0.088483,0.000029,  28.463
  1012.0,0.011539,0.007300,0.088510,0.000043,  28.460
  1013.0,0.011527,0.007295,0.088890,0.000043,  28.449
  1014.0,0.011516,0.007288,0.088763,0.000043,  28.445
  1015.0,0.011513,0.007282,0.088484,0.000043,  28.449
  1016.0,0.011524,0.007308,0.088679,0.000043,  28.444
  1017.0,0.011519,0.007299,0.088639,0.000043,  28.446
  1018.0,0.011511,0.007294,0.088081,0.000056,  28.451
  1019.0,0.011514,0.007304,0.088550,0.000065,  28.452
  1020.0,0.011522,0.007311,0.088497,0.000070,  28.451
  1021.0,0.011516,0.007307,0.088447,0.000079,  28.451
  1022.0,0.011530,0.007320,0.088516,0.000079,  28.448
  1023.0,0.011525,0.007310,0.088383,0.000079,  28.451
  1024.0,0.011485,0.007283,0.088486,0.000079,  28.459
  1025.0,0.011480,0.007272,0.088295,0.000043,  28.464
  1026.0,0.011490,0.007284,0.088098,0.000079,  28.472
  1027.0,0.011483,0.007273,0.087272,0.000052,  28.480
  1028.0,0.011475,0.007275,0.086766,0.000043,  28.477
  1029.0,0.011454,0.007257,0.087245,0.000052,  28.478
  1030.0,0.011441,0.007243,0.087521,0.000065,  28.479
  1031.0,0.011438,0.007238,0.087667,0.000087,  28.475
  1032.0,0.011407,0.007230,0.087703,0.000052,  28.480
  1033.0,0.011398,0.007222,0.086916,0.000016,  28.480
  1034.0,0.011399,0.007226,0.086864,0.000065,  28.478
  1035.0,0.011387,0.007203,0.087264,0.000065,  28.473
  1036.0,0.011371,0.007189,0.087372,0.000043,  28.470
  1037.0,0.011365,0.007189,0.087312,0.000065,  28.470
  1038.0,0.011354,0.007187,0.087185,0.000065,  28.471
  1039.0,0.011355,0.007183,0.087314,0.000043,  28.472
  1040.0,0.011341,0.007179,0.087296,0.000065,  28.470
  1041.0,0.011315,0.007174,0.087030,0.000043,  28.480
  1042.0,0.011325,0.007174,0.086625,0.000029,  28.485
  1043.0,0.011331,0.007172,0.086489,0.000038,  28.490
  1044.0,0.011299,0.007156,0.086460,0.000016,  28.494
  1045.0,0.011296,0.007144,0.086331,0.000052,  28.499
  1046.0,0.011274,0.007126,0.086360,0.000029,  28.499
  1047.0,0.011252,0.007119,0.086417,0.000043,  28.497
  1048.0,0.011246,0.007115,0.086320,0.000029,  28.500
  1049.0,0.011244,0.007113,0.086263,0.000043,  28.496
  1050.0,0.011238,0.007113,0.085649,0.000029,  28.493
  1051.0,0.011231,0.007113,0.085865,0.000016,  28.497
  1052.0,0.011212,0.007098,0.085942,0.000016,  28.498
  1053.0,0.011195,0.007079,0.085744,0.000016,  28.506
  1054.0,0.011199,0.007071,0.084741,0.000016,  28.504
  1055.0,0.011197,0.007070,0.085274,0.000016,  28.507
  1056.0,0.011164,0.007062,0.085034,0.000052,  28.504
  1057.0,0.011167,0.007055,0.085188,0.000052,  28.500
  1058.0,0.011154,0.007057,0.085320,0.000029,  28.497
  1059.0,0.011133,0.007039,0.085196,0.000052,  28.498
  1060.0,0.011119,0.007038,0.085087,0.000016,  28.496
  1061.0,0.011100,0.007028,0.084821,0.000016,  28.501
  1062.0,0.011067,0.007017,0.084866,0.000016,  28.496
  1063.0,0.011078,0.007021,0.084879,0.000016,  28.496
  1064.0,0.011059,0.007006,0.084679,0.000002,  28.490
  1065.0,0.011053,0.006981,0.084685,0.000052,  28.491
  1066.0,0.011055,0.006999,0.084555,0.000016,  28.485
  1067.0,0.011046,0.006987,0.084340,0.000052,  28.483
  1068.0,0.011032,0.006975,0.084194,0.000016,  28.483
  1069.0,0.011015,0.006969,0.083988,0.000052,  28.482
  1070.0,0.010997,0.006959,0.084139,0.000052,  28.476
  1071.0,0.010973,0.006950,0.084117,-0.000011,  28.479
  1072.0,0.010954,0.006945,0.083898,0.000029,  28.480
  1073.0,0.010966,0.006944,0.083567,0.000016,  28.479
  1074.0,0.010950,0.006936,0.083442,0.000043,  28.485
  1075.0,0.010923,0.006916,0.083461,0.000029,  28.480
  1076.0,0.010902,0.006906,0.083445,0.000101,  28.476
  1077.0,0.010881,0.006888,0.083249,0.000065,  28.476
  1078.0,0.010887,0.006882,0.082621,0.000065,  28.472
  1079.0,0.010877,0.006886,0.082912,0.000043,  28.461
  1080.0,0.010866,0.006880,0.082857,0.000052,  28.460
  1081.0,0.010863,0.006873,0.082796,0.000052,  28.462
  1082.0,0.010839,0.006858,0.082719,0.000043,  28.456
  1083.0,0.010817,0.006857,0.082608,0.000065,  28.461
  1084.0,0.010810,0.006846,0.082533,0.000065,  28.459
  1085.0,0.010778,0.006828,0.082175,0.000065,  28.464
  1086.0,0.010784,0.006820,0.081783,0.000065,  28.471
  1087.0,0.010759,0.006816,0.082221,0.000016,  28.477
  1088.0,0.010727,0.006787,0.081916,0.000052,  28.480
  1089.0,0.010730,0.006793,0.081978,0.000038,  28.484
  1090.0,0.010727,0.006786,0.080252,0.000002,  28.480
  1091.0,0.010687,0.006768,0.081152,0.000038,  28.483
  1092.0,0.010674,0.006756,0.079190,0.000052,  28.490
  1093.0,0.010655,0.006743,0.080331,0.000038,  28.491
  1094.0,0.010631,0.006734,0.081058,0.000052,  28.487
  1095.0,0.010621,0.006735,0.081249,0.000043,  28.491
  1096.0,0.010608,0.006722,0.081104,0.000065,  28.495
  1097.0,0.010591,0.006718,0.080918,0.000065,  28.494
  1098.0,0.010603,0.006722,0.080889,0.000043,  28.495
  1099.0,0.010571,0.006703,0.080206,0.000065,  28.502
  1100.0,0.010545,0.006679,0.080288,0.000052,  28.504
  1101.0,0.010539,0.006673,0.080461,0.000016,  28.509
  1102.0,0.010518,0.006659,0.080517,0.000016,  28.511
  1103.0,0.010496,0.006644,0.080366,0.000016,  28.506
  1104.0,0.010505,0.006646,0.080047,0.000016,  28.500
  1105.0,0.010497,0.006645,0.079269,0.000016,  28.494
  1106.0,0.010477,0.006631,0.079129,0.000016,  28.494
  1107.0,0.010436,0.006621,0.079198,0.000016,  28.500
  1108.0,0.010415,0.006598,0.079270,0.000029,  28.504
  1109.0,0.010389,0.006586,0.079114,0.000016,  28.507
  1110.0,0.010383,0.006575,0.079112,0.000016,  28.508
  1111.0,0.010348,0.006561,0.079100,0.000016,  28.505
  1112.0,0.010321,0.006559,0.078961,0.000016,  28.506
  1113.0,0.010332,0.006549,0.078877,0.000016,  28.505
  1114.0,0.010312,0.006529,0.078241,0.000016,  28.504
  1115.0,0.010280,0.006516,0.078230,0.000016,  28.508
  1116.0,0.010278,0.006504,0.078231,0.000052,  28.510
  1117.0,0.010249,0.006482,0.077879,0.000016,  28.506
  1118.0,0.010228,0.006464,0.076605,0.000038,  28.506
  1119.0,0.010220,0.006462,0.076277,0.000052,  28.507
  1120.0,0.010193,0.006460,0.077131,0.000043,  28.509
  1121.0,0.010190,0.006454,0.077156,0.000065,  28.507
  1122.0,0.010175,0.006443,0.077209,0.000043,  28.502
  1123.0,0.010149,0.006423,0.077124,0.000029,  28.504
  1124.0,0.010121,0.006411,0.077073,0.000029,  28.503
  1125.0,0.010095,0.006392,0.077008,0.000043,  28.497
  1126.0,0.010073,0.006377,0.076701,0.000029,  28.497
  1127.0,0.010060,0.006379,0.076623,0.000029,  28.490
  1128.0,0.010050,0.006371,0.076715,0.000043,  28.484
  1129.0,0.010029,0.006358,0.076018,0.000029,  28.478
  1130.0,0.010015,0.006338,0.076227,0.000029,  28.478
  1131.0,0.010002,0.006335,0.076086,0.000029,  28.476
  1132.0,0.009993,0.006317,0.076043,0.000029,  28.477
  1133.0,0.009967,0.006307,0.075983,0.000043,  28.481
  1134.0,0.009943,0.006293,0.075860,0.000002,  28.484
  1135.0,0.009907,0.006273,0.075571,0.000025,  28.480
  1136.0,0.009907,0.006280,0.075424,0.000002,  28.481
  1137.0,0.009896,0.006263,0.075118,0.000052,  28.485
  1138.0,0.009846,0.006235,0.074805,0.000052,  28.484
  1139.0,0.009833,0.006237,0.074644,0.000043,  28.489
  1140.0,0.009809,0.006210,0.073848,0.000029,  28.490
  1141.0,0.009780,0.006189,0.073979,0.000043,  28.491
  1142.0,0.009752,0.006180,0.074262,0.000029,  28.494
  1143.0,0.009726,0.006168,0.074072,0.000029,  28.504
  1144.0,0.009727,0.006151,0.073868,0.000043,  28.508
  1145.0,0.009717,0.006153,0.073631,0.000029,  28.510
  1146.0,0.009682,0.006141,0.073679,0.000029,  28.514
  1147.0,0.009679,0.006128,0.073620,0.000043,  28.509
  1148.0,0.009660,0.006119,0.073447,0.000029,  28.516
  1149.0,0.009641,0.006103,0.073332,0.000043,  28.521
  1150.0,0.009615,0.006096,0.073213,0.000029,  28.520
  1151.0,0.009602,0.006071,0.072858,0.000029,  28.524
  1152.0,0.009580,0.006066,0.072626,0.000043,  28.523
  1153.0,0.009548,0.006050,0.072621,0.000029,  28.512
  1154.0,0.009522,0.006035,0.072306,0.000052,  28.512
  1155.0,0.009499,0.006028,0.072124,0.000043,  28.506
  1156.0,0.009477,0.006011,0.071954,0.000029,  28.504
  1157.0,0.009467,0.006008,0.071892,0.000007,  28.503
  1158.0,0.009429,0.005977,0.071119,0.000038,  28.501
  1159.0,0.009399,0.005970,0.071301,0.000016,  28.505
  1160.0,0.009403,0.005972,0.071251,0.000016,  28.503
  1161.0,0.009374,0.005943,0.071229,0.000016,  28.499
  1162.0,0.009358,0.005929,0.071023,0.000016,  28.501
  1163.0,0.009343,0.005926,0.070699,-0.000028,  28.504
  1164.0,0.009303,0.005896,0.070679,0.000007,  28.502
  1165.0,0.009293,0.005883,0.070667,0.000029,  28.507
  1166.0,0.009282,0.005883,0.070261,0.000043,  28.512
  1167.0,0.009252,0.005864,0.070037,0.000029,  28.509
  1168.0,0.009249,0.005859,0.070095,0.000043,  28.512
  1169.0,0.009233,0.005841,0.070019,0.000029,  28.515
  1170.0,0.009185,0.005830,0.069767,0.000029,  28.523
  1171.0,0.009171,0.005819,0.069723,0.000043,  28.527
  1172.0,0.009152,0.005816,0.069484,0.000043,  28.529
  1173.0,0.009124,0.005791,0.069124,0.000043,  28.532
  1174.0,0.009099,0.005775,0.069002,0.000043,  28.537
  1175.0,0.009070,0.005764,0.069051,0.000043,  28.533
  1176.0,0.009044,0.005732,0.068780,0.000043,  28.532
  1177.0,0.009020,0.005721,0.068499,0.000029,  28.529
  1178.0,0.008992,0.005704,0.068287,0.000029,  28.531
  1179.0,0.008977,0.005679,0.068058,0.000043,  28.529
  1180.0,0.008963,0.005675,0.068109,0.000029,  28.534
  1181.0,0.008937,0.005666,0.067807,0.000029,  28.526
  1182.0,0.008916,0.005660,0.067561,0.000007,  28.535
  1183.0,0.008897,0.005644,0.067323,0.000029,  28.535
  1184.0,0.008892,0.005631,0.067079,0.000043,  28.531
  1185.0,0.008854,0.005617,0.066338,0.000029,  28.535
  1186.0,0.008814,0.005588,0.066557,0.000029,  28.531
  1187.0,0.008777,0.005572,0.065928,0.000043,  28.531
  1188.0,0.008747,0.005568,0.066216,0.000043,  28.527
  1189.0,0.008737,0.005554,0.066322,0.000043,  28.528
  1190.0,0.008725,0.005541,0.065380,0.000043,  28.528
  1191.0,0.008712,0.005520,0.065726,0.000043,  28.526
  1192.0,0.008702,0.005522,0.065754,0.000056,  28.526
  1193.0,0.008670,0.005506,0.065488,0.000043,  28.525
  1194.0,0.008651,0.005488,0.065369,0.000043,  28.526
  1195.0,0.008627,0.005480,0.065274,0.000043,  28.525
  1196.0,0.008595,0.005457,0.065186,0.000056,  28.527
  1197.0,0.008576,0.005444,0.064833,0.000056,  28.528
  1198.0,0.008553,0.005433,0.064383,0.000070,  28.533
  1199.0,0.008526,0.005416,0.063593,0.000043,  28.531
  1200.0,0.008502,0.005405,0.063863,0.000029,  28.536
  1201.0,0.008474,0.005388,0.063767,0.000043,  28.532
  1202.0,0.008442,0.005361,0.063341,0.000007,  28.535
  1203.0,0.008425,0.005343,0.063250,-0.000028,  28.533
  1204.0,0.008401,0.005335,0.063506,0.000021,  28.537
  1205.0,0.008378,0.005319,0.063331,0.000021,  28.542
  1206.0,0.008359,0.005311,0.062890,-0.000001,  28.546
  1207.0,0.008354,0.005307,0.062434,0.000021,  28.547
  1208.0,0.008314,0.005284,0.062499,0.000007,  28.546
  1209.0,0.008296,0.005262,0.062558,0.000021,  28.543
  1210.0,0.008272,0.005241,0.062470,0.000021,  28.539
  1211.0,0.008236,0.005226,0.062176,-0.000015,  28.539
  1212.0,0.008230,0.005222,0.061660,0.000007,  28.532
  1213.0,0.008200,0.005216,0.061702,-0.000006,  28.534
  1214.0,0.008175,0.005180,0.061552,-0.000028,  28.534
  1215.0,0.008176,0.005189,0.061385,-0.000006,  28.531
  1216.0,0.008142,0.005163,0.060687,-0.000006,  28.532
  1217.0,0.008103,0.005129,0.059401,-0.000028,  28.533
  1218.0,0.008057,0.005113,0.060290,0.000029,  28.527
  1219.0,0.008044,0.005091,0.059869,0.000029,  28.531
  1220.0,0.008022,0.005086,0.060334,0.000029,  28.531
  1221.0,0.007993,0.005071,0.059820,0.000029,  28.530
  1222.0,0.007977,0.005064,0.060018,0.000043,  28.535
  1223.0,0.007951,0.005054,0.059984,0.000029,  28.531
  1224.0,0.007930,0.005044,0.059688,0.000029,  28.529
  1225.0,0.007915,0.005034,0.059540,0.000043,  28.530
  1226.0,0.007886,0.005015,0.058715,0.000029,  28.531
  1227.0,0.007861,0.004984,0.059050,0.000029,  28.532
  1228.0,0.007833,0.004968,0.059244,0.000043,  28.530
  1229.0,0.007817,0.004951,0.059012,0.000029,  28.527
  1230.0,0.007809,0.004951,0.058835,0.000043,  28.528
  1231.0,0.007802,0.004959,0.058509,0.000043,  28.530
  1232.0,0.007783,0.004944,0.058310,0.000043,  28.532
  1233.0,0.007747,0.004920,0.058209,0.000043,  28.531
  1234.0,0.007699,0.004897,0.057885,0.000043,  28.534
  1235.0,0.007672,0.004889,0.057898,0.000016,  28.534
  1236.0,0.007652,0.004866,0.057574,-0.000020,  28.535
  1237.0,0.007628,0.004848,0.057040,0.000029,  28.533
  1238.0,0.007615,0.004839,0.057097,0.000043,  28.530
  1239.0,0.007607,0.004827,0.057139,0.000029,  28.524
  1240.0,0.007567,0.004797,0.056863,0.000029,  28.530
  1241.0,0.007555,0.004800,0.056652,0.000043,  28.535
  1242.0,0.007534,0.004786,0.056577,0.000043,  28.537
  1243.0,0.007493,0.004773,0.056529,0.000043,  28.539
  1244.0,0.007472,0.004761,0.056302,0.000043,  28.546
  1245.0,0.007448,0.004743,0.056065,0.000043,  28.540
  1246.0,0.007435,0.004730,0.055843,0.000043,  28.536
  1247.0,0.007421,0.004711,0.055594,0.000043,  28.535
  1248.0,0.007383,0.004698,0.055547,0.000043,  28.536
  1249.0,0.007350,0.004679,0.055154,0.000043,  28.535
  1250.0,0.007337,0.004667,0.055111,0.000043,  28.538
  1251.0,0.007304,0.004649,0.055066,0.000043,  28.540
  1252.0,0.007281,0.004634,0.054763,0.000043,  28.536
  1253.0,0.007256,0.004619,0.054613,0.000043,  28.540
  1254.0,0.007246,0.004610,0.054000,0.000043,  28.541
  1255.0,0.007234,0.004590,0.053822,0.000043,  28.535
  1256.0,0.007207,0.004574,0.053811,-0.000006,  28.535
  1257.0,0.007182,0.004545,0.053763,-0.000028,  28.535
  1258.0,0.007136,0.004529,0.053662,-0.000006,  28.530
  1259.0,0.007105,0.004521,0.053579,-0.000006,  28.530
  1260.0,0.007097,0.004515,0.053360,-0.000028,  28.531
  1261.0,0.007064,0.004493,0.052997,-0.000006,  28.526
  1262.0,0.007058,0.004487,0.052845,-0.000006,  28.524
  1263.0,0.007037,0.004474,0.052510,0.000007,  28.518
  1264.0,0.006998,0.004441,0.052376,-0.000006,  28.515
  1265.0,0.006977,0.004427,0.052003,-0.000028,  28.506
  1266.0,0.006951,0.004410,0.051995,-0.000006,  28.505
  1267.0,0.006923,0.004391,0.051902,0.000002,  28.503
  1268.0,0.006912,0.004382,0.051838,-0.000020,  28.499
  1269.0,0.006881,0.004373,0.051668,-0.000020,  28.499
  1270.0,0.006870,0.004377,0.050476,-0.000020,  28.493
  1271.0,0.006843,0.004362,0.050417,-0.000028,  28.486
  1272.0,0.006831,0.004346,0.050848,-0.000006,  28.481
  1273.0,0.006806,0.004332,0.050904,-0.000028,  28.484
  1274.0,0.006787,0.004310,0.050809,-0.000006,  28.486
  1275.0,0.006758,0.004280,0.050699,-0.000006,  28.483
  1276.0,0.006726,0.004272,0.050294,-0.000042,  28.490
  1277.0,0.006704,0.004262,0.050021,-0.000006,  28.493
  1278.0,0.006685,0.004255,0.049822,-0.000006,  28.496
  1279.0,0.006656,0.004240,0.049648,-0.000042,  28.498
  1280.0,0.006633,0.004211,0.049571,-0.000020,  28.500
  1281.0,0.006600,0.004197,0.049026,0.000007,  28.495
  1282.0,0.006584,0.004187,0.049110,-0.000006,  28.500
  1283.0,0.006563,0.004175,0.048173,-0.000006,  28.497
  1284.0,0.006535,0.004152,0.048062,-0.000028,  28.497
  1285.0,0.006515,0.004154,0.048541,-0.000006,  28.503
  1286.0,0.006503,0.004131,0.048490,-0.000006,  28.500
  1287.0,0.006460,0.004113,0.048578,0.000043,  28.501
  1288.0,0.006455,0.004100,0.048402,0.000043,  28.499
  1289.0,0.006431,0.004097,0.047681,0.000043,  28.503
  1290.0,0.006408,0.004073,0.047534,0.000043,  28.507
  1291.0,0.006389,0.004059,0.047562,0.000029,  28.505
  1292.0,0.006366,0.004052,0.047349,0.000043,  28.510
  1293.0,0.006340,0.004037,0.046848,0.000029,  28.511
  1294.0,0.006318,0.004024,0.047112,0.000029,  28.509
  1295.0,0.006301,0.004008,0.046840,0.000043,  28.504
  1296.0,0.006253,0.003991,0.046603,0.000016,  28.504
  1297.0,0.006244,0.003973,0.046126,0.000016,  28.503
  1298.0,0.006215,0.003965,0.046141,-0.000006,  28.508
  1299.0,0.006177,0.003940,0.046129,0.000029,  28.509
  1300.0,0.006170,0.003926,0.046004,0.000043,  28.516
  1301.0,0.006149,0.003919,0.045924,0.000029,  28.514
  1302.0,0.006139,0.003899,0.045764,0.000029,  28.512
  1303.0,0.006123,0.003891,0.045650,0.000043,  28.509
  1304.0,0.006099,0.003887,0.045305,0.000029,  28.514
  1305.0,0.006079,0.003869,0.045049,0.000029,  28.517
  1306.0,0.006055,0.003852,0.045093,0.000029,  28.518
  1307.0,0.006026,0.003827,0.044712,0.000029,  28.514
  1308.0,0.006003,0.003820,0.044546,0.000043,  28.515
  1309.0,0.005989,0.003811,0.044503,0.000029,  28.521
  1310.0,0.005957,0.003803,0.044265,0.000016,  28.519
  1311.0,0.005931,0.003788,0.044188,0.000029,  28.529
  1312.0,0.005910,0.003768,0.043503,0.000029,  28.532
  1313.0,0.005888,0.003755,0.043449,0.000029,  28.535
  1314.0,0.005866,0.003745,0.043531,0.000029,  28.544
  1315.0,0.005848,0.003736,0.043369,0.000029,  28.543
  1316.0,0.005814,0.003715,0.042699,0.000029,  28.542
  1317.0,0.005805,0.003704,0.043047,0.000029,  28.538
  1318.0,0.005792,0.003699,0.042759,0.000043,  28.539
  1319.0,0.005772,0.003685,0.042596,0.000043,  28.532
  1320.0,0.005761,0.003674,0.042513,0.000029,  28.538
  1321.0,0.005723,0.003651,0.042024,0.000029,  28.537
  1322.0,0.005690,0.003644,0.041980,-0.000006,  28.537
  1323.0,0.005682,0.003627,0.042110,-0.000006,  28.533
  1324.0,0.005651,0.003613,0.041528,-0.000006,  28.536
  1325.0,0.005636,0.003594,0.041276,0.000007,  28.536
  1326.0,0.005623,0.003585,0.041321,-0.000006,  28.532
  1327.0,0.005583,0.003565,0.041218,-0.000028,  28.538
  1328.0,0.005557,0.003534,0.041162,0.000007,  28.540
  1329.0,0.005532,0.003529,0.041145,0.000007,  28.542
  1330.0,0.005526,0.003524,0.040999,-0.000028,  28.543
  1331.0,0.005510,0.003512,0.040712,-0.000006,  28.538
  1332.0,0.005497,0.003507,0.040317,-0.000020,  28.544
  1333.0,0.005469,0.003492,0.040115,-0.000042,  28.545
  1334.0,0.005429,0.003463,0.039587,-0.000020,  28.545
  1335.0,0.005417,0.003445,0.039816,-0.000055,  28.545
  1336.0,0.005395,0.003432,0.039433,-0.000020,  28.545
  1337.0,0.005355,0.003411,0.039026,-0.000006,  28.544
  1338.0,0.005350,0.003406,0.039482,-0.000028,  28.544
  1339.0,0.005327,0.003397,0.039291,-0.000006,  28.547
  1340.0,0.005304,0.003376,0.038997,-0.000020,  28.543
  1341.0,0.005301,0.003377,0.038831,-0.000055,  28.543
  1342.0,0.005270,0.003356,0.038653,0.000002,  28.546
  1343.0,0.005233,0.003336,0.038562,0.000016,  28.549
  1344.0,0.005215,0.003329,0.038421,0.000016,  28.546
  1345.0,0.005176,0.003307,0.038396,0.000016,  28.545
  1346.0,0.005171,0.003289,0.038155,0.000016,  28.543
  1347.0,0.005147,0.003278,0.037781,0.000016,  28.543
  1348.0,0.005125,0.003270,0.037742,-0.000020,  28.540
  1349.0,0.005109,0.003262,0.037700,-0.000055,  28.530
  1350.0,0.005091,0.003253,0.037531,-0.000020,  28.528
  1351.0,0.005074,0.003241,0.037294,-0.000020,  28.514
  1352.0,0.005061,0.003222,0.037119,-0.000020,  28.514
  1353.0,0.005039,0.003207,0.036971,-0.000020,  28.513
  1354.0,0.005011,0.003195,0.036833,-0.000055,  28.498
  1355.0,0.004995,0.003183,0.036645,-0.000020,  28.497
  1356.0,0.004976,0.003169,0.036557,-0.000020,  28.496
  1357.0,0.004951,0.003163,0.036307,-0.000025,  28.484
  1358.0,0.004930,0.003153,0.036269,0.000002,  28.482
  1359.0,0.004895,0.003137,0.036097,0.000002,  28.482
  1360.0,0.004873,0.003112,0.036004,0.000002,  28.476
  1361.0,0.004851,0.003101,0.035759,0.000002,  28.479
  1362.0,0.004839,0.003086,0.035559,0.000002,  28.476
  1363.0,0.004807,0.003060,0.035372,0.000002,  28.475
  1364.0,0.004803,0.003060,0.035314,0.000052,  28.475
  1365.0,0.004802,0.003053,0.033916,0.000016,  28.468
  1366.0,0.004772,0.003038,0.034488,0.000016,  28.472
  1367.0,0.004761,0.003038,0.033837,0.000016,  28.472
  1368.0,0.004738,0.003027,0.034393,-0.000020,  28.476
  1369.0,0.004713,0.003014,0.034240,0.000016,  28.472
  1370.0,0.004706,0.002995,0.034322,0.000016,  28.477
  1371.0,0.004685,0.002993,0.033048,0.000016,  28.478
  1372.0,0.004662,0.002978,0.033672,0.000029,  28.477
  1373.0,0.004654,0.002962,0.033744,0.000016,  28.482
  1374.0,0.004619,0.002952,0.033693,0.000016,  28.477
  1375.0,0.004585,0.002927,0.033594,0.000016,  28.486
  1376.0,0.004574,0.002913,0.033594,-0.000011,  28.485
  1377.0,0.004546,0.002900,0.033235,0.000002,  28.489
  1378.0,0.004531,0.002891,0.033217,0.000002,  28.496
  1379.0,0.004515,0.002874,0.032903,0.000002,  28.502
  1380.0,0.004493,0.002866,0.032997,0.000002,  28.507
  1381.0,0.004476,0.002850,0.032819,0.000002,  28.503
  1382.0,0.004452,0.002830,0.032438,0.000038,  28.505
  1383.0,0.004425,0.002825,0.032291,0.000002,  28.499
  1384.0,0.004405,0.002803,0.032006,0.000002,  28.492
  1385.0,0.004383,0.002791,0.032050,0.000002,  28.494
  1386.0,0.004362,0.002790,0.031969,0.000016,  28.492
  1387.0,0.004341,0.002775,0.031900,0.000029,  28.494
  1388.0,0.004333,0.002770,0.031736,0.000002,  28.490
  1389.0,0.004319,0.002754,0.029719,0.000002,  28.493
  1390.0,0.004289,0.002741,0.030626,0.000016,  28.498
  1391.0,0.004268,0.002720,0.030993,0.000016,  28.499
  1392.0,0.004248,0.002706,0.030912,0.000016,  28.508
  1393.0,0.004229,0.002703,0.030945,0.000002,  28.506
  1394.0,0.004221,0.002698,0.030803,0.000002,  28.507
  1395.0,0.004206,0.002684,0.030528,-0.000033,  28.509
  1396.0,0.004199,0.002680,0.030727,-0.000020,  28.519
  1397.0,0.004180,0.002672,0.030598,-0.000055,  28.524
  1398.0,0.004162,0.002664,0.030367,-0.000020,  28.527
  1399.0,0.004152,0.002656,0.030023,-0.000020,  28.529
  1400.0,0.004142,0.002652,0.029759,-0.000055,  28.529
  1401.0,0.004115,0.002638,0.029711,-0.000020,  28.528
  1402.0,0.004094,0.002625,0.029831,-0.000020,  28.525
  1403.0,0.004076,0.002606,0.029620,-0.000055,  28.523
  1404.0,0.004058,0.002592,0.029511,-0.000033,  28.512
  1405.0,0.004040,0.002580,0.029423,-0.000069,  28.513
  1406.0,0.004015,0.002572,0.029161,-0.000033,  28.513
  1407.0,0.003979,0.002545,0.028931,-0.000060,  28.509
  1408.0,0.003959,0.002524,0.028830,-0.000069,  28.506
  1409.0,0.003935,0.002510,0.028723,-0.000033,  28.510
  1410.0,0.003895,0.002494,0.028467,-0.000047,  28.510
  1411.0,0.003894,0.002488,0.028382,-0.000069,  28.512
  1412.0,0.003880,0.002480,0.028336,-0.000033,  28.516
  1413.0,0.003867,0.002468,0.028135,-0.000069,  28.518
  1414.0,0.003854,0.002466,0.028088,-0.000033,  28.523
  1415.0,0.003837,0.002450,0.027906,-0.000033,  28.531
  1416.0,0.003830,0.002443,0.027870,-0.000042,  28.528
  1417.0,0.003815,0.002439,0.027826,-0.000020,  28.531
  1418.0,0.003793,0.002436,0.027628,-0.000020,  28.533
  1419.0,0.003791,0.002435,0.027497,-0.000055,  28.526
  1420.0,0.003773,0.002434,0.027137,-0.000033,  28.527
  1421.0,0.003756,0.002398,0.027098,-0.000025,  28.522
  1422.0,0.003724,0.002388,0.026872,-0.000033,  28.517
  1423.0,0.003705,0.002370,0.026895,-0.000047,  28.516
  1424.0,0.003687,0.002352,0.026672,-0.000069,  28.515
  1425.0,0.003666,0.002343,0.026469,-0.000033,  28.516
  1426.0,0.003650,0.002327,0.026425,-0.000020,  28.518
  1427.0,0.003630,0.002329,0.026396,-0.000055,  28.522
  1428.0,0.003630,0.002315,0.026387,-0.000020,  28.519
  1429.0,0.003611,0.002320,0.026180,-0.000006,  28.523
  1430.0,0.003601,0.002313,0.025981,0.000007,  28.521
  1431.0,0.003582,0.002296,0.025847,-0.000006,  28.519
  1432.0,0.003575,0.002292,0.025927,-0.000028,  28.520
  1433.0,0.003557,0.002287,0.025780,-0.000006,  28.516
  1434.0,0.003546,0.002272,0.025366,-0.000006,  28.522
  1435.0,0.003544,0.002280,0.025219,-0.000042,  28.525
  1436.0,0.003517,0.002272,0.025000,-0.000020,  28.525
  1437.0,0.003490,0.002263,0.025223,-0.000006,  28.525
  1438.0,0.003478,0.002246,0.025068,-0.000028,  28.520
  1439.0,0.003451,0.002219,0.024993,-0.000006,  28.521
  1440.0,0.003440,0.002212,0.024838,0.000007,  28.524
  1441.0,0.003438,0.002206,0.024829,-0.000006,  28.522
  1442.0,0.003417,0.002199,0.023922,-0.000006,  28.525
  1443.0,0.003421,0.002196,0.023982,-0.000028,  28.527
  1444.0,0.003402,0.002195,0.024143,-0.000006,  28.531
  1445.0,0.003381,0.002185,0.024364,-0.000006,  28.530
  1446.0,0.003377,0.002181,0.024275,-0.000028,  28.532
  1447.0,0.003367,0.002176,0.024422,0.000034,  28.541
  1448.0,0.003350,0.002166,0.024600,0.000034,  28.544
  1449.0,0.003362,0.002181,0.024090,0.000021,  28.551
  1450.0,0.003356,0.002189,0.024178,0.000021,  28.557
  1451.0,0.003359,0.002187,0.023980,-0.000028,  28.562
  1452.0,0.003338,0.002170,0.023779,-0.000006,  28.569
