Run Name,Group 5 40% run
Run Date,12:57:22 PM   02-08-11
Method Name,40%B-Isocrat
Export Format Version, 1.00
Method ID, 1178
Points/Second, 1.00
Number of Records,    714
Offset from Run Start Time,00:00:00
Run End Time,00:11:53
Time,Second
QuadTec 1, (280.0 nm), AU
QuadTec 2, (260.0 nm), AU
Gradient Pump,<Not Selected>
QuadTec 3, (214.0 nm), AU
QuadTec 4, (405.0 nm), AU
Conductivity,mS/cm
Trace 6,<Not Available>
GP Pressure,<Not Selected>
Volume,<Not Selected>
Fraction,<Not Available>
Time,QuadTec 1,QuadTec 2,QuadTec 3,QuadTec 4,Conductivity
     0.0,0.009431,0.000000,0.071954,0.000000,  35.497
     1.0,0.000000,0.000000,0.000000,0.000000,  35.501
     2.0,0.000000,0.000000,0.000000,0.000000,  35.510
     3.0,0.000000,0.000000,0.000000,0.000000,  35.500
     4.0,0.000000,0.000000,0.000000,0.000000,  35.497
     5.0,-0.000093,-0.000086,0.000233,-0.000009,  35.493
     6.0,-0.000041,-0.000075,-0.000332,0.000062,  35.490
     7.0,0.000004,-0.000049,-0.001131,0.000045,  35.497
     8.0,0.000028,-0.000030,-0.000609,0.000094,  35.483
     9.0,0.000045,-0.000001,-0.000312,0.000045,  35.478
    10.0,0.000026,-0.000015,-0.000220,0.000032,  35.475
    11.0,0.000034,-0.000022,-0.000019,0.000081,  35.478
    12.0,0.000037,-0.000004,-0.000001,0.000094,  35.477
    13.0,0.000049,0.000008,0.000117,0.000081,  35.492
    14.0,0.000048,0.000004,0.000110,0.000058,  35.469
    15.0,0.000004,0.000005,0.000382,0.000005,  35.469
    16.0,-0.000066,-0.000053,0.000401,0.000000,  35.460
    17.0,-0.000010,-0.000042,0.000389,0.000032,  35.459
    18.0,0.000029,-0.000025,0.000477,0.000045,  35.464
    19.0,0.000041,-0.000002,0.000337,0.000067,  35.453
    20.0,0.000034,0.000019,0.000607,0.000081,  35.459
    21.0,0.000030,-0.000002,0.000443,0.000067,  35.453
    22.0,0.000047,0.000005,0.000695,0.000045,  35.456
    23.0,0.000054,0.000014,0.000633,0.000058,  35.463
    24.0,0.000060,0.000007,0.000568,0.000081,  35.472
    25.0,0.000056,0.000024,0.000598,0.000045,  35.458
    26.0,-0.000011,-0.000006,0.000565,-0.000049,  35.458
    27.0,-0.000043,-0.000057,0.000042,0.000000,  35.457
    28.0,-0.000005,-0.000030,0.000045,0.000018,  35.463
    29.0,0.000029,-0.000007,0.000442,0.000054,  35.457
    30.0,0.000053,0.000019,0.000598,0.000067,  35.460
    31.0,0.000023,-0.000001,0.000816,0.000040,  35.451
    32.0,0.000038,-0.000004,0.000681,0.000089,  35.455
    33.0,0.000048,0.000007,0.000666,0.000103,  35.458
    34.0,0.000066,0.000020,0.000794,0.000081,  35.463
    35.0,0.000066,0.000015,0.000287,0.000103,  35.458
    36.0,0.000053,0.000030,0.000841,0.000005,  35.453
    37.0,-0.000020,-0.000027,0.001080,-0.000054,  35.452
    38.0,0.000003,-0.000030,0.001009,0.000027,  35.451
    39.0,0.000028,-0.000014,0.001028,0.000054,  35.459
    40.0,0.000043,0.000006,0.000797,0.000103,  35.456
    41.0,0.000057,0.000025,0.000546,0.000089,  35.463
    42.0,0.000028,0.000009,0.000897,0.000040,  35.452
    43.0,0.000049,0.000012,-0.000307,0.000089,  35.461
    44.0,0.000043,0.000014,0.000546,0.000103,  35.465
    45.0,0.000057,0.000013,-0.000789,0.000081,  35.472
    46.0,0.000074,0.000016,0.000332,0.000103,  35.474
    47.0,0.000013,0.000010,0.000974,0.000071,  35.472
    48.0,-0.000027,-0.000044,0.001275,0.000044,  35.472
    49.0,0.000012,-0.000020,0.001147,0.000062,  35.479
    50.0,0.000036,-0.000003,0.001169,0.000112,  35.476
    51.0,0.000066,0.000019,0.000748,0.000112,  35.458
    52.0,0.000051,0.000033,0.001131,0.000076,  35.460
    53.0,0.000117,0.000072,0.001083,0.000165,  35.465
    54.0,0.000421,0.000369,0.002138,0.000340,  35.462
    55.0,0.000565,0.000518,0.002064,0.000412,  35.462
    56.0,0.000140,0.000070,0.002383,0.000214,  35.464
    57.0,0.000018,-0.000026,0.001234,0.000085,  35.465
    58.0,-0.000065,-0.000073,0.000807,0.000004,  35.460
    59.0,-0.000078,-0.000093,0.000370,0.000004,  35.454
    60.0,0.000231,0.000161,0.001086,0.000197,  35.455
    61.0,0.000339,0.000322,-0.000420,0.000313,  35.447
    62.0,0.000257,0.000219,0.000736,0.000219,  35.448
    63.0,0.000184,0.000142,0.001280,0.000116,  35.446
    64.0,0.000121,0.000112,0.000941,0.000138,  35.453
    65.0,0.000114,0.000101,0.001334,0.000138,  35.461
    66.0,0.000108,0.000077,0.001444,0.000152,  35.472
    67.0,0.000098,0.000069,0.001406,0.000152,  35.472
    68.0,0.000068,0.000063,0.000994,0.000076,  35.473
    69.0,0.000009,0.000030,0.001603,0.000031,  35.473
    70.0,0.000020,-0.000003,0.001449,0.000085,  35.464
    71.0,0.000063,0.000035,0.001414,0.000098,  35.465
    72.0,0.000078,0.000042,0.001698,0.000125,  35.439
    73.0,0.000096,0.000084,0.001663,0.000125,  35.416
    74.0,0.000091,0.000053,0.001652,0.000138,  35.388
    75.0,0.000093,0.000059,0.001378,0.000125,  35.375
    76.0,0.000120,0.000078,0.001262,0.000103,  35.375
    77.0,0.000120,0.000088,0.001277,0.000152,  35.381
    78.0,0.000117,0.000090,0.001547,0.000161,  35.360
    79.0,0.000058,0.000063,0.001807,0.000093,  35.341
    80.0,0.000019,0.000012,0.001701,0.000093,  35.332
    81.0,0.000054,0.000017,0.001444,0.000134,  35.336
    82.0,0.000076,0.000039,0.001469,0.000147,  35.329
    83.0,0.000086,0.000056,0.001676,0.000147,  35.323
    84.0,0.000079,0.000066,0.001734,0.000147,  35.326
    85.0,0.000078,0.000061,0.001054,0.000147,  35.328
    86.0,0.000108,0.000075,0.001344,0.000161,  35.325
    87.0,0.000134,0.000095,0.001043,0.000188,  35.343
    88.0,0.000183,0.000123,0.000667,0.000201,  35.344
    89.0,0.000223,0.000208,0.001461,0.000201,  35.339
    90.0,0.000198,0.000218,0.002209,0.000116,  35.338
    91.0,0.000239,0.000247,0.002140,0.000206,  35.339
    92.0,0.000291,0.000278,0.002205,0.000233,  35.348
    93.0,0.000286,0.000257,0.002202,0.000233,  35.343
    94.0,0.000277,0.000249,0.002355,0.000206,  35.343
    95.0,0.000234,0.000205,0.001782,0.000188,  35.345
    96.0,0.000270,0.000213,0.001914,0.000214,  35.346
    97.0,0.000331,0.000263,0.002581,0.000241,  35.350
    98.0,0.000448,0.000364,0.003525,0.000255,  35.354
    99.0,0.000517,0.000429,0.004390,0.000268,  35.345
   100.0,0.000543,0.000437,0.005243,0.000201,  35.341
   101.0,0.000526,0.000389,0.005877,0.000147,  35.341
   102.0,0.000614,0.000413,0.006543,0.000174,  35.340
   103.0,0.000794,0.000503,0.008251,0.000174,  35.341
   104.0,0.001199,0.000699,0.012708,0.000214,  35.337
   105.0,0.001395,0.000806,0.014113,0.000174,  35.337
   106.0,0.001450,0.000827,0.015372,0.000174,  35.333
   107.0,0.001677,0.000936,0.017898,0.000201,  35.341
   108.0,0.002014,0.001153,0.022098,0.000188,  35.342
   109.0,0.002589,0.001483,0.028208,0.000201,  35.343
   110.0,0.003071,0.001748,0.032816,0.000188,  35.344
   111.0,0.003399,0.001905,0.036111,0.000085,  35.342
   112.0,0.003739,0.002097,0.039093,0.000120,  35.340
   113.0,0.004607,0.002476,0.046924,0.000161,  35.346
   114.0,0.006057,0.003239,0.060162,0.000201,  35.343
   115.0,0.007344,0.004052,0.072459,0.000228,  35.343
   116.0,0.007784,0.004338,0.077917,0.000214,  35.337
   117.0,0.008392,0.004705,0.084997,0.000228,  35.327
   118.0,0.009610,0.005397,0.097255,0.000250,  35.324
   119.0,0.011359,0.006403,0.113785,0.000263,  35.331
   120.0,0.013011,0.007296,0.127326,0.000290,  35.321
   121.0,0.014438,0.008058,0.139994,0.000277,  35.309
   122.0,0.015253,0.008417,0.148976,0.000188,  35.305
   123.0,0.017056,0.009299,0.163885,0.000241,  35.299
   124.0,0.019548,0.010633,0.185721,0.000268,  35.308
   125.0,0.022570,0.012385,0.216256,0.000308,  35.294
   126.0,0.024035,0.013466,0.233187,0.000322,  35.295
   127.0,0.025526,0.014244,0.245170,0.000308,  35.297
   128.0,0.027579,0.015401,0.264745,0.000344,  35.295
   129.0,0.030308,0.016952,0.286105,0.000358,  35.300
   130.0,0.032989,0.018457,0.312170,0.000349,  35.306
   131.0,0.035483,0.019659,0.335802,0.000384,  35.292
   132.0,0.037269,0.020626,0.352573,0.000304,  35.289
   133.0,0.039009,0.021443,0.363965,0.000241,  35.287
   134.0,0.041700,0.023037,0.392668,0.000331,  35.273
   135.0,0.044521,0.024861,0.424528,0.000384,  35.267
   136.0,0.047130,0.026297,0.451437,0.000362,  35.252
   137.0,0.049028,0.027292,0.464390,0.000344,  35.247
   138.0,0.051099,0.028446,0.480502,0.000322,  35.240
   139.0,0.053642,0.029883,0.504526,0.000358,  35.225
   140.0,0.056343,0.031158,0.531893,0.000398,  35.230
   141.0,0.058449,0.032328,0.553735,0.000380,  35.214
   142.0,0.060421,0.033484,0.573228,0.000326,  35.167
   143.0,0.061400,0.034040,0.581923,0.000245,  35.136
   144.0,0.062900,0.035014,0.600441,0.000272,  35.118
   145.0,0.065391,0.036420,0.625371,0.000313,  35.112
   146.0,0.067086,0.037311,0.641633,0.000353,  35.083
   147.0,0.068453,0.038082,0.656712,0.000326,  35.054
   148.0,0.069610,0.038639,0.668080,0.000299,  35.028
   149.0,0.071442,0.039562,0.684118,0.000286,  34.996
   150.0,0.073318,0.040615,0.704114,0.000308,  34.978
   151.0,0.074306,0.041206,0.714072,0.000272,  34.983
   152.0,0.075436,0.041915,0.729904,0.000232,  34.927
   153.0,0.076299,0.042429,0.738244,0.000232,  34.898
   154.0,0.076532,0.042653,0.744224,0.000232,  34.855
   155.0,0.078074,0.043427,0.760366,0.000169,  34.810
   156.0,0.079664,0.044156,0.773278,0.000214,  34.801
   157.0,0.079374,0.044120,0.781787,0.000232,  34.728
   158.0,0.080365,0.044692,0.792826,0.000272,  34.672
   159.0,0.081554,0.045269,0.802626,0.000245,  34.611
   160.0,0.082859,0.045955,0.816995,0.000245,  34.540
   161.0,0.084171,0.046692,0.832012,0.000259,  34.486
   162.0,0.084433,0.046944,0.841017,0.000326,  34.445
   163.0,0.085583,0.047642,0.855011,0.000420,  34.342
   164.0,0.085871,0.047826,0.857012,0.000514,  34.253
   165.0,0.086605,0.048210,0.865722,0.000528,  34.159
   166.0,0.088123,0.049028,0.885145,0.000555,  34.064
   167.0,0.088205,0.049073,0.895161,0.000581,  33.959
   168.0,0.088050,0.048862,0.902581,0.000729,  33.858
   169.0,0.088819,0.049315,0.913337,0.000743,  33.769
   170.0,0.090032,0.049926,0.930546,0.000756,  33.682
   171.0,0.090870,0.050418,0.946056,0.000810,  33.623
   172.0,0.090595,0.050274,0.951962,0.000851,  33.608
   173.0,0.090449,0.050171,0.963560,0.000877,  33.572
   174.0,0.090196,0.049922,0.970017,0.000756,  33.550
   175.0,0.089046,0.049241,0.966457,0.000420,  33.552
   176.0,0.089661,0.049551,0.978253,0.000657,  33.574
   177.0,0.089766,0.049660,0.990637,0.000778,  33.631
   178.0,0.087135,0.048223,0.974392,0.000778,  33.683
   179.0,0.086758,0.047903,0.981797,0.000707,  33.763
   180.0,0.086708,0.047778,0.988293,0.000689,  33.861
   181.0,0.086893,0.047861,0.996478,0.000703,  33.958
   182.0,0.086463,0.047672,1.000870,0.000703,  34.060
   183.0,0.084654,0.046513,0.989563,0.000703,  34.157
   184.0,0.083974,0.046111,0.993015,0.000676,  34.218
   185.0,0.082513,0.045200,0.987246,0.000501,  34.303
   186.0,0.081557,0.044684,0.980354,0.000447,  34.403
   187.0,0.081284,0.044535,0.987409,0.000563,  34.490
   188.0,0.079948,0.043952,0.978884,0.000630,  34.584
   189.0,0.077387,0.042428,0.961453,0.000617,  34.648
   190.0,0.077096,0.042141,0.967483,0.000563,  34.716
   191.0,0.076939,0.042095,0.972156,0.000577,  34.773
   192.0,0.076476,0.041827,0.973129,0.000555,  34.829
   193.0,0.075466,0.041027,0.964059,0.000617,  34.882
   194.0,0.073845,0.040316,0.954908,0.000617,  34.916
   195.0,0.072953,0.039958,0.954187,0.000577,  34.919
   196.0,0.071421,0.039060,0.942671,0.000442,  34.945
   197.0,0.071000,0.038726,0.943560,0.000483,  34.968
   198.0,0.070610,0.038501,0.941900,0.000523,  35.004
   199.0,0.068627,0.037302,0.912353,0.000563,  35.011
   200.0,0.067161,0.036586,0.911313,0.000599,  35.027
   201.0,0.066669,0.036372,0.914504,0.000523,  35.038
   202.0,0.066528,0.036233,0.916777,0.000550,  35.048
   203.0,0.066091,0.035900,0.912567,0.000577,  35.067
   204.0,0.064398,0.035145,0.896785,0.000604,  35.084
   205.0,0.063492,0.034660,0.893204,0.000590,  35.073
   206.0,0.062357,0.034097,0.886628,0.000483,  35.075
   207.0,0.061427,0.033432,0.877964,0.000375,  35.073
   208.0,0.061134,0.033258,0.877590,0.000518,  35.074
   209.0,0.060471,0.032935,0.868038,0.000536,  35.091
   210.0,0.058167,0.031686,0.839051,0.000550,  35.074
   211.0,0.057733,0.031489,0.842330,0.000523,  35.074
   212.0,0.057483,0.031307,0.843668,0.000496,  35.073
   213.0,0.057135,0.031159,0.841786,0.000536,  35.075
   214.0,0.056332,0.030830,0.832620,0.000550,  35.083
   215.0,0.055076,0.030087,0.816517,0.000563,  35.098
   216.0,0.054621,0.029776,0.813058,0.000536,  35.074
   217.0,0.053477,0.029114,0.801920,0.000362,  35.074
   218.0,0.052814,0.028759,0.798486,0.000411,  35.073
   219.0,0.052530,0.028621,0.794013,0.000442,  35.076
   220.0,0.051383,0.027849,0.773099,0.000496,  35.084
   221.0,0.049984,0.027317,0.753978,0.000532,  35.081
   222.0,0.049645,0.027147,0.757577,0.000469,  35.089
   223.0,0.049512,0.027064,0.757916,0.000469,  35.084
   224.0,0.049086,0.026869,0.752708,0.000518,  35.080
   225.0,0.048344,0.026369,0.734843,0.000496,  35.095
   226.0,0.047477,0.025993,0.721061,0.000523,  35.087
   227.0,0.046850,0.025665,0.717459,0.000491,  35.081
   228.0,0.045858,0.025049,0.708149,0.000335,  35.074
   229.0,0.045615,0.024991,0.706275,0.000437,  35.078
   230.0,0.045398,0.024848,0.697793,0.000469,  35.084
   231.0,0.043859,0.024185,0.668824,0.000483,  35.075
   232.0,0.043382,0.023939,0.666504,0.000518,  35.074
   233.0,0.043121,0.023795,0.666710,0.000456,  35.067
   234.0,0.042959,0.023703,0.662787,0.000483,  35.069
   235.0,0.042710,0.023522,0.653172,0.000532,  35.069
   236.0,0.041715,0.023044,0.636335,0.000496,  35.086
   237.0,0.041263,0.022838,0.632414,0.000545,  35.064
   238.0,0.040540,0.022437,0.623705,0.000415,  35.062
   239.0,0.039915,0.022134,0.616117,0.000335,  35.062
   240.0,0.039869,0.022119,0.611798,0.000415,  35.067
   241.0,0.039306,0.021953,0.599415,0.000469,  35.076
   242.0,0.038322,0.021401,0.577337,0.000469,  35.064
   243.0,0.038120,0.021320,0.576645,0.000415,  35.064
   244.0,0.038005,0.021225,0.575294,0.000442,  35.063
   245.0,0.037848,0.021153,0.569939,0.000456,  35.063
   246.0,0.037425,0.020970,0.560375,0.000505,  35.075
   247.0,0.036840,0.020693,0.548133,0.000483,  35.084
   248.0,0.036513,0.020532,0.542964,0.000518,  35.060
   249.0,0.035784,0.020195,0.532627,0.000348,  35.059
   250.0,0.035642,0.020035,0.529026,0.000415,  35.049
   251.0,0.035585,0.020092,0.523592,0.000451,  35.053
   252.0,0.035014,0.019767,0.503844,0.000456,  35.064
   253.0,0.034527,0.019611,0.497515,0.000469,  35.064
   254.0,0.034341,0.019479,0.496404,0.000442,  35.062
   255.0,0.034330,0.019523,0.493912,0.000420,  35.063
   256.0,0.034190,0.019477,0.489283,0.000456,  35.067
   257.0,0.033737,0.019255,0.475715,0.000456,  35.079
   258.0,0.033501,0.019180,0.470295,0.000456,  35.066
   259.0,0.033124,0.019038,0.464167,0.000437,  35.062
   260.0,0.032545,0.018636,0.456134,0.000335,  35.066
   261.0,0.032739,0.018775,0.453845,0.000348,  35.072
   262.0,0.032797,0.018830,0.446857,0.000451,  35.081
   263.0,0.032107,0.018542,0.429869,0.000429,  35.074
   264.0,0.031990,0.018524,0.429732,0.000451,  35.074
   265.0,0.031938,0.018526,0.428889,0.000415,  35.070
   266.0,0.032005,0.018576,0.425904,0.000429,  35.073
   267.0,0.031944,0.018584,0.420111,0.000442,  35.081
   268.0,0.031601,0.018436,0.408906,0.000456,  35.088
   269.0,0.031518,0.018421,0.406770,0.000456,  35.075
   270.0,0.031184,0.018218,0.400100,0.000335,  35.076
   271.0,0.030864,0.018111,0.396165,0.000362,  35.072
   272.0,0.031173,0.018292,0.393508,0.000388,  35.082
   273.0,0.030986,0.018220,0.387790,0.000402,  35.088
   274.0,0.030717,0.018148,0.376520,0.000429,  35.085
   275.0,0.030711,0.018170,0.376974,0.000402,  35.087
   276.0,0.030861,0.018218,0.376616,0.000415,  35.088
   277.0,0.030957,0.018322,0.372103,0.000442,  35.092
   278.0,0.030803,0.018303,0.367008,0.000429,  35.101
   279.0,0.030712,0.018279,0.362555,0.000429,  35.110
   280.0,0.030687,0.018282,0.359423,0.000388,  35.091
   281.0,0.030263,0.018042,0.354035,0.000259,  35.098
   282.0,0.030447,0.018179,0.353191,0.000335,  35.102
   283.0,0.030684,0.018330,0.351698,0.000362,  35.112
   284.0,0.030323,0.018173,0.341149,0.000375,  35.102
   285.0,0.030351,0.018200,0.339594,0.000402,  35.111
   286.0,0.030414,0.018215,0.339164,0.000375,  35.119
   287.0,0.030665,0.018417,0.339059,0.000402,  35.117
   288.0,0.030769,0.018537,0.337140,0.000388,  35.117
   289.0,0.030651,0.018490,0.331155,0.000402,  35.130
   290.0,0.030704,0.018580,0.329725,0.000415,  35.120
   291.0,0.030607,0.018511,0.326810,0.000348,  35.124
   292.0,0.030326,0.018307,0.321878,0.000281,  35.128
   293.0,0.030746,0.018594,0.323380,0.000348,  35.128
   294.0,0.030833,0.018712,0.320445,0.000397,  35.133
   295.0,0.030516,0.018551,0.313246,0.000375,  35.133
   296.0,0.030610,0.018649,0.314363,0.000375,  35.130
   297.0,0.030806,0.018788,0.315280,0.000433,  35.129
   298.0,0.031093,0.018963,0.313836,0.000446,  35.130
   299.0,0.031200,0.019030,0.311576,0.000411,  35.130
   300.0,0.031113,0.019014,0.309155,0.000388,  35.139
   301.0,0.031250,0.019143,0.307877,0.000362,  35.130
   302.0,0.030982,0.018978,0.305072,0.000317,  35.125
   303.0,0.031115,0.019020,0.304658,0.000294,  35.129
   304.0,0.031490,0.019290,0.305506,0.000348,  35.126
   305.0,0.031168,0.019191,0.299849,0.000397,  35.123
   306.0,0.031165,0.019200,0.297689,0.000375,  35.123
   307.0,0.031344,0.019333,0.298803,0.000397,  35.117
   308.0,0.031720,0.019541,0.300545,0.000339,  35.111
   309.0,0.031969,0.019705,0.300842,0.000375,  35.106
   310.0,0.031883,0.019673,0.297850,0.000375,  35.111
   311.0,0.031980,0.019723,0.296307,0.000402,  35.112
   312.0,0.031977,0.019775,0.295553,0.000348,  35.085
   313.0,0.031698,0.019604,0.292089,0.000281,  35.086
   314.0,0.032099,0.019849,0.293326,0.000321,  35.081
   315.0,0.032312,0.019964,0.293681,0.000348,  35.089
   316.0,0.031864,0.019701,0.286785,0.000313,  35.079
   317.0,0.032035,0.019867,0.288633,0.000335,  35.082
   318.0,0.032323,0.020031,0.290067,0.000321,  35.082
   319.0,0.032661,0.020222,0.292049,0.000335,  35.079
   320.0,0.032775,0.020318,0.291807,0.000362,  35.084
   321.0,0.032636,0.020248,0.286935,0.000348,  35.103
   322.0,0.032819,0.020387,0.288147,0.000362,  35.099
   323.0,0.032700,0.020301,0.286634,0.000267,  35.092
   324.0,0.032620,0.020216,0.285964,0.000254,  35.105
   325.0,0.033023,0.020507,0.288134,0.000272,  35.113
   326.0,0.032916,0.020399,0.285394,0.000335,  35.122
   327.0,0.032555,0.020241,0.280106,0.000335,  35.125
   328.0,0.032793,0.020380,0.282807,0.000335,  35.131
   329.0,0.033177,0.020622,0.285774,0.000370,  35.127
   330.0,0.033441,0.020799,0.286865,0.000335,  35.128
   331.0,0.033344,0.020794,0.284400,0.000362,  35.134
   332.0,0.033303,0.020756,0.283676,0.000397,  35.131
   333.0,0.033452,0.020858,0.283828,0.000335,  35.130
   334.0,0.033172,0.020647,0.281048,0.000276,  35.133
   335.0,0.033375,0.020805,0.283247,0.000267,  35.136
   336.0,0.033638,0.020987,0.283982,0.000321,  35.135
   337.0,0.032991,0.020598,0.277094,0.000357,  35.137
   338.0,0.033108,0.020657,0.276662,0.000335,  35.139
   339.0,0.033335,0.020828,0.280060,0.000335,  35.143
   340.0,0.033774,0.021077,0.282484,0.000357,  35.148
   341.0,0.033901,0.021195,0.282450,0.000335,  35.148
   342.0,0.033621,0.021003,0.279051,0.000335,  35.159
   343.0,0.033741,0.021079,0.279732,0.000370,  35.161
   344.0,0.033688,0.021040,0.279346,0.000308,  35.149
   345.0,0.033385,0.020933,0.277982,0.000290,  35.145
   346.0,0.033783,0.021116,0.279686,0.000294,  35.144
   347.0,0.033652,0.021085,0.278296,0.000335,  35.139
   348.0,0.033002,0.020615,0.270921,0.000392,  35.129
   349.0,0.033272,0.020821,0.273449,0.000392,  35.125
   350.0,0.033601,0.021056,0.275955,0.000370,  35.120
   351.0,0.033905,0.021224,0.277820,0.000406,  35.115
   352.0,0.033855,0.021143,0.276106,0.000392,  35.112
   353.0,0.033572,0.021017,0.273420,0.000406,  35.121
   354.0,0.033703,0.021113,0.274887,0.000406,  35.101
   355.0,0.033425,0.020970,0.272149,0.000290,  35.093
   356.0,0.033508,0.020926,0.272371,0.000312,  35.092
   357.0,0.033692,0.021062,0.273689,0.000352,  35.099
   358.0,0.033039,0.020736,0.266924,0.000343,  35.100
   359.0,0.032792,0.020500,0.265366,0.000366,  35.099
   360.0,0.033053,0.020679,0.268213,0.000366,  35.099
   361.0,0.033449,0.020961,0.271427,0.000379,  35.104
   362.0,0.033583,0.021028,0.271498,0.000379,  35.102
   363.0,0.033247,0.020782,0.266724,0.000370,  35.114
   364.0,0.033166,0.020784,0.266562,0.000419,  35.120
   365.0,0.033161,0.020820,0.267125,0.000366,  35.116
   366.0,0.032867,0.020588,0.264933,0.000249,  35.112
   367.0,0.033067,0.020696,0.266504,0.000317,  35.117
   368.0,0.033047,0.020724,0.265448,0.000321,  35.117
   369.0,0.032086,0.020090,0.256312,0.000343,  35.115
   370.0,0.032232,0.020210,0.258820,0.000330,  35.116
   371.0,0.032449,0.020409,0.261883,0.000357,  35.115
   372.0,0.032787,0.020570,0.263373,0.000392,  35.117
   373.0,0.032768,0.020588,0.262632,0.000392,  35.117
   374.0,0.032319,0.020273,0.257983,0.000406,  35.122
   375.0,0.032382,0.020304,0.258881,0.000442,  35.111
   376.0,0.032108,0.020193,0.257874,0.000352,  35.107
   377.0,0.031892,0.020050,0.257689,0.000303,  35.100
   378.0,0.032097,0.020150,0.257025,0.000366,  35.099
   379.0,0.031709,0.019824,0.252889,0.000392,  35.109
   380.0,0.030972,0.019442,0.247017,0.000392,  35.106
   381.0,0.031226,0.019645,0.249983,0.000406,  35.105
   382.0,0.031610,0.019823,0.252866,0.000370,  35.101
   383.0,0.031679,0.019895,0.253262,0.000370,  35.096
   384.0,0.031268,0.019663,0.249770,0.000335,  35.102
   385.0,0.031100,0.019508,0.247833,0.000335,  35.111
   386.0,0.031127,0.019525,0.247562,0.000379,  35.094
   387.0,0.030765,0.019298,0.245900,0.000298,  35.094
   388.0,0.030807,0.019325,0.245698,0.000276,  35.092
   389.0,0.030793,0.019272,0.245010,0.000294,  35.089
   390.0,0.029883,0.018775,0.236669,0.000321,  35.092
   391.0,0.029759,0.018627,0.236109,0.000343,  35.091
   392.0,0.030021,0.018790,0.238534,0.000281,  35.095
   393.0,0.030236,0.018967,0.240574,0.000308,  35.095
   394.0,0.030225,0.018930,0.239926,0.000357,  35.085
   395.0,0.029691,0.018595,0.235113,0.000335,  35.100
   396.0,0.029593,0.018586,0.235227,0.000357,  35.098
   397.0,0.029432,0.018480,0.234616,0.000352,  35.087
   398.0,0.029142,0.018288,0.232499,0.000236,  35.086
   399.0,0.029203,0.018331,0.233226,0.000339,  35.087
   400.0,0.028914,0.018214,0.230413,0.000352,  35.102
   401.0,0.027952,0.017533,0.221115,0.000330,  35.097
   402.0,0.028145,0.017659,0.223705,0.000352,  35.110
   403.0,0.028325,0.017812,0.226419,0.000352,  35.115
   404.0,0.028472,0.017873,0.226018,0.000352,  35.117
   405.0,0.028240,0.017715,0.224746,0.000379,  35.123
   406.0,0.027794,0.017435,0.220313,0.000330,  35.134
   407.0,0.027808,0.017456,0.220493,0.000379,  35.122
   408.0,0.027460,0.017281,0.219047,0.000285,  35.130
   409.0,0.027355,0.017154,0.219011,0.000263,  35.144
   410.0,0.027303,0.017157,0.217479,0.000325,  35.154
   411.0,0.026715,0.016699,0.210987,0.000339,  35.158
   412.0,0.026135,0.016410,0.207320,0.000317,  35.151
   413.0,0.026286,0.016572,0.210047,0.000317,  35.157
   414.0,0.026584,0.016709,0.211701,0.000330,  35.153
   415.0,0.026534,0.016670,0.211112,0.000352,  35.155
   416.0,0.026040,0.016318,0.206536,0.000352,  35.152
   417.0,0.025880,0.016242,0.204524,0.000343,  35.158
   418.0,0.025763,0.016216,0.204528,0.000339,  35.143
   419.0,0.025326,0.015949,0.202925,0.000271,  35.148
   420.0,0.025400,0.015959,0.203103,0.000276,  35.143
   421.0,0.025288,0.015824,0.200368,0.000312,  35.149
   422.0,0.024346,0.015182,0.191390,0.000325,  35.144
   423.0,0.024310,0.015255,0.192596,0.000325,  35.142
   424.0,0.024485,0.015369,0.194707,0.000312,  35.137
   425.0,0.024594,0.015439,0.195876,0.000303,  35.134
   426.0,0.024395,0.015336,0.193783,0.000339,  35.134
   427.0,0.023841,0.014972,0.189030,0.000352,  35.141
   428.0,0.023803,0.014958,0.189121,0.000303,  35.134
   429.0,0.023543,0.014827,0.187824,0.000285,  35.130
   430.0,0.023360,0.014679,0.186760,0.000245,  35.126
   431.0,0.023319,0.014642,0.185814,0.000298,  35.128
   432.0,0.022918,0.014358,0.182861,0.000290,  35.136
   433.0,0.022143,0.013918,0.175148,0.000290,  35.130
   434.0,0.022329,0.014033,0.177305,0.000298,  35.134
   435.0,0.022475,0.014112,0.179115,0.000312,  35.134
   436.0,0.022442,0.014112,0.178752,0.000276,  35.136
   437.0,0.022033,0.013889,0.175392,0.000325,  35.139
   438.0,0.021718,0.013651,0.172256,0.000325,  35.145
   439.0,0.021698,0.013633,0.171623,0.000276,  35.137
   440.0,0.021353,0.013423,0.169521,0.000253,  35.139
   441.0,0.021256,0.013359,0.170265,0.000258,  35.142
   442.0,0.021088,0.013236,0.168767,0.000285,  35.142
   443.0,0.020266,0.012795,0.162215,0.000312,  35.143
   444.0,0.020135,0.012612,0.160366,0.000249,  35.133
   445.0,0.020228,0.012691,0.162064,0.000285,  35.128
   446.0,0.020375,0.012785,0.162892,0.000285,  35.127
   447.0,0.020254,0.012708,0.161693,0.000285,  35.118
   448.0,0.019755,0.012373,0.156384,0.000334,  35.124
   449.0,0.019623,0.012323,0.155944,0.000347,  35.124
   450.0,0.019472,0.012232,0.155564,0.000307,  35.098
   451.0,0.019153,0.012027,0.154223,0.000204,  35.091
   452.0,0.019117,0.012019,0.153651,0.000245,  35.095
   453.0,0.018853,0.011867,0.150930,0.000316,  35.106
   454.0,0.018078,0.011339,0.142555,0.000294,  35.090
   455.0,0.018203,0.011417,0.144982,0.000271,  35.089
   456.0,0.018275,0.011485,0.146596,0.000294,  35.083
   457.0,0.018282,0.011479,0.146227,0.000294,  35.083
   458.0,0.018097,0.011310,0.144080,0.000307,  35.079
   459.0,0.017631,0.011046,0.140510,0.000285,  35.094
   460.0,0.017556,0.011030,0.140200,0.000285,  35.081
   461.0,0.017286,0.010886,0.139110,0.000213,  35.076
   462.0,0.017163,0.010770,0.138335,0.000177,  35.075
   463.0,0.017043,0.010700,0.136999,0.000231,  35.072
   464.0,0.016628,0.010417,0.132104,0.000267,  35.086
   465.0,0.016110,0.010131,0.128831,0.000245,  35.065
   466.0,0.016244,0.010201,0.130271,0.000262,  35.068
   467.0,0.016345,0.010261,0.131096,0.000316,  35.068
   468.0,0.016265,0.010198,0.130380,0.000294,  35.069
   469.0,0.015874,0.009971,0.127421,0.000329,  35.076
   470.0,0.015674,0.009838,0.125212,0.000329,  35.093
   471.0,0.015559,0.009799,0.125059,0.000280,  35.069
   472.0,0.015274,0.009621,0.123589,0.000181,  35.065
   473.0,0.015231,0.009564,0.122698,0.000262,  35.063
   474.0,0.015051,0.009448,0.121378,0.000267,  35.066
   475.0,0.014394,0.009011,0.115135,0.000302,  35.061
   476.0,0.014352,0.009039,0.115196,0.000267,  35.060
   477.0,0.014410,0.009054,0.116104,0.000289,  35.059
   478.0,0.014445,0.009069,0.116371,0.000302,  35.057
   479.0,0.014279,0.008991,0.115217,0.000280,  35.045
   480.0,0.013896,0.008736,0.110778,0.000302,  35.069
   481.0,0.013853,0.008696,0.110379,0.000302,  35.057
   482.0,0.013691,0.008596,0.109966,0.000213,  35.038
   483.0,0.013460,0.008426,0.109279,0.000222,  35.026
   484.0,0.013413,0.008391,0.108494,0.000240,  35.031
   485.0,0.013159,0.008196,0.106172,0.000302,  35.040
   486.0,0.012610,0.007896,0.101131,0.000329,  35.027
   487.0,0.012681,0.007974,0.102262,0.000280,  35.028
   488.0,0.012732,0.008001,0.103143,0.000302,  35.027
   489.0,0.012684,0.007982,0.101909,0.000316,  35.028
   490.0,0.012477,0.007834,0.099976,0.000280,  35.033
   491.0,0.012197,0.007653,0.098007,0.000302,  35.052
   492.0,0.012142,0.007637,0.097856,0.000267,  35.030
   493.0,0.011904,0.007486,0.097098,0.000235,  35.031
   494.0,0.011801,0.007418,0.096224,0.000262,  35.027
   495.0,0.011701,0.007332,0.095070,0.000276,  35.026
   496.0,0.011253,0.007118,0.090710,0.000325,  35.039
   497.0,0.011111,0.006958,0.089266,0.000302,  35.031
   498.0,0.011123,0.006991,0.089195,0.000284,  35.027
   499.0,0.011141,0.006992,0.090227,0.000298,  35.028
   500.0,0.011059,0.006942,0.089375,0.000289,  35.025
   501.0,0.010749,0.006743,0.086462,0.000325,  35.043
   502.0,0.010617,0.006665,0.085995,0.000325,  35.055
   503.0,0.010527,0.006619,0.085697,0.000240,  35.027
   504.0,0.010298,0.006480,0.084115,0.000190,  35.024
   505.0,0.010253,0.006445,0.082577,0.000222,  35.022
   506.0,0.010060,0.006350,0.082197,0.000226,  35.030
   507.0,0.009603,0.006036,0.077209,0.000276,  35.025
   508.0,0.009674,0.006077,0.077903,0.000262,  35.026
   509.0,0.009680,0.006091,0.079119,0.000226,  35.026
   510.0,0.009686,0.006080,0.078936,0.000276,  35.034
   511.0,0.009539,0.005979,0.077583,0.000226,  35.032
   512.0,0.009271,0.005807,0.075443,0.000276,  35.052
   513.0,0.009218,0.005775,0.074995,0.000276,  35.042
   514.0,0.009019,0.005694,0.074349,0.000159,  35.041
   515.0,0.008895,0.005581,0.073726,0.000181,  35.035
   516.0,0.008827,0.005554,0.072897,0.000249,  35.036
   517.0,0.008556,0.005401,0.070200,0.000213,  35.047
   518.0,0.008321,0.005220,0.067639,0.000262,  35.040
   519.0,0.008369,0.005262,0.068816,0.000276,  35.039
   520.0,0.008391,0.005277,0.069141,0.000276,  35.043
   521.0,0.008347,0.005235,0.068588,0.000276,  35.045
   522.0,0.008155,0.005089,0.066700,0.000240,  35.053
   523.0,0.007993,0.005016,0.065411,0.000276,  35.066
   524.0,0.007927,0.005011,0.065264,0.000262,  35.050
   525.0,0.007718,0.004883,0.063043,0.000146,  35.054
   526.0,0.007678,0.004820,0.062925,0.000231,  35.057
   527.0,0.007593,0.004769,0.062110,0.000235,  35.056
   528.0,0.007278,0.004554,0.058746,0.000284,  35.065
   529.0,0.007213,0.004533,0.059079,0.000298,  35.062
   530.0,0.007210,0.004531,0.059891,0.000257,  35.062
   531.0,0.007219,0.004522,0.059942,0.000271,  35.064
   532.0,0.007150,0.004482,0.059018,0.000262,  35.061
   533.0,0.006908,0.004335,0.057040,0.000284,  35.072
   534.0,0.006839,0.004294,0.056623,0.000298,  35.086
   535.0,0.006714,0.004250,0.056438,0.000208,  35.059
   536.0,0.006575,0.004139,0.055952,0.000119,  35.061
   537.0,0.006571,0.004114,0.055236,0.000222,  35.060
   538.0,0.006453,0.004045,0.053777,0.000213,  35.069
   539.0,0.006155,0.003860,0.051313,0.000249,  35.080
   540.0,0.006218,0.003914,0.051585,0.000235,  35.067
   541.0,0.006216,0.003907,0.051892,0.000213,  35.072
   542.0,0.006200,0.003899,0.051478,0.000284,  35.065
   543.0,0.006060,0.003832,0.049039,0.000276,  35.070
   544.0,0.005922,0.003725,0.048531,0.000276,  35.092
   545.0,0.005904,0.003716,0.048847,0.000276,  35.079
   546.0,0.005762,0.003630,0.048567,0.000195,  35.064
   547.0,0.005660,0.003555,0.048299,0.000195,  35.060
   548.0,0.005611,0.003519,0.047655,0.000235,  35.061
   549.0,0.005416,0.003359,0.045024,0.000226,  35.070
   550.0,0.005290,0.003323,0.044199,0.000249,  35.053
   551.0,0.005302,0.003342,0.045058,0.000222,  35.053
   552.0,0.005302,0.003322,0.044889,0.000200,  35.061
   553.0,0.005263,0.003292,0.044453,0.000235,  35.059
   554.0,0.005127,0.003194,0.041499,0.000262,  35.065
   555.0,0.005025,0.003158,0.042033,0.000249,  35.088
   556.0,0.004980,0.003136,0.042063,0.000222,  35.061
   557.0,0.004834,0.003026,0.041782,0.000177,  35.059
   558.0,0.004815,0.003011,0.040795,0.000217,  35.052
   559.0,0.004759,0.002993,0.040161,0.000208,  35.056
   560.0,0.004535,0.002859,0.037733,0.000257,  35.055
   561.0,0.004554,0.002866,0.038263,0.000257,  35.046
   562.0,0.004533,0.002855,0.038798,0.000235,  35.049
   563.0,0.004527,0.002845,0.038837,0.000271,  35.051
   564.0,0.004482,0.002814,0.038074,0.000284,  35.051
   565.0,0.004339,0.002732,0.036917,0.000298,  35.069
   566.0,0.004297,0.002712,0.036503,0.000284,  35.078
   567.0,0.004210,0.002687,0.034616,0.000222,  35.060
   568.0,0.004108,0.002609,0.035882,0.000244,  35.063
   569.0,0.004105,0.002589,0.035574,0.000235,  35.070
   570.0,0.004022,0.002529,0.034585,0.000262,  35.089
   571.0,0.003871,0.002425,0.033231,0.000213,  35.085
   572.0,0.003896,0.002459,0.033832,0.000249,  35.094
   573.0,0.003879,0.002445,0.033940,0.000200,  35.096
   574.0,0.003856,0.002428,0.033714,0.000222,  35.095
   575.0,0.003768,0.002369,0.032684,0.000249,  35.103
   576.0,0.003699,0.002332,0.031629,0.000213,  35.112
   577.0,0.003662,0.002323,0.031722,0.000249,  35.105
   578.0,0.003523,0.002247,0.031507,0.000168,  35.111
   579.0,0.003500,0.002187,0.031282,0.000146,  35.108
   580.0,0.003479,0.002170,0.030035,0.000208,  35.114
   581.0,0.003343,0.002073,0.028925,0.000186,  35.124
   582.0,0.003287,0.002069,0.028892,0.000235,  35.117
   583.0,0.003287,0.002077,0.029183,0.000208,  35.116
   584.0,0.003278,0.002067,0.029459,0.000186,  35.116
   585.0,0.003241,0.002051,0.028829,0.000235,  35.115
   586.0,0.003166,0.001996,0.027821,0.000249,  35.118
   587.0,0.003135,0.001977,0.027569,0.000213,  35.124
   588.0,0.003090,0.001959,0.027270,0.000181,  35.102
   589.0,0.002972,0.001880,0.027039,0.000128,  35.097
   590.0,0.002971,0.001864,0.026587,0.000204,  35.091
   591.0,0.002938,0.001828,0.025522,0.000208,  35.103
   592.0,0.002799,0.001760,0.024748,0.000257,  35.101
   593.0,0.002825,0.001791,0.025191,0.000257,  35.100
   594.0,0.002813,0.001778,0.025567,0.000235,  35.104
   595.0,0.002802,0.001770,0.025289,0.000271,  35.112
   596.0,0.002756,0.001742,0.024397,0.000271,  35.108
   597.0,0.002688,0.001704,0.023682,0.000235,  35.125
   598.0,0.002665,0.001695,0.023956,0.000271,  35.116
   599.0,0.002594,0.001654,0.023886,0.000226,  35.118
   600.0,0.002535,0.001609,0.023455,0.000226,  35.112
   601.0,0.002541,0.001602,0.023291,0.000257,  35.123
   602.0,0.002459,0.001568,0.021275,0.000249,  35.122
   603.0,0.002406,0.001519,0.021313,0.000284,  35.112
   604.0,0.002412,0.001543,0.022080,0.000271,  35.120
   605.0,0.002411,0.001522,0.022159,0.000249,  35.116
   606.0,0.002394,0.001508,0.022000,0.000271,  35.117
   607.0,0.002328,0.001457,0.020953,0.000271,  35.116
   608.0,0.002274,0.001450,0.020708,0.000235,  35.123
   609.0,0.002249,0.001436,0.020818,0.000257,  35.105
   610.0,0.002128,0.001366,0.020707,0.000168,  35.097
   611.0,0.002125,0.001340,0.020580,0.000146,  35.092
   612.0,0.002110,0.001326,0.020145,0.000208,  35.087
   613.0,0.002015,0.001266,0.017281,0.000222,  35.094
   614.0,0.002031,0.001272,0.018195,0.000257,  35.089
   615.0,0.002020,0.001267,0.019058,0.000231,  35.084
   616.0,0.002022,0.001266,0.019083,0.000271,  35.082
   617.0,0.002001,0.001260,0.018944,0.000257,  35.081
   618.0,0.001946,0.001221,0.018302,0.000235,  35.089
   619.0,0.001933,0.001220,0.017916,0.000271,  35.096
   620.0,0.001874,0.001205,0.017806,0.000190,  35.079
   621.0,0.001797,0.001125,0.017888,0.000101,  35.074
   622.0,0.001806,0.001126,0.017728,0.000217,  35.079
   623.0,0.001798,0.001121,0.017229,0.000244,  35.087
   624.0,0.001731,0.001080,0.014932,0.000222,  35.085
   625.0,0.001746,0.001109,0.016448,0.000244,  35.085
   626.0,0.001728,0.001083,0.016859,0.000244,  35.086
   627.0,0.001717,0.001086,0.016618,0.000257,  35.090
   628.0,0.001688,0.001061,0.016482,0.000244,  35.089
   629.0,0.001648,0.001044,0.016101,0.000208,  35.105
   630.0,0.001626,0.001037,0.016136,0.000257,  35.091
   631.0,0.001539,0.000998,0.016019,0.000163,  35.086
   632.0,0.001529,0.000957,0.015817,0.000141,  35.085
   633.0,0.001532,0.000960,0.015602,0.000217,  35.087
   634.0,0.001489,0.000936,0.014897,0.000231,  35.101
   635.0,0.001491,0.000944,0.014868,0.000222,  35.083
   636.0,0.001473,0.000952,0.014927,0.000231,  35.082
   637.0,0.001491,0.000950,0.014884,0.000222,  35.074
   638.0,0.001494,0.000948,0.014811,0.000271,  35.070
   639.0,0.001458,0.000932,0.014503,0.000271,  35.065
   640.0,0.001453,0.000926,0.014351,0.000235,  35.096
   641.0,0.001426,0.000926,0.014394,0.000257,  35.057
   642.0,0.001317,0.000860,0.014471,0.000204,  35.063
   643.0,0.001321,0.000841,0.014192,0.000195,  35.068
   644.0,0.001332,0.000836,0.013843,0.000244,  35.072
   645.0,0.001283,0.000811,0.013405,0.000222,  35.085
   646.0,0.001295,0.000833,0.013202,0.000271,  35.083
   647.0,0.001281,0.000807,0.013423,0.000231,  35.086
   648.0,0.001276,0.000804,0.013160,0.000208,  35.085
   649.0,0.001249,0.000790,0.012749,0.000257,  35.092
   650.0,0.001231,0.000769,0.012554,0.000244,  35.115
   651.0,0.001223,0.000778,0.012612,0.000208,  35.111
   652.0,0.001170,0.000745,0.012663,0.000177,  35.105
   653.0,0.001107,0.000684,0.012709,0.000163,  35.109
   654.0,0.001131,0.000716,0.012437,0.000231,  35.105
   655.0,0.001131,0.000709,0.011812,0.000244,  35.118
   656.0,0.001111,0.000699,0.011636,0.000208,  35.110
   657.0,0.001119,0.000721,0.011965,0.000231,  35.106
   658.0,0.001120,0.000702,0.012051,0.000231,  35.105
   659.0,0.001116,0.000699,0.011853,0.000222,  35.102
   660.0,0.001088,0.000690,0.010367,0.000271,  35.107
   661.0,0.001073,0.000693,0.010608,0.000257,  35.122
   662.0,0.001049,0.000690,0.011022,0.000235,  35.105
   663.0,0.000974,0.000639,0.011265,0.000190,  35.104
   664.0,0.000999,0.000638,0.011290,0.000181,  35.105
   665.0,0.001010,0.000662,0.011121,0.000280,  35.111
   666.0,0.000996,0.000647,0.010642,0.000280,  35.120
   667.0,0.001009,0.000658,0.010752,0.000306,  35.119
   668.0,0.000984,0.000647,0.010902,0.000293,  35.116
   669.0,0.000978,0.000642,0.010415,0.000257,  35.126
   670.0,0.000975,0.000637,0.010685,0.000257,  35.131
   671.0,0.000957,0.000622,0.010538,0.000257,  35.136
   672.0,0.000944,0.000613,0.010350,0.000235,  35.158
   673.0,0.000899,0.000600,0.010215,0.000231,  35.141
   674.0,0.000827,0.000548,0.010527,0.000177,  35.151
   675.0,0.000859,0.000552,0.009832,0.000195,  35.158
   676.0,0.000863,0.000559,0.010058,0.000257,  35.164
   677.0,0.000854,0.000544,0.009808,0.000244,  35.172
   678.0,0.000858,0.000575,0.010142,0.000222,  35.172
   679.0,0.000849,0.000552,0.010234,0.000280,  35.184
   680.0,0.000861,0.000559,0.010147,0.000280,  35.187
   681.0,0.000852,0.000550,0.009941,0.000293,  35.191
   682.0,0.000845,0.000550,0.009467,0.000293,  35.197
   683.0,0.000848,0.000562,0.009529,0.000271,  35.199
   684.0,0.000778,0.000539,0.009816,0.000217,  35.200
   685.0,0.000745,0.000480,0.009743,0.000204,  35.183
   686.0,0.000784,0.000515,0.009635,0.000208,  35.181
   687.0,0.000786,0.000523,0.009375,0.000271,  35.187
   688.0,0.000794,0.000532,0.009435,0.000298,  35.177
   689.0,0.000804,0.000543,0.009605,0.000271,  35.172
   690.0,0.000796,0.000540,0.009612,0.000284,  35.174
   691.0,0.000797,0.000524,0.008860,0.000249,  35.175
   692.0,0.000768,0.000510,0.007957,0.000284,  35.178
   693.0,0.000750,0.000491,0.008771,0.000284,  35.185
   694.0,0.000728,0.000494,0.008893,0.000195,  35.177
   695.0,0.000639,0.000441,0.008595,0.000163,  35.182
   696.0,0.000651,0.000417,0.008762,0.000204,  35.182
   697.0,0.000665,0.000425,0.008803,0.000195,  35.188
   698.0,0.000657,0.000422,0.008521,0.000266,  35.200
   699.0,0.000681,0.000447,0.008628,0.000280,  35.204
   700.0,0.000665,0.000433,0.008366,0.000253,  35.207
   701.0,0.000659,0.000433,0.008435,0.000280,  35.210
   702.0,0.000664,0.000432,0.008508,0.000280,  35.211
   703.0,0.000654,0.000428,0.008407,0.000293,  35.215
   704.0,0.000663,0.000437,0.008470,0.000257,  35.219
   705.0,0.000634,0.000431,0.007804,0.000181,  35.209
   706.0,0.000577,0.000385,0.007636,0.000217,  35.211
   707.0,0.000605,0.000403,0.008046,0.000244,  35.215
   708.0,0.000609,0.000399,0.008107,0.000257,  35.212
   709.0,0.000602,0.000398,0.007976,0.000271,  35.207
   710.0,0.000609,0.000424,0.008074,0.000235,  35.203
   711.0,0.000603,0.000403,0.008110,0.000271,  35.198
   712.0,0.000600,0.000392,0.008014,0.000257,  35.195
   713.0,0.000601,0.000391,0.007060,0.000235,  35.194
