Run Name,RibonucleaseA_34%Isocratic_Test1
Run Date,05:38:28 PM   01-31-23
Method Name,TA_IsocraticRun_34%
Export Format Version, 1.00
Method ID, 4029
Points/Second, 1.00
Number of Records,    917
Offset from Run Start Time,00:00:00
Run End Time,00:15:18
Time,Second
QuadTec 1, (280.0 nm), AU
Trace 2,<Not Selected>
Gradient Pump,%B
Trace 3,<Not Selected>
Trace 4,<Not Selected>
Conductivity,mS/cm
Trace 6,<Not Available>
GP Pressure,<Not Selected>
Volume,ml
Fraction,<Not Available>
Time,QuadTec 1,Gradient Pump,Conductivity,Volume
     0.0,0.000740, 34,  36.334,     0.0
     1.0,0.000731, 34,  36.270,     0.0
     2.0,-0.001537, 34,  36.217,     0.0
     3.0,0.000000, 34,  36.159,     0.1
     4.0,0.000000, 34,  36.120,     0.1
     5.0,0.000000, 34,  36.091,     0.1
     6.0,0.000074, 34,  36.037,     0.1
     7.0,0.000119, 34,  36.009,     0.1
     8.0,0.000161, 34,  36.016,     0.1
     9.0,0.000194, 34,  36.017,     0.2
    10.0,0.000215, 34,  35.999,     0.2
    11.0,0.000215, 34,  36.006,     0.2
    12.0,0.000218, 34,  36.023,     0.2
    13.0,0.000205, 34,  36.029,     0.2
    14.0,0.000208, 34,  36.047,     0.2
    15.0,0.000235, 34,  36.074,     0.3
    16.0,0.000252, 34,  36.095,     0.3
    17.0,0.000243, 34,  36.107,     0.3
    18.0,0.000252, 34,  36.139,     0.3
    19.0,0.000262, 34,  36.161,     0.3
    20.0,0.000285, 34,  36.203,     0.3
    21.0,0.000314, 34,  36.230,     0.3
    22.0,0.000324, 34,  36.272,     0.4
    23.0,0.000309, 34,  36.305,     0.4
    24.0,0.000313, 34,  36.329,     0.4
    25.0,0.000320, 34,  36.376,     0.4
    26.0,0.000320, 34,  36.395,     0.4
    27.0,0.000309, 34,  36.441,     0.4
    28.0,0.000320, 34,  36.464,     0.5
    29.0,0.000341, 34,  36.483,     0.5
    30.0,0.000364, 34,  36.485,     0.5
    31.0,0.000387, 34,  36.462,     0.5
    32.0,0.000381, 34,  36.458,     0.5
    33.0,0.000398, 34,  36.472,     0.6
    34.0,0.000419, 34,  36.486,     0.6
    35.0,0.000432, 34,  36.505,     0.6
    36.0,0.000446, 34,  36.533,     0.6
    37.0,0.000459, 34,  36.553,     0.6
    38.0,0.000474, 34,  36.552,     0.6
    39.0,0.000483, 34,  36.553,     0.6
    40.0,0.000488, 34,  36.539,     0.7
    41.0,0.000461, 34,  36.494,     0.7
    42.0,0.000447, 34,  36.452,     0.7
    43.0,0.000455, 34,  36.421,     0.7
    44.0,0.000460, 34,  36.409,     0.7
    45.0,0.000442, 34,  36.401,     0.8
    46.0,0.000427, 34,  36.404,     0.8
    47.0,0.000412, 34,  36.406,     0.8
    48.0,0.000413, 34,  36.393,     0.8
    49.0,0.000424, 34,  36.382,     0.8
    50.0,0.000431, 34,  36.384,     0.8
    51.0,0.000416, 34,  36.391,     0.9
    52.0,0.000402, 34,  36.394,     0.9
    53.0,0.000394, 34,  36.414,     0.9
    54.0,0.000398, 34,  36.437,     0.9
    55.0,0.000403, 34,  36.446,     0.9
    56.0,0.000400, 34,  36.463,     0.9
    57.0,0.000403, 34,  36.475,     0.9
    58.0,0.000397, 34,  36.478,     1.0
    59.0,0.000392, 34,  36.491,     1.0
    60.0,0.000398, 34,  36.499,     1.0
    61.0,0.000407, 34,  36.499,     1.0
    62.0,0.000403, 34,  36.507,     1.0
    63.0,0.000404, 34,  36.513,     1.0
    64.0,0.000420, 34,  36.516,     1.1
    65.0,0.000420, 34,  36.518,     1.1
    66.0,0.000408, 34,  36.533,     1.1
    67.0,0.000414, 34,  36.543,     1.1
    68.0,0.000405, 34,  36.563,     1.1
    69.0,0.000421, 34,  36.568,     1.1
    70.0,0.000418, 34,  36.570,     1.2
    71.0,0.000422, 34,  36.585,     1.2
    72.0,0.000415, 34,  36.587,     1.2
    73.0,0.000413, 34,  36.595,     1.2
    74.0,0.000441, 34,  36.609,     1.2
    75.0,0.000454, 34,  36.610,     1.3
    76.0,0.000460, 34,  36.615,     1.3
    77.0,0.000458, 34,  36.610,     1.3
    78.0,0.000466, 34,  36.602,     1.3
    79.0,0.000465, 34,  36.599,     1.3
    80.0,0.000478, 34,  36.584,     1.3
    81.0,0.000457, 34,  36.579,     1.4
    82.0,0.000458, 34,  36.571,     1.4
    83.0,0.000469, 34,  36.555,     1.4
    84.0,0.000475, 34,  36.541,     1.4
    85.0,0.000478, 34,  36.509,     1.4
    86.0,0.000475, 34,  36.480,     1.4
    87.0,0.000475, 34,  36.428,     1.5
    88.0,0.000499, 34,  36.388,     1.5
    89.0,0.000508, 34,  36.366,     1.5
    90.0,0.000492, 34,  36.345,     1.5
    91.0,0.000469, 34,  36.349,     1.5
    92.0,0.000461, 34,  36.357,     1.5
    93.0,0.000461, 34,  36.360,     1.5
    94.0,0.000477, 34,  36.376,     1.6
    95.0,0.000465, 34,  36.381,     1.6
    96.0,0.000453, 34,  36.374,     1.6
    97.0,0.000440, 34,  36.383,     1.6
    98.0,0.000421, 34,  36.384,     1.6
    99.0,0.000399, 34,  36.401,     1.6
   100.0,0.000386, 34,  36.413,     1.7
   101.0,0.000379, 34,  36.421,     1.7
   102.0,0.000387, 34,  36.447,     1.7
   103.0,0.000402, 34,  36.463,     1.7
   104.0,0.000390, 34,  36.479,     1.7
   105.0,0.000394, 34,  36.496,     1.8
   106.0,0.000413, 34,  36.537,     1.8
   107.0,0.000427, 34,  36.561,     1.8
   108.0,0.000438, 34,  36.568,     1.8
   109.0,0.000429, 34,  36.579,     1.8
   110.0,0.000443, 34,  36.585,     1.8
   111.0,0.000454, 34,  36.570,     1.9
   112.0,0.000449, 34,  36.554,     1.9
   113.0,0.000469, 34,  36.538,     1.9
   114.0,0.000482, 34,  36.530,     1.9
   115.0,0.000488, 34,  36.517,     1.9
   116.0,0.000492, 34,  36.526,     1.9
   117.0,0.000492, 35,  36.535,     2.0
   118.0,0.000490, 35,  36.550,     2.0
   119.0,0.000470, 35,  36.560,     2.0
   120.0,0.000459, 35,  36.567,     2.0
   121.0,0.000465, 35,  36.576,     2.0
   122.0,0.000469, 35,  36.595,     2.0
   123.0,0.000446, 34,  36.621,     2.0
   124.0,0.000425, 34,  36.638,     2.1
   125.0,0.000429, 34,  36.669,     2.1
   126.0,0.000441, 34,  36.707,     2.1
   127.0,0.000429, 34,  36.724,     2.1
   128.0,0.000429, 34,  36.746,     2.1
   129.0,0.000438, 34,  36.779,     2.2
   130.0,0.000429, 34,  36.800,     2.2
   131.0,0.000429, 34,  36.828,     2.2
   132.0,0.000438, 34,  36.852,     2.2
   133.0,0.000424, 34,  36.869,     2.2
   134.0,0.000428, 34,  36.895,     2.2
   135.0,0.000420, 34,  36.915,     2.3
   136.0,0.000431, 34,  36.934,     2.3
   137.0,0.000435, 34,  36.954,     2.3
   138.0,0.000442, 34,  36.985,     2.3
   139.0,0.000448, 34,  36.996,     2.3
   140.0,0.000460, 34,  37.011,     2.3
   141.0,0.000464, 34,  37.035,     2.4
   142.0,0.000460, 34,  37.046,     2.4
   143.0,0.000453, 34,  37.058,     2.4
   144.0,0.000455, 34,  37.062,     2.4
   145.0,0.000468, 34,  37.063,     2.4
   146.0,0.000478, 34,  37.046,     2.4
   147.0,0.000476, 34,  37.036,     2.5
   148.0,0.000483, 34,  37.035,     2.5
   149.0,0.000478, 34,  37.029,     2.5
   150.0,0.000470, 34,  37.026,     2.5
   151.0,0.000442, 34,  37.030,     2.5
   152.0,0.000446, 34,  37.030,     2.5
   153.0,0.000458, 34,  37.025,     2.5
   154.0,0.000458, 34,  37.032,     2.6
   155.0,0.000451, 34,  37.025,     2.6
   156.0,0.000453, 34,  37.023,     2.6
   157.0,0.000446, 34,  37.025,     2.6
   158.0,0.000443, 34,  37.024,     2.6
   159.0,0.000431, 34,  37.031,     2.7
   160.0,0.000436, 34,  37.033,     2.7
   161.0,0.000428, 34,  37.038,     2.7
   162.0,0.000424, 34,  37.044,     2.7
   163.0,0.000419, 34,  37.043,     2.7
   164.0,0.000429, 34,  37.041,     2.7
   165.0,0.000447, 34,  37.042,     2.8
   166.0,0.000461, 34,  37.046,     2.8
   167.0,0.000463, 34,  37.048,     2.8
   168.0,0.000478, 34,  37.044,     2.8
   169.0,0.000480, 34,  37.047,     2.8
   170.0,0.000468, 34,  37.043,     2.8
   171.0,0.000472, 34,  37.050,     2.9
   172.0,0.000488, 34,  37.049,     2.9
   173.0,0.000500, 34,  37.055,     2.9
   174.0,0.000545, 34,  37.058,     2.9
   175.0,0.000597, 34,  37.055,     2.9
   176.0,0.000662, 34,  37.036,     2.9
   177.0,0.000720, 34,  37.023,     3.0
   178.0,0.000797, 34,  37.014,     3.0
   179.0,0.000910, 34,  37.017,     3.0
   180.0,0.001028, 34,  37.017,     3.0
   181.0,0.001167, 34,  37.022,     3.0
   182.0,0.001328, 34,  37.020,     3.0
   183.0,0.001553, 34,  37.017,     3.0
   184.0,0.001794, 34,  37.015,     3.1
   185.0,0.002032, 34,  37.010,     3.1
   186.0,0.002369, 34,  37.008,     3.1
   187.0,0.002748, 34,  37.004,     3.1
   188.0,0.003215, 34,  37.000,     3.1
   189.0,0.003755, 34,  37.009,     3.2
   190.0,0.004363, 34,  37.007,     3.2
   191.0,0.005057, 34,  37.004,     3.2
   192.0,0.005826, 34,  37.009,     3.2
   193.0,0.006640, 34,  37.008,     3.2
   194.0,0.007382, 34,  37.011,     3.2
   195.0,0.008392, 34,  37.006,     3.3
   196.0,0.009466, 34,  37.008,     3.3
   197.0,0.010598, 34,  37.008,     3.3
   198.0,0.011834, 34,  36.999,     3.3
   199.0,0.013145, 34,  37.001,     3.3
   200.0,0.014490, 34,  36.997,     3.3
   201.0,0.015931, 34,  36.981,     3.4
   202.0,0.017471, 34,  36.988,     3.4
   203.0,0.018693, 34,  36.977,     3.4
   204.0,0.020323, 34,  36.975,     3.4
   205.0,0.021947, 34,  36.978,     3.4
   206.0,0.023640, 34,  36.970,     3.4
   207.0,0.025355, 34,  36.971,     3.5
   208.0,0.027161, 34,  36.968,     3.5
   209.0,0.028902, 34,  36.968,     3.5
   210.0,0.030646, 34,  36.971,     3.5
   211.0,0.032023, 34,  36.967,     3.5
   212.0,0.033775, 34,  36.972,     3.5
   213.0,0.035403, 34,  36.969,     3.5
   214.0,0.037086, 34,  36.973,     3.6
   215.0,0.038659, 34,  36.967,     3.6
   216.0,0.040149, 34,  36.966,     3.6
   217.0,0.041589, 34,  36.971,     3.6
   218.0,0.043017, 34,  36.966,     3.6
   219.0,0.044163, 34,  36.959,     3.7
   220.0,0.045199, 34,  36.945,     3.7
   221.0,0.046380, 34,  36.925,     3.7
   222.0,0.047416, 34,  36.891,     3.7
   223.0,0.048325, 34,  36.858,     3.7
   224.0,0.049154, 34,  36.808,     3.7
   225.0,0.049915, 34,  36.752,     3.8
   226.0,0.050562, 34,  36.672,     3.8
   227.0,0.051182, 34,  36.569,     3.8
   228.0,0.051774, 34,  36.462,     3.8
   229.0,0.052218, 34,  36.328,     3.8
   230.0,0.052761, 34,  36.173,     3.8
   231.0,0.053413, 34,  36.006,     3.9
   232.0,0.054058, 34,  35.814,     3.9
   233.0,0.054819, 34,  35.597,     3.9
   234.0,0.055760, 34,  35.374,     3.9
   235.0,0.056948, 34,  35.115,     3.9
   236.0,0.058328, 34,  34.843,     3.9
   237.0,0.060085, 34,  34.558,     4.0
   238.0,0.061744, 34,  34.285,     4.0
   239.0,0.064229, 34,  33.988,     4.0
   240.0,0.067193, 34,  33.729,     4.0
   241.0,0.070615, 34,  33.482,     4.0
   242.0,0.074459, 34,  33.263,     4.0
   243.0,0.078682, 34,  33.085,     4.1
   244.0,0.083177, 34,  32.932,     4.1
   245.0,0.087946, 34,  32.834,     4.1
   246.0,0.092571, 34,  32.785,     4.1
   247.0,0.096934, 34,  32.783,     4.1
   248.0,0.101738, 34,  32.832,     4.1
   249.0,0.106367, 34,  32.924,     4.2
   250.0,0.110758, 34,  33.056,     4.2
   251.0,0.114833, 34,  33.222,     4.2
   252.0,0.118601, 34,  33.420,     4.2
   253.0,0.121957, 34,  33.649,     4.2
   254.0,0.124867, 34,  33.900,     4.2
   255.0,0.127304, 34,  34.160,     4.3
   256.0,0.129055, 34,  34.418,     4.3
   257.0,0.130917, 34,  34.683,     4.3
   258.0,0.132409, 34,  34.921,     4.3
   259.0,0.133577, 34,  35.143,     4.3
   260.0,0.134480, 34,  35.350,     4.3
   261.0,0.135117, 34,  35.562,     4.3
   262.0,0.135502, 34,  35.752,     4.4
   263.0,0.135662, 34,  35.934,     4.4
   264.0,0.135685, 34,  36.072,     4.4
   265.0,0.135462, 34,  36.199,     4.4
   266.0,0.135121, 34,  36.313,     4.4
   267.0,0.134603, 34,  36.419,     4.4
   268.0,0.133936, 34,  36.512,     4.5
   269.0,0.133146, 34,  36.596,     4.5
   270.0,0.132245, 34,  36.653,     4.5
   271.0,0.131204, 34,  36.709,     4.5
   272.0,0.130143, 34,  36.757,     4.5
   273.0,0.128879, 34,  36.796,     4.6
   274.0,0.127830, 34,  36.825,     4.6
   275.0,0.126442, 34,  36.827,     4.6
   276.0,0.125003, 34,  36.835,     4.6
   277.0,0.123476, 34,  36.843,     4.6
   278.0,0.121897, 34,  36.849,     4.6
   279.0,0.120242, 34,  36.866,     4.7
   280.0,0.118512, 34,  36.885,     4.7
   281.0,0.116723, 34,  36.902,     4.7
   282.0,0.114974, 34,  36.911,     4.7
   283.0,0.113444, 34,  36.924,     4.7
   284.0,0.111662, 34,  36.942,     4.7
   285.0,0.109814, 34,  36.959,     4.8
   286.0,0.107878, 34,  36.961,     4.8
   287.0,0.105941, 34,  36.971,     4.8
   288.0,0.103989, 34,  36.971,     4.8
   289.0,0.102064, 34,  36.983,     4.8
   290.0,0.100061, 34,  36.986,     4.8
   291.0,0.098367, 34,  36.990,     4.8
   292.0,0.096513, 34,  36.993,     4.9
   293.0,0.094471, 34,  36.994,     4.9
   294.0,0.092438, 34,  37.005,     4.9
   295.0,0.090456, 34,  36.996,     4.9
   296.0,0.088505, 34,  36.995,     4.9
   297.0,0.086518, 34,  36.994,     4.9
   298.0,0.084567, 34,  36.981,     5.0
   299.0,0.082580, 34,  36.971,     5.0
   300.0,0.081055, 34,  36.954,     5.0
   301.0,0.079107, 34,  36.947,     5.0
   302.0,0.077258, 34,  36.936,     5.0
   303.0,0.075378, 34,  36.933,     5.1
   304.0,0.073480, 34,  36.942,     5.1
   305.0,0.071626, 34,  36.949,     5.1
   306.0,0.069766, 34,  36.959,     5.1
   307.0,0.067974, 34,  36.975,     5.1
   308.0,0.066210, 34,  36.987,     5.1
   309.0,0.064492, 34,  37.007,     5.2
   310.0,0.063105, 34,  37.021,     5.2
   311.0,0.061378, 34,  37.029,     5.2
   312.0,0.059687, 34,  37.041,     5.2
   313.0,0.058020, 34,  37.055,     5.2
   314.0,0.056417, 34,  37.063,     5.2
   315.0,0.054856, 34,  37.069,     5.3
   316.0,0.053339, 34,  37.069,     5.3
   317.0,0.051819, 34,  37.066,     5.3
   318.0,0.050534, 34,  37.054,     5.3
   319.0,0.049166, 34,  37.042,     5.3
   320.0,0.047754, 34,  37.019,     5.3
   321.0,0.046411, 34,  37.002,     5.3
   322.0,0.045044, 34,  36.991,     5.4
   323.0,0.043699, 34,  36.981,     5.4
   324.0,0.042405, 34,  36.966,     5.4
   325.0,0.041143, 34,  36.948,     5.4
   326.0,0.039905, 34,  36.935,     5.4
   327.0,0.038985, 34,  36.926,     5.4
   328.0,0.037777, 34,  36.915,     5.5
   329.0,0.036615, 34,  36.908,     5.5
   330.0,0.035504, 34,  36.898,     5.5
   331.0,0.034417, 34,  36.889,     5.5
   332.0,0.033339, 34,  36.875,     5.5
   333.0,0.032288, 34,  36.872,     5.6
   334.0,0.031304, 34,  36.860,     5.6
   335.0,0.030414, 34,  36.867,     5.6
   336.0,0.029601, 34,  36.877,     5.6
   337.0,0.028664, 34,  36.906,     5.6
   338.0,0.027764, 34,  36.923,     5.6
   339.0,0.026886, 34,  36.936,     5.7
   340.0,0.026040, 34,  36.953,     5.7
   341.0,0.025234, 34,  36.969,     5.7
   342.0,0.024471, 34,  36.987,     5.7
   343.0,0.023691, 34,  37.000,     5.7
   344.0,0.023110, 34,  37.015,     5.7
   345.0,0.022378, 34,  37.024,     5.8
   346.0,0.021690, 34,  37.034,     5.8
   347.0,0.021007, 34,  37.040,     5.8
   348.0,0.020353, 34,  37.043,     5.8
   349.0,0.019698, 34,  37.037,     5.8
   350.0,0.019099, 34,  37.039,     5.8
   351.0,0.018500, 34,  37.028,     5.8
   352.0,0.017910, 34,  37.027,     5.9
   353.0,0.017420, 34,  37.025,     5.9
   354.0,0.016915, 34,  37.010,     5.9
   355.0,0.016397, 34,  37.010,     5.9
   356.0,0.015866, 34,  37.012,     5.9
   357.0,0.015385, 34,  37.014,     5.9
   358.0,0.014922, 34,  37.003,     6.0
   359.0,0.014466, 34,  36.985,     6.0
   360.0,0.014015, 34,  36.947,     6.0
   361.0,0.013668, 34,  36.897,     6.0
   362.0,0.013272, 34,  36.864,     6.0
   363.0,0.012886, 34,  36.845,     6.1
   364.0,0.012522, 34,  36.820,     6.1
   365.0,0.012171, 34,  36.811,     6.1
   366.0,0.011827, 34,  36.812,     6.1
   367.0,0.011485, 34,  36.810,     6.1
   368.0,0.011147, 34,  36.827,     6.1
   369.0,0.010825, 34,  36.836,     6.2
   370.0,0.010574, 34,  36.847,     6.2
   371.0,0.010257, 34,  36.865,     6.2
   372.0,0.009964, 34,  36.876,     6.2
   373.0,0.009681, 34,  36.894,     6.2
   374.0,0.009428, 34,  36.899,     6.2
   375.0,0.009177, 34,  36.906,     6.3
   376.0,0.008935, 34,  36.914,     6.3
   377.0,0.008712, 34,  36.921,     6.3
   378.0,0.008527, 34,  36.916,     6.3
   379.0,0.008297, 34,  36.929,     6.3
   380.0,0.008069, 34,  36.936,     6.3
   381.0,0.007855, 34,  36.944,     6.3
   382.0,0.007644, 34,  36.960,     6.4
   383.0,0.007436, 34,  36.973,     6.4
   384.0,0.007241, 34,  36.984,     6.4
   385.0,0.007068, 34,  36.991,     6.4
   386.0,0.006892, 34,  36.998,     6.4
   387.0,0.006755, 34,  37.011,     6.4
   388.0,0.006596, 34,  37.027,     6.5
   389.0,0.006432, 34,  37.039,     6.5
   390.0,0.006286, 34,  37.036,     6.5
   391.0,0.006122, 34,  37.047,     6.5
   392.0,0.005970, 34,  37.053,     6.5
   393.0,0.005830, 34,  37.048,     6.6
   394.0,0.005696, 34,  37.048,     6.6
   395.0,0.005613, 34,  37.049,     6.6
   396.0,0.005480, 34,  37.053,     6.6
   397.0,0.005342, 34,  37.047,     6.6
   398.0,0.005222, 34,  37.048,     6.6
   399.0,0.005122, 34,  37.034,     6.7
   400.0,0.005012, 34,  37.029,     6.7
   401.0,0.004918, 34,  37.024,     6.7
   402.0,0.004813, 34,  37.020,     6.7
   403.0,0.004744, 34,  37.012,     6.7
   404.0,0.004689, 34,  37.004,     6.7
   405.0,0.004588, 34,  36.999,     6.8
   406.0,0.004496, 34,  36.992,     6.8
   407.0,0.004385, 34,  36.992,     6.8
   408.0,0.004312, 34,  36.994,     6.8
   409.0,0.004253, 34,  36.995,     6.8
   410.0,0.004174, 34,  36.998,     6.8
   411.0,0.004073, 34,  36.997,     6.8
   412.0,0.004009, 34,  36.996,     6.9
   413.0,0.003942, 34,  36.997,     6.9
   414.0,0.003887, 34,  37.008,     6.9
   415.0,0.003828, 34,  37.014,     6.9
   416.0,0.003761, 34,  37.020,     6.9
   417.0,0.003711, 34,  37.024,     6.9
   418.0,0.003641, 34,  37.037,     7.0
   419.0,0.003580, 34,  37.037,     7.0
   420.0,0.003526, 34,  37.048,     7.0
   421.0,0.003481, 34,  37.073,     7.0
   422.0,0.003448, 34,  37.077,     7.0
   423.0,0.003412, 34,  37.085,     7.1
   424.0,0.003367, 34,  37.090,     7.1
   425.0,0.003320, 34,  37.099,     7.1
   426.0,0.003255, 34,  37.103,     7.1
   427.0,0.003214, 34,  37.110,     7.1
   428.0,0.003197, 34,  37.123,     7.1
   429.0,0.003154, 34,  37.126,     7.2
   430.0,0.003127, 34,  37.133,     7.2
   431.0,0.003081, 34,  37.134,     7.2
   432.0,0.003027, 34,  37.135,     7.2
   433.0,0.002971, 34,  37.137,     7.2
   434.0,0.002937, 34,  37.139,     7.2
   435.0,0.002909, 34,  37.143,     7.3
   436.0,0.002887, 34,  37.137,     7.3
   437.0,0.002867, 34,  37.135,     7.3
   438.0,0.002838, 34,  37.132,     7.3
   439.0,0.002812, 34,  37.131,     7.3
   440.0,0.002785, 34,  37.118,     7.3
   441.0,0.002768, 34,  37.115,     7.3
   442.0,0.002742, 34,  37.111,     7.4
   443.0,0.002724, 34,  37.104,     7.4
   444.0,0.002703, 34,  37.098,     7.4
   445.0,0.002665, 34,  37.093,     7.4
   446.0,0.002639, 34,  37.085,     7.4
   447.0,0.002601, 34,  37.079,     7.4
   448.0,0.002579, 34,  37.071,     7.5
   449.0,0.002554, 34,  37.054,     7.5
   450.0,0.002520, 34,  37.044,     7.5
   451.0,0.002483, 34,  37.039,     7.5
   452.0,0.002463, 34,  37.036,     7.5
   453.0,0.002430, 34,  37.035,     7.6
   454.0,0.002407, 34,  37.032,     7.6
   455.0,0.002385, 34,  37.037,     7.6
   456.0,0.002371, 34,  37.035,     7.6
   457.0,0.002349, 34,  37.039,     7.6
   458.0,0.002329, 34,  37.043,     7.6
   459.0,0.002311, 34,  37.042,     7.7
   460.0,0.002282, 34,  37.061,     7.7
   461.0,0.002262, 34,  37.063,     7.7
   462.0,0.002235, 34,  37.070,     7.7
   463.0,0.002225, 34,  37.075,     7.7
   464.0,0.002194, 34,  37.081,     7.7
   465.0,0.002176, 34,  37.088,     7.8
   466.0,0.002142, 34,  37.092,     7.8
   467.0,0.002136, 34,  37.100,     7.8
   468.0,0.002137, 34,  37.103,     7.8
   469.0,0.002126, 34,  37.101,     7.8
   470.0,0.002117, 34,  37.114,     7.8
   471.0,0.002111, 34,  37.120,     7.8
   472.0,0.002101, 34,  37.118,     7.9
   473.0,0.002110, 34,  37.117,     7.9
   474.0,0.002089, 34,  37.113,     7.9
   475.0,0.002068, 34,  37.111,     7.9
   476.0,0.002051, 34,  37.110,     7.9
   477.0,0.002040, 34,  37.102,     7.9
   478.0,0.002033, 34,  37.084,     8.0
   479.0,0.002033, 34,  37.077,     8.0
   480.0,0.002016, 34,  37.064,     8.0
   481.0,0.002002, 34,  37.057,     8.0
   482.0,0.001976, 34,  37.045,     8.0
   483.0,0.001957, 34,  37.034,     8.1
   484.0,0.001940, 34,  37.033,     8.1
   485.0,0.001912, 34,  37.034,     8.1
   486.0,0.001890, 34,  37.033,     8.1
   487.0,0.001879, 34,  37.040,     8.1
   488.0,0.001879, 34,  37.045,     8.1
   489.0,0.001875, 34,  37.044,     8.1
   490.0,0.001858, 34,  37.051,     8.2
   491.0,0.001850, 34,  37.059,     8.2
   492.0,0.001851, 34,  37.071,     8.2
   493.0,0.001850, 34,  37.080,     8.2
   494.0,0.001847, 34,  37.099,     8.2
   495.0,0.001848, 34,  37.104,     8.3
   496.0,0.001823, 34,  37.111,     8.3
   497.0,0.001828, 34,  37.120,     8.3
   498.0,0.001828, 34,  37.124,     8.3
   499.0,0.001839, 34,  37.131,     8.3
   500.0,0.001808, 34,  37.132,     8.3
   501.0,0.001789, 34,  37.131,     8.4
   502.0,0.001778, 34,  37.128,     8.4
   503.0,0.001764, 34,  37.128,     8.4
   504.0,0.001734, 34,  37.124,     8.4
   505.0,0.001734, 34,  37.118,     8.4
   506.0,0.001742, 34,  37.114,     8.4
   507.0,0.001745, 34,  37.103,     8.4
   508.0,0.001752, 34,  37.099,     8.5
   509.0,0.001741, 34,  37.086,     8.5
   510.0,0.001725, 34,  37.081,     8.5
   511.0,0.001718, 34,  37.076,     8.5
   512.0,0.001706, 34,  37.074,     8.5
   513.0,0.001706, 34,  37.065,     8.6
   514.0,0.001691, 34,  37.067,     8.6
   515.0,0.001667, 34,  37.066,     8.6
   516.0,0.001647, 34,  37.063,     8.6
   517.0,0.001636, 34,  37.064,     8.6
   518.0,0.001639, 34,  37.062,     8.6
   519.0,0.001636, 34,  37.066,     8.6
   520.0,0.001623, 34,  37.063,     8.7
   521.0,0.001615, 34,  37.064,     8.7
   522.0,0.001609, 34,  37.063,     8.7
   523.0,0.001575, 34,  37.066,     8.7
   524.0,0.001561, 34,  37.061,     8.7
   525.0,0.001566, 34,  37.067,     8.8
   526.0,0.001577, 34,  37.069,     8.8
   527.0,0.001576, 34,  37.068,     8.8
   528.0,0.001567, 34,  37.062,     8.8
   529.0,0.001567, 34,  37.056,     8.8
   530.0,0.001582, 34,  37.059,     8.8
   531.0,0.001582, 34,  37.053,     8.9
   532.0,0.001582, 34,  37.053,     8.9
   533.0,0.001572, 34,  37.045,     8.9
   534.0,0.001553, 34,  37.042,     8.9
   535.0,0.001559, 34,  37.034,     8.9
   536.0,0.001551, 34,  37.023,     8.9
   537.0,0.001533, 34,  37.011,     8.9
   538.0,0.001518, 34,  37.008,     9.0
   539.0,0.001494, 34,  37.009,     9.0
   540.0,0.001498, 34,  37.007,     9.0
   541.0,0.001503, 34,  37.004,     9.0
   542.0,0.001487, 34,  37.004,     9.0
   543.0,0.001473, 34,  36.993,     9.1
   544.0,0.001448, 34,  36.988,     9.1
   545.0,0.001442, 34,  36.979,     9.1
   546.0,0.001438, 34,  36.971,     9.1
   547.0,0.001433, 34,  36.960,     9.1
   548.0,0.001444, 34,  36.954,     9.1
   549.0,0.001425, 34,  36.952,     9.1
   550.0,0.001425, 34,  36.954,     9.2
   551.0,0.001439, 34,  36.954,     9.2
   552.0,0.001432, 34,  36.959,     9.2
   553.0,0.001418, 34,  36.968,     9.2
   554.0,0.001409, 34,  36.969,     9.2
   555.0,0.001422, 34,  36.980,     9.3
   556.0,0.001402, 34,  36.992,     9.3
   557.0,0.001391, 34,  36.987,     9.3
   558.0,0.001410, 34,  36.996,     9.3
   559.0,0.001399, 34,  37.003,     9.3
   560.0,0.001399, 34,  37.000,     9.3
   561.0,0.001379, 34,  37.006,     9.4
   562.0,0.001405, 34,  36.987,     9.4
   563.0,0.001407, 34,  36.972,     9.4
   564.0,0.001411, 34,  36.955,     9.4
   565.0,0.001415, 34,  36.944,     9.4
   566.0,0.001410, 34,  36.929,     9.4
   567.0,0.001396, 34,  36.920,     9.4
   568.0,0.001385, 34,  36.912,     9.5
   569.0,0.001370, 34,  36.913,     9.5
   570.0,0.001379, 34,  36.908,     9.5
   571.0,0.001372, 34,  36.910,     9.5
   572.0,0.001372, 34,  36.906,     9.5
   573.0,0.001361, 34,  36.906,     9.6
   574.0,0.001368, 34,  36.908,     9.6
   575.0,0.001401, 34,  36.908,     9.6
   576.0,0.001377, 34,  36.906,     9.6
   577.0,0.001370, 34,  36.896,     9.6
   578.0,0.001355, 34,  36.889,     9.6
   579.0,0.001336, 34,  36.885,     9.6
   580.0,0.001317, 34,  36.876,     9.7
   581.0,0.001317, 34,  36.876,     9.7
   582.0,0.001298, 34,  36.875,     9.7
   583.0,0.001303, 34,  36.863,     9.7
   584.0,0.001293, 34,  36.862,     9.7
   585.0,0.001295, 34,  36.856,     9.8
   586.0,0.001288, 34,  36.860,     9.8
   587.0,0.001289, 34,  36.858,     9.8
   588.0,0.001287, 34,  36.856,     9.8
   589.0,0.001279, 34,  36.853,     9.8
   590.0,0.001278, 34,  36.851,     9.8
   591.0,0.001279, 34,  36.854,     9.9
   592.0,0.001277, 34,  36.858,     9.9
   593.0,0.001276, 34,  36.853,     9.9
   594.0,0.001289, 34,  36.857,     9.9
   595.0,0.001267, 34,  36.858,     9.9
   596.0,0.001249, 34,  36.859,     9.9
   597.0,0.001246, 34,  36.861,     9.9
   598.0,0.001227, 34,  36.857,    10.0
   599.0,0.001235, 34,  36.859,    10.0
   600.0,0.001221, 34,  36.858,    10.0
   601.0,0.001220, 34,  36.858,    10.0
   602.0,0.001232, 34,  36.849,    10.0
   603.0,0.001226, 34,  36.846,    10.1
   604.0,0.001240, 34,  36.840,    10.1
   605.0,0.001245, 34,  36.834,    10.1
   606.0,0.001242, 34,  36.832,    10.1
   607.0,0.001256, 34,  36.831,    10.1
   608.0,0.001244, 34,  36.825,    10.1
   609.0,0.001252, 34,  36.822,    10.1
   610.0,0.001231, 34,  36.826,    10.2
   611.0,0.001216, 34,  36.834,    10.2
   612.0,0.001220, 34,  36.836,    10.2
   613.0,0.001232, 34,  36.847,    10.2
   614.0,0.001228, 34,  36.858,    10.2
   615.0,0.001210, 34,  36.861,    10.3
   616.0,0.001196, 34,  36.861,    10.3
   617.0,0.001187, 34,  36.871,    10.3
   618.0,0.001201, 34,  36.881,    10.3
   619.0,0.001209, 34,  36.887,    10.3
   620.0,0.001194, 34,  36.884,    10.3
   621.0,0.001190, 34,  36.890,    10.4
   622.0,0.001182, 34,  36.902,    10.4
   623.0,0.001196, 34,  36.894,    10.4
   624.0,0.001214, 34,  36.879,    10.4
   625.0,0.001235, 34,  36.879,    10.4
   626.0,0.001227, 34,  36.865,    10.4
   627.0,0.001237, 34,  36.858,    10.4
   628.0,0.001225, 34,  36.854,    10.5
   629.0,0.001229, 34,  36.847,    10.5
   630.0,0.001211, 34,  36.847,    10.5
   631.0,0.001184, 34,  36.843,    10.5
   632.0,0.001193, 34,  36.835,    10.5
   633.0,0.001192, 34,  36.832,    10.6
   634.0,0.001195, 34,  36.811,    10.6
   635.0,0.001196, 34,  36.809,    10.6
   636.0,0.001166, 34,  36.800,    10.6
   637.0,0.001156, 34,  36.804,    10.6
   638.0,0.001160, 34,  36.796,    10.6
   639.0,0.001155, 34,  36.788,    10.6
   640.0,0.001163, 34,  36.785,    10.7
   641.0,0.001167, 34,  36.788,    10.7
   642.0,0.001176, 34,  36.791,    10.7
   643.0,0.001172, 34,  36.790,    10.7
   644.0,0.001171, 34,  36.792,    10.7
   645.0,0.001154, 34,  36.802,    10.8
   646.0,0.001144, 34,  36.804,    10.8
   647.0,0.001124, 34,  36.810,    10.8
   648.0,0.001138, 34,  36.819,    10.8
   649.0,0.001127, 34,  36.819,    10.8
   650.0,0.001107, 34,  36.835,    10.8
   651.0,0.001105, 34,  36.827,    10.9
   652.0,0.001099, 34,  36.805,    10.9
   653.0,0.001122, 34,  36.804,    10.9
   654.0,0.001132, 34,  36.809,    10.9
   655.0,0.001132, 34,  36.813,    10.9
   656.0,0.001140, 34,  36.814,    10.9
   657.0,0.001143, 34,  36.811,    10.9
   658.0,0.001139, 34,  36.811,    11.0
   659.0,0.001140, 34,  36.805,    11.0
   660.0,0.001117, 34,  36.807,    11.0
   661.0,0.001107, 34,  36.802,    11.0
   662.0,0.001097, 34,  36.796,    11.0
   663.0,0.001105, 34,  36.806,    11.1
   664.0,0.001115, 34,  36.804,    11.1
   665.0,0.001091, 34,  36.801,    11.1
   666.0,0.001095, 34,  36.794,    11.1
   667.0,0.001107, 34,  36.784,    11.1
   668.0,0.001110, 34,  36.784,    11.1
   669.0,0.001117, 34,  36.775,    11.1
   670.0,0.001130, 34,  36.775,    11.2
   671.0,0.001123, 34,  36.765,    11.2
   672.0,0.001119, 34,  36.738,    11.2
   673.0,0.001112, 34,  36.732,    11.2
   674.0,0.001100, 34,  36.723,    11.2
   675.0,0.001060, 34,  36.722,    11.3
   676.0,0.001041, 34,  36.728,    11.3
   677.0,0.001049, 34,  36.727,    11.3
   678.0,0.001049, 34,  36.725,    11.3
   679.0,0.001044, 34,  36.729,    11.3
   680.0,0.001055, 34,  36.733,    11.3
   681.0,0.001066, 34,  36.734,    11.4
   682.0,0.001080, 34,  36.731,    11.4
   683.0,0.001074, 34,  36.738,    11.4
   684.0,0.001048, 34,  36.737,    11.4
   685.0,0.001048, 34,  36.733,    11.4
   686.0,0.001062, 34,  36.738,    11.4
   687.0,0.001079, 34,  36.741,    11.4
   688.0,0.001083, 34,  36.737,    11.5
   689.0,0.001098, 34,  36.749,    11.5
   690.0,0.001100, 34,  36.743,    11.5
   691.0,0.001107, 34,  36.746,    11.5
   692.0,0.001116, 34,  36.751,    11.5
   693.0,0.001096, 34,  36.744,    11.6
   694.0,0.001085, 34,  36.749,    11.6
   695.0,0.001089, 34,  36.751,    11.6
   696.0,0.001077, 34,  36.752,    11.6
   697.0,0.001082, 34,  36.752,    11.6
   698.0,0.001074, 34,  36.753,    11.6
   699.0,0.001081, 34,  36.751,    11.6
   700.0,0.001082, 34,  36.759,    11.7
   701.0,0.001079, 34,  36.759,    11.7
   702.0,0.001081, 34,  36.753,    11.7
   703.0,0.001073, 34,  36.750,    11.7
   704.0,0.001065, 34,  36.752,    11.7
   705.0,0.001081, 34,  36.745,    11.8
   706.0,0.001070, 34,  36.744,    11.8
   707.0,0.001057, 34,  36.740,    11.8
   708.0,0.001037, 34,  36.741,    11.8
   709.0,0.001026, 34,  36.749,    11.8
   710.0,0.001011, 34,  36.736,    11.8
   711.0,0.001011, 34,  36.712,    11.9
   712.0,0.000996, 34,  36.670,    11.9
   713.0,0.001005, 34,  36.645,    11.9
   714.0,0.001005, 34,  36.617,    11.9
   715.0,0.000999, 34,  36.605,    11.9
   716.0,0.001006, 34,  36.602,    11.9
   717.0,0.001006, 34,  36.602,    11.9
   718.0,0.001007, 34,  36.602,    12.0
   719.0,0.001000, 34,  36.606,    12.0
   720.0,0.000999, 34,  36.601,    12.0
   721.0,0.001011, 34,  36.574,    12.0
   722.0,0.001033, 34,  36.570,    12.0
   723.0,0.001033, 34,  36.569,    12.1
   724.0,0.001021, 34,  36.564,    12.1
   725.0,0.001016, 34,  36.563,    12.1
   726.0,0.001006, 34,  36.560,    12.1
   727.0,0.000977, 34,  36.565,    12.1
   728.0,0.000960, 34,  36.568,    12.1
   729.0,0.000955, 34,  36.571,    12.1
   730.0,0.000964, 34,  36.582,    12.2
   731.0,0.000959, 34,  36.585,    12.2
   732.0,0.000983, 34,  36.608,    12.2
   733.0,0.000990, 34,  36.613,    12.2
   734.0,0.000976, 34,  36.621,    12.2
   735.0,0.000978, 34,  36.634,    12.3
   736.0,0.000971, 34,  36.639,    12.3
   737.0,0.000976, 34,  36.622,    12.3
   738.0,0.000956, 34,  36.578,    12.3
   739.0,0.000960, 34,  36.546,    12.3
   740.0,0.000944, 34,  36.518,    12.3
   741.0,0.000946, 34,  36.503,    12.4
   742.0,0.000981, 34,  36.510,    12.4
   743.0,0.000973, 34,  36.524,    12.4
   744.0,0.000968, 34,  36.524,    12.4
   745.0,0.000981, 34,  36.536,    12.4
   746.0,0.000974, 34,  36.556,    12.4
   747.0,0.000956, 34,  36.571,    12.4
   748.0,0.000949, 34,  36.582,    12.5
   749.0,0.000956, 34,  36.590,    12.5
   750.0,0.000978, 34,  36.583,    12.5
   751.0,0.000991, 34,  36.576,    12.5
   752.0,0.000990, 34,  36.575,    12.5
   753.0,0.000987, 34,  36.585,    12.6
   754.0,0.000979, 34,  36.591,    12.6
   755.0,0.000999, 34,  36.608,    12.6
   756.0,0.001000, 34,  36.618,    12.6
   757.0,0.000978, 34,  36.618,    12.6
   758.0,0.000960, 34,  36.633,    12.6
   759.0,0.000956, 34,  36.641,    12.6
   760.0,0.000940, 34,  36.656,    12.7
   761.0,0.000935, 34,  36.662,    12.7
   762.0,0.000912, 34,  36.667,    12.7
   763.0,0.000920, 34,  36.678,    12.7
   764.0,0.000934, 34,  36.676,    12.7
   765.0,0.000933, 34,  36.681,    12.8
   766.0,0.000916, 34,  36.688,    12.8
   767.0,0.000916, 34,  36.691,    12.8
   768.0,0.000910, 34,  36.696,    12.8
   769.0,0.000926, 34,  36.702,    12.8
   770.0,0.000940, 34,  36.710,    12.8
   771.0,0.000959, 34,  36.716,    12.9
   772.0,0.000955, 34,  36.733,    12.9
   773.0,0.000943, 34,  36.732,    12.9
   774.0,0.000933, 34,  36.733,    12.9
   775.0,0.000937, 34,  36.740,    12.9
   776.0,0.000928, 34,  36.741,    12.9
   777.0,0.000926, 34,  36.742,    12.9
   778.0,0.000943, 34,  36.735,    13.0
   779.0,0.000943, 34,  36.721,    13.0
   780.0,0.000954, 34,  36.702,    13.0
   781.0,0.000953, 34,  36.696,    13.0
   782.0,0.000937, 34,  36.687,    13.0
   783.0,0.000943, 34,  36.681,    13.1
   784.0,0.000935, 34,  36.661,    13.1
   785.0,0.000916, 34,  36.660,    13.1
   786.0,0.000917, 34,  36.643,    13.1
   787.0,0.000924, 34,  36.630,    13.1
   788.0,0.000924, 34,  36.629,    13.1
   789.0,0.000939, 34,  36.635,    13.1
   790.0,0.000922, 34,  36.619,    13.2
   791.0,0.000916, 34,  36.597,    13.2
   792.0,0.000904, 34,  36.559,    13.2
   793.0,0.000915, 34,  36.543,    13.2
   794.0,0.000938, 34,  36.527,    13.2
   795.0,0.000933, 34,  36.510,    13.3
   796.0,0.000921, 34,  36.489,    13.3
   797.0,0.000939, 34,  36.484,    13.3
   798.0,0.000932, 34,  36.475,    13.3
   799.0,0.000926, 34,  36.476,    13.3
   800.0,0.000904, 34,  36.477,    13.3
   801.0,0.000887, 34,  36.490,    13.4
   802.0,0.000878, 34,  36.502,    13.4
   803.0,0.000877, 34,  36.514,    13.4
   804.0,0.000896, 34,  36.544,    13.4
   805.0,0.000895, 34,  36.560,    13.4
   806.0,0.000895, 34,  36.578,    13.4
   807.0,0.000895, 34,  36.594,    13.4
   808.0,0.000884, 34,  36.617,    13.5
   809.0,0.000878, 34,  36.628,    13.5
   810.0,0.000873, 34,  36.643,    13.5
   811.0,0.000857, 34,  36.652,    13.5
   812.0,0.000869, 34,  36.667,    13.5
   813.0,0.000885, 34,  36.676,    13.6
   814.0,0.000903, 34,  36.694,    13.6
   815.0,0.000914, 34,  36.698,    13.6
   816.0,0.000917, 34,  36.694,    13.6
   817.0,0.000916, 34,  36.686,    13.6
   818.0,0.000916, 34,  36.682,    13.6
   819.0,0.000894, 34,  36.665,    13.6
   820.0,0.000894, 34,  36.652,    13.7
   821.0,0.000904, 34,  36.643,    13.7
   822.0,0.000899, 34,  36.633,    13.7
   823.0,0.000907, 34,  36.625,    13.7
   824.0,0.000899, 34,  36.608,    13.7
   825.0,0.000887, 34,  36.603,    13.8
   826.0,0.000882, 34,  36.593,    13.8
   827.0,0.000866, 34,  36.602,    13.8
   828.0,0.000868, 34,  36.606,    13.8
   829.0,0.000860, 34,  36.610,    13.8
   830.0,0.000874, 34,  36.611,    13.8
   831.0,0.000873, 34,  36.631,    13.9
   832.0,0.000877, 34,  36.632,    13.9
   833.0,0.000887, 34,  36.638,    13.9
   834.0,0.000898, 34,  36.644,    13.9
   835.0,0.000883, 34,  36.651,    13.9
   836.0,0.000857, 34,  36.652,    13.9
   837.0,0.000854, 34,  36.658,    13.9
   838.0,0.000850, 34,  36.667,    14.0
   839.0,0.000857, 34,  36.659,    14.0
   840.0,0.000868, 34,  36.659,    14.0
   841.0,0.000865, 34,  36.648,    14.0
   842.0,0.000857, 34,  36.639,    14.0
   843.0,0.000857, 34,  36.622,    14.1
   844.0,0.000831, 34,  36.602,    14.1
   845.0,0.000805, 34,  36.583,    14.1
   846.0,0.000810, 34,  36.559,    14.1
   847.0,0.000809, 34,  36.535,    14.1
   848.0,0.000831, 34,  36.520,    14.1
   849.0,0.000822, 34,  36.503,    14.1
   850.0,0.000818, 34,  36.518,    14.2
   851.0,0.000826, 34,  36.525,    14.2
   852.0,0.000831, 34,  36.533,    14.2
   853.0,0.000854, 34,  36.551,    14.2
   854.0,0.000846, 34,  36.561,    14.2
   855.0,0.000837, 34,  36.573,    14.3
   856.0,0.000837, 34,  36.589,    14.3
   857.0,0.000835, 34,  36.591,    14.3
   858.0,0.000840, 34,  36.579,    14.3
   859.0,0.000862, 34,  36.543,    14.3
   860.0,0.000865, 34,  36.528,    14.3
   861.0,0.000872, 34,  36.532,    14.4
   862.0,0.000887, 34,  36.527,    14.4
   863.0,0.000889, 34,  36.553,    14.4
   864.0,0.000860, 34,  36.560,    14.4
   865.0,0.000849, 34,  36.572,    14.4
   866.0,0.000861, 34,  36.593,    14.4
   867.0,0.000852, 34,  36.603,    14.4
   868.0,0.000837, 34,  36.600,    14.5
   869.0,0.000842, 34,  36.607,    14.5
   870.0,0.000826, 34,  36.610,    14.5
   871.0,0.000823, 34,  36.619,    14.5
   872.0,0.000839, 34,  36.623,    14.5
   873.0,0.000835, 34,  36.636,    14.6
   874.0,0.000821, 34,  36.647,    14.6
   875.0,0.000796, 34,  36.648,    14.6
   876.0,0.000770, 34,  36.655,    14.6
   877.0,0.000745, 34,  36.670,    14.6
   878.0,0.000750, 34,  36.671,    14.6
   879.0,0.000772, 34,  36.669,    14.6
   880.0,0.000779, 34,  36.671,    14.7
   881.0,0.000777, 34,  36.659,    14.7
   882.0,0.000771, 34,  36.641,    14.7
   883.0,0.000756, 34,  36.634,    14.7
   884.0,0.000752, 34,  36.622,    14.7
   885.0,0.000757, 34,  36.611,    14.8
   886.0,0.000761, 34,  36.607,    14.8
   887.0,0.000772, 34,  36.599,    14.8
   888.0,0.000782, 34,  36.610,    14.8
   889.0,0.000792, 34,  36.610,    14.8
   890.0,0.000792, 34,  36.624,    14.8
   891.0,0.000792, 34,  36.631,    14.9
   892.0,0.000784, 34,  36.639,    14.9
   893.0,0.000789, 34,  36.633,    14.9
   894.0,0.000778, 34,  36.632,    14.9
   895.0,0.000770, 34,  36.633,    14.9
   896.0,0.000789, 34,  36.628,    14.9
   897.0,0.000792, 34,  36.620,    14.9
   898.0,0.000795, 34,  36.612,    15.0
   899.0,0.000809, 34,  36.621,    15.0
   900.0,0.000812, 34,  36.618,    15.0
   901.0,0.000811, 34,  36.616,    15.0
   902.0,0.000802, 34,  36.575,    15.0
   903.0,0.000796, 34,  36.548,    15.1
   904.0,0.000787, 34,  36.508,    15.1
   905.0,0.000757, 34,  36.473,    15.1
   906.0,0.000754, 34,  36.458,    15.1
   907.0,0.000750, 34,  36.441,    15.1
   908.0,0.000746, 34,  36.431,    15.1
   909.0,0.000754, 34,  36.435,    15.1
   910.0,0.000752, 34,  36.417,    15.2
   911.0,0.000752, 34,  36.415,    15.2
   912.0,0.000757, 34,  36.418,    15.2
   913.0,0.000752, 34,  36.421,    15.2
   914.0,0.000763, 34,  36.438,    15.2
   915.0,0.000771,N/A,  36.454,    15.3
   916.0,0.000770,N/A,  36.464,    15.3
