Run Name,RibonucleaseA_24%Isocratic_Test2
Run Date,08:27:51 PM   02-05-23
Method Name,TA_IsocraticRun_24%
Export Format Version, 1.00
Method ID, 4162
Points/Second, 1.00
Number of Records,   1764
Offset from Run Start Time,00:00:00
Run End Time,00:29:23
Time,Second
QuadTec 1, (280.0 nm), AU
Trace 2,<Not Selected>
Gradient Pump,%B
Trace 3,<Not Selected>
Trace 4,<Not Selected>
Conductivity,mS/cm
Trace 6,<Not Available>
GP Pressure,<Not Selected>
Volume,ml
Fraction,<Not Available>
Time,QuadTec 1,Gradient Pump,Conductivity,Volume
     0.0,0.000201, 24,  28.276,     0.0
     1.0,0.000000, 24,  28.263,     0.0
     2.0,0.000000, 24,  28.253,     0.0
     3.0,0.000000, 24,  28.241,     0.1
     4.0,0.000000, 24,  28.228,     0.1
     5.0,0.000134, 24,  28.224,     0.1
     6.0,0.000173, 24,  28.205,     0.1
     7.0,0.000227, 24,  28.192,     0.1
     8.0,0.000264, 24,  28.170,     0.1
     9.0,0.000259, 24,  28.149,     0.2
    10.0,0.000267, 24,  28.120,     0.2
    11.0,0.000280, 24,  28.090,     0.2
    12.0,0.000297, 24,  28.065,     0.2
    13.0,0.000313, 24,  28.044,     0.2
    14.0,0.000320, 24,  28.032,     0.2
    15.0,0.000350, 24,  28.023,     0.3
    16.0,0.000376, 24,  28.007,     0.3
    17.0,0.000352, 24,  27.998,     0.3
    18.0,0.000369, 24,  27.993,     0.3
    19.0,0.000395, 24,  27.983,     0.3
    20.0,0.000410, 24,  27.979,     0.3
    21.0,0.000448, 24,  27.973,     0.3
    22.0,0.000459, 24,  27.982,     0.4
    23.0,0.000460, 24,  27.992,     0.4
    24.0,0.000459, 24,  28.000,     0.4
    25.0,0.000466, 24,  28.017,     0.4
    26.0,0.000469, 24,  28.032,     0.4
    27.0,0.000488, 24,  28.045,     0.4
    28.0,0.000497, 24,  28.058,     0.5
    29.0,0.000493, 24,  28.077,     0.5
    30.0,0.000509, 24,  28.090,     0.5
    31.0,0.000490, 24,  28.107,     0.5
    32.0,0.000490, 24,  28.118,     0.5
    33.0,0.000505, 24,  28.124,     0.6
    34.0,0.000512, 24,  28.139,     0.6
    35.0,0.000512, 24,  28.148,     0.6
    36.0,0.000508, 24,  28.163,     0.6
    37.0,0.000519, 24,  28.174,     0.6
    38.0,0.000518, 24,  28.181,     0.6
    39.0,0.000514, 24,  28.184,     0.6
    40.0,0.000508, 24,  28.194,     0.7
    41.0,0.000501, 24,  28.196,     0.7
    42.0,0.000512, 24,  28.203,     0.7
    43.0,0.000515, 24,  28.204,     0.7
    44.0,0.000540, 24,  28.204,     0.7
    45.0,0.000555, 24,  28.205,     0.8
    46.0,0.000542, 24,  28.215,     0.8
    47.0,0.000538, 24,  28.212,     0.8
    48.0,0.000546, 24,  28.214,     0.8
    49.0,0.000554, 24,  28.218,     0.8
    50.0,0.000553, 24,  28.224,     0.8
    51.0,0.000530, 24,  28.227,     0.9
    52.0,0.000536, 24,  28.226,     0.9
    53.0,0.000552, 24,  28.226,     0.9
    54.0,0.000558, 24,  28.224,     0.9
    55.0,0.000565, 24,  28.224,     0.9
    56.0,0.000579, 24,  28.215,     0.9
    57.0,0.000575, 24,  28.208,     0.9
    58.0,0.000573, 24,  28.208,     1.0
    59.0,0.000568, 24,  28.206,     1.0
    60.0,0.000564, 24,  28.209,     1.0
    61.0,0.000567, 24,  28.209,     1.0
    62.0,0.000590, 24,  28.211,     1.0
    63.0,0.000590, 24,  28.211,     1.0
    64.0,0.000594, 24,  28.209,     1.1
    65.0,0.000598, 24,  28.216,     1.1
    66.0,0.000575, 24,  28.214,     1.1
    67.0,0.000548, 24,  28.211,     1.1
    68.0,0.000535, 24,  28.213,     1.1
    69.0,0.000526, 24,  28.208,     1.1
    70.0,0.000531, 24,  28.199,     1.2
    71.0,0.000520, 24,  28.196,     1.2
    72.0,0.000521, 24,  28.199,     1.2
    73.0,0.000540, 24,  28.194,     1.2
    74.0,0.000542, 24,  28.190,     1.2
    75.0,0.000565, 24,  28.181,     1.3
    76.0,0.000576, 24,  28.182,     1.3
    77.0,0.000576, 24,  28.184,     1.3
    78.0,0.000580, 24,  28.180,     1.3
    79.0,0.000575, 24,  28.186,     1.3
    80.0,0.000605, 24,  28.184,     1.3
    81.0,0.000609, 24,  28.185,     1.4
    82.0,0.000604, 24,  28.184,     1.4
    83.0,0.000608, 24,  28.176,     1.4
    84.0,0.000608, 24,  28.175,     1.4
    85.0,0.000582, 24,  28.172,     1.4
    86.0,0.000576, 24,  28.165,     1.4
    87.0,0.000568, 24,  28.159,     1.5
    88.0,0.000583, 24,  28.160,     1.5
    89.0,0.000576, 24,  28.162,     1.5
    90.0,0.000557, 24,  28.160,     1.5
    91.0,0.000563, 24,  28.168,     1.5
    92.0,0.000566, 24,  28.168,     1.5
    93.0,0.000566, 24,  28.172,     1.5
    94.0,0.000555, 24,  28.173,     1.6
    95.0,0.000563, 24,  28.177,     1.6
    96.0,0.000574, 24,  28.183,     1.6
    97.0,0.000575, 24,  28.193,     1.6
    98.0,0.000555, 24,  28.189,     1.6
    99.0,0.000559, 24,  28.197,     1.6
   100.0,0.000562, 24,  28.198,     1.7
   101.0,0.000565, 24,  28.196,     1.7
   102.0,0.000566, 24,  28.199,     1.7
   103.0,0.000566, 24,  28.202,     1.7
   104.0,0.000574, 24,  28.198,     1.7
   105.0,0.000577, 24,  28.197,     1.8
   106.0,0.000581, 24,  28.198,     1.8
   107.0,0.000574, 24,  28.193,     1.8
   108.0,0.000577, 24,  28.194,     1.8
   109.0,0.000577, 24,  28.186,     1.8
   110.0,0.000585, 24,  28.182,     1.8
   111.0,0.000596, 24,  28.182,     1.9
   112.0,0.000596, 24,  28.182,     1.9
   113.0,0.000592, 24,  28.172,     1.9
   114.0,0.000592, 24,  28.174,     1.9
   115.0,0.000594, 24,  28.175,     1.9
   116.0,0.000599, 24,  28.171,     1.9
   117.0,0.000592, 24,  28.173,     2.0
   118.0,0.000592, 35,  28.169,     2.0
   119.0,0.000585, 35,  28.165,     2.0
   120.0,0.000570, 35,  28.167,     2.0
   121.0,0.000552, 35,  28.167,     2.0
   122.0,0.000559, 35,  28.162,     2.0
   123.0,0.000576, 35,  28.164,     2.0
   124.0,0.000573, 35,  28.170,     2.1
   125.0,0.000568, 24,  28.173,     2.1
   126.0,0.000580, 24,  28.170,     2.1
   127.0,0.000585, 24,  28.174,     2.1
   128.0,0.000581, 24,  28.174,     2.1
   129.0,0.000573, 24,  28.165,     2.2
   130.0,0.000564, 24,  28.165,     2.2
   131.0,0.000566, 24,  28.160,     2.2
   132.0,0.000555, 24,  28.155,     2.2
   133.0,0.000559, 24,  28.143,     2.2
   134.0,0.000563, 24,  28.133,     2.2
   135.0,0.000548, 24,  28.126,     2.3
   136.0,0.000548, 24,  28.112,     2.3
   137.0,0.000533, 24,  28.094,     2.3
   138.0,0.000510, 24,  28.078,     2.3
   139.0,0.000503, 24,  28.052,     2.3
   140.0,0.000495, 24,  28.033,     2.3
   141.0,0.000498, 24,  28.011,     2.3
   142.0,0.000503, 24,  27.985,     2.4
   143.0,0.000512, 24,  27.963,     2.4
   144.0,0.000519, 24,  27.921,     2.4
   145.0,0.000530, 24,  27.892,     2.4
   146.0,0.000513, 24,  27.864,     2.4
   147.0,0.000521, 24,  27.828,     2.5
   148.0,0.000532, 24,  27.793,     2.5
   149.0,0.000538, 24,  27.757,     2.5
   150.0,0.000541, 24,  27.721,     2.5
   151.0,0.000564, 24,  27.690,     2.5
   152.0,0.000571, 24,  27.656,     2.5
   153.0,0.000569, 24,  27.625,     2.5
   154.0,0.000563, 24,  27.601,     2.6
   155.0,0.000566, 24,  27.579,     2.6
   156.0,0.000589, 24,  27.553,     2.6
   157.0,0.000573, 24,  27.539,     2.6
   158.0,0.000583, 24,  27.521,     2.6
   159.0,0.000594, 24,  27.502,     2.7
   160.0,0.000590, 24,  27.489,     2.7
   161.0,0.000587, 24,  27.476,     2.7
   162.0,0.000569, 24,  27.469,     2.7
   163.0,0.000591, 24,  27.462,     2.7
   164.0,0.000604, 24,  27.452,     2.7
   165.0,0.000615, 24,  27.443,     2.8
   166.0,0.000607, 24,  27.438,     2.8
   167.0,0.000634, 24,  27.434,     2.8
   168.0,0.000634, 24,  27.436,     2.8
   169.0,0.000623, 24,  27.435,     2.8
   170.0,0.000646, 24,  27.430,     2.8
   171.0,0.000652, 24,  27.432,     2.8
   172.0,0.000679, 24,  27.429,     2.9
   173.0,0.000681, 24,  27.424,     2.9
   174.0,0.000708, 24,  27.424,     2.9
   175.0,0.000749, 24,  27.424,     2.9
   176.0,0.000787, 24,  27.419,     2.9
   177.0,0.000830, 24,  27.412,     3.0
   178.0,0.000915, 24,  27.421,     3.0
   179.0,0.000993, 24,  27.424,     3.0
   180.0,0.001090, 24,  27.437,     3.0
   181.0,0.001203, 24,  27.443,     3.0
   182.0,0.001328, 24,  27.464,     3.0
   183.0,0.001494, 24,  27.478,     3.0
   184.0,0.001677, 24,  27.490,     3.1
   185.0,0.001891, 24,  27.502,     3.1
   186.0,0.002133, 24,  27.525,     3.1
   187.0,0.002382, 24,  27.538,     3.1
   188.0,0.002668, 24,  27.552,     3.1
   189.0,0.003019, 24,  27.564,     3.2
   190.0,0.003430, 24,  27.574,     3.2
   191.0,0.003877, 24,  27.599,     3.2
   192.0,0.004374, 24,  27.617,     3.2
   193.0,0.004910, 24,  27.627,     3.2
   194.0,0.005506, 24,  27.648,     3.2
   195.0,0.006150, 24,  27.662,     3.3
   196.0,0.006725, 24,  27.673,     3.3
   197.0,0.007466, 24,  27.689,     3.3
   198.0,0.008282, 24,  27.710,     3.3
   199.0,0.009135, 24,  27.729,     3.3
   200.0,0.010026, 24,  27.734,     3.3
   201.0,0.010969, 24,  27.744,     3.3
   202.0,0.011958, 24,  27.754,     3.4
   203.0,0.012988, 24,  27.757,     3.4
   204.0,0.014034, 24,  27.761,     3.4
   205.0,0.014988, 24,  27.766,     3.4
   206.0,0.016017, 24,  27.768,     3.4
   207.0,0.017152, 24,  27.765,     3.5
   208.0,0.018289, 24,  27.772,     3.5
   209.0,0.019417, 24,  27.777,     3.5
   210.0,0.020554, 24,  27.777,     3.5
   211.0,0.021673, 24,  27.791,     3.5
   212.0,0.022761, 24,  27.797,     3.5
   213.0,0.023701, 24,  27.811,     3.5
   214.0,0.024681, 24,  27.817,     3.6
   215.0,0.025676, 24,  27.823,     3.6
   216.0,0.026626, 24,  27.831,     3.6
   217.0,0.027501, 24,  27.830,     3.6
   218.0,0.028327, 24,  27.826,     3.6
   219.0,0.029076, 24,  27.820,     3.7
   220.0,0.029747, 24,  27.812,     3.7
   221.0,0.030355, 24,  27.795,     3.7
   222.0,0.030765, 24,  27.770,     3.7
   223.0,0.031264, 24,  27.732,     3.7
   224.0,0.031644, 24,  27.696,     3.7
   225.0,0.031930, 24,  27.643,     3.8
   226.0,0.032147, 24,  27.584,     3.8
   227.0,0.032308, 24,  27.508,     3.8
   228.0,0.032399, 24,  27.416,     3.8
   229.0,0.032443, 24,  27.308,     3.8
   230.0,0.032447, 24,  27.177,     3.8
   231.0,0.032427, 24,  27.028,     3.8
   232.0,0.032380, 24,  26.862,     3.9
   233.0,0.032337, 24,  26.680,     3.9
   234.0,0.032299, 24,  26.472,     3.9
   235.0,0.032246, 24,  26.262,     3.9
   236.0,0.032238, 24,  26.031,     3.9
   237.0,0.032246, 24,  25.797,     4.0
   238.0,0.032289, 24,  25.556,     4.0
   239.0,0.032341, 24,  25.311,     4.0
   240.0,0.032368, 24,  25.087,     4.0
   241.0,0.032447, 24,  24.888,     4.0
   242.0,0.032510, 24,  24.720,     4.0
   243.0,0.032549, 24,  24.586,     4.1
   244.0,0.032617, 24,  24.492,     4.1
   245.0,0.032640, 24,  24.439,     4.1
   246.0,0.032612, 24,  24.431,     4.1
   247.0,0.032597, 24,  24.463,     4.1
   248.0,0.032537, 24,  24.557,     4.1
   249.0,0.032462, 24,  24.673,     4.2
   250.0,0.032396, 24,  24.826,     4.2
   251.0,0.032275, 24,  25.016,     4.2
   252.0,0.032126, 24,  25.229,     4.2
   253.0,0.031972, 24,  25.453,     4.2
   254.0,0.031798, 24,  25.708,     4.2
   255.0,0.031618, 24,  25.949,     4.3
   256.0,0.031437, 24,  26.201,     4.3
   257.0,0.031267, 24,  26.450,     4.3
   258.0,0.031057, 24,  26.690,     4.3
   259.0,0.030852, 24,  26.917,     4.3
   260.0,0.030680, 24,  27.141,     4.3
   261.0,0.030496, 24,  27.336,     4.3
   262.0,0.030327, 24,  27.525,     4.4
   263.0,0.030138, 24,  27.692,     4.4
   264.0,0.029967, 24,  27.850,     4.4
   265.0,0.029790, 24,  27.993,     4.4
   266.0,0.029646, 24,  28.130,     4.4
   267.0,0.029463, 24,  28.243,     4.4
   268.0,0.029288, 24,  28.352,     4.5
   269.0,0.029105, 24,  28.438,     4.5
   270.0,0.028912, 24,  28.524,     4.5
   271.0,0.028749, 24,  28.589,     4.5
   272.0,0.028584, 24,  28.657,     4.5
   273.0,0.028412, 24,  28.705,     4.6
   274.0,0.028256, 24,  28.744,     4.6
   275.0,0.028125, 24,  28.778,     4.6
   276.0,0.027960, 24,  28.815,     4.6
   277.0,0.027821, 24,  28.846,     4.6
   278.0,0.027669, 24,  28.876,     4.6
   279.0,0.027513, 24,  28.902,     4.7
   280.0,0.027389, 24,  28.933,     4.7
   281.0,0.027264, 24,  28.952,     4.7
   282.0,0.027148, 24,  28.974,     4.7
   283.0,0.027023, 24,  28.987,     4.7
   284.0,0.026933, 24,  29.005,     4.7
   285.0,0.026829, 24,  29.016,     4.8
   286.0,0.026736, 24,  29.024,     4.8
   287.0,0.026667, 24,  29.020,     4.8
   288.0,0.026593, 24,  29.024,     4.8
   289.0,0.026515, 24,  29.015,     4.8
   290.0,0.026456, 24,  28.995,     4.8
   291.0,0.026406, 24,  28.995,     4.8
   292.0,0.026343, 24,  28.987,     4.9
   293.0,0.026297, 24,  28.985,     4.9
   294.0,0.026246, 24,  28.984,     4.9
   295.0,0.026215, 24,  28.979,     4.9
   296.0,0.026204, 24,  28.965,     4.9
   297.0,0.026168, 24,  28.943,     4.9
   298.0,0.026159, 24,  28.931,     5.0
   299.0,0.026180, 24,  28.911,     5.0
   300.0,0.026183, 24,  28.893,     5.0
   301.0,0.026200, 24,  28.876,     5.0
   302.0,0.026199, 24,  28.868,     5.0
   303.0,0.026222, 24,  28.849,     5.1
   304.0,0.026247, 24,  28.831,     5.1
   305.0,0.026270, 24,  28.808,     5.1
   306.0,0.026302, 24,  28.795,     5.1
   307.0,0.026341, 24,  28.773,     5.1
   308.0,0.026415, 24,  28.761,     5.1
   309.0,0.026453, 24,  28.750,     5.2
   310.0,0.026507, 24,  28.736,     5.2
   311.0,0.026574, 24,  28.724,     5.2
   312.0,0.026636, 24,  28.718,     5.2
   313.0,0.026728, 24,  28.706,     5.2
   314.0,0.026801, 24,  28.698,     5.2
   315.0,0.026880, 24,  28.684,     5.3
   316.0,0.026950, 24,  28.676,     5.3
   317.0,0.027038, 24,  28.670,     5.3
   318.0,0.027101, 24,  28.661,     5.3
   319.0,0.027163, 24,  28.651,     5.3
   320.0,0.027257, 24,  28.647,     5.3
   321.0,0.027350, 24,  28.627,     5.3
   322.0,0.027447, 24,  28.621,     5.4
   323.0,0.027556, 24,  28.609,     5.4
   324.0,0.027661, 24,  28.595,     5.4
   325.0,0.027763, 24,  28.588,     5.4
   326.0,0.027860, 24,  28.583,     5.4
   327.0,0.027945, 24,  28.579,     5.4
   328.0,0.028071, 24,  28.569,     5.5
   329.0,0.028199, 24,  28.556,     5.5
   330.0,0.028326, 24,  28.547,     5.5
   331.0,0.028474, 24,  28.537,     5.5
   332.0,0.028591, 24,  28.526,     5.5
   333.0,0.028720, 24,  28.508,     5.6
   334.0,0.028845, 24,  28.499,     5.6
   335.0,0.028954, 24,  28.489,     5.6
   336.0,0.029067, 24,  28.481,     5.6
   337.0,0.029209, 24,  28.473,     5.6
   338.0,0.029342, 24,  28.468,     5.6
   339.0,0.029479, 24,  28.458,     5.7
   340.0,0.029627, 24,  28.452,     5.7
   341.0,0.029789, 24,  28.440,     5.7
   342.0,0.029913, 24,  28.438,     5.7
   343.0,0.030034, 24,  28.423,     5.7
   344.0,0.030171, 24,  28.412,     5.7
   345.0,0.030296, 24,  28.412,     5.8
   346.0,0.030444, 24,  28.398,     5.8
   347.0,0.030617, 24,  28.402,     5.8
   348.0,0.030778, 24,  28.394,     5.8
   349.0,0.030931, 24,  28.392,     5.8
   350.0,0.031080, 24,  28.382,     5.8
   351.0,0.031233, 24,  28.384,     5.8
   352.0,0.031390, 24,  28.381,     5.9
   353.0,0.031531, 24,  28.383,     5.9
   354.0,0.031680, 24,  28.381,     5.9
   355.0,0.031826, 24,  28.376,     5.9
   356.0,0.031984, 24,  28.377,     5.9
   357.0,0.032141, 24,  28.373,     5.9
   358.0,0.032291, 24,  28.371,     6.0
   359.0,0.032464, 24,  28.368,     6.0
   360.0,0.032621, 24,  28.363,     6.0
   361.0,0.032742, 24,  28.356,     6.0
   362.0,0.032915, 24,  28.353,     6.0
   363.0,0.033077, 24,  28.353,     6.1
   364.0,0.033246, 24,  28.349,     6.1
   365.0,0.033388, 24,  28.346,     6.1
   366.0,0.033546, 24,  28.337,     6.1
   367.0,0.033720, 24,  28.325,     6.1
   368.0,0.033873, 24,  28.327,     6.1
   369.0,0.034011, 24,  28.316,     6.2
   370.0,0.034157, 24,  28.302,     6.2
   371.0,0.034315, 24,  28.294,     6.2
   372.0,0.034459, 24,  28.285,     6.2
   373.0,0.034617, 24,  28.273,     6.2
   374.0,0.034764, 24,  28.266,     6.2
   375.0,0.034914, 24,  28.253,     6.3
   376.0,0.035056, 24,  28.248,     6.3
   377.0,0.035195, 24,  28.248,     6.3
   378.0,0.035329, 24,  28.236,     6.3
   379.0,0.035460, 24,  28.238,     6.3
   380.0,0.035606, 24,  28.240,     6.3
   381.0,0.035748, 24,  28.233,     6.3
   382.0,0.035912, 24,  28.235,     6.4
   383.0,0.036038, 24,  28.235,     6.4
   384.0,0.036189, 24,  28.235,     6.4
   385.0,0.036344, 24,  28.240,     6.4
   386.0,0.036459, 24,  28.243,     6.4
   387.0,0.036583, 24,  28.246,     6.4
   388.0,0.036709, 24,  28.244,     6.5
   389.0,0.036824, 24,  28.246,     6.5
   390.0,0.036951, 24,  28.247,     6.5
   391.0,0.037070, 24,  28.244,     6.5
   392.0,0.037198, 24,  28.242,     6.5
   393.0,0.037341, 24,  28.237,     6.6
   394.0,0.037465, 24,  28.230,     6.6
   395.0,0.037552, 24,  28.223,     6.6
   396.0,0.037647, 24,  28.218,     6.6
   397.0,0.037738, 24,  28.212,     6.6
   398.0,0.037826, 24,  28.206,     6.6
   399.0,0.037926, 24,  28.205,     6.7
   400.0,0.038027, 24,  28.201,     6.7
   401.0,0.038103, 24,  28.208,     6.7
   402.0,0.038178, 24,  28.209,     6.7
   403.0,0.038282, 24,  28.206,     6.7
   404.0,0.038353, 24,  28.214,     6.7
   405.0,0.038425, 24,  28.213,     6.8
   406.0,0.038528, 24,  28.215,     6.8
   407.0,0.038616, 24,  28.209,     6.8
   408.0,0.038703, 24,  28.214,     6.8
   409.0,0.038792, 24,  28.214,     6.8
   410.0,0.038851, 24,  28.215,     6.8
   411.0,0.038906, 24,  28.215,     6.8
   412.0,0.038982, 24,  28.214,     6.9
   413.0,0.039018, 24,  28.210,     6.9
   414.0,0.039079, 24,  28.211,     6.9
   415.0,0.039131, 24,  28.206,     6.9
   416.0,0.039175, 24,  28.205,     6.9
   417.0,0.039203, 24,  28.199,     6.9
   418.0,0.039215, 24,  28.196,     7.0
   419.0,0.039260, 24,  28.200,     7.0
   420.0,0.039284, 24,  28.198,     7.0
   421.0,0.039303, 24,  28.189,     7.0
   422.0,0.039319, 24,  28.195,     7.0
   423.0,0.039343, 24,  28.185,     7.1
   424.0,0.039379, 24,  28.178,     7.1
   425.0,0.039383, 24,  28.176,     7.1
   426.0,0.039391, 24,  28.171,     7.1
   427.0,0.039423, 24,  28.165,     7.1
   428.0,0.039423, 24,  28.160,     7.1
   429.0,0.039411, 24,  28.156,     7.2
   430.0,0.039420, 24,  28.153,     7.2
   431.0,0.039407, 24,  28.150,     7.2
   432.0,0.039404, 24,  28.152,     7.2
   433.0,0.039400, 24,  28.154,     7.2
   434.0,0.039363, 24,  28.146,     7.2
   435.0,0.039363, 24,  28.150,     7.3
   436.0,0.039347, 24,  28.144,     7.3
   437.0,0.039307, 24,  28.158,     7.3
   438.0,0.039291, 24,  28.151,     7.3
   439.0,0.039251, 24,  28.160,     7.3
   440.0,0.039182, 24,  28.159,     7.3
   441.0,0.039159, 24,  28.162,     7.3
   442.0,0.039111, 24,  28.163,     7.4
   443.0,0.039058, 24,  28.161,     7.4
   444.0,0.039023, 24,  28.160,     7.4
   445.0,0.038964, 24,  28.157,     7.4
   446.0,0.038896, 24,  28.147,     7.4
   447.0,0.038876, 24,  28.138,     7.4
   448.0,0.038800, 24,  28.134,     7.5
   449.0,0.038727, 24,  28.119,     7.5
   450.0,0.038671, 24,  28.104,     7.5
   451.0,0.038584, 24,  28.088,     7.5
   452.0,0.038484, 24,  28.069,     7.5
   453.0,0.038409, 24,  28.059,     7.6
   454.0,0.038321, 24,  28.061,     7.6
   455.0,0.038250, 24,  28.063,     7.6
   456.0,0.038170, 24,  28.080,     7.6
   457.0,0.038082, 24,  28.087,     7.6
   458.0,0.037990, 24,  28.096,     7.6
   459.0,0.037890, 24,  28.108,     7.7
   460.0,0.037815, 24,  28.115,     7.7
   461.0,0.037691, 24,  28.127,     7.7
   462.0,0.037567, 24,  28.146,     7.7
   463.0,0.037468, 24,  28.153,     7.7
   464.0,0.037352, 24,  28.163,     7.7
   465.0,0.037257, 24,  28.175,     7.8
   466.0,0.037161, 24,  28.183,     7.8
   467.0,0.037057, 24,  28.195,     7.8
   468.0,0.036935, 24,  28.197,     7.8
   469.0,0.036823, 24,  28.192,     7.8
   470.0,0.036684, 24,  28.192,     7.8
   471.0,0.036558, 24,  28.190,     7.8
   472.0,0.036414, 24,  28.185,     7.9
   473.0,0.036280, 24,  28.197,     7.9
   474.0,0.036157, 24,  28.198,     7.9
   475.0,0.036010, 24,  28.200,     7.9
   476.0,0.035864, 24,  28.203,     7.9
   477.0,0.035708, 24,  28.198,     7.9
   478.0,0.035593, 24,  28.199,     8.0
   479.0,0.035411, 24,  28.204,     8.0
   480.0,0.035252, 24,  28.208,     8.0
   481.0,0.035118, 24,  28.203,     8.0
   482.0,0.034983, 24,  28.205,     8.0
   483.0,0.034836, 24,  28.202,     8.1
   484.0,0.034698, 24,  28.194,     8.1
   485.0,0.034527, 24,  28.184,     8.1
   486.0,0.034377, 24,  28.178,     8.1
   487.0,0.034231, 24,  28.173,     8.1
   488.0,0.034037, 24,  28.175,     8.1
   489.0,0.033903, 24,  28.179,     8.1
   490.0,0.033773, 24,  28.178,     8.2
   491.0,0.033638, 24,  28.183,     8.2
   492.0,0.033489, 24,  28.185,     8.2
   493.0,0.033339, 24,  28.186,     8.2
   494.0,0.033162, 24,  28.190,     8.2
   495.0,0.032989, 24,  28.188,     8.3
   496.0,0.032819, 24,  28.195,     8.3
   497.0,0.032642, 24,  28.195,     8.3
   498.0,0.032493, 24,  28.207,     8.3
   499.0,0.032312, 24,  28.218,     8.3
   500.0,0.032154, 24,  28.224,     8.3
   501.0,0.031968, 24,  28.236,     8.4
   502.0,0.031752, 24,  28.248,     8.4
   503.0,0.031560, 24,  28.255,     8.4
   504.0,0.031360, 24,  28.259,     8.4
   505.0,0.031167, 24,  28.262,     8.4
   506.0,0.030984, 24,  28.272,     8.4
   507.0,0.030759, 24,  28.273,     8.4
   508.0,0.030592, 24,  28.279,     8.5
   509.0,0.030400, 24,  28.284,     8.5
   510.0,0.030193, 24,  28.298,     8.5
   511.0,0.029987, 24,  28.299,     8.5
   512.0,0.029799, 24,  28.301,     8.5
   513.0,0.029615, 24,  28.299,     8.6
   514.0,0.029417, 24,  28.303,     8.6
   515.0,0.029209, 24,  28.303,     8.6
   516.0,0.029061, 24,  28.309,     8.6
   517.0,0.028858, 24,  28.310,     8.6
   518.0,0.028631, 24,  28.313,     8.6
   519.0,0.028416, 24,  28.316,     8.6
   520.0,0.028209, 24,  28.316,     8.7
   521.0,0.028026, 24,  28.310,     8.7
   522.0,0.027800, 24,  28.304,     8.7
   523.0,0.027590, 24,  28.295,     8.7
   524.0,0.027411, 24,  28.293,     8.7
   525.0,0.027174, 24,  28.288,     8.8
   526.0,0.026929, 24,  28.283,     8.8
   527.0,0.026717, 24,  28.282,     8.8
   528.0,0.026506, 24,  28.280,     8.8
   529.0,0.026315, 24,  28.285,     8.8
   530.0,0.026113, 24,  28.288,     8.8
   531.0,0.025899, 24,  28.291,     8.9
   532.0,0.025701, 24,  28.286,     8.9
   533.0,0.025516, 24,  28.291,     8.9
   534.0,0.025299, 24,  28.290,     8.9
   535.0,0.025095, 24,  28.284,     8.9
   536.0,0.024871, 24,  28.285,     8.9
   537.0,0.024638, 24,  28.288,     8.9
   538.0,0.024449, 24,  28.288,     9.0
   539.0,0.024241, 24,  28.291,     9.0
   540.0,0.024039, 24,  28.292,     9.0
   541.0,0.023859, 24,  28.300,     9.0
   542.0,0.023677, 24,  28.303,     9.0
   543.0,0.023496, 24,  28.307,     9.1
   544.0,0.023323, 24,  28.309,     9.1
   545.0,0.023110, 24,  28.318,     9.1
   546.0,0.022911, 24,  28.318,     9.1
   547.0,0.022694, 24,  28.317,     9.1
   548.0,0.022497, 24,  28.312,     9.1
   549.0,0.022294, 24,  28.303,     9.1
   550.0,0.022067, 24,  28.297,     9.2
   551.0,0.021860, 24,  28.277,     9.2
   552.0,0.021715, 24,  28.268,     9.2
   553.0,0.021511, 24,  28.265,     9.2
   554.0,0.021328, 24,  28.255,     9.2
   555.0,0.021144, 24,  28.234,     9.3
   556.0,0.020951, 24,  28.224,     9.3
   557.0,0.020768, 24,  28.215,     9.3
   558.0,0.020567, 24,  28.199,     9.3
   559.0,0.020377, 24,  28.190,     9.3
   560.0,0.020225, 24,  28.185,     9.3
   561.0,0.020072, 24,  28.183,     9.4
   562.0,0.019861, 24,  28.172,     9.4
   563.0,0.019686, 24,  28.168,     9.4
   564.0,0.019491, 24,  28.176,     9.4
   565.0,0.019301, 24,  28.178,     9.4
   566.0,0.019120, 24,  28.181,     9.4
   567.0,0.018949, 24,  28.187,     9.4
   568.0,0.018786, 24,  28.192,     9.5
   569.0,0.018598, 24,  28.186,     9.5
   570.0,0.018465, 24,  28.190,     9.5
   571.0,0.018293, 24,  28.195,     9.5
   572.0,0.018122, 24,  28.195,     9.5
   573.0,0.017948, 24,  28.196,     9.6
   574.0,0.017753, 24,  28.201,     9.6
   575.0,0.017578, 24,  28.205,     9.6
   576.0,0.017415, 24,  28.207,     9.6
   577.0,0.017224, 24,  28.206,     9.6
   578.0,0.017088, 24,  28.211,     9.6
   579.0,0.016975, 24,  28.211,     9.6
   580.0,0.016819, 24,  28.209,     9.7
   581.0,0.016663, 24,  28.208,     9.7
   582.0,0.016477, 24,  28.211,     9.7
   583.0,0.016313, 24,  28.215,     9.7
   584.0,0.016151, 24,  28.215,     9.7
   585.0,0.015980, 24,  28.215,     9.8
   586.0,0.015827, 24,  28.218,     9.8
   587.0,0.015719, 24,  28.215,     9.8
   588.0,0.015558, 24,  28.212,     9.8
   589.0,0.015417, 24,  28.209,     9.8
   590.0,0.015253, 24,  28.212,     9.8
   591.0,0.015101, 24,  28.211,     9.9
   592.0,0.014958, 24,  28.215,     9.9
   593.0,0.014796, 24,  28.211,     9.9
   594.0,0.014651, 24,  28.210,     9.9
   595.0,0.014520, 24,  28.209,     9.9
   596.0,0.014377, 24,  28.205,     9.9
   597.0,0.014258, 24,  28.196,     9.9
   598.0,0.014118, 24,  28.183,    10.0
   599.0,0.013974, 24,  28.178,    10.0
   600.0,0.013858, 24,  28.176,    10.0
   601.0,0.013694, 24,  28.184,    10.0
   602.0,0.013539, 24,  28.180,    10.0
   603.0,0.013419, 24,  28.190,    10.1
   604.0,0.013276, 24,  28.197,    10.1
   605.0,0.013150, 24,  28.196,    10.1
   606.0,0.013043, 24,  28.196,    10.1
   607.0,0.012907, 24,  28.191,    10.1
   608.0,0.012787, 24,  28.185,    10.1
   609.0,0.012659, 24,  28.184,    10.1
   610.0,0.012530, 24,  28.186,    10.2
   611.0,0.012417, 24,  28.184,    10.2
   612.0,0.012306, 24,  28.185,    10.2
   613.0,0.012151, 24,  28.192,    10.2
   614.0,0.012069, 24,  28.192,    10.2
   615.0,0.011959, 24,  28.201,    10.3
   616.0,0.011851, 24,  28.206,    10.3
   617.0,0.011738, 24,  28.203,    10.3
   618.0,0.011621, 24,  28.206,    10.3
   619.0,0.011494, 24,  28.204,    10.3
   620.0,0.011370, 24,  28.206,    10.3
   621.0,0.011262, 24,  28.208,    10.4
   622.0,0.011174, 24,  28.207,    10.4
   623.0,0.011106, 24,  28.205,    10.4
   624.0,0.010993, 24,  28.205,    10.4
   625.0,0.010876, 24,  28.203,    10.4
   626.0,0.010771, 24,  28.192,    10.4
   627.0,0.010657, 24,  28.194,    10.4
   628.0,0.010547, 24,  28.190,    10.5
   629.0,0.010431, 24,  28.190,    10.5
   630.0,0.010340, 24,  28.183,    10.5
   631.0,0.010250, 24,  28.187,    10.5
   632.0,0.010174, 24,  28.186,    10.5
   633.0,0.010069, 24,  28.176,    10.6
   634.0,0.009987, 24,  28.167,    10.6
   635.0,0.009902, 24,  28.160,    10.6
   636.0,0.009804, 24,  28.148,    10.6
   637.0,0.009717, 24,  28.151,    10.6
   638.0,0.009638, 24,  28.154,    10.6
   639.0,0.009533, 24,  28.165,    10.6
   640.0,0.009425, 24,  28.173,    10.7
   641.0,0.009355, 24,  28.174,    10.7
   642.0,0.009254, 24,  28.178,    10.7
   643.0,0.009154, 24,  28.176,    10.7
   644.0,0.009046, 24,  28.179,    10.7
   645.0,0.008952, 24,  28.175,    10.8
   646.0,0.008886, 24,  28.171,    10.8
   647.0,0.008811, 24,  28.165,    10.8
   648.0,0.008736, 24,  28.170,    10.8
   649.0,0.008673, 24,  28.164,    10.8
   650.0,0.008605, 24,  28.165,    10.8
   651.0,0.008520, 24,  28.156,    10.9
   652.0,0.008440, 24,  28.154,    10.9
   653.0,0.008358, 24,  28.157,    10.9
   654.0,0.008304, 24,  28.158,    10.9
   655.0,0.008221, 24,  28.151,    10.9
   656.0,0.008135, 24,  28.152,    10.9
   657.0,0.008073, 24,  28.154,    10.9
   658.0,0.008006, 24,  28.155,    11.0
   659.0,0.007920, 24,  28.157,    11.0
   660.0,0.007842, 24,  28.160,    11.0
   661.0,0.007761, 24,  28.167,    11.0
   662.0,0.007706, 24,  28.171,    11.0
   663.0,0.007633, 24,  28.173,    11.1
   664.0,0.007574, 24,  28.175,    11.1
   665.0,0.007504, 24,  28.177,    11.1
   666.0,0.007429, 24,  28.175,    11.1
   667.0,0.007368, 24,  28.182,    11.1
   668.0,0.007294, 24,  28.186,    11.1
   669.0,0.007237, 24,  28.188,    11.1
   670.0,0.007186, 24,  28.195,    11.2
   671.0,0.007124, 24,  28.200,    11.2
   672.0,0.007065, 24,  28.204,    11.2
   673.0,0.007003, 24,  28.206,    11.2
   674.0,0.006916, 24,  28.206,    11.2
   675.0,0.006856, 24,  28.206,    11.3
   676.0,0.006800, 24,  28.206,    11.3
   677.0,0.006739, 24,  28.203,    11.3
   678.0,0.006692, 24,  28.202,    11.3
   679.0,0.006652, 24,  28.201,    11.3
   680.0,0.006616, 24,  28.198,    11.3
   681.0,0.006567, 24,  28.202,    11.4
   682.0,0.006503, 24,  28.205,    11.4
   683.0,0.006448, 24,  28.201,    11.4
   684.0,0.006422, 24,  28.202,    11.4
   685.0,0.006358, 24,  28.198,    11.4
   686.0,0.006303, 24,  28.201,    11.4
   687.0,0.006248, 24,  28.199,    11.4
   688.0,0.006198, 24,  28.209,    11.5
   689.0,0.006166, 24,  28.209,    11.5
   690.0,0.006111, 24,  28.210,    11.5
   691.0,0.006035, 24,  28.217,    11.5
   692.0,0.005988, 24,  28.214,    11.5
   693.0,0.005948, 24,  28.207,    11.6
   694.0,0.005881, 24,  28.207,    11.6
   695.0,0.005829, 24,  28.203,    11.6
   696.0,0.005776, 24,  28.198,    11.6
   697.0,0.005748, 24,  28.196,    11.6
   698.0,0.005711, 24,  28.200,    11.6
   699.0,0.005663, 24,  28.197,    11.6
   700.0,0.005630, 24,  28.192,    11.7
   701.0,0.005573, 24,  28.195,    11.7
   702.0,0.005545, 24,  28.192,    11.7
   703.0,0.005481, 24,  28.192,    11.7
   704.0,0.005452, 24,  28.187,    11.7
   705.0,0.005405, 24,  28.189,    11.8
   706.0,0.005345, 24,  28.195,    11.8
   707.0,0.005315, 24,  28.195,    11.8
   708.0,0.005309, 24,  28.198,    11.8
   709.0,0.005274, 24,  28.200,    11.8
   710.0,0.005242, 24,  28.197,    11.8
   711.0,0.005212, 24,  28.196,    11.9
   712.0,0.005186, 24,  28.190,    11.9
   713.0,0.005145, 24,  28.188,    11.9
   714.0,0.005104, 24,  28.183,    11.9
   715.0,0.005055, 24,  28.181,    11.9
   716.0,0.005031, 24,  28.179,    11.9
   717.0,0.004997, 24,  28.182,    11.9
   718.0,0.004960, 24,  28.183,    12.0
   719.0,0.004931, 24,  28.187,    12.0
   720.0,0.004908, 24,  28.184,    12.0
   721.0,0.004875, 24,  28.189,    12.0
   722.0,0.004824, 24,  28.191,    12.0
   723.0,0.004778, 24,  28.187,    12.1
   724.0,0.004755, 24,  28.186,    12.1
   725.0,0.004719, 24,  28.186,    12.1
   726.0,0.004688, 24,  28.181,    12.1
   727.0,0.004671, 24,  28.178,    12.1
   728.0,0.004646, 24,  28.175,    12.1
   729.0,0.004617, 24,  28.174,    12.1
   730.0,0.004570, 24,  28.174,    12.2
   731.0,0.004547, 24,  28.171,    12.2
   732.0,0.004506, 24,  28.168,    12.2
   733.0,0.004469, 24,  28.173,    12.2
   734.0,0.004428, 24,  28.178,    12.2
   735.0,0.004419, 24,  28.179,    12.3
   736.0,0.004389, 24,  28.172,    12.3
   737.0,0.004345, 24,  28.166,    12.3
   738.0,0.004311, 24,  28.165,    12.3
   739.0,0.004300, 24,  28.165,    12.3
   740.0,0.004329, 24,  28.164,    12.3
   741.0,0.004295, 24,  28.162,    12.4
   742.0,0.004260, 24,  28.159,    12.4
   743.0,0.004250, 24,  28.154,    12.4
   744.0,0.004208, 24,  28.158,    12.4
   745.0,0.004174, 24,  28.161,    12.4
   746.0,0.004147, 24,  28.164,    12.4
   747.0,0.004125, 24,  28.169,    12.4
   748.0,0.004109, 24,  28.169,    12.5
   749.0,0.004081, 24,  28.179,    12.5
   750.0,0.004043, 24,  28.178,    12.5
   751.0,0.004028, 24,  28.179,    12.5
   752.0,0.003997, 24,  28.175,    12.5
   753.0,0.003973, 24,  28.164,    12.6
   754.0,0.003957, 24,  28.153,    12.6
   755.0,0.003931, 24,  28.150,    12.6
   756.0,0.003911, 24,  28.144,    12.6
   757.0,0.003865, 24,  28.141,    12.6
   758.0,0.003831, 24,  28.137,    12.6
   759.0,0.003821, 24,  28.126,    12.6
   760.0,0.003795, 24,  28.124,    12.7
   761.0,0.003772, 24,  28.120,    12.7
   762.0,0.003765, 24,  28.122,    12.7
   763.0,0.003731, 24,  28.122,    12.7
   764.0,0.003703, 24,  28.122,    12.7
   765.0,0.003688, 24,  28.119,    12.8
   766.0,0.003661, 24,  28.121,    12.8
   767.0,0.003644, 24,  28.118,    12.8
   768.0,0.003629, 24,  28.118,    12.8
   769.0,0.003632, 24,  28.124,    12.8
   770.0,0.003639, 24,  28.125,    12.8
   771.0,0.003616, 24,  28.124,    12.9
   772.0,0.003584, 24,  28.123,    12.9
   773.0,0.003547, 24,  28.120,    12.9
   774.0,0.003525, 24,  28.122,    12.9
   775.0,0.003500, 24,  28.121,    12.9
   776.0,0.003483, 24,  28.114,    12.9
   777.0,0.003484, 24,  28.111,    12.9
   778.0,0.003469, 24,  28.105,    13.0
   779.0,0.003457, 24,  28.102,    13.0
   780.0,0.003454, 24,  28.105,    13.0
   781.0,0.003427, 24,  28.099,    13.0
   782.0,0.003400, 24,  28.107,    13.0
   783.0,0.003382, 24,  28.101,    13.1
   784.0,0.003357, 24,  28.104,    13.1
   785.0,0.003335, 24,  28.103,    13.1
   786.0,0.003336, 24,  28.104,    13.1
   787.0,0.003320, 24,  28.104,    13.1
   788.0,0.003309, 24,  28.104,    13.1
   789.0,0.003309, 24,  28.101,    13.1
   790.0,0.003287, 24,  28.101,    13.2
   791.0,0.003266, 24,  28.099,    13.2
   792.0,0.003252, 24,  28.094,    13.2
   793.0,0.003219, 24,  28.093,    13.2
   794.0,0.003208, 24,  28.087,    13.2
   795.0,0.003190, 24,  28.084,    13.3
   796.0,0.003175, 24,  28.084,    13.3
   797.0,0.003171, 24,  28.082,    13.3
   798.0,0.003144, 24,  28.084,    13.3
   799.0,0.003135, 24,  28.080,    13.3
   800.0,0.003131, 24,  28.079,    13.3
   801.0,0.003116, 24,  28.087,    13.4
   802.0,0.003117, 24,  28.084,    13.4
   803.0,0.003087, 24,  28.081,    13.4
   804.0,0.003077, 24,  28.077,    13.4
   805.0,0.003065, 24,  28.078,    13.4
   806.0,0.003045, 24,  28.078,    13.4
   807.0,0.003043, 24,  28.075,    13.4
   808.0,0.003054, 24,  28.077,    13.5
   809.0,0.003038, 24,  28.076,    13.5
   810.0,0.003032, 24,  28.069,    13.5
   811.0,0.003023, 24,  28.069,    13.5
   812.0,0.003012, 24,  28.072,    13.5
   813.0,0.002994, 24,  28.071,    13.6
   814.0,0.002975, 24,  28.068,    13.6
   815.0,0.002965, 24,  28.068,    13.6
   816.0,0.002947, 24,  28.064,    13.6
   817.0,0.002931, 24,  28.063,    13.6
   818.0,0.002918, 24,  28.057,    13.6
   819.0,0.002924, 24,  28.056,    13.6
   820.0,0.002932, 24,  28.051,    13.7
   821.0,0.002922, 24,  28.047,    13.7
   822.0,0.002883, 24,  28.044,    13.7
   823.0,0.002877, 24,  28.039,    13.7
   824.0,0.002859, 24,  28.034,    13.7
   825.0,0.002860, 24,  28.028,    13.8
   826.0,0.002843, 24,  28.018,    13.8
   827.0,0.002826, 24,  28.021,    13.8
   828.0,0.002828, 24,  28.016,    13.8
   829.0,0.002822, 24,  28.022,    13.8
   830.0,0.002817, 24,  28.014,    13.8
   831.0,0.002829, 24,  28.013,    13.9
   832.0,0.002828, 24,  28.015,    13.9
   833.0,0.002820, 24,  28.018,    13.9
   834.0,0.002806, 24,  28.016,    13.9
   835.0,0.002790, 24,  28.018,    13.9
   836.0,0.002776, 24,  28.022,    13.9
   837.0,0.002771, 24,  28.027,    13.9
   838.0,0.002756, 24,  28.024,    14.0
   839.0,0.002761, 24,  28.031,    14.0
   840.0,0.002755, 24,  28.030,    14.0
   841.0,0.002735, 24,  28.029,    14.0
   842.0,0.002745, 24,  28.035,    14.0
   843.0,0.002736, 24,  28.035,    14.1
   844.0,0.002701, 24,  28.034,    14.1
   845.0,0.002673, 24,  28.038,    14.1
   846.0,0.002680, 24,  28.039,    14.1
   847.0,0.002668, 24,  28.043,    14.1
   848.0,0.002671, 24,  28.050,    14.1
   849.0,0.002656, 24,  28.058,    14.1
   850.0,0.002662, 24,  28.066,    14.2
   851.0,0.002665, 24,  28.067,    14.2
   852.0,0.002639, 24,  28.072,    14.2
   853.0,0.002637, 24,  28.071,    14.2
   854.0,0.002631, 24,  28.074,    14.2
   855.0,0.002596, 24,  28.073,    14.3
   856.0,0.002591, 24,  28.077,    14.3
   857.0,0.002564, 24,  28.075,    14.3
   858.0,0.002572, 24,  28.080,    14.3
   859.0,0.002572, 24,  28.080,    14.3
   860.0,0.002571, 24,  28.086,    14.3
   861.0,0.002565, 24,  28.089,    14.4
   862.0,0.002542, 24,  28.096,    14.4
   863.0,0.002543, 24,  28.110,    14.4
   864.0,0.002532, 24,  28.117,    14.4
   865.0,0.002512, 24,  28.121,    14.4
   866.0,0.002517, 24,  28.129,    14.4
   867.0,0.002517, 24,  28.128,    14.4
   868.0,0.002510, 24,  28.134,    14.5
   869.0,0.002500, 24,  28.135,    14.5
   870.0,0.002491, 24,  28.142,    14.5
   871.0,0.002500, 24,  28.140,    14.5
   872.0,0.002477, 24,  28.132,    14.5
   873.0,0.002468, 24,  28.123,    14.6
   874.0,0.002477, 24,  28.116,    14.6
   875.0,0.002467, 24,  28.112,    14.6
   876.0,0.002460, 24,  28.112,    14.6
   877.0,0.002450, 24,  28.112,    14.6
   878.0,0.002449, 24,  28.108,    14.6
   879.0,0.002445, 24,  28.105,    14.6
   880.0,0.002447, 24,  28.104,    14.7
   881.0,0.002432, 24,  28.105,    14.7
   882.0,0.002432, 24,  28.114,    14.7
   883.0,0.002417, 24,  28.113,    14.7
   884.0,0.002398, 24,  28.113,    14.7
   885.0,0.002396, 24,  28.104,    14.8
   886.0,0.002389, 24,  28.110,    14.8
   887.0,0.002376, 24,  28.106,    14.8
   888.0,0.002378, 24,  28.099,    14.8
   889.0,0.002370, 24,  28.090,    14.8
   890.0,0.002367, 24,  28.094,    14.8
   891.0,0.002357, 24,  28.101,    14.9
   892.0,0.002354, 24,  28.104,    14.9
   893.0,0.002362, 24,  28.106,    14.9
   894.0,0.002353, 24,  28.110,    14.9
   895.0,0.002335, 24,  28.113,    14.9
   896.0,0.002336, 24,  28.118,    14.9
   897.0,0.002324, 24,  28.120,    14.9
   898.0,0.002329, 24,  28.126,    15.0
   899.0,0.002314, 24,  28.133,    15.0
   900.0,0.002291, 24,  28.135,    15.0
   901.0,0.002299, 24,  28.138,    15.0
   902.0,0.002298, 24,  28.146,    15.0
   903.0,0.002290, 24,  28.151,    15.1
   904.0,0.002309, 24,  28.159,    15.1
   905.0,0.002315, 24,  28.160,    15.1
   906.0,0.002298, 24,  28.157,    15.1
   907.0,0.002280, 24,  28.162,    15.1
   908.0,0.002268, 24,  28.149,    15.1
   909.0,0.002276, 24,  28.144,    15.1
   910.0,0.002265, 24,  28.148,    15.2
   911.0,0.002231, 24,  28.145,    15.2
   912.0,0.002222, 24,  28.145,    15.2
   913.0,0.002231, 24,  28.147,    15.2
   914.0,0.002230, 24,  28.142,    15.2
   915.0,0.002230, 24,  28.152,    15.3
   916.0,0.002221, 24,  28.153,    15.3
   917.0,0.002222, 24,  28.154,    15.3
   918.0,0.002203, 24,  28.156,    15.3
   919.0,0.002189, 24,  28.159,    15.3
   920.0,0.002195, 24,  28.159,    15.3
   921.0,0.002203, 24,  28.158,    15.4
   922.0,0.002176, 24,  28.167,    15.4
   923.0,0.002166, 24,  28.166,    15.4
   924.0,0.002166, 24,  28.168,    15.4
   925.0,0.002147, 24,  28.167,    15.4
   926.0,0.002137, 24,  28.168,    15.4
   927.0,0.002127, 24,  28.169,    15.4
   928.0,0.002147, 24,  28.167,    15.5
   929.0,0.002127, 24,  28.164,    15.5
   930.0,0.002109, 24,  28.165,    15.5
   931.0,0.002115, 24,  28.166,    15.5
   932.0,0.002115, 24,  28.167,    15.5
   933.0,0.002107, 24,  28.165,    15.6
   934.0,0.002090, 24,  28.162,    15.6
   935.0,0.002098, 24,  28.161,    15.6
   936.0,0.002106, 24,  28.157,    15.6
   937.0,0.002115, 24,  28.149,    15.6
   938.0,0.002088, 24,  28.145,    15.6
   939.0,0.002085, 24,  28.141,    15.6
   940.0,0.002083, 24,  28.142,    15.7
   941.0,0.002068, 24,  28.139,    15.7
   942.0,0.002056, 24,  28.135,    15.7
   943.0,0.002055, 24,  28.135,    15.7
   944.0,0.002063, 24,  28.129,    15.7
   945.0,0.002071, 24,  28.125,    15.8
   946.0,0.002063, 24,  28.125,    15.8
   947.0,0.002053, 24,  28.129,    15.8
   948.0,0.002041, 24,  28.126,    15.8
   949.0,0.002044, 24,  28.132,    15.8
   950.0,0.002042, 24,  28.133,    15.8
   951.0,0.002031, 24,  28.132,    15.9
   952.0,0.002029, 24,  28.135,    15.9
   953.0,0.002005, 24,  28.134,    15.9
   954.0,0.001990, 24,  28.139,    15.9
   955.0,0.002003, 24,  28.140,    15.9
   956.0,0.002000, 24,  28.140,    15.9
   957.0,0.002001, 24,  28.138,    15.9
   958.0,0.001981, 24,  28.139,    16.0
   959.0,0.001986, 24,  28.138,    16.0
   960.0,0.001974, 24,  28.139,    16.0
   961.0,0.001974, 24,  28.138,    16.0
   962.0,0.001982, 24,  28.138,    16.0
   963.0,0.001978, 24,  28.141,    16.0
   964.0,0.001981, 24,  28.145,    16.1
   965.0,0.001965, 24,  28.139,    16.1
   966.0,0.001978, 24,  28.146,    16.1
   967.0,0.001980, 24,  28.152,    16.1
   968.0,0.001973, 24,  28.148,    16.1
   969.0,0.001978, 24,  28.152,    16.1
   970.0,0.001965, 24,  28.165,    16.2
   971.0,0.001970, 24,  28.160,    16.2
   972.0,0.001939, 24,  28.169,    16.2
   973.0,0.001935, 24,  28.174,    16.2
   974.0,0.001931, 24,  28.176,    16.2
   975.0,0.001931, 24,  28.176,    16.3
   976.0,0.001924, 24,  28.179,    16.3
   977.0,0.001907, 24,  28.166,    16.3
   978.0,0.001911, 24,  28.167,    16.3
   979.0,0.001936, 24,  28.157,    16.3
   980.0,0.001928, 24,  28.151,    16.3
   981.0,0.001928, 24,  28.146,    16.4
   982.0,0.001929, 24,  28.140,    16.4
   983.0,0.001932, 24,  28.133,    16.4
   984.0,0.001929, 24,  28.139,    16.4
   985.0,0.001913, 24,  28.137,    16.4
   986.0,0.001899, 24,  28.140,    16.4
   987.0,0.001893, 24,  28.138,    16.5
   988.0,0.001879, 24,  28.142,    16.5
   989.0,0.001859, 24,  28.139,    16.5
   990.0,0.001863, 24,  28.134,    16.5
   991.0,0.001854, 24,  28.137,    16.5
   992.0,0.001843, 24,  28.136,    16.5
   993.0,0.001847, 24,  28.143,    16.5
   994.0,0.001840, 24,  28.141,    16.6
   995.0,0.001826, 24,  28.141,    16.6
   996.0,0.001803, 24,  28.140,    16.6
   997.0,0.001803, 24,  28.143,    16.6
   998.0,0.001803, 24,  28.147,    16.6
   999.0,0.001814, 24,  28.142,    16.6
  1000.0,0.001822, 24,  28.149,    16.7
  1001.0,0.001829, 24,  28.148,    16.7
  1002.0,0.001836, 24,  28.151,    16.7
  1003.0,0.001841, 24,  28.155,    16.7
  1004.0,0.001829, 24,  28.157,    16.7
  1005.0,0.001802, 24,  28.159,    16.8
  1006.0,0.001799, 24,  28.170,    16.8
  1007.0,0.001799, 24,  28.172,    16.8
  1008.0,0.001792, 24,  28.175,    16.8
  1009.0,0.001788, 24,  28.173,    16.8
  1010.0,0.001769, 24,  28.173,    16.8
  1011.0,0.001778, 24,  28.161,    16.9
  1012.0,0.001770, 24,  28.162,    16.9
  1013.0,0.001780, 24,  28.158,    16.9
  1014.0,0.001769, 24,  28.151,    16.9
  1015.0,0.001763, 24,  28.139,    16.9
  1016.0,0.001738, 24,  28.135,    16.9
  1017.0,0.001756, 24,  28.126,    17.0
  1018.0,0.001742, 24,  28.127,    17.0
  1019.0,0.001737, 24,  28.120,    17.0
  1020.0,0.001721, 24,  28.133,    17.0
  1021.0,0.001719, 24,  28.129,    17.0
  1022.0,0.001737, 24,  28.127,    17.0
  1023.0,0.001741, 24,  28.127,    17.0
  1024.0,0.001741, 24,  28.128,    17.1
  1025.0,0.001758, 24,  28.127,    17.1
  1026.0,0.001747, 24,  28.126,    17.1
  1027.0,0.001747, 24,  28.130,    17.1
  1028.0,0.001726, 24,  28.123,    17.1
  1029.0,0.001728, 24,  28.126,    17.1
  1030.0,0.001744, 24,  28.129,    17.2
  1031.0,0.001748, 24,  28.129,    17.2
  1032.0,0.001748, 24,  28.122,    17.2
  1033.0,0.001765, 24,  28.125,    17.2
  1034.0,0.001737, 24,  28.119,    17.2
  1035.0,0.001727, 24,  28.114,    17.3
  1036.0,0.001709, 24,  28.107,    17.3
  1037.0,0.001699, 24,  28.103,    17.3
  1038.0,0.001696, 24,  28.098,    17.3
  1039.0,0.001688, 24,  28.091,    17.3
  1040.0,0.001678, 24,  28.089,    17.3
  1041.0,0.001677, 24,  28.088,    17.4
  1042.0,0.001670, 24,  28.089,    17.4
  1043.0,0.001666, 24,  28.085,    17.4
  1044.0,0.001681, 24,  28.091,    17.4
  1045.0,0.001672, 24,  28.083,    17.4
  1046.0,0.001659, 24,  28.088,    17.4
  1047.0,0.001659, 24,  28.096,    17.5
  1048.0,0.001671, 24,  28.093,    17.5
  1049.0,0.001663, 24,  28.093,    17.5
  1050.0,0.001655, 24,  28.097,    17.5
  1051.0,0.001648, 24,  28.094,    17.5
  1052.0,0.001648, 24,  28.099,    17.5
  1053.0,0.001656, 24,  28.102,    17.5
  1054.0,0.001649, 24,  28.108,    17.6
  1055.0,0.001662, 24,  28.109,    17.6
  1056.0,0.001676, 24,  28.116,    17.6
  1057.0,0.001682, 24,  28.125,    17.6
  1058.0,0.001692, 24,  28.138,    17.6
  1059.0,0.001676, 24,  28.138,    17.6
  1060.0,0.001671, 24,  28.145,    17.7
  1061.0,0.001640, 24,  28.145,    17.7
  1062.0,0.001631, 24,  28.149,    17.7
  1063.0,0.001627, 24,  28.150,    17.7
  1064.0,0.001640, 24,  28.154,    17.7
  1065.0,0.001640, 24,  28.157,    17.8
  1066.0,0.001638, 24,  28.162,    17.8
  1067.0,0.001636, 24,  28.162,    17.8
  1068.0,0.001634, 24,  28.158,    17.8
  1069.0,0.001628, 24,  28.156,    17.8
  1070.0,0.001621, 24,  28.155,    17.8
  1071.0,0.001613, 24,  28.149,    17.9
  1072.0,0.001599, 24,  28.147,    17.9
  1073.0,0.001580, 24,  28.141,    17.9
  1074.0,0.001573, 24,  28.143,    17.9
  1075.0,0.001571, 24,  28.145,    17.9
  1076.0,0.001587, 24,  28.140,    17.9
  1077.0,0.001598, 24,  28.140,    18.0
  1078.0,0.001599, 24,  28.135,    18.0
  1079.0,0.001598, 24,  28.125,    18.0
  1080.0,0.001587, 24,  28.132,    18.0
  1081.0,0.001591, 24,  28.135,    18.0
  1082.0,0.001583, 24,  28.136,    18.0
  1083.0,0.001595, 24,  28.135,    18.0
  1084.0,0.001589, 24,  28.139,    18.1
  1085.0,0.001582, 24,  28.143,    18.1
  1086.0,0.001571, 24,  28.142,    18.1
  1087.0,0.001571, 24,  28.141,    18.1
  1088.0,0.001564, 24,  28.138,    18.1
  1089.0,0.001561, 24,  28.136,    18.1
  1090.0,0.001552, 24,  28.129,    18.2
  1091.0,0.001557, 24,  28.126,    18.2
  1092.0,0.001553, 24,  28.123,    18.2
  1093.0,0.001545, 24,  28.120,    18.2
  1094.0,0.001553, 24,  28.110,    18.2
  1095.0,0.001556, 24,  28.097,    18.3
  1096.0,0.001551, 24,  28.093,    18.3
  1097.0,0.001552, 24,  28.094,    18.3
  1098.0,0.001551, 24,  28.102,    18.3
  1099.0,0.001546, 24,  28.104,    18.3
  1100.0,0.001533, 24,  28.103,    18.3
  1101.0,0.001521, 24,  28.112,    18.4
  1102.0,0.001517, 24,  28.113,    18.4
  1103.0,0.001525, 24,  28.121,    18.4
  1104.0,0.001518, 24,  28.129,    18.4
  1105.0,0.001503, 24,  28.132,    18.4
  1106.0,0.001495, 24,  28.133,    18.4
  1107.0,0.001501, 24,  28.143,    18.5
  1108.0,0.001514, 24,  28.147,    18.5
  1109.0,0.001521, 24,  28.157,    18.5
  1110.0,0.001523, 24,  28.161,    18.5
  1111.0,0.001539, 24,  28.169,    18.5
  1112.0,0.001539, 24,  28.171,    18.5
  1113.0,0.001540, 24,  28.175,    18.5
  1114.0,0.001532, 24,  28.177,    18.6
  1115.0,0.001513, 24,  28.183,    18.6
  1116.0,0.001525, 24,  28.177,    18.6
  1117.0,0.001517, 24,  28.178,    18.6
  1118.0,0.001520, 24,  28.166,    18.6
  1119.0,0.001524, 24,  28.165,    18.6
  1120.0,0.001532, 24,  28.163,    18.7
  1121.0,0.001545, 24,  28.159,    18.7
  1122.0,0.001530, 24,  28.154,    18.7
  1123.0,0.001511, 24,  28.155,    18.7
  1124.0,0.001503, 24,  28.153,    18.7
  1125.0,0.001484, 24,  28.160,    18.8
  1126.0,0.001480, 24,  28.160,    18.8
  1127.0,0.001474, 24,  28.159,    18.8
  1128.0,0.001456, 24,  28.157,    18.8
  1129.0,0.001468, 24,  28.167,    18.8
  1130.0,0.001483, 24,  28.167,    18.8
  1131.0,0.001478, 24,  28.161,    18.9
  1132.0,0.001475, 24,  28.163,    18.9
  1133.0,0.001486, 24,  28.155,    18.9
  1134.0,0.001480, 24,  28.161,    18.9
  1135.0,0.001489, 24,  28.156,    18.9
  1136.0,0.001489, 24,  28.156,    18.9
  1137.0,0.001494, 24,  28.163,    19.0
  1138.0,0.001486, 24,  28.171,    19.0
  1139.0,0.001458, 24,  28.179,    19.0
  1140.0,0.001456, 24,  28.183,    19.0
  1141.0,0.001451, 24,  28.186,    19.0
  1142.0,0.001447, 24,  28.189,    19.0
  1143.0,0.001456, 24,  28.196,    19.0
  1144.0,0.001451, 24,  28.201,    19.1
  1145.0,0.001462, 24,  28.204,    19.1
  1146.0,0.001460, 24,  28.215,    19.1
  1147.0,0.001467, 24,  28.216,    19.1
  1148.0,0.001460, 24,  28.217,    19.1
  1149.0,0.001447, 24,  28.220,    19.1
  1150.0,0.001451, 24,  28.219,    19.2
  1151.0,0.001436, 24,  28.222,    19.2
  1152.0,0.001441, 24,  28.224,    19.2
  1153.0,0.001441, 24,  28.220,    19.2
  1154.0,0.001434, 24,  28.220,    19.2
  1155.0,0.001441, 24,  28.227,    19.3
  1156.0,0.001441, 24,  28.225,    19.3
  1157.0,0.001424, 24,  28.231,    19.3
  1158.0,0.001402, 24,  28.230,    19.3
  1159.0,0.001397, 24,  28.222,    19.3
  1160.0,0.001381, 24,  28.223,    19.3
  1161.0,0.001403, 24,  28.214,    19.4
  1162.0,0.001416, 24,  28.212,    19.4
  1163.0,0.001401, 24,  28.204,    19.4
  1164.0,0.001421, 24,  28.202,    19.4
  1165.0,0.001427, 24,  28.187,    19.4
  1166.0,0.001412, 24,  28.188,    19.4
  1167.0,0.001402, 24,  28.184,    19.5
  1168.0,0.001391, 24,  28.185,    19.5
  1169.0,0.001384, 24,  28.180,    19.5
  1170.0,0.001405, 24,  28.177,    19.5
  1171.0,0.001407, 24,  28.180,    19.5
  1172.0,0.001429, 24,  28.177,    19.5
  1173.0,0.001429, 24,  28.177,    19.5
  1174.0,0.001417, 24,  28.179,    19.6
  1175.0,0.001418, 24,  28.187,    19.6
  1176.0,0.001414, 24,  28.182,    19.6
  1177.0,0.001389, 24,  28.185,    19.6
  1178.0,0.001402, 24,  28.185,    19.6
  1179.0,0.001417, 24,  28.183,    19.6
  1180.0,0.001412, 24,  28.185,    19.7
  1181.0,0.001424, 24,  28.179,    19.7
  1182.0,0.001416, 24,  28.182,    19.7
  1183.0,0.001429, 24,  28.183,    19.7
  1184.0,0.001416, 24,  28.181,    19.7
  1185.0,0.001405, 24,  28.183,    19.8
  1186.0,0.001395, 24,  28.187,    19.8
  1187.0,0.001407, 24,  28.186,    19.8
  1188.0,0.001399, 24,  28.191,    19.8
  1189.0,0.001409, 24,  28.190,    19.8
  1190.0,0.001387, 24,  28.187,    19.8
  1191.0,0.001368, 24,  28.190,    19.9
  1192.0,0.001352, 24,  28.186,    19.9
  1193.0,0.001352, 24,  28.181,    19.9
  1194.0,0.001357, 24,  28.178,    19.9
  1195.0,0.001367, 24,  28.173,    19.9
  1196.0,0.001362, 24,  28.163,    19.9
  1197.0,0.001359, 24,  28.153,    20.0
  1198.0,0.001348, 24,  28.146,    20.0
  1199.0,0.001361, 24,  28.141,    20.0
  1200.0,0.001362, 24,  28.141,    20.0
  1201.0,0.001346, 24,  28.141,    20.0
  1202.0,0.001343, 24,  28.142,    20.0
  1203.0,0.001332, 24,  28.147,    20.0
  1204.0,0.001328, 24,  28.150,    20.1
  1205.0,0.001309, 24,  28.149,    20.1
  1206.0,0.001312, 24,  28.159,    20.1
  1207.0,0.001335, 24,  28.158,    20.1
  1208.0,0.001339, 24,  28.163,    20.1
  1209.0,0.001330, 24,  28.167,    20.1
  1210.0,0.001341, 24,  28.169,    20.2
  1211.0,0.001345, 24,  28.177,    20.2
  1212.0,0.001344, 24,  28.175,    20.2
  1213.0,0.001334, 24,  28.178,    20.2
  1214.0,0.001330, 24,  28.180,    20.2
  1215.0,0.001333, 24,  28.187,    20.3
  1216.0,0.001336, 24,  28.182,    20.3
  1217.0,0.001336, 24,  28.185,    20.3
  1218.0,0.001348, 24,  28.180,    20.3
  1219.0,0.001355, 24,  28.174,    20.3
  1220.0,0.001331, 24,  28.168,    20.3
  1221.0,0.001333, 24,  28.165,    20.4
  1222.0,0.001328, 24,  28.163,    20.4
  1223.0,0.001328, 24,  28.159,    20.4
  1224.0,0.001324, 24,  28.158,    20.4
  1225.0,0.001317, 24,  28.153,    20.4
  1226.0,0.001317, 24,  28.153,    20.4
  1227.0,0.001321, 24,  28.149,    20.5
  1228.0,0.001313, 24,  28.153,    20.5
  1229.0,0.001314, 24,  28.152,    20.5
  1230.0,0.001316, 24,  28.148,    20.5
  1231.0,0.001300, 24,  28.148,    20.5
  1232.0,0.001289, 24,  28.157,    20.5
  1233.0,0.001292, 24,  28.155,    20.5
  1234.0,0.001297, 24,  28.160,    20.6
  1235.0,0.001294, 24,  28.160,    20.6
  1236.0,0.001274, 24,  28.167,    20.6
  1237.0,0.001284, 24,  28.171,    20.6
  1238.0,0.001275, 24,  28.188,    20.6
  1239.0,0.001272, 24,  28.196,    20.6
  1240.0,0.001273, 24,  28.203,    20.7
  1241.0,0.001275, 24,  28.207,    20.7
  1242.0,0.001286, 24,  28.214,    20.7
  1243.0,0.001294, 24,  28.226,    20.7
  1244.0,0.001281, 24,  28.226,    20.7
  1245.0,0.001301, 24,  28.237,    20.8
  1246.0,0.001303, 24,  28.241,    20.8
  1247.0,0.001295, 24,  28.240,    20.8
  1248.0,0.001292, 24,  28.242,    20.8
  1249.0,0.001288, 24,  28.241,    20.8
  1250.0,0.001277, 24,  28.238,    20.8
  1251.0,0.001292, 24,  28.239,    20.9
  1252.0,0.001288, 24,  28.243,    20.9
  1253.0,0.001305, 24,  28.244,    20.9
  1254.0,0.001296, 24,  28.242,    20.9
  1255.0,0.001284, 24,  28.238,    20.9
  1256.0,0.001296, 24,  28.235,    20.9
  1257.0,0.001299, 24,  28.230,    21.0
  1258.0,0.001302, 24,  28.218,    21.0
  1259.0,0.001301, 24,  28.214,    21.0
  1260.0,0.001296, 24,  28.197,    21.0
  1261.0,0.001286, 24,  28.191,    21.0
  1262.0,0.001278, 24,  28.184,    21.0
  1263.0,0.001254, 24,  28.182,    21.0
  1264.0,0.001251, 24,  28.176,    21.1
  1265.0,0.001254, 24,  28.176,    21.1
  1266.0,0.001253, 24,  28.167,    21.1
  1267.0,0.001251, 24,  28.160,    21.1
  1268.0,0.001242, 24,  28.165,    21.1
  1269.0,0.001261, 24,  28.171,    21.1
  1270.0,0.001261, 24,  28.178,    21.2
  1271.0,0.001252, 24,  28.186,    21.2
  1272.0,0.001261, 24,  28.191,    21.2
  1273.0,0.001241, 24,  28.192,    21.2
  1274.0,0.001237, 24,  28.190,    21.2
  1275.0,0.001223, 24,  28.195,    21.3
  1276.0,0.001223, 24,  28.190,    21.3
  1277.0,0.001224, 24,  28.187,    21.3
  1278.0,0.001220, 24,  28.183,    21.3
  1279.0,0.001212, 24,  28.181,    21.3
  1280.0,0.001228, 24,  28.177,    21.3
  1281.0,0.001250, 24,  28.171,    21.4
  1282.0,0.001236, 24,  28.168,    21.4
  1283.0,0.001248, 24,  28.163,    21.4
  1284.0,0.001251, 24,  28.162,    21.4
  1285.0,0.001259, 24,  28.168,    21.4
  1286.0,0.001251, 24,  28.166,    21.4
  1287.0,0.001236, 24,  28.167,    21.5
  1288.0,0.001248, 24,  28.165,    21.5
  1289.0,0.001251, 24,  28.171,    21.5
  1290.0,0.001255, 24,  28.169,    21.5
  1291.0,0.001244, 24,  28.183,    21.5
  1292.0,0.001225, 24,  28.182,    21.5
  1293.0,0.001219, 24,  28.187,    21.5
  1294.0,0.001197, 24,  28.186,    21.6
  1295.0,0.001193, 24,  28.185,    21.6
  1296.0,0.001218, 24,  28.182,    21.6
  1297.0,0.001208, 24,  28.183,    21.6
  1298.0,0.001203, 24,  28.181,    21.6
  1299.0,0.001208, 24,  28.191,    21.6
  1300.0,0.001226, 24,  28.188,    21.7
  1301.0,0.001234, 24,  28.195,    21.7
  1302.0,0.001234, 24,  28.195,    21.7
  1303.0,0.001236, 24,  28.204,    21.7
  1304.0,0.001245, 24,  28.202,    21.7
  1305.0,0.001229, 24,  28.205,    21.8
  1306.0,0.001211, 24,  28.207,    21.8
  1307.0,0.001223, 24,  28.211,    21.8
  1308.0,0.001231, 24,  28.207,    21.8
  1309.0,0.001218, 24,  28.214,    21.8
  1310.0,0.001215, 24,  28.211,    21.8
  1311.0,0.001200, 24,  28.207,    21.9
  1312.0,0.001212, 24,  28.201,    21.9
  1313.0,0.001203, 24,  28.197,    21.9
  1314.0,0.001222, 24,  28.192,    21.9
  1315.0,0.001234, 24,  28.191,    21.9
  1316.0,0.001214, 24,  28.183,    21.9
  1317.0,0.001192, 24,  28.176,    22.0
  1318.0,0.001201, 24,  28.161,    22.0
  1319.0,0.001189, 24,  28.165,    22.0
  1320.0,0.001212, 24,  28.158,    22.0
  1321.0,0.001189, 24,  28.162,    22.0
  1322.0,0.001193, 24,  28.168,    22.0
  1323.0,0.001213, 24,  28.165,    22.0
  1324.0,0.001206, 24,  28.170,    22.1
  1325.0,0.001186, 24,  28.175,    22.1
  1326.0,0.001186, 24,  28.190,    22.1
  1327.0,0.001198, 24,  28.193,    22.1
  1328.0,0.001182, 24,  28.200,    22.1
  1329.0,0.001181, 24,  28.208,    22.1
  1330.0,0.001189, 24,  28.209,    22.2
  1331.0,0.001197, 24,  28.214,    22.2
  1332.0,0.001192, 24,  28.224,    22.2
  1333.0,0.001174, 24,  28.231,    22.2
  1334.0,0.001176, 24,  28.241,    22.2
  1335.0,0.001184, 24,  28.243,    22.3
  1336.0,0.001182, 24,  28.245,    22.3
  1337.0,0.001189, 24,  28.245,    22.3
  1338.0,0.001178, 24,  28.240,    22.3
  1339.0,0.001180, 24,  28.244,    22.3
  1340.0,0.001165, 24,  28.236,    22.3
  1341.0,0.001146, 24,  28.226,    22.4
  1342.0,0.001158, 24,  28.225,    22.4
  1343.0,0.001180, 24,  28.222,    22.4
  1344.0,0.001173, 24,  28.223,    22.4
  1345.0,0.001169, 24,  28.219,    22.4
  1346.0,0.001175, 24,  28.209,    22.4
  1347.0,0.001176, 24,  28.200,    22.5
  1348.0,0.001169, 24,  28.203,    22.5
  1349.0,0.001159, 24,  28.203,    22.5
  1350.0,0.001168, 24,  28.204,    22.5
  1351.0,0.001163, 24,  28.202,    22.5
  1352.0,0.001158, 24,  28.197,    22.5
  1353.0,0.001163, 24,  28.188,    22.5
  1354.0,0.001178, 24,  28.169,    22.6
  1355.0,0.001173, 24,  28.156,    22.6
  1356.0,0.001180, 24,  28.155,    22.6
  1357.0,0.001192, 24,  28.152,    22.6
  1358.0,0.001201, 24,  28.149,    22.6
  1359.0,0.001197, 24,  28.154,    22.6
  1360.0,0.001192, 24,  28.153,    22.7
  1361.0,0.001189, 24,  28.153,    22.7
  1362.0,0.001189, 24,  28.163,    22.7
  1363.0,0.001170, 24,  28.163,    22.7
  1364.0,0.001167, 24,  28.166,    22.7
  1365.0,0.001155, 24,  28.167,    22.8
  1366.0,0.001147, 24,  28.166,    22.8
  1367.0,0.001147, 24,  28.166,    22.8
  1368.0,0.001147, 24,  28.167,    22.8
  1369.0,0.001147, 24,  28.164,    22.8
  1370.0,0.001151, 24,  28.166,    22.8
  1371.0,0.001144, 24,  28.177,    22.9
  1372.0,0.001140, 24,  28.180,    22.9
  1373.0,0.001136, 24,  28.185,    22.9
  1374.0,0.001133, 24,  28.195,    22.9
  1375.0,0.001136, 24,  28.196,    22.9
  1376.0,0.001153, 24,  28.200,    22.9
  1377.0,0.001164, 24,  28.202,    23.0
  1378.0,0.001156, 24,  28.199,    23.0
  1379.0,0.001137, 24,  28.203,    23.0
  1380.0,0.001130, 24,  28.203,    23.0
  1381.0,0.001134, 24,  28.198,    23.0
  1382.0,0.001133, 24,  28.193,    23.0
  1383.0,0.001136, 24,  28.198,    23.0
  1384.0,0.001136, 24,  28.191,    23.1
  1385.0,0.001140, 24,  28.182,    23.1
  1386.0,0.001144, 24,  28.179,    23.1
  1387.0,0.001136, 24,  28.179,    23.1
  1388.0,0.001129, 24,  28.180,    23.1
  1389.0,0.001136, 24,  28.176,    23.1
  1390.0,0.001125, 24,  28.177,    23.2
  1391.0,0.001101, 24,  28.178,    23.2
  1392.0,0.001118, 24,  28.174,    23.2
  1393.0,0.001125, 24,  28.172,    23.2
  1394.0,0.001141, 24,  28.167,    23.2
  1395.0,0.001117, 24,  28.162,    23.3
  1396.0,0.001106, 24,  28.160,    23.3
  1397.0,0.001135, 24,  28.160,    23.3
  1398.0,0.001129, 24,  28.150,    23.3
  1399.0,0.001142, 24,  28.145,    23.3
  1400.0,0.001150, 24,  28.137,    23.3
  1401.0,0.001155, 24,  28.131,    23.4
  1402.0,0.001162, 24,  28.112,    23.4
  1403.0,0.001166, 24,  28.100,    23.4
  1404.0,0.001151, 24,  28.083,    23.4
  1405.0,0.001147, 24,  28.079,    23.4
  1406.0,0.001144, 24,  28.080,    23.4
  1407.0,0.001144, 24,  28.083,    23.5
  1408.0,0.001144, 24,  28.089,    23.5
  1409.0,0.001133, 24,  28.100,    23.5
  1410.0,0.001125, 24,  28.118,    23.5
  1411.0,0.001106, 24,  28.130,    23.5
  1412.0,0.001098, 24,  28.145,    23.5
  1413.0,0.001095, 24,  28.158,    23.5
  1414.0,0.001107, 24,  28.172,    23.6
  1415.0,0.001106, 24,  28.179,    23.6
  1416.0,0.001098, 24,  28.195,    23.6
  1417.0,0.001100, 24,  28.203,    23.6
  1418.0,0.001098, 24,  28.209,    23.6
  1419.0,0.001111, 24,  28.216,    23.6
  1420.0,0.001106, 24,  28.219,    23.7
  1421.0,0.001123, 24,  28.216,    23.7
  1422.0,0.001134, 24,  28.207,    23.7
  1423.0,0.001129, 24,  28.200,    23.7
  1424.0,0.001137, 24,  28.189,    23.7
  1425.0,0.001128, 24,  28.184,    23.8
  1426.0,0.001112, 24,  28.180,    23.8
  1427.0,0.001104, 24,  28.173,    23.8
  1428.0,0.001113, 24,  28.176,    23.8
  1429.0,0.001118, 24,  28.174,    23.8
  1430.0,0.001096, 24,  28.176,    23.8
  1431.0,0.001103, 24,  28.177,    23.9
  1432.0,0.001091, 24,  28.177,    23.9
  1433.0,0.001096, 24,  28.183,    23.9
  1434.0,0.001095, 24,  28.187,    23.9
  1435.0,0.001079, 24,  28.190,    23.9
  1436.0,0.001079, 24,  28.200,    23.9
  1437.0,0.001075, 24,  28.209,    24.0
  1438.0,0.001068, 24,  28.209,    24.0
  1439.0,0.001072, 24,  28.215,    24.0
  1440.0,0.001072, 24,  28.211,    24.0
  1441.0,0.001070, 24,  28.214,    24.0
  1442.0,0.001067, 24,  28.212,    24.0
  1443.0,0.001082, 24,  28.209,    24.0
  1444.0,0.001079, 24,  28.203,    24.1
  1445.0,0.001082, 24,  28.195,    24.1
  1446.0,0.001085, 24,  28.187,    24.1
  1447.0,0.001081, 24,  28.179,    24.1
  1448.0,0.001081, 24,  28.173,    24.1
  1449.0,0.001085, 24,  28.168,    24.1
  1450.0,0.001106, 24,  28.159,    24.2
  1451.0,0.001091, 24,  28.156,    24.2
  1452.0,0.001092, 24,  28.151,    24.2
  1453.0,0.001089, 24,  28.151,    24.2
  1454.0,0.001090, 24,  28.148,    24.2
  1455.0,0.001079, 24,  28.145,    24.3
  1456.0,0.001072, 24,  28.141,    24.3
  1457.0,0.001079, 24,  28.155,    24.3
  1458.0,0.001078, 24,  28.159,    24.3
  1459.0,0.001085, 24,  28.162,    24.3
  1460.0,0.001089, 24,  28.171,    24.3
  1461.0,0.001081, 24,  28.175,    24.4
  1462.0,0.001075, 24,  28.185,    24.4
  1463.0,0.001053, 24,  28.192,    24.4
  1464.0,0.001028, 24,  28.199,    24.4
  1465.0,0.001009, 24,  28.206,    24.4
  1466.0,0.001017, 24,  28.202,    24.4
  1467.0,0.001028, 24,  28.197,    24.5
  1468.0,0.001035, 24,  28.192,    24.5
  1469.0,0.001057, 24,  28.191,    24.5
  1470.0,0.001051, 24,  28.186,    24.5
  1471.0,0.001065, 24,  28.179,    24.5
  1472.0,0.001074, 24,  28.172,    24.5
  1473.0,0.001070, 24,  28.170,    24.5
  1474.0,0.001065, 24,  28.169,    24.6
  1475.0,0.001067, 24,  28.161,    24.6
  1476.0,0.001063, 24,  28.160,    24.6
  1477.0,0.001050, 24,  28.149,    24.6
  1478.0,0.001063, 24,  28.142,    24.6
  1479.0,0.001056, 24,  28.141,    24.6
  1480.0,0.001052, 24,  28.132,    24.7
  1481.0,0.001052, 24,  28.130,    24.7
  1482.0,0.001063, 24,  28.125,    24.7
  1483.0,0.001070, 24,  28.128,    24.7
  1484.0,0.001065, 24,  28.127,    24.7
  1485.0,0.001072, 24,  28.126,    24.8
  1486.0,0.001076, 24,  28.123,    24.8
  1487.0,0.001081, 24,  28.126,    24.8
  1488.0,0.001081, 24,  28.133,    24.8
  1489.0,0.001078, 24,  28.144,    24.8
  1490.0,0.001067, 24,  28.156,    24.8
  1491.0,0.001063, 24,  28.169,    24.9
  1492.0,0.001045, 24,  28.171,    24.9
  1493.0,0.001042, 24,  28.178,    24.9
  1494.0,0.001078, 24,  28.175,    24.9
  1495.0,0.001070, 24,  28.178,    24.9
  1496.0,0.001074, 24,  28.179,    24.9
  1497.0,0.001078, 24,  28.175,    25.0
  1498.0,0.001078, 24,  28.174,    25.0
  1499.0,0.001074, 24,  28.175,    25.0
  1500.0,0.001067, 24,  28.175,    25.0
  1501.0,0.001076, 24,  28.175,    25.0
  1502.0,0.001068, 24,  28.180,    25.0
  1503.0,0.001058, 24,  28.179,    25.0
  1504.0,0.001050, 24,  28.179,    25.1
  1505.0,0.001064, 24,  28.186,    25.1
  1506.0,0.001072, 24,  28.186,    25.1
  1507.0,0.001068, 24,  28.185,    25.1
  1508.0,0.001064, 24,  28.187,    25.1
  1509.0,0.001052, 24,  28.180,    25.1
  1510.0,0.001054, 24,  28.186,    25.2
  1511.0,0.001034, 24,  28.189,    25.2
  1512.0,0.001013, 24,  28.186,    25.2
  1513.0,0.001036, 24,  28.189,    25.2
  1514.0,0.001051, 24,  28.193,    25.2
  1515.0,0.001050, 24,  28.193,    25.3
  1516.0,0.001063, 24,  28.193,    25.3
  1517.0,0.001051, 24,  28.202,    25.3
  1518.0,0.001048, 24,  28.206,    25.3
  1519.0,0.001022, 24,  28.211,    25.3
  1520.0,0.001002, 24,  28.210,    25.3
  1521.0,0.001007, 24,  28.213,    25.4
  1522.0,0.000996, 24,  28.208,    25.4
  1523.0,0.000995, 24,  28.204,    25.4
  1524.0,0.001011, 24,  28.208,    25.4
  1525.0,0.001013, 24,  28.196,    25.4
  1526.0,0.001013, 24,  28.196,    25.4
  1527.0,0.001025, 24,  28.193,    25.5
  1528.0,0.001024, 24,  28.191,    25.5
  1529.0,0.001051, 24,  28.185,    25.5
  1530.0,0.001055, 24,  28.197,    25.5
  1531.0,0.001046, 24,  28.198,    25.5
  1532.0,0.001053, 24,  28.200,    25.5
  1533.0,0.001046, 24,  28.204,    25.5
  1534.0,0.001046, 24,  28.205,    25.6
  1535.0,0.001047, 24,  28.211,    25.6
  1536.0,0.001039, 24,  28.215,    25.6
  1537.0,0.001051, 24,  28.214,    25.6
  1538.0,0.001028, 24,  28.215,    25.6
  1539.0,0.001035, 24,  28.219,    25.6
  1540.0,0.001047, 24,  28.219,    25.7
  1541.0,0.001055, 24,  28.227,    25.7
  1542.0,0.001042, 24,  28.230,    25.7
  1543.0,0.001031, 24,  28.230,    25.7
  1544.0,0.001028, 24,  28.231,    25.7
  1545.0,0.001028, 24,  28.227,    25.8
  1546.0,0.001029, 24,  28.223,    25.8
  1547.0,0.001018, 24,  28.224,    25.8
  1548.0,0.001039, 24,  28.220,    25.8
  1549.0,0.001037, 24,  28.221,    25.8
  1550.0,0.001040, 24,  28.222,    25.8
  1551.0,0.001035, 24,  28.221,    25.9
  1552.0,0.001046, 24,  28.221,    25.9
  1553.0,0.001046, 24,  28.219,    25.9
  1554.0,0.001031, 24,  28.217,    25.9
  1555.0,0.001017, 24,  28.208,    25.9
  1556.0,0.001007, 24,  28.208,    25.9
  1557.0,0.000989, 24,  28.201,    26.0
  1558.0,0.000990, 24,  28.194,    26.0
  1559.0,0.001001, 24,  28.189,    26.0
  1560.0,0.000997, 24,  28.187,    26.0
  1561.0,0.001004, 24,  28.184,    26.0
  1562.0,0.001019, 24,  28.166,    26.0
  1563.0,0.001022, 24,  28.148,    26.0
  1564.0,0.001025, 24,  28.131,    26.1
  1565.0,0.001017, 24,  28.108,    26.1
  1566.0,0.001016, 24,  28.103,    26.1
  1567.0,0.001020, 24,  28.106,    26.1
  1568.0,0.001028, 24,  28.102,    26.1
  1569.0,0.001018, 24,  28.107,    26.1
  1570.0,0.001007, 24,  28.112,    26.2
  1571.0,0.001011, 24,  28.119,    26.2
  1572.0,0.001003, 24,  28.129,    26.2
  1573.0,0.000996, 24,  28.142,    26.2
  1574.0,0.000995, 24,  28.147,    26.2
  1575.0,0.001002, 24,  28.156,    26.3
  1576.0,0.001013, 24,  28.157,    26.3
  1577.0,0.001013, 24,  28.164,    26.3
  1578.0,0.001005, 24,  28.169,    26.3
  1579.0,0.001003, 24,  28.173,    26.3
  1580.0,0.001005, 24,  28.175,    26.3
  1581.0,0.000997, 24,  28.179,    26.4
  1582.0,0.000996, 24,  28.181,    26.4
  1583.0,0.001005, 24,  28.183,    26.4
  1584.0,0.001012, 24,  28.195,    26.4
  1585.0,0.001000, 24,  28.193,    26.4
  1586.0,0.000998, 24,  28.194,    26.4
  1587.0,0.001006, 24,  28.195,    26.5
  1588.0,0.001002, 24,  28.195,    26.5
  1589.0,0.000991, 24,  28.199,    26.5
  1590.0,0.000991, 24,  28.196,    26.5
  1591.0,0.000998, 24,  28.198,    26.5
  1592.0,0.000984, 24,  28.197,    26.5
  1593.0,0.000998, 24,  28.206,    26.5
  1594.0,0.001006, 24,  28.207,    26.6
  1595.0,0.001013, 24,  28.215,    26.6
  1596.0,0.001006, 24,  28.224,    26.6
  1597.0,0.000996, 24,  28.237,    26.6
  1598.0,0.000989, 24,  28.245,    26.6
  1599.0,0.000986, 24,  28.248,    26.6
  1600.0,0.000979, 24,  28.256,    26.7
  1601.0,0.000982, 24,  28.264,    26.7
  1602.0,0.000990, 24,  28.268,    26.7
  1603.0,0.000980, 24,  28.260,    26.7
  1604.0,0.000991, 24,  28.273,    26.7
  1605.0,0.001009, 24,  28.274,    26.8
  1606.0,0.001012, 24,  28.267,    26.8
  1607.0,0.001001, 24,  28.264,    26.8
  1608.0,0.000994, 24,  28.253,    26.8
  1609.0,0.000981, 24,  28.253,    26.8
  1610.0,0.000990, 24,  28.252,    26.8
  1611.0,0.000995, 24,  28.245,    26.9
  1612.0,0.000985, 24,  28.244,    26.9
  1613.0,0.000992, 24,  28.243,    26.9
  1614.0,0.000984, 24,  28.238,    26.9
  1615.0,0.001000, 24,  28.244,    26.9
  1616.0,0.001011, 24,  28.241,    26.9
  1617.0,0.001005, 24,  28.243,    27.0
  1618.0,0.001005, 24,  28.244,    27.0
  1619.0,0.001003, 24,  28.242,    27.0
  1620.0,0.000999, 24,  28.246,    27.0
  1621.0,0.001011, 24,  28.246,    27.0
  1622.0,0.001025, 24,  28.247,    27.0
  1623.0,0.001030, 24,  28.241,    27.0
  1624.0,0.001034, 24,  28.244,    27.1
  1625.0,0.001022, 24,  28.240,    27.1
  1626.0,0.001039, 24,  28.242,    27.1
  1627.0,0.001028, 24,  28.241,    27.1
  1628.0,0.001024, 24,  28.235,    27.1
  1629.0,0.001016, 24,  28.240,    27.1
  1630.0,0.001007, 24,  28.235,    27.2
  1631.0,0.001005, 24,  28.237,    27.2
  1632.0,0.000997, 24,  28.239,    27.2
  1633.0,0.000998, 24,  28.241,    27.2
  1634.0,0.000998, 24,  28.247,    27.2
  1635.0,0.000980, 24,  28.252,    27.3
  1636.0,0.000970, 24,  28.261,    27.3
  1637.0,0.000972, 24,  28.271,    27.3
  1638.0,0.000963, 24,  28.275,    27.3
  1639.0,0.000972, 24,  28.281,    27.3
  1640.0,0.000984, 24,  28.297,    27.3
  1641.0,0.000976, 24,  28.308,    27.4
  1642.0,0.000980, 24,  28.313,    27.4
  1643.0,0.000978, 24,  28.320,    27.4
  1644.0,0.000984, 24,  28.324,    27.4
  1645.0,0.001000, 24,  28.335,    27.4
  1646.0,0.001004, 24,  28.340,    27.4
  1647.0,0.001001, 24,  28.341,    27.5
  1648.0,0.001004, 24,  28.347,    27.5
  1649.0,0.001015, 24,  28.340,    27.5
  1650.0,0.001003, 24,  28.335,    27.5
  1651.0,0.000996, 24,  28.331,    27.5
  1652.0,0.000990, 24,  28.328,    27.5
  1653.0,0.000986, 24,  28.329,    27.5
  1654.0,0.000974, 24,  28.326,    27.6
  1655.0,0.000979, 24,  28.327,    27.6
  1656.0,0.000987, 24,  28.317,    27.6
  1657.0,0.000967, 24,  28.314,    27.6
  1658.0,0.000963, 24,  28.308,    27.6
  1659.0,0.000983, 24,  28.305,    27.6
  1660.0,0.000981, 24,  28.298,    27.7
  1661.0,0.000986, 24,  28.300,    27.7
  1662.0,0.000981, 24,  28.294,    27.7
  1663.0,0.000977, 24,  28.300,    27.7
  1664.0,0.001001, 24,  28.296,    27.7
  1665.0,0.000992, 24,  28.294,    27.8
  1666.0,0.000997, 24,  28.292,    27.8
  1667.0,0.001002, 24,  28.299,    27.8
  1668.0,0.000995, 24,  28.295,    27.8
  1669.0,0.000992, 24,  28.298,    27.8
  1670.0,0.000992, 24,  28.295,    27.8
  1671.0,0.000992, 24,  28.296,    27.9
  1672.0,0.000984, 24,  28.297,    27.9
  1673.0,0.000984, 24,  28.301,    27.9
  1674.0,0.000980, 24,  28.312,    27.9
  1675.0,0.000979, 24,  28.314,    27.9
  1676.0,0.000997, 24,  28.321,    27.9
  1677.0,0.000986, 24,  28.323,    28.0
  1678.0,0.001002, 24,  28.329,    28.0
  1679.0,0.001002, 24,  28.334,    28.0
  1680.0,0.000980, 24,  28.342,    28.0
  1681.0,0.000958, 24,  28.345,    28.0
  1682.0,0.000944, 24,  28.348,    28.0
  1683.0,0.000944, 24,  28.351,    28.0
  1684.0,0.000951, 24,  28.352,    28.1
  1685.0,0.000958, 24,  28.354,    28.1
  1686.0,0.000963, 24,  28.353,    28.1
  1687.0,0.000962, 24,  28.353,    28.1
  1688.0,0.000974, 24,  28.356,    28.1
  1689.0,0.000962, 24,  28.356,    28.1
  1690.0,0.000974, 24,  28.355,    28.2
  1691.0,0.000982, 24,  28.353,    28.2
  1692.0,0.000982, 24,  28.354,    28.2
  1693.0,0.000974, 24,  28.347,    28.2
  1694.0,0.000984, 24,  28.349,    28.2
  1695.0,0.000974, 24,  28.353,    28.3
  1696.0,0.000980, 24,  28.354,    28.3
  1697.0,0.000969, 24,  28.353,    28.3
  1698.0,0.000973, 24,  28.356,    28.3
  1699.0,0.000980, 24,  28.360,    28.3
  1700.0,0.000980, 24,  28.364,    28.3
  1701.0,0.001000, 24,  28.367,    28.4
  1702.0,0.001007, 24,  28.372,    28.4
  1703.0,0.001006, 24,  28.370,    28.4
  1704.0,0.001011, 24,  28.378,    28.4
  1705.0,0.000983, 24,  28.377,    28.4
  1706.0,0.000985, 24,  28.381,    28.4
  1707.0,0.000978, 24,  28.373,    28.5
  1708.0,0.000969, 24,  28.376,    28.5
  1709.0,0.000967, 24,  28.372,    28.5
  1710.0,0.000970, 24,  28.372,    28.5
  1711.0,0.000958, 24,  28.364,    28.5
  1712.0,0.000966, 24,  28.361,    28.5
  1713.0,0.000959, 24,  28.357,    28.5
  1714.0,0.000977, 24,  28.354,    28.6
  1715.0,0.000969, 24,  28.351,    28.6
  1716.0,0.000964, 24,  28.346,    28.6
  1717.0,0.000972, 24,  28.344,    28.6
  1718.0,0.000969, 24,  28.347,    28.6
  1719.0,0.000961, 24,  28.341,    28.6
  1720.0,0.000972, 24,  28.348,    28.7
  1721.0,0.000975, 24,  28.347,    28.7
  1722.0,0.000975, 24,  28.346,    28.7
  1723.0,0.000975, 24,  28.341,    28.7
  1724.0,0.000972, 24,  28.342,    28.7
  1725.0,0.000957, 24,  28.337,    28.8
  1726.0,0.000966, 24,  28.339,    28.8
  1727.0,0.000957, 24,  28.332,    28.8
  1728.0,0.000938, 24,  28.327,    28.8
  1729.0,0.000946, 24,  28.324,    28.8
  1730.0,0.000958, 24,  28.321,    28.8
  1731.0,0.000963, 24,  28.319,    28.9
  1732.0,0.000963, 24,  28.319,    28.9
  1733.0,0.000966, 24,  28.319,    28.9
  1734.0,0.000962, 24,  28.317,    28.9
  1735.0,0.000959, 24,  28.317,    28.9
  1736.0,0.000956, 24,  28.317,    28.9
  1737.0,0.000957, 24,  28.316,    29.0
  1738.0,0.000957, 24,  28.312,    29.0
  1739.0,0.000955, 24,  28.318,    29.0
  1740.0,0.000951, 24,  28.320,    29.0
  1741.0,0.000940, 24,  28.322,    29.0
  1742.0,0.000936, 24,  28.323,    29.0
  1743.0,0.000933, 24,  28.325,    29.0
  1744.0,0.000947, 24,  28.320,    29.1
  1745.0,0.000958, 24,  28.319,    29.1
  1746.0,0.000962, 24,  28.327,    29.1
  1747.0,0.000976, 24,  28.323,    29.1
  1748.0,0.000984, 24,  28.331,    29.1
  1749.0,0.000984, 24,  28.334,    29.1
  1750.0,0.000987, 24,  28.337,    29.2
  1751.0,0.000976, 24,  28.335,    29.2
  1752.0,0.000987, 24,  28.345,    29.2
  1753.0,0.000991, 24,  28.343,    29.2
  1754.0,0.000978, 24,  28.350,    29.2
  1755.0,0.000986, 24,  28.351,    29.3
  1756.0,0.000986, 24,  28.357,    29.3
  1757.0,0.000983, 24,  28.367,    29.3
  1758.0,0.000972, 24,  28.365,    29.3
  1759.0,0.000966, 24,  28.365,    29.3
  1760.0,0.000958, 24,  28.364,    29.3
  1761.0,0.000967, 24,  28.360,    29.4
  1762.0,0.000966, 24,  28.358,    29.4
  1763.0,0.000966, 24,  28.353,    29.4
