Run Name,Group 7 Run 2 40%
Run Date,01:25:39 PM   02-03-11
Method Name,40%B-Isocrat
Export Format Version, 1.00
Method ID, 1172
Points/Second, 1.00
Number of Records,   1236
Offset from Run Start Time,00:00:00
Run End Time,00:20:36
Time,Second
QuadTec 1, (280.0 nm), AU
QuadTec 2, (260.0 nm), AU
Gradient Pump,<Not Selected>
QuadTec 3, (214.0 nm), AU
QuadTec 4, (405.0 nm), AU
Conductivity,mS/cm
Trace 6,<Not Available>
GP Pressure,<Not Selected>
Volume,<Not Selected>
Fraction,<Not Available>
Time,QuadTec 1,QuadTec 2,QuadTec 3,QuadTec 4,Conductivity
     0.0,0.005232,0.000000,0.020888,0.000000,  38.013
     1.0,0.000000,0.000000,0.000000,0.000000,  37.955
     2.0,0.000000,0.000000,0.000000,0.000000,  37.936
     3.0,0.000000,0.000000,0.000000,0.000000,  37.914
     4.0,0.000000,0.000000,0.000000,0.000000,  37.898
     5.0,0.000142,0.000236,-0.001227,0.000232,  37.923
     6.0,0.000601,0.000627,-0.000178,0.000429,  37.935
     7.0,0.000753,0.000803,-0.000568,0.000501,  37.877
     8.0,0.000648,0.000780,-0.000344,0.000416,  37.855
     9.0,0.000433,0.000633,-0.000425,0.000241,  37.850
    10.0,0.000326,0.000519,-0.000554,0.000192,  37.898
    11.0,0.000390,0.000534,-0.000750,0.000273,  37.897
    12.0,0.000405,0.000536,-0.001064,0.000300,  37.883
    13.0,0.000374,0.000521,-0.001343,0.000308,  37.877
    14.0,0.000243,0.000461,-0.002301,0.000143,  37.875
    15.0,0.000288,0.000472,-0.001701,0.000210,  37.893
    16.0,0.000357,0.000499,-0.001804,0.000277,  37.923
    17.0,0.000371,0.000527,-0.002293,0.000344,  37.923
    18.0,0.000360,0.000531,-0.002331,0.000344,  37.851
    19.0,0.000259,0.000468,-0.002058,0.000183,  37.834
    20.0,0.000116,0.000355,-0.002142,0.000049,  37.828
    21.0,0.000157,0.000375,-0.002263,0.000157,  37.859
    22.0,0.000267,0.000452,-0.002496,0.000291,  37.804
    23.0,0.000312,0.000482,-0.002731,0.000331,  37.779
    24.0,0.000237,0.000459,-0.002725,0.000264,  37.765
    25.0,0.000184,0.000407,-0.002664,0.000224,  37.757
    26.0,0.000265,0.000461,-0.002884,0.000304,  37.802
    27.0,0.000299,0.000497,-0.003017,0.000331,  37.829
    28.0,0.000316,0.000509,-0.003125,0.000371,  37.802
    29.0,0.000299,0.000499,-0.003260,0.000331,  37.771
    30.0,0.000154,0.000411,-0.003156,0.000210,  37.778
    31.0,0.000081,0.000339,-0.003134,0.000130,  37.803
    32.0,0.000190,0.000427,-0.004040,0.000277,  37.842
    33.0,0.000272,0.000472,-0.003690,0.000300,  37.806
    34.0,0.000288,0.000507,-0.003678,0.000322,  37.807
    35.0,0.000191,0.000449,-0.003636,0.000201,  37.832
    36.0,0.000203,0.000443,-0.003723,0.000282,  37.847
    37.0,0.000290,0.000509,-0.003756,0.000349,  37.879
    38.0,0.000351,0.000574,-0.004172,0.000389,  37.889
    39.0,0.000387,0.000608,-0.004159,0.000416,  37.869
    40.0,0.000326,0.000568,-0.004785,0.000349,  37.880
    41.0,0.000198,0.000480,-0.004459,0.000242,  37.888
    42.0,0.000167,0.000455,-0.003963,0.000255,  37.918
    43.0,0.000270,0.000499,-0.003911,0.000349,  37.908
    44.0,0.000303,0.000534,-0.004035,0.000403,  37.897
    45.0,0.000265,0.000522,-0.004161,0.000407,  37.896
    46.0,0.000148,0.000432,-0.004133,0.000304,  37.896
    47.0,0.000220,0.000468,-0.004272,0.000349,  37.908
    48.0,0.000264,0.000496,-0.004388,0.000398,  37.926
    49.0,0.000282,0.000504,-0.004416,0.000411,  37.920
    50.0,0.000274,0.000506,-0.004493,0.000327,  37.878
    51.0,0.000157,0.000457,-0.004446,0.000268,  37.871
    52.0,0.000057,0.000371,-0.004460,0.000175,  37.877
    53.0,0.000147,0.000398,-0.005968,0.000282,  37.893
    54.0,0.000219,0.000475,-0.005182,0.000362,  37.854
    55.0,0.000252,0.000503,-0.005419,0.000416,  37.859
    56.0,0.000186,0.000453,-0.004953,0.000295,  37.845
    57.0,0.000135,0.000405,-0.004546,0.000242,  37.847
    58.0,0.000193,0.000448,-0.004813,0.000336,  37.872
    59.0,0.000230,0.000473,-0.005062,0.000362,  37.884
    60.0,0.000235,0.000489,-0.005158,0.000403,  37.855
    61.0,0.000203,0.000485,-0.005138,0.000336,  37.847
    62.0,0.000088,0.000394,-0.004925,0.000188,  37.844
    63.0,0.000031,0.000338,-0.005763,0.000175,  37.864
    64.0,0.000134,0.000404,-0.005405,0.000309,  37.876
    65.0,0.000200,0.000456,-0.005457,0.000349,  37.855
    66.0,0.000222,0.000479,-0.005782,0.000362,  37.851
    67.0,0.000117,0.000414,-0.005486,0.000228,  37.852
    68.0,0.000166,0.000429,-0.005617,0.000322,  37.864
    69.0,0.000211,0.000467,-0.005881,0.000376,  37.892
    70.0,0.000239,0.000494,-0.006745,0.000376,  37.892
    71.0,0.000248,0.000505,-0.005959,0.000434,  37.867
    72.0,0.000178,0.000465,-0.005764,0.000318,  37.872
    73.0,0.000054,0.000362,-0.005537,0.000210,  37.878
    74.0,0.000060,0.000368,-0.005569,0.000264,  37.906
    75.0,0.000180,0.000452,-0.006687,0.000371,  37.884
    76.0,0.000235,0.000486,-0.006500,0.000425,  37.893
    77.0,0.000196,0.000495,-0.005904,0.000371,  37.895
    78.0,0.000125,0.000431,-0.005892,0.000331,  37.899
    79.0,0.000215,0.000483,-0.005798,0.000411,  37.916
    80.0,0.000249,0.000509,-0.005972,0.000425,  37.941
    81.0,0.000262,0.000520,-0.005956,0.000438,  37.931
    82.0,0.000251,0.000531,-0.005968,0.000403,  37.895
    83.0,0.000138,0.000451,-0.005906,0.000331,  37.898
    84.0,0.000047,0.000392,-0.005928,0.000237,  37.905
    85.0,0.000143,0.000418,-0.006028,0.000358,  37.936
    86.0,0.000212,0.000493,-0.006116,0.000411,  37.900
    87.0,0.000253,0.000532,-0.006019,0.000438,  37.895
    88.0,0.000160,0.000495,-0.006953,0.000344,  37.900
    89.0,0.000166,0.000473,-0.006690,0.000358,  37.902
    90.0,0.000233,0.000518,-0.006360,0.000425,  37.937
    91.0,0.000267,0.000539,-0.006367,0.000425,  37.944
    92.0,0.000278,0.000554,-0.006031,0.000438,  37.923
    93.0,0.000226,0.000527,-0.006005,0.000385,  37.921
    94.0,0.000124,0.000461,-0.005720,0.000264,  37.910
    95.0,0.000133,0.000426,-0.006012,0.000277,  37.940
    96.0,0.000267,0.000506,-0.005382,0.000398,  37.933
    97.0,0.000375,0.000593,-0.004677,0.000438,  37.928
    98.0,0.000441,0.000659,-0.003604,0.000411,  37.923
    99.0,0.000436,0.000640,-0.003153,0.000318,  37.925
   100.0,0.000629,0.000742,-0.001357,0.000385,  37.928
   101.0,0.000901,0.000920,0.001234,0.000452,  37.952
   102.0,0.001148,0.001034,0.003806,0.000465,  37.952
   103.0,0.001482,0.001200,0.006822,0.000465,  37.922
   104.0,0.001664,0.001315,0.011173,0.000371,  37.911
   105.0,0.001833,0.001395,0.014925,0.000251,  37.909
   106.0,0.002178,0.001599,0.018919,0.000358,  37.941
   107.0,0.003006,0.002065,0.026869,0.000425,  37.914
   108.0,0.003551,0.002388,0.031177,0.000452,  37.897
   109.0,0.004419,0.002844,0.039039,0.000438,  37.890
   110.0,0.004892,0.003095,0.045441,0.000385,  37.881
   111.0,0.005919,0.003680,0.054657,0.000465,  37.899
   112.0,0.007353,0.004356,0.069417,0.000492,  37.911
   113.0,0.008611,0.005001,0.078010,0.000505,  37.880
   114.0,0.010005,0.005881,0.095030,0.000519,  37.854
   115.0,0.010679,0.006379,0.108253,0.000371,  37.848
   116.0,0.011546,0.006876,0.119386,0.000344,  37.850
   117.0,0.013512,0.007980,0.135470,0.000438,  37.870
   118.0,0.016266,0.009414,0.152877,0.000519,  37.817
   119.0,0.018400,0.010586,0.168577,0.000599,  37.805
   120.0,0.020539,0.011735,0.194920,0.000505,  37.804
   121.0,0.022707,0.012705,0.214158,0.000546,  37.804
   122.0,0.026268,0.014597,0.245429,0.000599,  37.841
   123.0,0.029442,0.016590,0.273280,0.000626,  37.854
   124.0,0.032434,0.018498,0.308197,0.000680,  37.802
   125.0,0.035671,0.020198,0.342938,0.000559,  37.801
   126.0,0.037763,0.021461,0.369523,0.000425,  37.797
   127.0,0.040328,0.022905,0.390294,0.000411,  37.833
   128.0,0.045537,0.025918,0.429047,0.000572,  37.814
   129.0,0.049688,0.027594,0.462456,0.000693,  37.807
   130.0,0.054542,0.030372,0.503717,0.000774,  37.807
   131.0,0.057386,0.031970,0.538385,0.000639,  37.817
   132.0,0.061920,0.034384,0.578299,0.000729,  37.828
   133.0,0.066669,0.037789,0.630335,0.000787,  37.863
   134.0,0.071507,0.040358,0.671624,0.000903,  37.869
   135.0,0.076997,0.043375,0.720181,0.000908,  37.828
   136.0,0.080324,0.045225,0.757026,0.000733,  37.835
   137.0,0.083107,0.046678,0.791162,0.000559,  37.840
   138.0,0.087882,0.048878,0.827303,0.000707,  37.859
   139.0,0.093866,0.052231,0.877531,0.000908,  37.827
   140.0,0.098323,0.054675,0.911616,0.000948,  37.822
   141.0,0.102471,0.057277,0.956098,0.000908,  37.809
   142.0,0.104942,0.059106,0.992330,0.000921,  37.787
   143.0,0.110490,0.062185,1.040042,0.001015,  37.793
   144.0,0.115928,0.065031,1.079040,0.001096,  37.783
   145.0,0.120612,0.067697,1.118087,0.001109,  37.747
   146.0,0.124597,0.069623,1.164404,0.001083,  37.712
   147.0,0.126852,0.070851,1.196615,0.000783,  37.684
   148.0,0.129699,0.072131,1.222272,0.000832,  37.671
   149.0,0.133846,0.074896,1.259372,0.001087,  37.650
   150.0,0.137823,0.077208,1.289368,0.001087,  37.589
   151.0,0.141336,0.079052,1.319933,0.001060,  37.542
   152.0,0.143695,0.080322,1.350891,0.001007,  37.490
   153.0,0.146605,0.082109,1.372011,0.001083,  37.433
   154.0,0.150587,0.084284,1.409732,0.001163,  37.419
   155.0,0.153539,0.085701,1.435202,0.001069,  37.393
   156.0,0.156512,0.087193,1.468904,0.001069,  37.313
   157.0,0.158243,0.088396,1.496794,0.001083,  37.252
   158.0,0.159437,0.089086,1.515288,0.001042,  37.162
   159.0,0.161061,0.090083,1.530665,0.001042,  37.127
   160.0,0.164665,0.092066,1.563056,0.000939,  37.020
   161.0,0.166607,0.092937,1.573530,0.000787,  36.925
   162.0,0.169479,0.094686,1.600132,0.001015,  36.805
   163.0,0.170745,0.095256,1.617396,0.001190,  36.682
   164.0,0.173102,0.096121,1.644006,0.000733,  36.564
   165.0,0.176106,0.097717,1.681728,0.000505,  36.478
   166.0,0.178419,0.098885,1.705146,0.000438,  36.363
   167.0,0.181622,0.100745,1.744163,0.000693,  36.215
   168.0,0.183523,0.102416,1.776102,0.001177,  36.021
   169.0,0.185289,0.103298,1.799992,0.001185,  35.823
   170.0,0.187724,0.104253,1.829067,0.000568,  35.670
   171.0,0.191634,0.106209,1.862924,0.000251,  35.423
   172.0,0.195502,0.108350,1.894171,0.000568,  35.182
   173.0,0.198490,0.109851,1.936728,0.000948,  34.924
   174.0,0.200857,0.110895,1.972373,0.000586,  34.674
   175.0,0.204933,0.112831,2.021871,0.000447,  34.490
   176.0,0.209513,0.115248,2.072054,0.000559,  34.342
   177.0,0.212529,0.117449,2.115878,0.000801,  34.176
   178.0,0.215259,0.118724,2.159379,0.000572,  34.009
   179.0,0.216819,0.119398,2.191349,0.000251,  33.842
   180.0,0.218752,0.120453,2.214864,0.000197,  33.737
   181.0,0.221649,0.122031,2.248941,0.000532,  33.669
   182.0,0.224431,0.123433,2.277949,0.000975,  33.605
   183.0,0.225597,0.124174,2.302923,0.001015,  33.601
   184.0,0.225228,0.123556,2.318014,0.000572,  33.633
   185.0,0.226623,0.124497,2.337333,0.000948,  33.726
   186.0,0.226908,0.124769,2.354831,0.001150,  33.827
   187.0,0.227126,0.124928,2.367450,0.001324,  33.920
   188.0,0.226137,0.124237,2.373190,0.001253,  34.009
   189.0,0.224382,0.123020,2.376020,0.000720,  34.170
   190.0,0.223102,0.122247,2.374600,0.000452,  34.373
   191.0,0.222573,0.122152,2.378966,0.000760,  34.564
   192.0,0.221001,0.121473,2.380380,0.001042,  34.730
   193.0,0.219080,0.120522,2.380390,0.001136,  34.931
   194.0,0.216808,0.118898,2.371638,0.000877,  35.163
   195.0,0.214712,0.117850,2.365947,0.000921,  35.377
   196.0,0.212653,0.116663,2.360341,0.001065,  35.573
   197.0,0.209759,0.115073,2.354689,0.001083,  35.713
   198.0,0.206707,0.113393,2.343858,0.001083,  35.804
   199.0,0.203422,0.111704,2.328081,0.001024,  35.925
   200.0,0.200957,0.110473,2.314025,0.000881,  36.069
   201.0,0.198891,0.109328,2.300408,0.000895,  36.198
   202.0,0.197067,0.108132,2.288753,0.001024,  36.298
   203.0,0.194066,0.106514,2.281513,0.001002,  36.362
   204.0,0.190845,0.104703,2.266610,0.000935,  36.439
   205.0,0.187880,0.103175,2.248915,0.000827,  36.505
   206.0,0.185540,0.101925,2.235108,0.000908,  36.558
   207.0,0.182459,0.100387,2.218664,0.000970,  36.606
   208.0,0.179207,0.098822,2.201828,0.000935,  36.616
   209.0,0.175703,0.096938,2.174860,0.000895,  36.594
   210.0,0.172926,0.095350,2.152519,0.000890,  36.603
   211.0,0.171105,0.094139,2.130558,0.000881,  36.608
   212.0,0.169122,0.093061,2.113559,0.000997,  36.630
   213.0,0.166458,0.091706,2.098748,0.001011,  36.610
   214.0,0.163434,0.090049,2.085970,0.000908,  36.595
   215.0,0.160337,0.088443,2.060070,0.000850,  36.587
   216.0,0.158295,0.087614,2.033638,0.000854,  36.576
   217.0,0.155727,0.086264,2.012524,0.000908,  36.578
   218.0,0.152748,0.084748,1.988053,0.000944,  36.600
   219.0,0.149749,0.083112,1.963835,0.000868,  36.595
   220.0,0.147477,0.081606,1.932441,0.000868,  36.546
   221.0,0.145181,0.080472,1.904698,0.000863,  36.535
   222.0,0.143303,0.079472,1.880029,0.000890,  36.541
   223.0,0.141424,0.078473,1.864157,0.000957,  36.552
   224.0,0.139160,0.077319,1.844466,0.000895,  36.525
   225.0,0.136516,0.075886,1.824174,0.000841,  36.504
   226.0,0.134377,0.075018,1.793205,0.000769,  36.492
   227.0,0.132537,0.074051,1.771754,0.000841,  36.483
   228.0,0.130506,0.073068,1.746580,0.000881,  36.486
   229.0,0.128599,0.071857,1.719223,0.000903,  36.489
   230.0,0.126155,0.070596,1.690805,0.000854,  36.469
   231.0,0.124026,0.069531,1.658168,0.000850,  36.440
   232.0,0.122395,0.068681,1.638338,0.000827,  36.430
   233.0,0.120927,0.067929,1.616363,0.000854,  36.428
   234.0,0.119506,0.067314,1.595324,0.000930,  36.426
   235.0,0.117508,0.066424,1.576410,0.000868,  36.382
   236.0,0.115518,0.065361,1.550327,0.000774,  36.361
   237.0,0.114058,0.064611,1.526700,0.000796,  36.338
   238.0,0.112871,0.063944,1.504796,0.000854,  36.314
   239.0,0.111466,0.063202,1.478724,0.000868,  36.317
   240.0,0.109556,0.062200,1.454314,0.000890,  36.314
   241.0,0.107825,0.061337,1.428962,0.000841,  36.261
   242.0,0.106376,0.060621,1.405594,0.000836,  36.237
   243.0,0.105143,0.060025,1.379872,0.000801,  36.219
   244.0,0.104171,0.059633,1.363987,0.000868,  36.229
   245.0,0.103121,0.059194,1.345422,0.000903,  36.185
   246.0,0.101434,0.058298,1.326179,0.000814,  36.170
   247.0,0.100419,0.057678,1.304036,0.000747,  36.155
   248.0,0.099391,0.057163,1.284333,0.000836,  36.131
   249.0,0.098461,0.056763,1.266166,0.000890,  36.138
   250.0,0.097307,0.056205,1.246315,0.000890,  36.159
   251.0,0.095913,0.055506,1.226658,0.000854,  36.130
   252.0,0.094746,0.055041,1.203674,0.000841,  36.092
   253.0,0.093731,0.054567,1.184250,0.000836,  36.080
   254.0,0.092918,0.054118,1.165323,0.000827,  36.087
   255.0,0.092416,0.053900,1.152443,0.000881,  36.097
   256.0,0.091743,0.053571,1.136602,0.000890,  36.060
   257.0,0.090556,0.052962,1.119207,0.000850,  36.056
   258.0,0.089738,0.052572,1.103684,0.000769,  36.039
   259.0,0.089076,0.052261,1.089639,0.000827,  36.035
   260.0,0.088566,0.052089,1.074400,0.000854,  36.048
   261.0,0.087656,0.051771,1.057395,0.000890,  36.042
   262.0,0.086813,0.051318,1.039724,0.000827,  36.009
   263.0,0.086022,0.050979,1.023012,0.000814,  35.992
   264.0,0.085427,0.050600,1.009293,0.000823,  35.979
   265.0,0.084878,0.050341,0.996901,0.000841,  35.977
   266.0,0.084778,0.050386,0.985703,0.000903,  35.966
   267.0,0.084025,0.050002,0.975582,0.000868,  35.940
   268.0,0.083365,0.049730,0.961113,0.000801,  35.924
   269.0,0.082775,0.049444,0.948947,0.000836,  35.913
   270.0,0.082574,0.049391,0.937960,0.000854,  35.908
   271.0,0.082179,0.049296,0.925141,0.000868,  35.918
   272.0,0.081504,0.048969,0.910635,0.000877,  35.922
   273.0,0.081132,0.048790,0.897479,0.000863,  35.883
   274.0,0.080541,0.048492,0.885036,0.000801,  35.878
   275.0,0.080019,0.048242,0.874220,0.000783,  35.871
   276.0,0.079935,0.048256,0.867586,0.000814,  35.873
   277.0,0.079896,0.048273,0.861457,0.000885,  35.853
   278.0,0.079271,0.047957,0.851220,0.000863,  35.846
   279.0,0.078851,0.047835,0.840976,0.000760,  35.845
   280.0,0.078566,0.047656,0.832922,0.000823,  35.833
   281.0,0.078514,0.047722,0.824733,0.000827,  35.826
   282.0,0.078276,0.047645,0.814714,0.000841,  35.821
   283.0,0.077897,0.047457,0.804379,0.000863,  35.806
   284.0,0.077561,0.047321,0.794126,0.000801,  35.791
   285.0,0.077103,0.047090,0.786285,0.000783,  35.783
   286.0,0.076810,0.046964,0.779698,0.000747,  35.775
   287.0,0.077002,0.047143,0.775223,0.000814,  35.775
   288.0,0.076813,0.047069,0.769041,0.000850,  35.742
   289.0,0.076433,0.046893,0.761283,0.000801,  35.734
   290.0,0.076068,0.046712,0.751950,0.000733,  35.724
   291.0,0.076068,0.046708,0.747215,0.000809,  35.709
   292.0,0.076104,0.046805,0.741682,0.000836,  35.713
   293.0,0.075855,0.046689,0.734195,0.000850,  35.705
   294.0,0.075615,0.046605,0.727808,0.000850,  35.686
   295.0,0.075296,0.046459,0.721506,0.000760,  35.673
   296.0,0.074959,0.046266,0.715919,0.000742,  35.660
   297.0,0.074974,0.046276,0.711323,0.000774,  35.660
   298.0,0.075150,0.046461,0.707832,0.000814,  35.649
   299.0,0.074862,0.046348,0.702754,0.000836,  35.635
   300.0,0.074576,0.046236,0.696320,0.000774,  35.618
   301.0,0.074322,0.046068,0.691508,0.000774,  35.604
   302.0,0.074464,0.046190,0.687861,0.000850,  35.592
   303.0,0.074437,0.046213,0.682942,0.000863,  35.590
   304.0,0.074204,0.046105,0.678413,0.000850,  35.580
   305.0,0.074025,0.046033,0.673283,0.000814,  35.542
   306.0,0.073713,0.045877,0.668189,0.000747,  35.524
   307.0,0.073502,0.045756,0.663715,0.000729,  35.513
   308.0,0.073710,0.045864,0.661343,0.000774,  35.515
   309.0,0.073698,0.045915,0.657969,0.000787,  35.480
   310.0,0.073486,0.045781,0.653822,0.000823,  35.466
   311.0,0.073145,0.045609,0.648776,0.000720,  35.441
   312.0,0.073054,0.045584,0.645569,0.000783,  35.423
   313.0,0.073142,0.045663,0.643378,0.000827,  35.429
   314.0,0.073039,0.045628,0.639451,0.000814,  35.431
   315.0,0.072825,0.045532,0.635076,0.000850,  35.401
   316.0,0.072592,0.045433,0.630912,0.000760,  35.389
   317.0,0.072324,0.045259,0.627085,0.000693,  35.363
   318.0,0.072294,0.045205,0.624230,0.000783,  35.353
   319.0,0.072414,0.045322,0.622592,0.000814,  35.352
   320.0,0.072333,0.045287,0.620039,0.000850,  35.313
   321.0,0.072031,0.045111,0.615949,0.000787,  35.300
   322.0,0.071763,0.044967,0.612078,0.000720,  35.283
   323.0,0.071811,0.045017,0.610157,0.000836,  35.283
   324.0,0.071727,0.044998,0.607262,0.000827,  35.291
   325.0,0.071568,0.044923,0.603904,0.000841,  35.287
   326.0,0.071345,0.044808,0.600305,0.000850,  35.264
   327.0,0.071125,0.044657,0.596825,0.000733,  35.235
   328.0,0.070915,0.044515,0.594068,0.000693,  35.224
   329.0,0.070945,0.044549,0.592413,0.000796,  35.234
   330.0,0.070918,0.044553,0.590197,0.000801,  35.209
   331.0,0.070740,0.044443,0.586860,0.000850,  35.188
   332.0,0.070353,0.044240,0.583736,0.000760,  35.175
   333.0,0.070167,0.044154,0.580742,0.000774,  35.168
   334.0,0.070182,0.044158,0.578578,0.000850,  35.164
   335.0,0.070026,0.044072,0.575080,0.000827,  35.171
   336.0,0.069837,0.043960,0.573441,0.000814,  35.155
   337.0,0.069579,0.043810,0.570267,0.000823,  35.124
   338.0,0.069342,0.043666,0.567219,0.000756,  35.108
   339.0,0.069205,0.043599,0.565234,0.000742,  35.102
   340.0,0.069214,0.043594,0.564321,0.000787,  35.111
   341.0,0.069031,0.043516,0.562452,0.000814,  35.063
   342.0,0.068777,0.043409,0.559878,0.000850,  35.060
   343.0,0.068391,0.043147,0.555800,0.000733,  35.048
   344.0,0.068322,0.043095,0.554216,0.000814,  35.038
   345.0,0.068203,0.043005,0.550883,0.000877,  35.058
   346.0,0.067976,0.042903,0.548686,0.000854,  35.056
   347.0,0.067695,0.042692,0.545025,0.000877,  35.037
   348.0,0.067427,0.042537,0.542598,0.000774,  35.034
   349.0,0.067191,0.042398,0.540280,0.000707,  35.024
   350.0,0.067155,0.042364,0.538582,0.000783,  35.037
   351.0,0.066896,0.042258,0.536529,0.000827,  35.027
   352.0,0.066777,0.042179,0.535437,0.000814,  35.007
   353.0,0.066307,0.041905,0.530740,0.000809,  34.998
   354.0,0.066134,0.041779,0.528550,0.000747,  34.987
   355.0,0.065977,0.041666,0.526412,0.000787,  34.982
   356.0,0.065665,0.041494,0.523286,0.000850,  34.990
   357.0,0.065472,0.041335,0.521320,0.000827,  34.986
   358.0,0.065104,0.041133,0.517618,0.000850,  34.963
   359.0,0.064843,0.040973,0.514969,0.000733,  34.960
   360.0,0.064704,0.040873,0.512890,0.000693,  34.945
   361.0,0.064561,0.040819,0.511450,0.000823,  34.945
   362.0,0.064268,0.040632,0.508470,0.000827,  34.928
   363.0,0.064123,0.040518,0.507518,0.000814,  34.919
   364.0,0.063618,0.040202,0.502926,0.000769,  34.910
   365.0,0.063449,0.040095,0.501425,0.000796,  34.892
   366.0,0.063157,0.039918,0.499097,0.000858,  34.894
   367.0,0.062897,0.039738,0.495594,0.000899,  34.896
   368.0,0.062531,0.039573,0.493252,0.000814,  34.882
   369.0,0.062171,0.039359,0.489577,0.000809,  34.866
   370.0,0.061962,0.039202,0.486994,0.000693,  34.856
   371.0,0.061845,0.039144,0.485645,0.000742,  34.843
   372.0,0.061621,0.038985,0.483191,0.000872,  34.844
   373.0,0.061324,0.038838,0.481889,0.000899,  34.819
   374.0,0.061001,0.038616,0.477843,0.000872,  34.808
   375.0,0.060578,0.038342,0.475060,0.000818,  34.796
   376.0,0.060349,0.038202,0.472725,0.000814,  34.789
   377.0,0.059970,0.038017,0.469459,0.000850,  34.792
   378.0,0.059678,0.037848,0.467973,0.000827,  34.788
   379.0,0.059285,0.037587,0.463824,0.000827,  34.759
   380.0,0.059019,0.037395,0.460776,0.000783,  34.745
   381.0,0.058844,0.037266,0.459007,0.000693,  34.735
   382.0,0.058709,0.037165,0.457674,0.000796,  34.732
   383.0,0.058215,0.036888,0.454369,0.000823,  34.727
   384.0,0.058090,0.036808,0.454012,0.000801,  34.699
   385.0,0.057518,0.036453,0.449393,0.000783,  34.693
   386.0,0.057364,0.036376,0.446855,0.000720,  34.687
   387.0,0.057003,0.036158,0.444141,0.000787,  34.677
   388.0,0.056557,0.035887,0.440090,0.000836,  34.683
   389.0,0.056360,0.035702,0.438298,0.000814,  34.677
   390.0,0.055906,0.035438,0.434234,0.000774,  34.649
   391.0,0.055642,0.035266,0.431930,0.000729,  34.639
   392.0,0.055538,0.035151,0.430482,0.000702,  34.631
   393.0,0.055219,0.034961,0.428731,0.000832,  34.639
   394.0,0.054831,0.034735,0.425385,0.000858,  34.614
   395.0,0.054495,0.034605,0.424197,0.000796,  34.608
   396.0,0.054058,0.034296,0.419793,0.000765,  34.588
   397.0,0.053876,0.034166,0.417162,0.000818,  34.578
   398.0,0.053422,0.033892,0.413079,0.000809,  34.580
   399.0,0.053178,0.033686,0.410926,0.000858,  34.582
   400.0,0.052733,0.033439,0.408136,0.000872,  34.558
   401.0,0.052364,0.033222,0.404557,0.000818,  34.546
   402.0,0.052151,0.033071,0.401909,0.000765,  34.539
   403.0,0.051990,0.032996,0.400656,0.000733,  34.530
   404.0,0.051527,0.032703,0.398184,0.000823,  34.527
   405.0,0.051329,0.032603,0.397409,0.000801,  34.497
   406.0,0.050826,0.032325,0.393467,0.000760,  34.487
   407.0,0.050507,0.032081,0.391322,0.000783,  34.476
   408.0,0.050267,0.031889,0.388383,0.000774,  34.463
   409.0,0.049805,0.031602,0.383908,0.000858,  34.486
   410.0,0.049502,0.031438,0.382512,0.000872,  34.479
   411.0,0.049064,0.031129,0.378754,0.000809,  34.445
   412.0,0.048793,0.030968,0.374765,0.000778,  34.443
   413.0,0.048636,0.030878,0.374238,0.000738,  34.435
   414.0,0.048373,0.030749,0.373101,0.000769,  34.441
   415.0,0.047840,0.030411,0.369385,0.000845,  34.426
   416.0,0.047654,0.030335,0.368428,0.000832,  34.408
   417.0,0.047184,0.029965,0.363994,0.000742,  34.388
   418.0,0.047011,0.029860,0.362916,0.000791,  34.388
   419.0,0.046590,0.029581,0.358802,0.000832,  34.385
   420.0,0.046138,0.029336,0.356109,0.000858,  34.389
   421.0,0.045840,0.029103,0.353403,0.000872,  34.375
   422.0,0.045432,0.028887,0.349548,0.000796,  34.344
   423.0,0.045222,0.028752,0.347635,0.000738,  34.331
   424.0,0.045137,0.028684,0.346079,0.000738,  34.323
   425.0,0.044696,0.028427,0.343230,0.000809,  34.334
   426.0,0.044367,0.028196,0.341149,0.000823,  34.308
   427.0,0.044045,0.027978,0.338918,0.000796,  34.297
   428.0,0.043639,0.027764,0.335455,0.000715,  34.284
   429.0,0.043410,0.027588,0.333795,0.000747,  34.277
   430.0,0.042897,0.027265,0.329907,0.000809,  34.293
   431.0,0.042632,0.027142,0.327415,0.000845,  34.290
   432.0,0.042179,0.026887,0.324355,0.000832,  34.268
   433.0,0.041883,0.026672,0.321285,0.000742,  34.257
   434.0,0.041735,0.026535,0.319632,0.000724,  34.253
   435.0,0.041583,0.026435,0.318377,0.000733,  34.256
   436.0,0.041057,0.026117,0.313928,0.000823,  34.254
   437.0,0.040890,0.026016,0.313239,0.000801,  34.228
   438.0,0.040385,0.025682,0.308963,0.000733,  34.215
   439.0,0.040166,0.025545,0.307943,0.000729,  34.213
   440.0,0.039774,0.025363,0.305493,0.000747,  34.211
   441.0,0.039360,0.025092,0.301369,0.000787,  34.218
   442.0,0.039056,0.024914,0.300257,0.000809,  34.216
   443.0,0.038726,0.024650,0.296019,0.000747,  34.191
   444.0,0.038475,0.024516,0.294016,0.000715,  34.189
   445.0,0.038327,0.024415,0.292757,0.000653,  34.173
   446.0,0.038015,0.024208,0.291199,0.000747,  34.178
   447.0,0.037547,0.023940,0.287780,0.000783,  34.162
   448.0,0.037347,0.023885,0.287151,0.000760,  34.146
   449.0,0.036913,0.023568,0.283299,0.000720,  34.137
   450.0,0.036752,0.023465,0.281998,0.000783,  34.122
   451.0,0.036371,0.023195,0.278024,0.000774,  34.124
   452.0,0.035977,0.022967,0.275755,0.000809,  34.136
   453.0,0.035709,0.022762,0.272998,0.000809,  34.106
   454.0,0.035356,0.022572,0.270167,0.000733,  34.088
   455.0,0.035162,0.022427,0.268528,0.000675,  34.078
   456.0,0.035044,0.022384,0.267690,0.000666,  34.065
   457.0,0.034551,0.022099,0.263925,0.000733,  34.076
   458.0,0.034338,0.021944,0.262814,0.000796,  34.040
   459.0,0.034012,0.021717,0.259870,0.000733,  34.029
   460.0,0.033722,0.021566,0.257169,0.000666,  34.009
   461.0,0.033505,0.021404,0.255419,0.000783,  34.010
   462.0,0.033050,0.021104,0.251754,0.000774,  34.017
   463.0,0.032832,0.020967,0.250835,0.000809,  34.029
   464.0,0.032425,0.020736,0.247553,0.000796,  33.985
   465.0,0.032188,0.020607,0.245471,0.000742,  33.979
   466.0,0.032056,0.020490,0.244071,0.000697,  33.973
   467.0,0.031840,0.020384,0.242797,0.000791,  33.985
   468.0,0.031444,0.020100,0.239100,0.000783,  33.971
   469.0,0.031321,0.020018,0.238576,0.000805,  33.946
   470.0,0.030890,0.019745,0.235086,0.000778,  33.940
   471.0,0.030766,0.019642,0.233983,0.000765,  33.935
   472.0,0.030348,0.019392,0.231429,0.000818,  33.941
   473.0,0.029995,0.019197,0.228109,0.000796,  33.953
   474.0,0.029707,0.019054,0.226597,0.000832,  33.951
   475.0,0.029396,0.018851,0.223570,0.000805,  33.931
   476.0,0.029210,0.018725,0.222074,0.000675,  33.926
   477.0,0.029111,0.018618,0.221186,0.000711,  33.926
   478.0,0.028819,0.018440,0.218040,0.000818,  33.940
   479.0,0.028465,0.018250,0.216784,0.000818,  33.911
   480.0,0.028245,0.018116,0.215621,0.000818,  33.910
   481.0,0.027931,0.017916,0.212730,0.000689,  33.888
   482.0,0.027732,0.017819,0.211591,0.000778,  33.882
   483.0,0.027347,0.017584,0.208159,0.000818,  33.890
   484.0,0.027094,0.017400,0.206562,0.000760,  33.895
   485.0,0.026814,0.017220,0.203560,0.000805,  33.867
   486.0,0.026591,0.017067,0.201365,0.000738,  33.855
   487.0,0.026417,0.016947,0.200091,0.000671,  33.839
   488.0,0.026315,0.016871,0.199650,0.000675,  33.843
   489.0,0.025896,0.016609,0.196497,0.000720,  33.848
   490.0,0.025753,0.016544,0.195179,0.000769,  33.819
   491.0,0.025418,0.016378,0.192921,0.000707,  33.817
   492.0,0.025241,0.016244,0.192235,0.000639,  33.814
   493.0,0.024957,0.016077,0.189341,0.000765,  33.811
   494.0,0.024644,0.015844,0.186655,0.000818,  33.818
   495.0,0.024484,0.015744,0.185160,0.000796,  33.823
   496.0,0.024163,0.015546,0.181563,0.000818,  33.784
   497.0,0.023980,0.015419,0.180886,0.000689,  33.781
   498.0,0.023864,0.015343,0.180262,0.000644,  33.777
   499.0,0.023657,0.015203,0.178938,0.000738,  33.783
   500.0,0.023320,0.015027,0.176260,0.000756,  33.765
   501.0,0.023195,0.014958,0.175183,0.000756,  33.755
   502.0,0.022867,0.014747,0.171537,0.000653,  33.747
   503.0,0.022737,0.014669,0.170658,0.000680,  33.731
   504.0,0.022458,0.014465,0.168095,0.000742,  33.735
   505.0,0.022189,0.014320,0.166757,0.000756,  33.755
   506.0,0.021966,0.014157,0.165736,0.000756,  33.746
   507.0,0.021722,0.014003,0.163521,0.000742,  33.719
   508.0,0.021558,0.013910,0.162660,0.000648,  33.718
   509.0,0.021469,0.013828,0.161941,0.000711,  33.720
   510.0,0.021151,0.013675,0.159684,0.000778,  33.725
   511.0,0.020979,0.013554,0.158319,0.000769,  33.709
   512.0,0.020794,0.013450,0.156913,0.000778,  33.705
   513.0,0.020594,0.013302,0.155262,0.000738,  33.702
   514.0,0.020422,0.013188,0.153541,0.000765,  33.691
   515.0,0.020099,0.012993,0.151368,0.000805,  33.706
   516.0,0.019908,0.012897,0.150250,0.000769,  33.703
   517.0,0.019681,0.012757,0.147904,0.000791,  33.669
   518.0,0.019501,0.012657,0.146346,0.000738,  33.664
   519.0,0.019373,0.012557,0.145567,0.000635,  33.659
   520.0,0.019244,0.012479,0.144853,0.000751,  33.663
   521.0,0.018970,0.012275,0.142091,0.000791,  33.658
   522.0,0.018865,0.012235,0.141976,0.000805,  33.635
   523.0,0.018596,0.012060,0.138941,0.000751,  33.617
   524.0,0.018463,0.011985,0.138790,0.000675,  33.608
   525.0,0.018234,0.011832,0.137011,0.000765,  33.601
   526.0,0.017984,0.011688,0.134707,0.000778,  33.618
   527.0,0.017854,0.011616,0.133640,0.000769,  33.612
   528.0,0.017606,0.011471,0.131099,0.000778,  33.576
   529.0,0.017473,0.011365,0.130557,0.000671,  33.554
   530.0,0.017374,0.011285,0.130343,0.000608,  33.550
   531.0,0.017205,0.011161,0.128433,0.000751,  33.563
   532.0,0.016971,0.011041,0.127233,0.000756,  33.534
   533.0,0.016870,0.010970,0.126409,0.000778,  33.529
   534.0,0.016640,0.010832,0.124665,0.000724,  33.517
   535.0,0.016528,0.010788,0.123896,0.000715,  33.512
   536.0,0.016278,0.010629,0.121120,0.000778,  33.525
   537.0,0.016128,0.010520,0.120065,0.000805,  33.538
   538.0,0.015964,0.010397,0.118632,0.000769,  33.520
   539.0,0.015776,0.010284,0.117121,0.000724,  33.502
   540.0,0.015625,0.010188,0.116564,0.000657,  33.494
   541.0,0.015555,0.010123,0.115109,0.000684,  33.500
   542.0,0.015299,0.009989,0.113475,0.000778,  33.509
   543.0,0.015225,0.009949,0.113227,0.000756,  33.482
   544.0,0.015016,0.009850,0.111910,0.000765,  33.475
   545.0,0.014943,0.009749,0.110346,0.000724,  33.465
   546.0,0.014760,0.009652,0.108956,0.000742,  33.464
   547.0,0.014528,0.009503,0.107531,0.000778,  33.483
   548.0,0.014394,0.009423,0.106736,0.000791,  33.490
   549.0,0.014208,0.009308,0.104818,0.000765,  33.457
   550.0,0.014048,0.009203,0.103477,0.000684,  33.451
   551.0,0.013932,0.009121,0.103310,0.000595,  33.452
   552.0,0.013824,0.009062,0.102714,0.000697,  33.458
   553.0,0.013623,0.008932,0.100759,0.000765,  33.447
   554.0,0.013584,0.008917,0.100592,0.000729,  33.438
   555.0,0.013398,0.008798,0.099279,0.000706,  33.431
   556.0,0.013305,0.008726,0.098642,0.000702,  33.408
   557.0,0.013120,0.008619,0.096594,0.000751,  33.413
   558.0,0.012965,0.008518,0.094643,0.000778,  33.431
   559.0,0.012846,0.008445,0.094235,0.000742,  33.424
   560.0,0.012671,0.008372,0.093015,0.000751,  33.388
   561.0,0.012542,0.008274,0.092277,0.000644,  33.386
   562.0,0.012453,0.008213,0.091743,0.000608,  33.379
   563.0,0.012338,0.008117,0.090440,0.000711,  33.396
   564.0,0.012198,0.008062,0.089647,0.000765,  33.377
   565.0,0.012126,0.008005,0.088933,0.000738,  33.376
   566.0,0.011957,0.007899,0.088281,0.000684,  33.369
   567.0,0.011859,0.007827,0.087320,0.000689,  33.356
   568.0,0.011675,0.007727,0.085656,0.000778,  33.377
   569.0,0.011579,0.007679,0.084739,0.000778,  33.382
   570.0,0.011427,0.007585,0.083417,0.000742,  33.368
   571.0,0.011298,0.007500,0.082534,0.000684,  33.345
   572.0,0.011199,0.007418,0.082289,0.000603,  33.346
   573.0,0.011151,0.007364,0.081622,0.000671,  33.344
   574.0,0.010977,0.007264,0.079490,0.000738,  33.351
   575.0,0.010931,0.007254,0.079647,0.000715,  33.332
   576.0,0.010785,0.007168,0.078825,0.000711,  33.325
   577.0,0.010701,0.007129,0.078412,0.000697,  33.322
   578.0,0.010557,0.007044,0.077045,0.000715,  33.323
   579.0,0.010409,0.006938,0.075624,0.000778,  33.339
   580.0,0.010340,0.006877,0.074847,0.000778,  33.338
   581.0,0.010213,0.006802,0.073663,0.000751,  33.314
   582.0,0.010068,0.006710,0.073149,0.000671,  33.306
   583.0,0.009979,0.006634,0.072946,0.000568,  33.297
   584.0,0.009895,0.006589,0.072226,0.000697,  33.305
   585.0,0.009767,0.006524,0.070683,0.000738,  33.292
   586.0,0.009726,0.006508,0.070471,0.000751,  33.287
   587.0,0.009594,0.006416,0.069611,0.000706,  33.281
   588.0,0.009529,0.006379,0.069019,0.000738,  33.275
   589.0,0.009404,0.006296,0.067717,0.000729,  33.284
   590.0,0.009309,0.006228,0.066772,0.000765,  33.294
   591.0,0.009199,0.006164,0.065955,0.000778,  33.287
   592.0,0.009065,0.006095,0.065148,0.000724,  33.273
   593.0,0.008951,0.006006,0.064854,0.000644,  33.269
   594.0,0.008878,0.005978,0.064585,0.000608,  33.271
   595.0,0.008787,0.005927,0.063279,0.000724,  33.280
   596.0,0.008744,0.005890,0.062652,0.000738,  33.256
   597.0,0.008645,0.005836,0.061923,0.000711,  33.243
   598.0,0.008525,0.005754,0.061228,0.000706,  33.241
   599.0,0.008464,0.005711,0.060595,0.000760,  33.229
   600.0,0.008353,0.005637,0.058917,0.000773,  33.240
   601.0,0.008280,0.005602,0.058694,0.000751,  33.239
   602.0,0.008175,0.005536,0.057831,0.000715,  33.217
   603.0,0.008061,0.005482,0.057467,0.000671,  33.208
   604.0,0.007963,0.005396,0.057209,0.000603,  33.201
   605.0,0.007918,0.005363,0.056671,0.000635,  33.205
   606.0,0.007815,0.005294,0.054747,0.000738,  33.196
   607.0,0.007798,0.005296,0.055151,0.000751,  33.175
   608.0,0.007674,0.005216,0.054492,0.000697,  33.166
   609.0,0.007615,0.005168,0.054323,0.000684,  33.163
   610.0,0.007520,0.005115,0.053244,0.000702,  33.162
   611.0,0.007427,0.005054,0.052340,0.000765,  33.173
   612.0,0.007368,0.005022,0.051692,0.000729,  33.173
   613.0,0.007263,0.004969,0.050625,0.000666,  33.144
   614.0,0.007155,0.004896,0.050513,0.000608,  33.131
   615.0,0.007105,0.004844,0.050399,0.000559,  33.122
   616.0,0.007061,0.004812,0.049567,0.000689,  33.137
   617.0,0.006988,0.004777,0.048708,0.000738,  33.121
   618.0,0.006941,0.004758,0.048513,0.000689,  33.115
   619.0,0.006815,0.004690,0.048033,0.000644,  33.114
   620.0,0.006782,0.004652,0.047555,0.000711,  33.108
   621.0,0.006683,0.004602,0.046695,0.000702,  33.122
   622.0,0.006641,0.004567,0.045353,0.000751,  33.128
   623.0,0.006566,0.004528,0.045095,0.000751,  33.118
   624.0,0.006481,0.004477,0.044885,0.000662,  33.112
   625.0,0.006375,0.004393,0.044622,0.000630,  33.113
   626.0,0.006330,0.004358,0.044374,0.000671,  33.113
   627.0,0.006267,0.004329,0.043220,0.000760,  33.124
   628.0,0.006257,0.004331,0.043146,0.000751,  33.107
   629.0,0.006169,0.004291,0.042692,0.000724,  33.098
   630.0,0.006094,0.004226,0.042059,0.000733,  33.093
   631.0,0.006052,0.004201,0.040974,0.000751,  33.088
   632.0,0.005965,0.004152,0.040185,0.000751,  33.099
   633.0,0.005931,0.004130,0.040279,0.000800,  33.100
   634.0,0.005868,0.004089,0.039653,0.000773,  33.084
   635.0,0.005762,0.004008,0.039519,0.000706,  33.070
   636.0,0.005661,0.003943,0.039281,0.000603,  33.072
   637.0,0.005658,0.003930,0.038861,0.000671,  33.079
   638.0,0.005604,0.003905,0.038170,0.000773,  33.073
   639.0,0.005604,0.003924,0.037898,0.000751,  33.062
   640.0,0.005487,0.003863,0.037394,0.000648,  33.059
   641.0,0.005445,0.003812,0.037205,0.000684,  33.055
   642.0,0.005393,0.003785,0.036351,0.000724,  33.054
   643.0,0.005327,0.003743,0.035830,0.000738,  33.064
   644.0,0.005292,0.003716,0.035367,0.000787,  33.066
   645.0,0.005207,0.003672,0.034911,0.000711,  33.043
   646.0,0.005092,0.003602,0.034534,0.000653,  33.045
   647.0,0.005075,0.003571,0.034413,0.000617,  33.035
   648.0,0.005030,0.003558,0.033911,0.000697,  33.049
   649.0,0.005004,0.003543,0.033014,0.000746,  33.029
   650.0,0.004988,0.003536,0.032944,0.000724,  33.021
   651.0,0.004881,0.003480,0.032969,0.000621,  33.008
   652.0,0.004866,0.003455,0.031890,0.000711,  33.001
   653.0,0.004812,0.003416,0.031486,0.000724,  33.012
   654.0,0.004775,0.003392,0.031162,0.000738,  33.017
   655.0,0.004722,0.003366,0.030531,0.000765,  32.997
   656.0,0.004628,0.003328,0.030100,0.000648,  32.983
   657.0,0.004539,0.003254,0.030387,0.000603,  32.977
   658.0,0.004542,0.003245,0.030290,0.000671,  32.978
   659.0,0.004513,0.003232,0.029410,0.000702,  32.987
   660.0,0.004515,0.003240,0.029243,0.000751,  32.964
   661.0,0.004445,0.003202,0.028938,0.000724,  32.954
   662.0,0.004410,0.003158,0.028690,0.000724,  32.949
   663.0,0.004360,0.003144,0.027916,0.000765,  32.955
   664.0,0.004319,0.003117,0.027557,0.000729,  32.974
   665.0,0.004283,0.003090,0.026549,0.000765,  32.973
   666.0,0.004222,0.003078,0.026387,0.000751,  32.951
   667.0,0.004113,0.003003,0.026667,0.000621,  32.944
   668.0,0.004038,0.002945,0.026690,0.000630,  32.939
   669.0,0.004056,0.002948,0.025723,0.000684,  32.952
   670.0,0.004027,0.002938,0.025660,0.000746,  32.938
   671.0,0.004033,0.002937,0.025303,0.000760,  32.934
   672.0,0.003940,0.002881,0.024974,0.000671,  32.923
   673.0,0.003920,0.002858,0.024411,0.000746,  32.922
   674.0,0.003887,0.002841,0.023325,0.000765,  32.922
   675.0,0.003850,0.002816,0.023887,0.000765,  32.934
   676.0,0.003822,0.002805,0.023704,0.000800,  32.926
   677.0,0.003757,0.002775,0.023456,0.000697,  32.898
   678.0,0.003653,0.002703,0.023280,0.000590,  32.889
   679.0,0.003639,0.002679,0.023161,0.000679,  32.888
   680.0,0.003631,0.002679,0.022770,0.000746,  32.898
   681.0,0.003637,0.002684,0.022463,0.000760,  32.875
   682.0,0.003597,0.002658,0.022313,0.000711,  32.872
   683.0,0.003521,0.002615,0.022183,0.000657,  32.860
   684.0,0.003522,0.002607,0.021088,0.000755,  32.861
   685.0,0.003492,0.002592,0.021103,0.000769,  32.876
   686.0,0.003483,0.002591,0.020916,0.000738,  32.882
   687.0,0.003453,0.002566,0.020659,0.000787,  32.857
   688.0,0.003353,0.002517,0.020640,0.000671,  32.844
   689.0,0.003270,0.002451,0.020508,0.000626,  32.845
   690.0,0.003282,0.002453,0.020107,0.000684,  32.856
   691.0,0.003263,0.002455,0.019626,0.000724,  32.857
   692.0,0.003277,0.002458,0.019622,0.000773,  32.836
   693.0,0.003192,0.002431,0.019525,0.000684,  32.835
   694.0,0.003168,0.002389,0.019355,0.000684,  32.829
   695.0,0.003161,0.002385,0.018893,0.000773,  32.835
   696.0,0.003140,0.002369,0.018515,0.000751,  32.848
   697.0,0.003125,0.002361,0.018331,0.000787,  32.857
   698.0,0.003076,0.002330,0.018012,0.000773,  32.830
   699.0,0.002962,0.002256,0.017647,0.000630,  32.831
   700.0,0.002914,0.002217,0.017790,0.000653,  32.824
   701.0,0.002945,0.002230,0.017546,0.000697,  32.835
   702.0,0.002949,0.002244,0.017114,0.000724,  32.815
   703.0,0.002942,0.002254,0.017135,0.000760,  32.814
   704.0,0.002842,0.002199,0.016642,0.000671,  32.806
   705.0,0.002852,0.002184,0.016501,0.000697,  32.792
   706.0,0.002847,0.002171,0.015350,0.000760,  32.799
   707.0,0.002828,0.002179,0.015615,0.000787,  32.815
   708.0,0.002804,0.002175,0.015696,0.000760,  32.800
   709.0,0.002741,0.002127,0.015610,0.000671,  32.773
   710.0,0.002643,0.002060,0.015754,0.000590,  32.767
   711.0,0.002656,0.002053,0.015158,0.000693,  32.769
   712.0,0.002667,0.002084,0.014775,0.000697,  32.788
   713.0,0.002679,0.002097,0.014647,0.000738,  32.759
   714.0,0.002652,0.002080,0.014786,0.000720,  32.758
   715.0,0.002582,0.002032,0.014778,0.000657,  32.748
   716.0,0.002603,0.002041,0.014332,0.000733,  32.742
   717.0,0.002583,0.002031,0.014049,0.000773,  32.771
   718.0,0.002569,0.002024,0.014045,0.000738,  32.773
   719.0,0.002532,0.002014,0.013722,0.000773,  32.738
   720.0,0.002441,0.001962,0.013805,0.000644,  32.733
   721.0,0.002387,0.001897,0.013715,0.000590,  32.731
   722.0,0.002409,0.001909,0.013466,0.000733,  32.740
   723.0,0.002418,0.001924,0.012843,0.000751,  32.731
   724.0,0.002425,0.001932,0.012628,0.000724,  32.720
   725.0,0.002361,0.001893,0.012825,0.000706,  32.719
   726.0,0.002356,0.001875,0.012698,0.000711,  32.718
   727.0,0.002350,0.001883,0.012451,0.000773,  32.720
   728.0,0.002348,0.001876,0.012084,0.000751,  32.732
   729.0,0.002333,0.001874,0.012051,0.000751,  32.731
   730.0,0.002275,0.001859,0.011888,0.000733,  32.704
   731.0,0.002179,0.001794,0.012003,0.000617,  32.689
   732.0,0.002155,0.001754,0.011617,0.000644,  32.686
   733.0,0.002205,0.001787,0.011372,0.000746,  32.712
   734.0,0.002215,0.001797,0.011359,0.000787,  32.678
   735.0,0.002196,0.001800,0.011165,0.000760,  32.679
   736.0,0.002123,0.001737,0.011055,0.000671,  32.677
   737.0,0.002140,0.001744,0.010770,0.000738,  32.677
   738.0,0.002146,0.001758,0.010263,0.000773,  32.689
   739.0,0.002149,0.001758,0.010250,0.000751,  32.698
   740.0,0.002127,0.001753,0.010114,0.000751,  32.681
   741.0,0.002068,0.001725,0.010358,0.000706,  32.673
   742.0,0.001979,0.001649,0.010421,0.000630,  32.673
   743.0,0.001993,0.001660,0.010188,0.000706,  32.673
   744.0,0.002022,0.001679,0.009858,0.000711,  32.686
   745.0,0.002040,0.001696,0.009818,0.000738,  32.660
   746.0,0.001983,0.001667,0.009723,0.000733,  32.658
   747.0,0.001951,0.001628,0.009800,0.000671,  32.654
   748.0,0.001971,0.001653,0.009475,0.000738,  32.661
   749.0,0.001974,0.001643,0.009263,0.000787,  32.678
   750.0,0.001981,0.001665,0.009163,0.000778,  32.677
   751.0,0.001949,0.001656,0.009077,0.000800,  32.663
   752.0,0.001861,0.001587,0.009105,0.000684,  32.664
   753.0,0.001815,0.001554,0.009073,0.000595,  32.664
   754.0,0.001847,0.001580,0.008820,0.000711,  32.679
   755.0,0.001868,0.001593,0.008500,0.000751,  32.666
   756.0,0.001861,0.001590,0.008366,0.000738,  32.666
   757.0,0.001792,0.001560,0.008363,0.000706,  32.662
   758.0,0.001794,0.001542,0.008343,0.000738,  32.656
   759.0,0.001824,0.001545,0.008024,0.000773,  32.661
   760.0,0.001816,0.001547,0.007864,0.000800,  32.678
   761.0,0.001799,0.001549,0.007551,0.000765,  32.667
   762.0,0.001749,0.001519,0.007420,0.000746,  32.645
   763.0,0.001651,0.001453,0.007364,0.000630,  32.636
   764.0,0.001661,0.001430,0.006962,0.000657,  32.635
   765.0,0.001709,0.001469,0.006892,0.000760,  32.648
   766.0,0.001726,0.001499,0.006865,0.000751,  32.625
   767.0,0.001703,0.001498,0.006516,0.000738,  32.620
   768.0,0.001657,0.001452,0.006939,0.000746,  32.617
   769.0,0.001674,0.001459,0.006895,0.000787,  32.618
   770.0,0.001670,0.001460,0.006786,0.000800,  32.631
   771.0,0.001663,0.001462,0.006719,0.000778,  32.639
   772.0,0.001645,0.001452,0.006629,0.000765,  32.619
   773.0,0.001554,0.001410,0.006571,0.000706,  32.611
   774.0,0.001475,0.001346,0.006119,0.000630,  32.605
   775.0,0.001528,0.001362,0.006267,0.000724,  32.608
   776.0,0.001557,0.001386,0.006132,0.000787,  32.610
   777.0,0.001580,0.001410,0.006199,0.000800,  32.592
   778.0,0.001525,0.001378,0.006184,0.000733,  32.581
   779.0,0.001514,0.001353,0.006170,0.000738,  32.579
   780.0,0.001523,0.001364,0.005938,0.000751,  32.577
   781.0,0.001528,0.001366,0.005625,0.000800,  32.588
   782.0,0.001529,0.001369,0.005601,0.000778,  32.599
   783.0,0.001493,0.001349,0.004863,0.000738,  32.563
   784.0,0.001399,0.001299,0.005407,0.000679,  32.558
   785.0,0.001364,0.001259,0.005509,0.000617,  32.560
   786.0,0.001424,0.001293,0.005150,0.000724,  32.575
   787.0,0.001453,0.001319,0.005088,0.000773,  32.549
   788.0,0.001453,0.001325,0.004843,0.000724,  32.549
   789.0,0.001373,0.001278,0.004979,0.000679,  32.543
   790.0,0.001405,0.001284,0.005001,0.000738,  32.540
   791.0,0.001420,0.001299,0.004761,0.000702,  32.557
   792.0,0.001431,0.001311,0.004675,0.000765,  32.565
   793.0,0.001425,0.001318,0.004586,0.000778,  32.553
   794.0,0.001370,0.001287,0.004741,0.000662,  32.557
   795.0,0.001279,0.001222,0.004867,0.000617,  32.557
   796.0,0.001302,0.001228,0.004632,0.000635,  32.565
   797.0,0.001344,0.001253,0.003584,0.000738,  32.579
   798.0,0.001367,0.001257,0.003591,0.000751,  32.568
   799.0,0.001328,0.001257,0.003968,0.000675,  32.566
   800.0,0.001294,0.001221,0.004129,0.000697,  32.572
   801.0,0.001325,0.001239,0.003770,0.000751,  32.572
   802.0,0.001322,0.001241,0.003246,0.000729,  32.583
   803.0,0.001324,0.001245,0.003610,0.000814,  32.589
   804.0,0.001308,0.001253,0.003549,0.000814,  32.576
   805.0,0.001221,0.001187,0.003059,0.000693,  32.575
   806.0,0.001158,0.001121,0.002739,0.000617,  32.573
   807.0,0.001213,0.001163,0.003217,0.000711,  32.578
   808.0,0.001247,0.001181,0.003395,0.000773,  32.573
   809.0,0.001260,0.001209,0.003522,0.000751,  32.571
   810.0,0.001207,0.001170,0.003554,0.000684,  32.568
   811.0,0.001213,0.001161,0.003435,0.000746,  32.564
   812.0,0.001233,0.001174,0.003108,0.000751,  32.571
   813.0,0.001226,0.001187,0.002093,0.000800,  32.582
   814.0,0.001233,0.001187,0.002729,0.000765,  32.583
   815.0,0.001190,0.001159,0.002748,0.000697,  32.578
   816.0,0.001079,0.001090,0.003081,0.000639,  32.570
   817.0,0.001087,0.001074,0.003167,0.000617,  32.569
   818.0,0.001141,0.001114,0.001907,0.000724,  32.574
   819.0,0.001188,0.001142,0.002453,0.000773,  32.567
   820.0,0.001172,0.001151,0.002734,0.000697,  32.554
   821.0,0.001106,0.001106,0.002908,0.000706,  32.557
   822.0,0.001147,0.001129,0.002641,0.000746,  32.557
   823.0,0.001161,0.001140,0.002280,0.000738,  32.560
   824.0,0.001166,0.001147,0.001983,0.000787,  32.566
   825.0,0.001166,0.001160,0.002265,0.000751,  32.555
   826.0,0.001079,0.001116,0.002513,0.000671,  32.545
   827.0,0.001008,0.001048,0.002645,0.000626,  32.536
   828.0,0.001062,0.001065,0.001252,0.000684,  32.533
   829.0,0.001081,0.001086,0.001951,0.000724,  32.542
   830.0,0.001118,0.001114,0.002104,0.000773,  32.523
   831.0,0.001079,0.001094,0.001851,0.000733,  32.518
   832.0,0.001070,0.001087,0.001987,0.000720,  32.514
   833.0,0.001103,0.001104,0.002083,0.000751,  32.512
   834.0,0.001108,0.001115,0.002154,0.000751,  32.527
   835.0,0.001102,0.001112,0.001992,0.000800,  32.534
   836.0,0.001076,0.001110,0.001384,0.000738,  32.504
   837.0,0.000999,0.001043,0.001982,0.000657,  32.497
   838.0,0.000953,0.001003,0.002058,0.000679,  32.495
   839.0,0.001015,0.001040,0.001849,0.000760,  32.504
   840.0,0.001038,0.001069,0.001666,0.000773,  32.493
   841.0,0.001062,0.001077,0.001720,0.000751,  32.487
   842.0,0.000988,0.001047,0.001850,0.000684,  32.482
   843.0,0.001019,0.001050,0.001789,0.000773,  32.482
   844.0,0.001045,0.001071,0.001659,0.000778,  32.483
   845.0,0.001055,0.001089,0.001559,0.000791,  32.498
   846.0,0.001056,0.001078,0.001580,0.000800,  32.485
   847.0,0.000998,0.001057,0.001612,0.000733,  32.469
   848.0,0.000907,0.000985,0.001751,0.000653,  32.472
   849.0,0.000926,0.000985,0.001093,0.000671,  32.465
   850.0,0.000985,0.001020,0.001196,0.000724,  32.491
   851.0,0.001003,0.001035,0.001264,0.000787,  32.462
   852.0,0.000982,0.001049,0.001222,0.000724,  32.460
   853.0,0.000934,0.001001,0.001063,0.000697,  32.458
   854.0,0.000981,0.001022,0.001258,0.000773,  32.458
   855.0,0.000995,0.001043,0.001191,0.000778,  32.484
   856.0,0.000997,0.001043,0.001169,0.000814,  32.492
   857.0,0.000995,0.001045,0.001115,0.000787,  32.466
   858.0,0.000913,0.000993,0.001195,0.000671,  32.456
   859.0,0.000843,0.000938,0.001264,0.000626,  32.453
   860.0,0.000908,0.000965,0.001115,0.000697,  32.459
   861.0,0.000944,0.000997,0.000399,0.000751,  32.466
   862.0,0.000956,0.001024,0.000725,0.000800,  32.449
   863.0,0.000895,0.001000,0.000989,0.000684,  32.445
   864.0,0.000894,0.000975,0.000937,0.000724,  32.440
   865.0,0.000936,0.001001,0.000815,0.000773,  32.449
   866.0,0.000954,0.001012,0.000823,0.000800,  32.458
   867.0,0.000948,0.001016,0.000685,0.000814,  32.458
   868.0,0.000912,0.001002,-0.000839,0.000738,  32.435
   869.0,0.000817,0.000939,0.000148,0.000657,  32.432
   870.0,0.000809,0.000915,0.000569,0.000693,  32.427
   871.0,0.000882,0.000958,-0.000100,0.000724,  32.442
   872.0,0.000913,0.000989,-0.000200,0.000738,  32.418
   873.0,0.000913,0.000998,0.000364,0.000787,  32.410
   874.0,0.000846,0.000935,0.000630,0.000684,  32.411
   875.0,0.000877,0.000957,0.000615,0.000760,  32.409
   876.0,0.000906,0.000974,0.000213,0.000787,  32.418
   877.0,0.000908,0.000988,0.000429,0.000791,  32.434
   878.0,0.000919,0.000995,-0.000032,0.000814,  32.424
   879.0,0.000850,0.000965,0.000215,0.000697,  32.405
   880.0,0.000767,0.000897,0.000394,0.000617,  32.406
   881.0,0.000810,0.000905,0.000274,0.000733,  32.411
   882.0,0.000870,0.000953,0.000317,0.000751,  32.427
   883.0,0.000892,0.000974,0.000331,0.000765,  32.404
   884.0,0.000865,0.000964,0.000235,0.000760,  32.403
   885.0,0.000826,0.000938,0.000224,0.000724,  32.399
   886.0,0.000864,0.000961,0.000146,0.000800,  32.404
   887.0,0.000888,0.000975,0.000252,0.000778,  32.418
   888.0,0.000890,0.000980,0.000201,0.000791,  32.417
   889.0,0.000864,0.000987,-0.000151,0.000787,  32.397
   890.0,0.000772,0.000918,0.000046,0.000671,  32.392
   891.0,0.000725,0.000870,0.000267,0.000630,  32.387
   892.0,0.000790,0.000895,-0.000203,0.000746,  32.398
   893.0,0.000834,0.000930,-0.000108,0.000773,  32.383
   894.0,0.000838,0.000942,-0.000065,0.000787,  32.377
   895.0,0.000770,0.000908,0.000078,0.000697,  32.370
   896.0,0.000803,0.000913,0.000103,0.000724,  32.356
   897.0,0.000833,0.000935,-0.000027,0.000787,  32.361
   898.0,0.000849,0.000945,-0.000109,0.000778,  32.383
   899.0,0.000857,0.000961,-0.000276,0.000778,  32.381
   900.0,0.000811,0.000942,-0.000074,0.000733,  32.333
   901.0,0.000724,0.000878,0.000078,0.000653,  32.323
   902.0,0.000728,0.000874,0.000011,0.000693,  32.302
   903.0,0.000796,0.000915,-0.000168,0.000738,  32.332
   904.0,0.000818,0.000938,-0.000609,0.000751,  32.286
   905.0,0.000806,0.000948,-0.000324,0.000787,  32.280
   906.0,0.000763,0.000896,-0.000227,0.000684,  32.274
   907.0,0.000795,0.000914,-0.000188,0.000751,  32.273
   908.0,0.000817,0.000930,-0.000249,0.000800,  32.299
   909.0,0.000824,0.000936,-0.000317,0.000778,  32.307
   910.0,0.000823,0.000947,-0.000594,0.000800,  32.283
   911.0,0.000747,0.000891,-0.000266,0.000746,  32.275
   912.0,0.000688,0.000833,-0.000158,0.000644,  32.274
   913.0,0.000731,0.000863,-0.000342,0.000760,  32.289
   914.0,0.000780,0.000900,-0.000445,0.000765,  32.308
   915.0,0.000803,0.000917,-0.000445,0.000765,  32.292
   916.0,0.000759,0.000916,-0.000243,0.000746,  32.290
   917.0,0.000760,0.000890,-0.000364,0.000738,  32.294
   918.0,0.000786,0.000921,-0.000494,0.000791,  32.295
   919.0,0.000807,0.000937,-0.000643,0.000827,  32.322
   920.0,0.000806,0.000936,-0.000748,0.000783,  32.321
   921.0,0.000786,0.000933,-0.000524,0.000765,  32.293
   922.0,0.000716,0.000880,-0.000415,0.000684,  32.298
   923.0,0.000701,0.000866,-0.000294,0.000675,  32.299
   924.0,0.000779,0.000915,-0.000373,0.000756,  32.321
   925.0,0.000806,0.000936,-0.000436,0.000805,  32.312
   926.0,0.000810,0.000949,-0.000342,0.000769,  32.312
   927.0,0.000742,0.000899,-0.000316,0.000711,  32.311
   928.0,0.000767,0.000905,-0.000539,0.000751,  32.309
   929.0,0.000799,0.000931,-0.000606,0.000778,  32.315
   930.0,0.000812,0.000941,-0.000502,0.000805,  32.328
   931.0,0.000836,0.000969,-0.000553,0.000840,  32.333
   932.0,0.000823,0.000978,-0.000328,0.000809,  32.309
   933.0,0.000761,0.000937,-0.000193,0.000769,  32.313
   934.0,0.000804,0.000953,-0.000234,0.000827,  32.317
   935.0,0.000845,0.000982,-0.000056,0.000903,  32.341
   936.0,0.000859,0.000988,-0.000194,0.000881,  32.328
   937.0,0.000827,0.000985,-0.000178,0.000854,  32.338
   938.0,0.000797,0.000959,-0.000188,0.000791,  32.341
   939.0,0.000817,0.000974,-0.000302,0.000818,  32.347
   940.0,0.000828,0.000973,-0.000256,0.000854,  32.359
   941.0,0.000826,0.000973,-0.000809,0.000832,  32.365
   942.0,0.000808,0.000966,-0.000782,0.000832,  32.357
   943.0,0.000734,0.000912,-0.000321,0.000760,  32.359
   944.0,0.000685,0.000810,-0.000219,0.000720,  32.362
   945.0,0.000743,0.000871,-0.000718,0.000787,  32.367
   946.0,0.000762,0.000905,-0.000810,0.000805,  32.376
   947.0,0.000778,0.000925,-0.000788,0.000818,  32.369
   948.0,0.000725,0.000903,-0.000877,0.000787,  32.366
   949.0,0.000742,0.000887,-0.000813,0.000778,  32.374
   950.0,0.000772,0.000915,-0.000686,0.000805,  32.374
   951.0,0.000788,0.000930,-0.000559,0.000890,  32.387
   952.0,0.000798,0.000939,-0.000626,0.000867,  32.387
   953.0,0.000764,0.000923,-0.000640,0.000800,  32.378
   954.0,0.000673,0.000862,-0.000586,0.000746,  32.383
   955.0,0.000650,0.000838,-0.000525,0.000724,  32.366
   956.0,0.000714,0.000882,-0.000721,0.000814,  32.384
   957.0,0.000755,0.000895,-0.000889,0.000805,  32.379
   958.0,0.000749,0.000912,-0.000836,0.000805,  32.381
   959.0,0.000692,0.000858,-0.001073,0.000787,  32.373
   960.0,0.000731,0.000880,-0.000876,0.000778,  32.372
   961.0,0.000743,0.000894,-0.000898,0.000805,  32.366
   962.0,0.000751,0.000908,-0.000981,0.000854,  32.376
   963.0,0.000755,0.000906,-0.002031,0.000818,  32.368
   964.0,0.000672,0.000851,-0.001586,0.000746,  32.355
   965.0,0.000599,0.000802,-0.001091,0.000644,  32.351
   966.0,0.000655,0.000812,-0.000949,0.000724,  32.356
   967.0,0.000695,0.000849,-0.001086,0.000800,  32.364
   968.0,0.000724,0.000871,-0.001057,0.000805,  32.350
   969.0,0.000695,0.000869,-0.000965,0.000765,  32.348
   970.0,0.000675,0.000846,-0.000990,0.000800,  32.342
   971.0,0.000714,0.000884,-0.001515,0.000827,  32.338
   972.0,0.000728,0.000901,-0.001340,0.000827,  32.347
   973.0,0.000753,0.000919,-0.001326,0.000818,  32.347
   974.0,0.000756,0.000917,-0.001085,0.000818,  32.325
   975.0,0.000668,0.000874,-0.000872,0.000746,  32.323
   976.0,0.000663,0.000848,-0.000827,0.000711,  32.318
   977.0,0.000724,0.000890,-0.000958,0.000791,  32.329
   978.0,0.000752,0.000920,-0.000970,0.000854,  32.329
   979.0,0.000772,0.000932,-0.001005,0.000840,  32.319
   980.0,0.000710,0.000891,-0.000932,0.000751,  32.324
   981.0,0.000716,0.000887,-0.001076,0.000791,  32.326
   982.0,0.000733,0.000897,-0.001081,0.000783,  32.329
   983.0,0.000738,0.000897,-0.001048,0.000818,  32.347
   984.0,0.000745,0.000907,-0.001072,0.000832,  32.350
   985.0,0.000683,0.000891,-0.000990,0.000742,  32.337
   986.0,0.000612,0.000824,-0.000983,0.000684,  32.339
   987.0,0.000616,0.000807,-0.001128,0.000765,  32.343
   988.0,0.000684,0.000855,-0.001290,0.000769,  32.355
   989.0,0.000712,0.000875,-0.001926,0.000890,  32.352
   990.0,0.000701,0.000882,-0.001621,0.000783,  32.357
   991.0,0.000668,0.000850,-0.001234,0.000765,  32.359
   992.0,0.000706,0.000868,-0.001486,0.000805,  32.372
   993.0,0.000728,0.000876,-0.001612,0.000783,  32.377
   994.0,0.000736,0.000889,-0.001780,0.000854,  32.382
   995.0,0.000735,0.000898,-0.001366,0.000818,  32.375
   996.0,0.000648,0.000851,-0.001223,0.000724,  32.376
   997.0,0.000576,0.000799,-0.001134,0.000720,  32.380
   998.0,0.000639,0.000832,-0.001906,0.000729,  32.371
   999.0,0.000687,0.000866,-0.001624,0.000805,  32.376
  1000.0,0.000720,0.000877,-0.001524,0.000832,  32.366
  1001.0,0.000665,0.000861,-0.001373,0.000742,  32.360
  1002.0,0.000662,0.000844,-0.001342,0.000778,  32.348
  1003.0,0.000693,0.000864,-0.001308,0.000805,  32.345
  1004.0,0.000708,0.000873,-0.001507,0.000818,  32.349
  1005.0,0.000714,0.000880,-0.001488,0.000854,  32.341
  1006.0,0.000696,0.000880,-0.001401,0.000827,  32.333
  1007.0,0.000595,0.000819,-0.001309,0.000720,  32.330
  1008.0,0.000591,0.000791,-0.001319,0.000671,  32.327
  1009.0,0.000644,0.000829,-0.001489,0.000778,  32.333
  1010.0,0.000672,0.000846,-0.001508,0.000827,  32.325
  1011.0,0.000685,0.000865,-0.001739,0.000791,  32.329
  1012.0,0.000622,0.000831,-0.002557,0.000724,  32.319
  1013.0,0.000652,0.000837,-0.002006,0.000787,  32.321
  1014.0,0.000685,0.000854,-0.001842,0.000769,  32.324
  1015.0,0.000700,0.000873,-0.002554,0.000791,  32.337
  1016.0,0.000714,0.000888,-0.002092,0.000805,  32.335
  1017.0,0.000652,0.000843,-0.001555,0.000724,  32.325
  1018.0,0.000572,0.000793,-0.001315,0.000693,  32.324
  1019.0,0.000628,0.000805,-0.001704,0.000738,  32.323
  1020.0,0.000670,0.000848,-0.002061,0.000791,  32.330
  1021.0,0.000683,0.000856,-0.001758,0.000827,  32.316
  1022.0,0.000662,0.000855,-0.001576,0.000765,  32.312
  1023.0,0.000628,0.000822,-0.002369,0.000773,  32.302
  1024.0,0.000673,0.000844,-0.002497,0.000800,  32.302
  1025.0,0.000685,0.000853,-0.001925,0.000791,  32.315
  1026.0,0.000691,0.000857,-0.001736,0.000827,  32.318
  1027.0,0.000678,0.000862,-0.001629,0.000814,  32.302
  1028.0,0.000575,0.000806,-0.001557,0.000706,  32.302
  1029.0,0.000526,0.000757,-0.001570,0.000693,  32.307
  1030.0,0.000593,0.000796,-0.001628,0.000738,  32.311
  1031.0,0.000640,0.000832,-0.001717,0.000827,  32.318
  1032.0,0.000673,0.000846,-0.001748,0.000827,  32.311
  1033.0,0.000616,0.000816,-0.001603,0.000738,  32.313
  1034.0,0.000617,0.000818,-0.001594,0.000800,  32.315
  1035.0,0.000659,0.000842,-0.001709,0.000778,  32.319
  1036.0,0.000668,0.000843,-0.001767,0.000805,  32.324
  1037.0,0.000673,0.000844,-0.002480,0.000827,  32.322
  1038.0,0.000644,0.000842,-0.001831,0.000738,  32.310
  1039.0,0.000546,0.000780,-0.001672,0.000657,  32.311
  1040.0,0.000558,0.000779,-0.001666,0.000733,  32.311
  1041.0,0.000622,0.000817,-0.001703,0.000773,  32.318
  1042.0,0.000653,0.000836,-0.002043,0.000787,  32.305
  1043.0,0.000660,0.000840,-0.001914,0.000765,  32.304
  1044.0,0.000594,0.000806,-0.001632,0.000724,  32.295
  1045.0,0.000634,0.000830,-0.001668,0.000800,  32.293
  1046.0,0.000664,0.000842,-0.001683,0.000791,  32.303
  1047.0,0.000671,0.000856,-0.001656,0.000805,  32.308
  1048.0,0.000674,0.000857,-0.001605,0.000814,  32.303
  1049.0,0.000599,0.000812,-0.001556,0.000746,  32.289
  1050.0,0.000520,0.000762,-0.001505,0.000679,  32.289
  1051.0,0.000590,0.000786,-0.001566,0.000738,  32.291
  1052.0,0.000634,0.000820,-0.001738,0.000765,  32.300
  1053.0,0.000661,0.000838,-0.002138,0.000827,  32.290
  1054.0,0.000608,0.000836,-0.001953,0.000738,  32.295
  1055.0,0.000599,0.000803,-0.001975,0.000738,  32.286
  1056.0,0.000640,0.000824,-0.002139,0.000800,  32.290
  1057.0,0.000647,0.000830,-0.002028,0.000778,  32.303
  1058.0,0.000662,0.000847,-0.001936,0.000814,  32.308
  1059.0,0.000646,0.000840,-0.001834,0.000800,  32.293
  1060.0,0.000546,0.000772,-0.001603,0.000671,  32.291
  1061.0,0.000525,0.000747,-0.001641,0.000693,  32.296
  1062.0,0.000603,0.000787,-0.001820,0.000782,  32.299
  1063.0,0.000627,0.000818,-0.001927,0.000787,  32.300
  1064.0,0.000629,0.000836,-0.001787,0.000836,  32.290
  1065.0,0.000576,0.000796,-0.003364,0.000746,  32.289
  1066.0,0.000612,0.000793,-0.002372,0.000751,  32.300
  1067.0,0.000638,0.000821,-0.002058,0.000836,  32.294
  1068.0,0.000640,0.000833,-0.001959,0.000827,  32.302
  1069.0,0.000645,0.000837,-0.001944,0.000836,  32.307
  1070.0,0.000590,0.000811,-0.001872,0.000782,  32.295
  1071.0,0.000500,0.000759,-0.001976,0.000666,  32.297
  1072.0,0.000540,0.000751,-0.001902,0.000755,  32.298
  1073.0,0.000611,0.000796,-0.002311,0.000822,  32.310
  1074.0,0.000645,0.000820,-0.002553,0.000800,  32.298
  1075.0,0.000634,0.000827,-0.001997,0.000796,  32.303
  1076.0,0.000581,0.000790,-0.001788,0.000760,  32.296
  1077.0,0.000618,0.000815,-0.002234,0.000809,  32.298
  1078.0,0.000633,0.000827,-0.002090,0.000836,  32.304
  1079.0,0.000643,0.000834,-0.002065,0.000814,  32.304
  1080.0,0.000638,0.000843,-0.001886,0.000836,  32.298
  1081.0,0.000547,0.000796,-0.001680,0.000742,  32.296
  1082.0,0.000497,0.000738,-0.001647,0.000653,  32.291
  1083.0,0.000575,0.000772,-0.001804,0.000782,  32.294
  1084.0,0.000610,0.000806,-0.001937,0.000822,  32.297
  1085.0,0.000622,0.000826,-0.001932,0.000836,  32.287
  1086.0,0.000577,0.000802,-0.001809,0.000746,  32.288
  1087.0,0.000589,0.000808,-0.002100,0.000738,  32.292
  1088.0,0.000625,0.000826,-0.002017,0.000787,  32.284
  1089.0,0.000647,0.000828,-0.002157,0.000836,  32.298
  1090.0,0.000645,0.000835,-0.002116,0.000800,  32.301
  1091.0,0.000612,0.000832,-0.001821,0.000796,  32.280
  1092.0,0.000526,0.000764,-0.001653,0.000702,  32.281
  1093.0,0.000517,0.000754,-0.001902,0.000693,  32.273
  1094.0,0.000584,0.000785,-0.002008,0.000773,  32.279
  1095.0,0.000617,0.000815,-0.001934,0.000787,  32.273
  1096.0,0.000611,0.000829,-0.001916,0.000822,  32.270
  1097.0,0.000564,0.000773,-0.001942,0.000742,  32.249
  1098.0,0.000602,0.000797,-0.002064,0.000760,  32.250
  1099.0,0.000611,0.000814,-0.002147,0.000809,  32.254
  1100.0,0.000630,0.000823,-0.002097,0.000822,  32.271
  1101.0,0.000627,0.000825,-0.002034,0.000800,  32.266
  1102.0,0.000564,0.000789,-0.002524,0.000742,  32.242
  1103.0,0.000482,0.000716,-0.002166,0.000666,  32.238
  1104.0,0.000529,0.000750,-0.002201,0.000755,  32.237
  1105.0,0.000584,0.000791,-0.003587,0.000809,  32.249
  1106.0,0.000607,0.000813,-0.002543,0.000773,  32.231
  1107.0,0.000579,0.000805,-0.002123,0.000769,  32.227
  1108.0,0.000548,0.000765,-0.002053,0.000769,  32.228
  1109.0,0.000589,0.000784,-0.002289,0.000787,  32.229
  1110.0,0.000610,0.000799,-0.002276,0.000809,  32.245
  1111.0,0.000617,0.000808,-0.002337,0.000836,  32.254
  1112.0,0.000598,0.000806,-0.002304,0.000822,  32.243
  1113.0,0.000507,0.000739,-0.002308,0.000679,  32.235
  1114.0,0.000465,0.000703,-0.002009,0.000603,  32.237
  1115.0,0.000539,0.000748,-0.002301,0.000769,  32.246
  1116.0,0.000592,0.000786,-0.002855,0.000773,  32.245
  1117.0,0.000602,0.000808,-0.002285,0.000738,  32.232
  1118.0,0.000538,0.000771,-0.002117,0.000679,  32.234
  1119.0,0.000564,0.000769,-0.002115,0.000724,  32.230
  1120.0,0.000595,0.000799,-0.002189,0.000738,  32.237
  1121.0,0.000609,0.000814,-0.002301,0.000787,  32.250
  1122.0,0.000613,0.000824,-0.002371,0.000751,  32.255
  1123.0,0.000573,0.000796,-0.002124,0.000733,  32.226
  1124.0,0.000479,0.000724,-0.001876,0.000617,  32.222
  1125.0,0.000505,0.000713,-0.002076,0.000671,  32.218
  1126.0,0.000560,0.000769,-0.002249,0.000760,  32.233
  1127.0,0.000594,0.000791,-0.002306,0.000751,  32.221
  1128.0,0.000589,0.000797,-0.002175,0.000711,  32.222
  1129.0,0.000535,0.000748,-0.001968,0.000720,  32.224
  1130.0,0.000579,0.000784,-0.002105,0.000746,  32.223
  1131.0,0.000607,0.000810,-0.002155,0.000787,  32.238
  1132.0,0.000620,0.000819,-0.002350,0.000751,  32.251
  1133.0,0.000610,0.000822,-0.002184,0.000738,  32.242
  1134.0,0.000532,0.000783,-0.001961,0.000679,  32.232
  1135.0,0.000477,0.000713,-0.001885,0.000617,  32.233
  1136.0,0.000540,0.000748,-0.002082,0.000711,  32.243
  1137.0,0.000592,0.000791,-0.002148,0.000796,  32.256
  1138.0,0.000605,0.000819,-0.001956,0.000773,  32.246
  1139.0,0.000569,0.000794,-0.001809,0.000755,  32.247
  1140.0,0.000557,0.000769,-0.001920,0.000769,  32.253
  1141.0,0.000589,0.000794,-0.002204,0.000773,  32.252
  1142.0,0.000607,0.000806,-0.002259,0.000809,  32.265
  1143.0,0.000626,0.000820,-0.002259,0.000836,  32.273
  1144.0,0.000592,0.000813,-0.002233,0.000760,  32.237
  1145.0,0.000507,0.000746,-0.001991,0.000688,  32.229
  1146.0,0.000479,0.000715,-0.001980,0.000688,  32.222
  1147.0,0.000550,0.000760,-0.002296,0.000755,  32.224
  1148.0,0.000592,0.000798,-0.002610,0.000822,  32.220
  1149.0,0.000599,0.000813,-0.002775,0.000800,  32.196
  1150.0,0.000529,0.000781,-0.002326,0.000728,  32.196
  1151.0,0.000579,0.000793,-0.002236,0.000809,  32.192
  1152.0,0.000607,0.000816,-0.002142,0.000845,  32.198
  1153.0,0.000617,0.000821,-0.002264,0.000822,  32.227
  1154.0,0.000622,0.000832,-0.002232,0.000849,  32.237
  1155.0,0.000563,0.000798,-0.002061,0.000742,  32.196
  1156.0,0.000477,0.000732,-0.001944,0.000626,  32.190
  1157.0,0.000515,0.000746,-0.002052,0.000706,  32.188
  1158.0,0.000563,0.000785,-0.002133,0.000782,  32.206
  1159.0,0.000589,0.000804,-0.002156,0.000822,  32.190
  1160.0,0.000566,0.000800,-0.002194,0.000720,  32.196
  1161.0,0.000532,0.000762,-0.002024,0.000742,  32.194
  1162.0,0.000575,0.000787,-0.002216,0.000782,  32.197
  1163.0,0.000587,0.000799,-0.002286,0.000773,  32.214
  1164.0,0.000603,0.000803,-0.002289,0.000809,  32.239
  1165.0,0.000592,0.000809,-0.002210,0.000760,  32.221
  1166.0,0.000502,0.000742,-0.001977,0.000702,  32.229
  1167.0,0.000468,0.000700,-0.001969,0.000675,  32.233
  1168.0,0.000537,0.000744,-0.002231,0.000733,  32.244
  1169.0,0.000580,0.000787,-0.002423,0.000796,  32.259
  1170.0,0.000595,0.000803,-0.002429,0.000809,  32.259
  1171.0,0.000533,0.000764,-0.002077,0.000764,  32.261
  1172.0,0.000551,0.000759,-0.003065,0.000804,  32.261
  1173.0,0.000579,0.000788,-0.002532,0.000796,  32.266
  1174.0,0.000592,0.000806,-0.002476,0.000831,  32.289
  1175.0,0.000603,0.000814,-0.002366,0.000796,  32.290
  1176.0,0.000552,0.000791,-0.002224,0.000778,  32.278
  1177.0,0.000444,0.000713,-0.002560,0.000697,  32.280
  1178.0,0.000467,0.000693,-0.002442,0.000702,  32.275
  1179.0,0.000530,0.000741,-0.003302,0.000791,  32.282
  1180.0,0.000572,0.000782,-0.002749,0.000818,  32.281
  1181.0,0.000574,0.000795,-0.002364,0.000769,  32.277
  1182.0,0.000506,0.000753,-0.002434,0.000791,  32.274
  1183.0,0.000564,0.000772,-0.002494,0.000818,  32.268
  1184.0,0.000587,0.000794,-0.003070,0.000822,  32.274
  1185.0,0.000591,0.000800,-0.003886,0.000822,  32.280
  1186.0,0.000600,0.000813,-0.002864,0.000809,  32.279
  1187.0,0.000510,0.000769,-0.002522,0.000666,  32.262
  1188.0,0.000432,0.000700,-0.002313,0.000608,  32.250
  1189.0,0.000501,0.000725,-0.004048,0.000715,  32.244
  1190.0,0.000548,0.000757,-0.002915,0.000760,  32.254
  1191.0,0.000577,0.000781,-0.002928,0.000796,  32.240
  1192.0,0.000538,0.000762,-0.003115,0.000706,  32.236
  1193.0,0.000517,0.000742,-0.002644,0.000764,  32.230
  1194.0,0.000562,0.000767,-0.002488,0.000769,  32.230
  1195.0,0.000579,0.000782,-0.002428,0.000845,  32.248
  1196.0,0.000587,0.000792,-0.003138,0.000831,  32.254
  1197.0,0.000567,0.000801,-0.002670,0.000769,  32.247
  1198.0,0.000456,0.000724,-0.003555,0.000697,  32.248
  1199.0,0.000442,0.000684,-0.002737,0.000697,  32.246
  1200.0,0.000510,0.000737,-0.002589,0.000769,  32.251
  1201.0,0.000556,0.000773,-0.002432,0.000818,  32.261
  1202.0,0.000586,0.000794,-0.002644,0.000796,  32.241
  1203.0,0.000520,0.000758,-0.002422,0.000764,  32.234
  1204.0,0.000547,0.000773,-0.002485,0.000804,  32.238
  1205.0,0.000576,0.000786,-0.002536,0.000796,  32.238
  1206.0,0.000594,0.000796,-0.002630,0.000845,  32.252
  1207.0,0.000602,0.000806,-0.002592,0.000831,  32.263
  1208.0,0.000558,0.000784,-0.002510,0.000742,  32.238
  1209.0,0.000455,0.000708,-0.002869,0.000675,  32.234
  1210.0,0.000482,0.000719,-0.002547,0.000679,  32.232
  1211.0,0.000548,0.000763,-0.002600,0.000746,  32.244
  1212.0,0.000570,0.000793,-0.002841,0.000796,  32.233
  1213.0,0.000557,0.000789,-0.003071,0.000742,  32.232
  1214.0,0.000528,0.000746,-0.002712,0.000791,  32.235
  1215.0,0.000551,0.000775,-0.002602,0.000831,  32.237
  1216.0,0.000573,0.000794,-0.002609,0.000822,  32.239
  1217.0,0.000589,0.000802,-0.002457,0.000845,  32.261
  1218.0,0.000598,0.000811,-0.002462,0.000831,  32.253
  1219.0,0.000502,0.000749,-0.002244,0.000751,  32.229
  1220.0,0.000441,0.000707,-0.002219,0.000684,  32.225
  1221.0,0.000523,0.000749,-0.002554,0.000755,  32.224
  1222.0,0.000574,0.000780,-0.002550,0.000831,  32.240
  1223.0,0.000593,0.000809,-0.002505,0.000845,  32.216
  1224.0,0.000540,0.000790,-0.003520,0.000755,  32.221
  1225.0,0.000561,0.000787,-0.002590,0.000760,  32.220
  1226.0,0.000587,0.000801,-0.002517,0.000809,  32.218
  1227.0,0.000594,0.000804,-0.002620,0.000787,  32.235
  1228.0,0.000593,0.000808,-0.003286,0.000858,  32.244
  1229.0,0.000566,0.000796,-0.002897,0.000796,  32.229
  1230.0,0.000460,0.000741,-0.002490,0.000666,  32.228
  1231.0,0.000471,0.000701,-0.002392,0.000702,  32.231
  1232.0,0.000543,0.000756,-0.002651,0.000769,  32.246
  1233.0,0.000574,0.000785,-0.002916,0.000831,  32.252
  1234.0,0.000584,0.000808,-0.002571,0.000804,  32.242
  1235.0,0.000525,0.000765,-0.002458,0.000728,  32.247
