Run Name,Group7Run1 50%
Run Date,12:59:14 PM   02-03-11
Method Name,50%B-Isocrat
Export Format Version, 1.00
Method ID, 1176
Points/Second, 1.00
Number of Records,    616
Offset from Run Start Time,00:00:00
Run End Time,00:10:18
Time,Second
QuadTec 1, (280.0 nm), AU
QuadTec 2, (260.0 nm), AU
Gradient Pump,<Not Selected>
QuadTec 3, (214.0 nm), AU
QuadTec 4, (405.0 nm), AU
Conductivity,mS/cm
Trace 6,<Not Available>
GP Pressure,<Not Selected>
Volume,<Not Selected>
Fraction,<Not Available>
Time,QuadTec 1,QuadTec 2,QuadTec 3,QuadTec 4,Conductivity
     0.0,0.008364,-0.362834,0.065234,0.000000,  37.962
     1.0,0.000000,0.000000,0.000000,0.000000,  37.961
     2.0,0.000000,0.000000,0.000000,0.000000,  37.972
     3.0,0.000000,0.000000,0.000000,0.000000,  37.972
     4.0,0.000000,0.000000,0.000000,0.000000,  37.955
     5.0,0.000016,0.000006,0.000083,-0.000062,  37.951
     6.0,-0.000084,-0.000038,-0.000103,-0.000186,  37.953
     7.0,-0.000158,-0.000112,-0.000251,-0.000239,  37.950
     8.0,-0.000076,-0.000077,-0.000203,-0.000146,  37.946
     9.0,-0.000013,-0.000011,-0.000715,-0.000115,  37.940
    10.0,-0.000059,-0.000028,-0.000214,-0.000191,  37.945
    11.0,-0.000069,-0.000027,-0.000092,-0.000151,  37.955
    12.0,-0.000003,0.000015,-0.000231,-0.000098,  37.951
    13.0,0.000035,0.000042,-0.000222,-0.000094,  37.937
    14.0,0.000005,0.000040,-0.000252,-0.000156,  37.941
    15.0,-0.000089,-0.000026,-0.000159,-0.000235,  37.956
    16.0,-0.000075,-0.000054,-0.000311,-0.000173,  37.939
    17.0,-0.000003,0.000010,-0.001241,-0.000129,  37.939
    18.0,0.000016,0.000042,-0.000434,-0.000138,  37.941
    19.0,-0.000060,-0.000014,-0.000095,-0.000178,  37.952
    20.0,0.000009,0.000025,-0.000021,-0.000121,  37.957
    21.0,0.000057,0.000055,-0.000059,-0.000085,  37.940
    22.0,0.000083,0.000082,-0.000164,-0.000059,  37.940
    23.0,-0.000002,0.000028,-0.000119,-0.000187,  37.948
    24.0,-0.000064,-0.000017,0.000062,-0.000244,  37.944
    25.0,0.000018,0.000020,-0.000015,-0.000161,  37.938
    26.0,0.000083,0.000072,-0.000247,-0.000081,  37.938
    27.0,0.000027,0.000057,0.000136,-0.000125,  37.943
    28.0,0.000028,0.000044,-0.000007,-0.000121,  37.947
    29.0,0.000089,0.000083,0.000063,-0.000041,  37.949
    30.0,0.000117,0.000114,0.000200,-0.000064,  37.931
    31.0,0.000104,0.000103,0.000123,-0.000068,  37.923
    32.0,0.000004,0.000037,0.000184,-0.000161,  37.937
    33.0,0.000009,0.000031,0.000219,-0.000161,  37.916
    34.0,0.000093,0.000085,-0.000408,-0.000112,  37.907
    35.0,0.000110,0.000121,-0.000392,-0.000064,  37.891
    36.0,0.000061,0.000086,-0.000127,-0.000117,  37.900
    37.0,0.000110,0.000117,-0.000015,-0.000024,  37.918
    38.0,0.000158,0.000146,0.000114,0.000016,  37.876
    39.0,0.000161,0.000170,0.000215,-0.000055,  37.866
    40.0,0.000080,0.000114,0.000368,-0.000126,  37.875
    41.0,-0.000003,0.000069,0.000265,-0.000188,  37.863
    42.0,0.000085,0.000105,-0.000512,-0.000064,  37.858
    43.0,0.000157,0.000155,-0.000025,0.000003,  37.849
    44.0,0.000115,0.000143,0.000303,-0.000050,  37.862
    45.0,0.000126,0.000126,0.000274,-0.000059,  37.878
    46.0,0.000178,0.000165,0.000185,-0.000006,  37.877
    47.0,0.000202,0.000189,0.000256,0.000011,  37.849
    48.0,0.000180,0.000179,0.000411,-0.000006,  37.848
    49.0,0.000095,0.000119,0.000472,-0.000108,  37.875
    50.0,0.000077,0.000116,-0.000852,-0.000095,  37.877
    51.0,0.000186,0.000178,-0.000197,0.000011,  37.887
    52.0,0.000207,0.000201,0.000189,0.000024,  37.840
    53.0,0.000208,0.000226,0.000523,-0.000082,  37.856
    54.0,0.000358,0.000370,0.001094,0.000144,  37.870
    55.0,0.000187,0.000221,0.000771,0.000024,  37.855
    56.0,0.000208,0.000223,0.000677,0.000051,  37.845
    57.0,0.000160,0.000178,0.000726,-0.000006,  37.853
    58.0,0.000072,0.000100,0.000225,-0.000046,  37.862
    59.0,0.000184,0.000229,0.000281,0.000038,  37.843
    60.0,0.000381,0.000359,0.000310,0.000157,  37.845
    61.0,0.000342,0.000357,0.000489,0.000144,  37.846
    62.0,0.000336,0.000340,0.000665,0.000130,  37.862
    63.0,0.000377,0.000357,-0.000020,0.000183,  37.876
    64.0,0.000381,0.000354,0.000241,0.000197,  37.844
    65.0,0.000348,0.000343,0.000565,0.000144,  37.850
    66.0,0.000254,0.000267,0.000636,0.000038,  37.868
    67.0,0.000210,0.000217,0.000678,0.000051,  37.850
    68.0,0.000301,0.000282,0.000224,0.000073,  37.845
    69.0,0.000324,0.000314,-0.000218,0.000121,  37.842
    70.0,0.000253,0.000266,0.000436,0.000042,  37.861
    71.0,0.000309,0.000297,0.000478,0.000112,  37.866
    72.0,0.000347,0.000316,0.000555,0.000103,  37.848
    73.0,0.000363,0.000332,0.000554,0.000139,  37.839
    74.0,0.000302,0.000297,0.000756,0.000033,  37.848
    75.0,0.000231,0.000243,0.000240,-0.000029,  37.853
    76.0,0.000288,0.000273,0.000397,0.000086,  37.840
    77.0,0.000362,0.000321,0.000307,0.000090,  37.836
    78.0,0.000315,0.000301,0.000605,0.000073,  37.837
    79.0,0.000329,0.000302,0.000607,0.000099,  37.858
    80.0,0.000380,0.000333,0.000624,0.000179,  37.857
    81.0,0.000410,0.000371,0.000553,0.000227,  37.824
    82.0,0.000385,0.000354,0.000751,0.000165,  37.826
    83.0,0.000294,0.000289,0.000891,0.000095,  37.846
    84.0,0.000283,0.000265,0.000846,0.000121,  37.819
    85.0,0.000360,0.000332,0.000670,0.000201,  37.810
    86.0,0.000388,0.000356,0.000680,0.000201,  37.808
    87.0,0.000335,0.000307,0.000731,0.000126,  37.833
    88.0,0.000382,0.000342,0.000485,0.000227,  37.850
    89.0,0.000423,0.000375,0.000016,0.000280,  37.827
    90.0,0.000447,0.000407,0.000335,0.000258,  37.823
    91.0,0.000372,0.000366,-0.000755,0.000201,  37.834
    92.0,0.000311,0.000326,0.000387,0.000086,  37.837
    93.0,0.000391,0.000373,0.000721,0.000205,  37.828
    94.0,0.000480,0.000446,0.000941,0.000271,  37.826
    95.0,0.000463,0.000438,0.000971,0.000232,  37.834
    96.0,0.000493,0.000457,0.001192,0.000223,  37.849
    97.0,0.000557,0.000492,0.001310,0.000298,  37.849
    98.0,0.000614,0.000523,0.001806,0.000338,  37.825
    99.0,0.000617,0.000537,0.002298,0.000236,  37.827
   100.0,0.000564,0.000497,0.003209,0.000192,  37.843
   101.0,0.000589,0.000512,0.003768,0.000258,  37.823
   102.0,0.000796,0.000647,0.004919,0.000289,  37.822
   103.0,0.001001,0.000788,0.006379,0.000364,  37.807
   104.0,0.001023,0.000804,0.007180,0.000262,  37.828
   105.0,0.001327,0.000991,0.009381,0.000378,  37.837
   106.0,0.001707,0.001194,0.012480,0.000444,  37.811
   107.0,0.001933,0.001330,0.015827,0.000373,  37.799
   108.0,0.002135,0.001418,0.019082,0.000316,  37.809
   109.0,0.002307,0.001491,0.022342,0.000240,  37.817
   110.0,0.002609,0.001685,0.025625,0.000307,  37.796
   111.0,0.003397,0.002110,0.032287,0.000395,  37.789
   112.0,0.003433,0.002101,0.033167,0.000320,  37.799
   113.0,0.003967,0.002430,0.037143,0.000369,  37.829
   114.0,0.005017,0.003023,0.047688,0.000399,  37.830
   115.0,0.005994,0.003427,0.056553,0.000426,  37.800
   116.0,0.006724,0.003947,0.065757,0.000435,  37.801
   117.0,0.007313,0.004268,0.074263,0.000320,  37.832
   118.0,0.008002,0.004608,0.079783,0.000311,  37.809
   119.0,0.009133,0.005333,0.093334,0.000413,  37.798
   120.0,0.010444,0.005997,0.104164,0.000404,  37.795
   121.0,0.010574,0.006127,0.103906,0.000399,  37.811
   122.0,0.012918,0.007434,0.122028,0.000479,  37.829
   123.0,0.015231,0.008622,0.146166,0.000497,  37.802
   124.0,0.016883,0.009373,0.161634,0.000572,  37.786
   125.0,0.018349,0.010356,0.179743,0.000430,  37.796
   126.0,0.019691,0.011228,0.196770,0.000342,  37.803
   127.0,0.021175,0.012143,0.211184,0.000479,  37.781
   128.0,0.024175,0.013882,0.239374,0.000559,  37.777
   129.0,0.025231,0.014258,0.245354,0.000506,  37.785
   130.0,0.027688,0.015535,0.261427,0.000523,  37.799
   131.0,0.031617,0.017842,0.297217,0.000594,  37.804
   132.0,0.035074,0.019713,0.329989,0.000643,  37.776
   133.0,0.037457,0.020903,0.359110,0.000594,  37.769
   134.0,0.039507,0.022102,0.381805,0.000474,  37.796
   135.0,0.041131,0.023338,0.409291,0.000559,  37.765
   136.0,0.044957,0.025404,0.438731,0.000607,  37.762
   137.0,0.048417,0.027147,0.465474,0.000634,  37.758
   138.0,0.049645,0.028156,0.478659,0.000594,  37.777
   139.0,0.054479,0.030777,0.513830,0.000713,  37.781
   140.0,0.059100,0.033277,0.559130,0.000815,  37.747
   141.0,0.063133,0.035319,0.592433,0.000819,  37.734
   142.0,0.065108,0.036285,0.623435,0.000673,  37.739
   143.0,0.067309,0.037519,0.650877,0.000576,  37.740
   144.0,0.071057,0.039432,0.681110,0.000727,  37.711
   145.0,0.074661,0.041954,0.721707,0.000846,  37.697
   146.0,0.076397,0.042809,0.734862,0.000735,  37.693
   147.0,0.079275,0.044660,0.760246,0.000793,  37.714
   148.0,0.084465,0.047451,0.800658,0.000926,  37.706
   149.0,0.088238,0.049592,0.842624,0.001005,  37.663
   150.0,0.091005,0.050823,0.868968,0.000926,  37.635
   151.0,0.092228,0.051407,0.890633,0.000696,  37.659
   152.0,0.094886,0.052713,0.912679,0.000793,  37.619
   153.0,0.098281,0.055166,0.950954,0.001005,  37.601
   154.0,0.101398,0.056741,0.975979,0.001041,  37.562
   155.0,0.102045,0.056987,0.987158,0.000793,  37.566
   156.0,0.105877,0.059312,1.017866,0.001005,  37.566
   157.0,0.109619,0.061375,1.054920,0.001125,  37.515
   158.0,0.111839,0.062674,1.080262,0.001059,  37.483
   159.0,0.112494,0.062791,1.094275,0.000873,  37.474
   160.0,0.113384,0.062986,1.107051,0.000819,  37.448
   161.0,0.116757,0.064871,1.132182,0.001032,  37.398
   162.0,0.119260,0.066687,1.164628,0.001072,  37.348
   163.0,0.119917,0.066871,1.165674,0.000979,  37.303
   164.0,0.120960,0.067619,1.183466,0.000992,  37.294
   165.0,0.124305,0.069465,1.222568,0.000992,  37.266
   166.0,0.126276,0.070405,1.241981,0.000926,  37.173
   167.0,0.127378,0.071062,1.256916,0.001050,  37.109
   168.0,0.127140,0.070994,1.263697,0.001090,  37.085
   169.0,0.128625,0.071493,1.273227,0.000983,  36.988
   170.0,0.131682,0.073053,1.307640,0.000735,  36.881
   171.0,0.133258,0.074166,1.331612,0.000895,  36.757
   172.0,0.133679,0.074510,1.327897,0.001196,  36.684
   173.0,0.135501,0.075397,1.362962,0.000744,  36.619
   174.0,0.138159,0.076727,1.405459,0.000518,  36.490
   175.0,0.140307,0.077846,1.428662,0.000558,  36.352
   176.0,0.140994,0.078447,1.441535,0.001129,  36.222
   177.0,0.141373,0.078771,1.455582,0.001276,  36.094
   178.0,0.144149,0.079608,1.487980,0.000558,  35.906
   179.0,0.147423,0.081157,1.537845,0.000359,  35.706
   180.0,0.149462,0.082633,1.563610,0.000797,  35.503
   181.0,0.150248,0.083220,1.586051,0.000664,  35.390
   182.0,0.153219,0.084713,1.637671,0.000545,  35.286
   183.0,0.155910,0.086231,1.689662,0.000571,  35.124
   184.0,0.157171,0.086645,1.709854,0.000567,  34.966
   185.0,0.156597,0.086383,1.716238,0.000620,  34.898
   186.0,0.158467,0.087142,1.740963,0.000580,  34.759
   187.0,0.161997,0.088971,1.790452,0.000580,  34.683
   188.0,0.163607,0.089911,1.829036,0.000602,  34.629
   189.0,0.163086,0.090083,1.841911,0.000669,  34.653
   190.0,0.164647,0.090931,1.868647,0.000921,  34.686
   191.0,0.166214,0.091601,1.895276,0.001067,  34.695
   192.0,0.166193,0.091722,1.920825,0.001116,  34.741
   193.0,0.163749,0.089898,1.892924,0.000744,  34.848
   194.0,0.161730,0.089109,1.876315,0.000616,  34.945
   195.0,0.164896,0.090820,1.908253,0.000952,  35.066
   196.0,0.165237,0.091084,1.935644,0.001160,  35.230
   197.0,0.164270,0.090437,1.942774,0.000895,  35.433
   198.0,0.162856,0.089563,1.937722,0.001098,  35.599
   199.0,0.162932,0.089782,1.945421,0.001253,  35.720
   200.0,0.161979,0.089028,1.945481,0.001333,  35.812
   201.0,0.158604,0.087359,1.918375,0.001107,  36.003
   202.0,0.154604,0.084967,1.866291,0.000974,  36.175
   203.0,0.154513,0.085184,1.858639,0.001045,  36.294
   204.0,0.155765,0.085959,1.890275,0.001267,  36.447
   205.0,0.153949,0.085148,1.898923,0.001227,  36.611
   206.0,0.151622,0.083440,1.875391,0.001125,  36.765
   207.0,0.150527,0.083089,1.868894,0.001293,  36.867
   208.0,0.149667,0.082671,1.859445,0.001333,  36.910
   209.0,0.147535,0.081339,1.853584,0.001271,  37.011
   210.0,0.143653,0.079252,1.787054,0.001187,  37.121
   211.0,0.139429,0.077297,1.741930,0.001125,  37.186
   212.0,0.141312,0.078400,1.770942,0.001307,  37.244
   213.0,0.140524,0.078005,1.781025,0.001311,  37.318
   214.0,0.138546,0.077006,1.770566,0.001191,  37.381
   215.0,0.136401,0.075728,1.741885,0.001258,  37.445
   216.0,0.135406,0.075311,1.733213,0.001298,  37.483
   217.0,0.133870,0.074402,1.715809,0.001324,  37.476
   218.0,0.130554,0.072443,1.674376,0.001205,  37.502
   219.0,0.126644,0.070246,1.604365,0.001112,  37.554
   220.0,0.125085,0.069937,1.597787,0.001218,  37.543
   221.0,0.126388,0.070488,1.619903,0.001298,  37.554
   222.0,0.124666,0.069561,1.616503,0.001284,  37.566
   223.0,0.122509,0.068634,1.594095,0.001191,  37.595
   224.0,0.121356,0.067996,1.577054,0.001298,  37.623
   225.0,0.119898,0.067459,1.562196,0.001311,  37.596
   226.0,0.118398,0.066355,1.535887,0.001249,  37.587
   227.0,0.114966,0.064436,1.474502,0.001142,  37.614
   228.0,0.112262,0.062720,1.421667,0.001107,  37.617
   229.0,0.113172,0.063613,1.444614,0.001227,  37.613
   230.0,0.112393,0.063424,1.449647,0.001253,  37.616
   231.0,0.110554,0.062592,1.436787,0.001236,  37.622
   232.0,0.108777,0.061608,1.415407,0.001262,  37.646
   233.0,0.108440,0.061556,1.401014,0.001240,  37.649
   234.0,0.107094,0.060887,1.388695,0.001262,  37.626
   235.0,0.104990,0.059606,1.340357,0.001169,  37.626
   236.0,0.101972,0.057882,1.281638,0.001103,  37.646
   237.0,0.101524,0.057743,1.267571,0.001182,  37.632
   238.0,0.102350,0.058392,1.288964,0.001240,  37.630
   239.0,0.101025,0.057897,1.281710,0.001275,  37.628
   240.0,0.098687,0.056804,1.260927,0.001240,  37.649
   241.0,0.098667,0.056702,1.246909,0.001266,  37.657
   242.0,0.098118,0.056537,1.225443,0.001266,  37.635
   243.0,0.096571,0.055793,1.211247,0.001236,  37.624
   244.0,0.094564,0.054502,1.161462,0.001134,  37.647
   245.0,0.092610,0.053561,1.124423,0.001067,  37.646
   246.0,0.093756,0.054298,1.138002,0.001227,  37.628
   247.0,0.093554,0.054289,1.139603,0.001244,  37.624
   248.0,0.092303,0.053631,1.126037,0.001200,  37.627
   249.0,0.091140,0.052993,1.107998,0.001280,  37.655
   250.0,0.091280,0.053323,1.100249,0.001258,  37.671
   251.0,0.090356,0.052983,1.083714,0.001293,  37.635
   252.0,0.088868,0.052219,1.054683,0.001200,  37.628
   253.0,0.087051,0.051042,1.012586,0.001085,  37.660
   254.0,0.086918,0.051136,1.010038,0.001178,  37.634
   255.0,0.087919,0.051850,1.018856,0.001271,  37.628
   256.0,0.087184,0.051526,1.011654,0.001266,  37.632
   257.0,0.086000,0.050740,0.989142,0.001227,  37.654
   258.0,0.086099,0.050959,0.983471,0.001271,  37.678
   259.0,0.086016,0.051145,0.974672,0.001297,  37.649
   260.0,0.084925,0.050668,0.959862,0.001209,  37.634
   261.0,0.083695,0.049810,0.926171,0.001116,  37.641
   262.0,0.082095,0.049063,0.903675,0.001164,  37.662
   263.0,0.083449,0.049978,0.914723,0.001258,  37.632
   264.0,0.083784,0.050218,0.914478,0.001284,  37.623
   265.0,0.082995,0.049793,0.905026,0.001169,  37.627
   266.0,0.082398,0.049559,0.889212,0.001222,  37.655
   267.0,0.082876,0.049888,0.886705,0.001297,  37.669
   268.0,0.082618,0.049901,0.876530,0.001262,  37.621
   269.0,0.081340,0.049254,0.856992,0.001195,  37.619
   270.0,0.080129,0.048377,0.828516,0.001125,  37.652
   271.0,0.079901,0.048499,0.825656,0.001182,  37.625
   272.0,0.081300,0.049296,0.834027,0.001284,  37.622
   273.0,0.081129,0.049258,0.830071,0.001258,  37.620
   274.0,0.080315,0.048801,0.820275,0.001155,  37.643
   275.0,0.080522,0.049034,0.814920,0.001284,  37.664
   276.0,0.080626,0.049237,0.810250,0.001289,  37.624
   277.0,0.080184,0.049086,0.798892,0.001275,  37.622
   278.0,0.078861,0.048299,0.776025,0.001191,  37.634
   279.0,0.078142,0.047624,0.758115,0.001129,  37.645
   280.0,0.079277,0.048548,0.769598,0.001262,  37.632
   281.0,0.079721,0.048917,0.769106,0.001351,  37.638
   282.0,0.079292,0.048682,0.765649,0.001262,  37.640
   283.0,0.078755,0.048527,0.758789,0.001337,  37.676
   284.0,0.079341,0.048898,0.755421,0.001342,  37.681
   285.0,0.079098,0.048887,0.752368,0.001342,  37.644
   286.0,0.078348,0.048464,0.735523,0.001311,  37.637
   287.0,0.077085,0.047644,0.714686,0.001195,  37.669
   288.0,0.077479,0.047807,0.713978,0.001289,  37.630
   289.0,0.078627,0.048606,0.721809,0.001391,  37.629
   290.0,0.078564,0.048654,0.720081,0.001377,  37.633
   291.0,0.077673,0.048240,0.714276,0.001302,  37.645
   292.0,0.077981,0.048422,0.711014,0.001368,  37.672
   293.0,0.078142,0.048531,0.707190,0.001359,  37.647
   294.0,0.077679,0.048443,0.703043,0.001355,  37.636
   295.0,0.076566,0.047696,0.683477,0.001275,  37.641
   296.0,0.075968,0.047240,0.668571,0.001173,  37.661
   297.0,0.077152,0.047997,0.679863,0.001342,  37.632
   298.0,0.077442,0.048204,0.681460,0.001395,  37.632
   299.0,0.077261,0.048020,0.677809,0.001315,  37.633
   300.0,0.076541,0.047735,0.673507,0.001368,  37.665
   301.0,0.076916,0.048018,0.672324,0.001373,  37.671
   302.0,0.076738,0.047913,0.668348,0.001408,  37.633
   303.0,0.075917,0.047552,0.658100,0.001355,  37.632
   304.0,0.074745,0.046743,0.640474,0.001213,  37.667
   305.0,0.075154,0.046954,0.640828,0.001289,  37.650
   306.0,0.075977,0.047512,0.647863,0.001382,  37.646
   307.0,0.075905,0.047535,0.647267,0.001368,  37.634
   308.0,0.075513,0.047124,0.639803,0.001328,  37.653
   309.0,0.075314,0.047165,0.638304,0.001350,  37.676
   310.0,0.075290,0.047165,0.635828,0.001399,  37.644
   311.0,0.074724,0.046894,0.631497,0.001350,  37.626
   312.0,0.073673,0.046265,0.616462,0.001244,  37.633
   313.0,0.072840,0.045714,0.607152,0.001231,  37.642
   314.0,0.073952,0.046426,0.614999,0.001311,  37.611
   315.0,0.074024,0.046504,0.615246,0.001350,  37.601
   316.0,0.074048,0.046512,0.613487,0.001271,  37.610
   317.0,0.073451,0.046145,0.608051,0.001315,  37.634
   318.0,0.073331,0.046097,0.606432,0.001390,  37.639
   319.0,0.073235,0.045968,0.602618,0.001404,  37.591
   320.0,0.072116,0.045374,0.593934,0.001315,  37.564
   321.0,0.070987,0.044682,0.579015,0.001244,  37.609
   322.0,0.071309,0.044796,0.579900,0.001350,  37.552
   323.0,0.071721,0.045139,0.584178,0.001417,  37.544
   324.0,0.071608,0.045084,0.584495,0.001364,  37.536
   325.0,0.071303,0.044914,0.582481,0.001302,  37.557
   326.0,0.070799,0.044635,0.577513,0.001404,  37.591
   327.0,0.070370,0.044408,0.573365,0.001444,  37.520
   328.0,0.070007,0.044195,0.567261,0.001395,  37.497
   329.0,0.068810,0.043446,0.554998,0.001288,  37.513
   330.0,0.068167,0.042691,0.544473,0.001275,  37.523
   331.0,0.068911,0.043325,0.552354,0.001430,  37.484
   332.0,0.068647,0.043274,0.551524,0.001417,  37.482
   333.0,0.068528,0.043278,0.552335,0.001328,  37.495
   334.0,0.067820,0.042877,0.547179,0.001390,  37.553
   335.0,0.067551,0.042641,0.543080,0.001444,  37.562
   336.0,0.066987,0.042459,0.540536,0.001457,  37.491
   337.0,0.066193,0.041875,0.529129,0.001390,  37.491
   338.0,0.065065,0.041113,0.515984,0.001297,  37.547
   339.0,0.065344,0.041018,0.515404,0.001390,  37.501
   340.0,0.065536,0.041325,0.518607,0.001457,  37.499
   341.0,0.065259,0.041228,0.517374,0.001386,  37.501
   342.0,0.064668,0.040998,0.516929,0.001408,  37.544
   343.0,0.064192,0.040628,0.511452,0.001448,  37.573
   344.0,0.063708,0.040244,0.506087,0.001461,  37.528
   345.0,0.063052,0.039955,0.503304,0.001461,  37.510
   346.0,0.062061,0.039329,0.490344,0.001381,  37.532
   347.0,0.061512,0.038831,0.479010,0.001328,  37.556
   348.0,0.061964,0.039143,0.485731,0.001461,  37.541
   349.0,0.061579,0.038918,0.484488,0.001515,  37.546
   350.0,0.061532,0.038785,0.483887,0.001448,  37.560
   351.0,0.060667,0.038340,0.479961,0.001461,  37.594
   352.0,0.060122,0.038053,0.475898,0.001488,  37.612
   353.0,0.059562,0.037631,0.470060,0.001501,  37.569
   354.0,0.058634,0.037089,0.461808,0.001435,  37.570
   355.0,0.057568,0.036488,0.449931,0.001355,  37.596
   356.0,0.057765,0.036488,0.449072,0.001408,  37.576
   357.0,0.057560,0.036518,0.451489,0.001501,  37.580
   358.0,0.057326,0.036349,0.450576,0.001435,  37.577
   359.0,0.057034,0.035919,0.447338,0.001412,  37.597
   360.0,0.056287,0.035624,0.442169,0.001443,  37.624
   361.0,0.055679,0.035276,0.436331,0.001506,  37.591
   362.0,0.054900,0.034801,0.433383,0.001443,  37.577
   363.0,0.054004,0.034135,0.421372,0.001373,  37.591
   364.0,0.053139,0.033764,0.414365,0.001359,  37.609
   365.0,0.053600,0.034027,0.417221,0.001430,  37.588
   366.0,0.053088,0.033736,0.414898,0.001506,  37.590
   367.0,0.053148,0.033688,0.413530,0.001399,  37.608
   368.0,0.052439,0.033203,0.409047,0.001443,  37.631
   369.0,0.051728,0.032803,0.403891,0.001492,  37.646
   370.0,0.051272,0.032449,0.399035,0.001470,  37.617
   371.0,0.050182,0.031813,0.392447,0.001439,  37.626
   372.0,0.049203,0.031149,0.381856,0.001324,  37.650
   373.0,0.049156,0.031218,0.381563,0.001417,  37.638
   374.0,0.048974,0.031157,0.381159,0.001457,  37.646
   375.0,0.048671,0.030920,0.379887,0.001430,  37.654
   376.0,0.048424,0.030796,0.378451,0.001404,  37.678
   377.0,0.047618,0.030278,0.372212,0.001492,  37.686
   378.0,0.046862,0.029833,0.366791,0.001483,  37.683
   379.0,0.046332,0.029356,0.361299,0.001470,  37.682
   380.0,0.045353,0.028753,0.351985,0.001377,  37.694
   381.0,0.044716,0.028176,0.344336,0.001350,  37.699
   382.0,0.044873,0.028462,0.347784,0.001457,  37.692
   383.0,0.044354,0.028210,0.344590,0.001483,  37.693
   384.0,0.044236,0.028168,0.344775,0.001417,  37.693
   385.0,0.043648,0.027770,0.340106,0.001483,  37.706
   386.0,0.042996,0.027346,0.334241,0.001523,  37.708
   387.0,0.042300,0.027074,0.330692,0.001537,  37.686
   388.0,0.041589,0.026431,0.322766,0.001470,  37.681
   389.0,0.040704,0.025848,0.314208,0.001390,  37.690
   390.0,0.040682,0.025846,0.313228,0.001457,  37.674
   391.0,0.040384,0.025745,0.312655,0.001488,  37.675
   392.0,0.040146,0.025545,0.310710,0.001448,  37.670
   393.0,0.039490,0.025322,0.309717,0.001483,  37.689
   394.0,0.038987,0.024894,0.303948,0.001510,  37.694
   395.0,0.038380,0.024429,0.298335,0.001537,  37.672
   396.0,0.037723,0.024112,0.293274,0.001510,  37.664
   397.0,0.036978,0.023528,0.286484,0.001417,  37.670
   398.0,0.036488,0.023213,0.278487,0.001386,  37.677
   399.0,0.036526,0.023282,0.281430,0.001519,  37.658
   400.0,0.036001,0.023012,0.278837,0.001523,  37.658
   401.0,0.035811,0.022901,0.277598,0.001470,  37.656
   402.0,0.035176,0.022564,0.274240,0.001510,  37.680
   403.0,0.034715,0.022198,0.269010,0.001537,  37.687
   404.0,0.034143,0.021803,0.266555,0.001550,  37.658
   405.0,0.033492,0.021405,0.258802,0.001470,  37.660
   406.0,0.032748,0.020882,0.252803,0.001417,  37.685
   407.0,0.032712,0.020889,0.250637,0.001443,  37.671
   408.0,0.032375,0.020727,0.250778,0.001514,  37.673
   409.0,0.032133,0.020591,0.249080,0.001474,  37.680
   410.0,0.031786,0.020268,0.246912,0.001461,  37.693
   411.0,0.031242,0.019978,0.242580,0.001501,  37.701
   412.0,0.030706,0.019657,0.237329,0.001541,  37.686
   413.0,0.030093,0.019274,0.233862,0.001514,  37.672
   414.0,0.029458,0.018840,0.226976,0.001430,  37.682
   415.0,0.028928,0.018574,0.223541,0.001435,  37.683
   416.0,0.029022,0.018588,0.223920,0.001532,  37.656
   417.0,0.028568,0.018359,0.221250,0.001599,  37.652
   418.0,0.028500,0.018333,0.220140,0.001483,  37.650
   419.0,0.027941,0.018003,0.216884,0.001528,  37.677
   420.0,0.027422,0.017654,0.212079,0.001581,  37.677
   421.0,0.027118,0.017375,0.208396,0.001568,  37.649
   422.0,0.026359,0.016943,0.203606,0.001452,  37.646
   423.0,0.025747,0.016502,0.197678,0.001408,  37.674
   424.0,0.025669,0.016530,0.198018,0.001479,  37.656
   425.0,0.025435,0.016341,0.196514,0.001581,  37.652
   426.0,0.025183,0.016236,0.195156,0.001541,  37.643
   427.0,0.024916,0.016116,0.193564,0.001492,  37.665
   428.0,0.024431,0.015774,0.189932,0.001510,  37.675
   429.0,0.023962,0.015459,0.186144,0.001559,  37.643
   430.0,0.023608,0.015156,0.181546,0.001532,  37.640
   431.0,0.022943,0.014765,0.176341,0.001439,  37.653
   432.0,0.022463,0.014432,0.173180,0.001399,  37.663
   433.0,0.022548,0.014530,0.173869,0.001483,  37.655
   434.0,0.022213,0.014365,0.171487,0.001545,  37.661
   435.0,0.022072,0.014302,0.171431,0.001479,  37.668
   436.0,0.021663,0.014076,0.168907,0.001497,  37.691
   437.0,0.021334,0.013788,0.164633,0.001572,  37.694
   438.0,0.020898,0.013607,0.162355,0.001585,  37.663
   439.0,0.020461,0.013214,0.157315,0.001505,  37.667
   440.0,0.019941,0.012894,0.152726,0.001426,  37.692
   441.0,0.019922,0.012887,0.152104,0.001505,  37.671
   442.0,0.019697,0.012751,0.151174,0.001585,  37.671
   443.0,0.019528,0.012656,0.149891,0.001585,  37.673
   444.0,0.019110,0.012495,0.149181,0.001523,  37.687
   445.0,0.018811,0.012274,0.144514,0.001599,  37.694
   446.0,0.018523,0.012016,0.141799,0.001612,  37.662
   447.0,0.018143,0.011833,0.139248,0.001563,  37.658
   448.0,0.017690,0.011486,0.135254,0.001519,  37.667
   449.0,0.017415,0.011302,0.132085,0.001417,  37.670
   450.0,0.017413,0.011311,0.132177,0.001550,  37.666
   451.0,0.017106,0.011149,0.130810,0.001541,  37.665
   452.0,0.016991,0.011071,0.129989,0.001497,  37.674
   453.0,0.016651,0.010898,0.128035,0.001599,  37.695
   454.0,0.016326,0.010704,0.125491,0.001625,  37.712
   455.0,0.016028,0.010493,0.123782,0.001603,  37.670
   456.0,0.015719,0.010271,0.120000,0.001545,  37.668
   457.0,0.015288,0.009979,0.116713,0.001465,  37.687
   458.0,0.015276,0.009982,0.116357,0.001532,  37.664
   459.0,0.015107,0.009896,0.115659,0.001554,  37.651
   460.0,0.014951,0.009825,0.114434,0.001554,  37.655
   461.0,0.014779,0.009625,0.113449,0.001563,  37.672
   462.0,0.014451,0.009499,0.110933,0.001568,  37.689
   463.0,0.014179,0.009334,0.108173,0.001594,  37.660
   464.0,0.013831,0.009151,0.106246,0.001590,  37.650
   465.0,0.013557,0.008889,0.102786,0.001461,  37.661
   466.0,0.013246,0.008738,0.100001,0.001461,  37.667
   467.0,0.013295,0.008761,0.100650,0.001576,  37.654
   468.0,0.013081,0.008644,0.099285,0.001603,  37.662
   469.0,0.013019,0.008584,0.098464,0.001510,  37.665
   470.0,0.012764,0.008422,0.097153,0.001541,  37.690
   471.0,0.012501,0.008275,0.094963,0.001594,  37.705
   472.0,0.012311,0.008170,0.093100,0.001630,  37.674
   473.0,0.011949,0.007964,0.090815,0.001514,  37.675
   474.0,0.011584,0.007706,0.088258,0.001434,  37.694
   475.0,0.011597,0.007700,0.087930,0.001572,  37.681
   476.0,0.011514,0.007633,0.087007,0.001581,  37.682
   477.0,0.011374,0.007580,0.086631,0.001576,  37.686
   478.0,0.011249,0.007481,0.085235,0.001536,  37.712
   479.0,0.011028,0.007351,0.083427,0.001581,  37.724
   480.0,0.010810,0.007235,0.081763,0.001656,  37.703
   481.0,0.010582,0.007103,0.079873,0.001594,  37.698
   482.0,0.010279,0.006908,0.077499,0.001474,  37.704
   483.0,0.010055,0.006720,0.075989,0.001523,  37.709
   484.0,0.010138,0.006772,0.076104,0.001581,  37.697
   485.0,0.009994,0.006696,0.075019,0.001594,  37.697
   486.0,0.009909,0.006647,0.075011,0.001550,  37.704
   487.0,0.009754,0.006546,0.073839,0.001568,  37.726
   488.0,0.009583,0.006427,0.071805,0.001643,  37.724
   489.0,0.009430,0.006382,0.070631,0.001634,  37.684
   490.0,0.009153,0.006204,0.068616,0.001505,  37.670
   491.0,0.008897,0.006006,0.066521,0.001448,  37.705
   492.0,0.008911,0.005991,0.066349,0.001554,  37.666
   493.0,0.008851,0.005969,0.065401,0.001585,  37.661
   494.0,0.008752,0.005910,0.065126,0.001568,  37.666
   495.0,0.008580,0.005833,0.064436,0.001581,  37.683
   496.0,0.008471,0.005759,0.062607,0.001634,  37.707
   497.0,0.008323,0.005654,0.059848,0.001661,  37.681
   498.0,0.008169,0.005585,0.059665,0.001612,  37.661
   499.0,0.007909,0.005417,0.058474,0.001514,  37.672
   500.0,0.007796,0.005263,0.056992,0.001514,  37.691
   501.0,0.007826,0.005313,0.056994,0.001599,  37.666
   502.0,0.007732,0.005269,0.056429,0.001612,  37.666
   503.0,0.007634,0.005202,0.056414,0.001523,  37.670
   504.0,0.007528,0.005150,0.055246,0.001612,  37.710
   505.0,0.007424,0.005083,0.054247,0.001603,  37.719
   506.0,0.007295,0.005020,0.053512,0.001652,  37.682
   507.0,0.007101,0.004917,0.051779,0.001607,  37.678
   508.0,0.006873,0.004757,0.050462,0.001528,  37.715
   509.0,0.006915,0.004760,0.050125,0.001572,  37.700
   510.0,0.006877,0.004757,0.048025,0.001687,  37.700
   511.0,0.006807,0.004729,0.048575,0.001661,  37.712
   512.0,0.006717,0.004633,0.048444,0.001647,  37.725
   513.0,0.006633,0.004602,0.047796,0.001656,  37.744
   514.0,0.006532,0.004540,0.046565,0.001656,  37.726
   515.0,0.006391,0.004468,0.045738,0.001678,  37.739
   516.0,0.006180,0.004349,0.044650,0.001550,  37.742
   517.0,0.006077,0.004258,0.043717,0.001536,  37.761
   518.0,0.006142,0.004305,0.043550,0.001630,  37.737
   519.0,0.006094,0.004285,0.043032,0.001656,  37.730
   520.0,0.006032,0.004239,0.042304,0.001563,  37.729
   521.0,0.005961,0.004183,0.041942,0.001692,  37.751
   522.0,0.005867,0.004142,0.041368,0.001683,  37.745
   523.0,0.005795,0.004096,0.040405,0.001718,  37.713
   524.0,0.005630,0.003997,0.039613,0.001616,  37.710
   525.0,0.005427,0.003873,0.038556,0.001550,  37.734
   526.0,0.005460,0.003877,0.038441,0.001639,  37.709
   527.0,0.005438,0.003871,0.037649,0.001683,  37.705
   528.0,0.005397,0.003856,0.036956,0.001616,  37.703
   529.0,0.005325,0.003791,0.036913,0.001652,  37.716
   530.0,0.005285,0.003767,0.036387,0.001683,  37.734
   531.0,0.005207,0.003729,0.035639,0.001718,  37.712
   532.0,0.005118,0.003670,0.034957,0.001683,  37.703
   533.0,0.004936,0.003556,0.034327,0.001550,  37.708
   534.0,0.004823,0.003451,0.033719,0.001599,  37.721
   535.0,0.004897,0.003512,0.033549,0.001643,  37.694
   536.0,0.004866,0.003516,0.032952,0.001670,  37.694
   537.0,0.004806,0.003475,0.032553,0.001612,  37.690
   538.0,0.004767,0.003444,0.032180,0.001643,  37.725
   539.0,0.004726,0.003418,0.031504,0.001718,  37.721
   540.0,0.004688,0.003392,0.031097,0.001696,  37.690
   541.0,0.004551,0.003306,0.030684,0.001616,  37.686
   542.0,0.004388,0.003191,0.029926,0.001572,  37.718
   543.0,0.004432,0.003205,0.029607,0.001616,  37.694
   544.0,0.004438,0.003230,0.028229,0.001683,  37.690
   545.0,0.004394,0.003233,0.027431,0.001678,  37.689
   546.0,0.004339,0.003188,0.028368,0.001656,  37.707
   547.0,0.004347,0.003181,0.028163,0.001723,  37.727
   548.0,0.004304,0.003164,0.027698,0.001736,  37.697
   549.0,0.004247,0.003132,0.027390,0.001723,  37.692
   550.0,0.004087,0.003022,0.026752,0.001603,  37.703
   551.0,0.004048,0.002969,0.026109,0.001603,  37.721
   552.0,0.004091,0.003011,0.026124,0.001683,  37.699
   553.0,0.004057,0.003014,0.025732,0.001710,  37.700
   554.0,0.003958,0.002962,0.025748,0.001643,  37.698
   555.0,0.003962,0.002954,0.025309,0.001710,  37.726
   556.0,0.003964,0.002950,0.024867,0.001785,  37.733
   557.0,0.003925,0.002942,0.024426,0.001750,  37.698
   558.0,0.003826,0.002862,0.023981,0.001705,  37.697
   559.0,0.003680,0.002763,0.023559,0.001563,  37.720
   560.0,0.003736,0.002801,0.023335,0.001656,  37.692
   561.0,0.003763,0.002814,0.022136,0.001736,  37.686
   562.0,0.003727,0.002819,0.022417,0.001710,  37.671
   563.0,0.003659,0.002748,0.022751,0.001710,  37.702
   564.0,0.003686,0.002773,0.022279,0.001750,  37.723
   565.0,0.003659,0.002763,0.021923,0.001776,  37.682
   566.0,0.003614,0.002731,0.021685,0.001736,  37.664
   567.0,0.003469,0.002635,0.021512,0.001630,  37.671
   568.0,0.003394,0.002601,0.021010,0.001616,  37.699
   569.0,0.003489,0.002650,0.020909,0.001710,  37.659
   570.0,0.003503,0.002667,0.020599,0.001763,  37.656
   571.0,0.003432,0.002623,0.020608,0.001683,  37.657
   572.0,0.003439,0.002613,0.020186,0.001750,  37.711
   573.0,0.003446,0.002628,0.019933,0.001718,  37.715
   574.0,0.003428,0.002612,0.019691,0.001767,  37.673
   575.0,0.003328,0.002558,0.019301,0.001701,  37.680
   576.0,0.003193,0.002460,0.019098,0.001607,  37.718
   577.0,0.003232,0.002487,0.018454,0.001674,  37.697
   578.0,0.003276,0.002514,0.018567,0.001741,  37.706
   579.0,0.003245,0.002515,0.018572,0.001701,  37.702
   580.0,0.003226,0.002473,0.018439,0.001701,  37.721
   581.0,0.003232,0.002483,0.016784,0.001754,  37.744
   582.0,0.003226,0.002483,0.017198,0.001767,  37.724
   583.0,0.003186,0.002466,0.017358,0.001741,  37.723
   584.0,0.003054,0.002379,0.017321,0.001647,  37.728
   585.0,0.002993,0.002318,0.017047,0.001661,  37.741
   586.0,0.003079,0.002386,0.016961,0.001727,  37.713
   587.0,0.003087,0.002405,0.016804,0.001754,  37.709
   588.0,0.003021,0.002373,0.016649,0.001687,  37.708
   589.0,0.003056,0.002372,0.016346,0.001767,  37.738
   590.0,0.003066,0.002398,0.016116,0.001843,  37.734
   591.0,0.003072,0.002402,0.016046,0.001830,  37.709
   592.0,0.002993,0.002349,0.015889,0.001678,  37.715
   593.0,0.002878,0.002276,0.015405,0.001621,  37.738
   594.0,0.002932,0.002302,0.014836,0.001727,  37.723
   595.0,0.002975,0.002333,0.013566,0.001807,  37.723
   596.0,0.002942,0.002335,0.014780,0.001767,  37.723
   597.0,0.002909,0.002306,0.014103,0.001754,  37.738
   598.0,0.002942,0.002326,0.014587,0.001821,  37.767
   599.0,0.002939,0.002323,0.014547,0.001834,  37.731
   600.0,0.002916,0.002316,0.014495,0.001781,  37.726
   601.0,0.002807,0.002236,0.014586,0.001687,  37.729
   602.0,0.002758,0.002196,0.014105,0.001714,  37.759
   603.0,0.002827,0.002247,0.014033,0.001794,  37.723
   604.0,0.002853,0.002261,0.014010,0.001772,  37.719
   605.0,0.002757,0.002219,0.014265,0.001696,  37.725
   606.0,0.002811,0.002233,0.013865,0.001772,  37.750
   607.0,0.002839,0.002253,0.013652,0.001812,  37.770
   608.0,0.002847,0.002274,0.013310,0.001789,  37.731
   609.0,0.002776,0.002235,0.012519,0.001745,  37.735
   610.0,0.002680,0.002155,0.013049,0.001652,  37.753
   611.0,0.002719,0.002189,0.012787,0.001736,  37.745
   612.0,0.002790,0.002229,0.012955,0.001812,  37.716
   613.0,0.002758,0.002228,0.012713,0.001749,  37.706
   614.0,0.002732,0.002207,0.013081,0.001798,  37.715
   615.0,0.002783,0.002233,0.012973,0.001852,  37.738
