Run Name,Run_1_50_Group6
Run Date,12:53:42 PM   03-01-11
Method Name,50%B-Isocrat
Export Format Version, 1.00
Method ID, 1228
Points/Second, 1.00
Number of Records,    903
Offset from Run Start Time,00:00:00
Run End Time,00:15:06
Time,Second
QuadTec 1, (280.0 nm), AU
QuadTec 2, (260.0 nm), AU
Gradient Pump,<Not Selected>
QuadTec 3, (214.0 nm), AU
QuadTec 4, (405.0 nm), AU
Conductivity,mS/cm
Trace 6,<Not Available>
GP Pressure,<Not Selected>
Volume,<Not Selected>
Fraction,<Not Available>
Time,QuadTec 1,QuadTec 2,QuadTec 3,QuadTec 4,Conductivity
     0.0,0.005898,0.000000,0.000000,0.000000,  33.341
     1.0,0.000000,0.000000,0.000000,0.000000,  33.334
     2.0,0.000000,0.000000,0.000000,0.000000,  33.337
     3.0,0.000000,0.000000,0.000000,0.000000,  33.333
     4.0,0.000000,0.000000,0.000000,0.000000,  33.340
     5.0,-0.000007,0.000006,-0.000067,0.000000,  33.347
     6.0,-0.000002,0.000008,-0.000072,-0.000045,  33.388
     7.0,-0.000027,0.000014,0.000041,-0.000013,  33.414
     8.0,0.000001,0.000012,0.000601,-0.000040,  33.372
     9.0,0.000125,0.000172,0.001312,0.000045,  33.351
    10.0,-0.000100,-0.000031,0.001225,-0.000103,  33.347
    11.0,-0.000073,-0.000054,0.000578,-0.000089,  33.349
    12.0,-0.000022,-0.000007,0.000438,-0.000036,  33.347
    13.0,0.000010,0.000020,0.000286,-0.000022,  33.352
    14.0,0.000029,0.000038,0.000322,-0.000045,  33.377
    15.0,0.000047,0.000053,0.000237,-0.000009,  33.407
    16.0,-0.000028,0.000029,0.000584,-0.000116,  33.431
    17.0,0.000087,0.000139,0.001376,-0.000058,  33.354
    18.0,0.000186,0.000123,0.001979,0.000058,  33.352
    19.0,-0.000056,-0.000055,0.001176,-0.000089,  33.348
    20.0,-0.000039,-0.000022,0.000856,-0.000062,  33.350
    21.0,0.000004,0.000004,0.000561,-0.000049,  33.348
    22.0,0.000028,0.000021,0.000854,-0.000058,  33.351
    23.0,0.000040,0.000032,0.000495,-0.000009,  33.398
    24.0,0.000041,0.000040,0.000601,-0.000062,  33.420
    25.0,0.000003,0.000057,0.001162,-0.000125,  33.382
    26.0,0.000166,0.000204,0.002021,-0.000009,  33.351
    27.0,0.000002,-0.000026,0.001807,-0.000116,  33.352
    28.0,-0.000039,-0.000034,0.001040,-0.000138,  33.355
    29.0,0.000010,-0.000003,0.000822,-0.000062,  33.355
    30.0,0.000039,0.000034,0.000737,-0.000071,  33.359
    31.0,0.000060,0.000046,0.000706,-0.000022,  33.380
    32.0,0.000057,0.000065,0.000623,0.000000,  33.420
    33.0,-0.000016,0.000012,0.000814,-0.000067,  33.447
    34.0,0.000101,0.000135,0.001508,-0.000013,  33.383
    35.0,0.000226,0.000251,0.002163,-0.000120,  33.386
    36.0,-0.000038,-0.000004,0.001497,-0.000094,  33.390
    37.0,-0.000010,-0.000004,0.001138,-0.000080,  33.391
    38.0,0.000025,0.000030,0.000958,-0.000027,  33.393
    39.0,0.000037,0.000053,0.000935,-0.000040,  33.397
    40.0,0.000053,0.000061,0.000800,-0.000027,  33.419
    41.0,0.000043,0.000061,0.000845,-0.000067,  33.438
    42.0,0.000013,0.000047,0.001407,-0.000067,  33.415
    43.0,0.000160,0.000203,0.002242,0.000036,  33.386
    44.0,0.000016,0.000023,0.001787,-0.000165,  33.387
    45.0,-0.000053,-0.000025,0.001278,-0.000098,  33.386
    46.0,0.000001,0.000001,0.000969,-0.000045,  33.390
    47.0,0.000036,0.000037,0.000878,-0.000005,  33.388
    48.0,0.000052,0.000049,0.000846,-0.000005,  33.406
    49.0,0.000076,0.000070,0.000820,0.000009,  33.426
    50.0,0.000028,0.000049,0.000931,-0.000071,  33.456
    51.0,0.000109,0.000148,0.001774,-0.000005,  33.392
    52.0,0.000104,0.000212,0.002554,-0.000031,  33.425
    53.0,-0.000064,0.000008,0.001627,-0.000112,  33.381
    54.0,0.000148,0.000082,0.001748,-0.000138,  33.383
    55.0,-0.000018,-0.000027,0.001377,-0.000125,  33.382
    56.0,0.000016,0.000007,0.001140,-0.000058,  33.390
    57.0,0.000055,0.000032,0.001036,-0.000031,  33.417
    58.0,0.000148,0.000135,0.001239,0.000022,  33.447
    59.0,0.000142,0.000141,0.001589,0.000018,  33.431
    60.0,0.000276,0.000308,0.002495,0.000116,  33.401
    61.0,0.000064,0.000172,0.002412,-0.000049,  33.409
    62.0,0.000038,0.000061,0.001597,-0.000009,  33.410
    63.0,0.000067,0.000080,0.001192,0.000009,  33.411
    64.0,0.000091,0.000095,0.001143,0.000031,  33.408
    65.0,0.000117,0.000106,0.001060,0.000009,  33.420
    66.0,0.000111,0.000108,0.001013,0.000009,  33.447
    67.0,0.000047,0.000079,0.001149,-0.000076,  33.461
    68.0,0.000139,0.000187,0.001827,-0.000005,  33.417
    69.0,0.000236,0.000227,0.002647,0.000076,  33.406
    70.0,-0.000033,-0.000016,0.001829,-0.000098,  33.411
    71.0,0.000011,0.000026,0.001275,-0.000058,  33.407
    72.0,0.000055,0.000057,0.001121,0.000004,  33.407
    73.0,0.000088,0.000074,0.001085,0.000009,  33.412
    74.0,0.000106,0.000094,0.001000,0.000018,  33.442
    75.0,0.000097,0.000101,0.001037,0.000053,  33.461
    76.0,0.000084,0.000100,0.001432,-0.000027,  33.444
    77.0,0.000241,0.000259,0.002263,0.000071,  33.407
    78.0,0.000032,0.000054,0.002395,0.000022,  33.409
    79.0,-0.000001,0.000010,0.001228,0.000036,  33.409
    80.0,0.000045,0.000044,0.001034,0.000049,  33.409
    81.0,0.000084,0.000077,0.000994,0.000040,  33.412
    82.0,0.000107,0.000095,0.001206,0.000004,  33.432
    83.0,0.000129,0.000120,0.000952,0.000089,  33.452
    84.0,0.000046,0.000074,0.000926,-0.000000,  33.470
    85.0,0.000188,0.000199,0.001807,0.000053,  33.420
    86.0,0.000355,0.000292,0.002529,0.000102,  33.418
    87.0,0.000024,0.000041,0.001826,-0.000027,  33.407
    88.0,0.000067,0.000069,0.001387,0.000022,  33.410
    89.0,0.000117,0.000117,0.001213,0.000027,  33.417
    90.0,0.000147,0.000159,0.001112,0.000067,  33.426
    91.0,0.000181,0.000181,0.001079,0.000116,  33.443
    92.0,0.000200,0.000206,0.001005,0.000053,  33.462
    93.0,0.000201,0.000213,0.001685,0.000040,  33.451
    94.0,0.000381,0.000405,0.002555,0.000183,  33.423
    95.0,0.000332,0.000267,0.002569,-0.000000,  33.416
    96.0,0.000261,0.000274,0.001919,0.000116,  33.418
    97.0,0.000370,0.000382,0.001758,0.000183,  33.429
    98.0,0.000400,0.000419,0.001734,0.000187,  33.427
    99.0,0.000381,0.000393,0.001684,0.000223,  33.437
   100.0,0.000345,0.000360,0.001729,0.000160,  33.462
   101.0,0.000281,0.000298,0.002040,0.000053,  33.479
   102.0,0.000385,0.000377,0.002778,0.000143,  33.427
   103.0,0.000390,0.000494,0.003522,0.000094,  33.422
   104.0,0.000197,0.000220,0.002940,0.000022,  33.418
   105.0,0.000283,0.000272,0.003052,0.000089,  33.420
   106.0,0.000397,0.000350,0.003680,0.000107,  33.416
   107.0,0.000496,0.000406,0.004377,0.000156,  33.411
   108.0,0.000661,0.000520,0.005540,0.000147,  33.444
   109.0,0.000794,0.000603,0.007266,0.000147,  33.466
   110.0,0.000875,0.000644,0.008803,0.000116,  33.459
   111.0,0.001027,0.000791,0.009573,0.000187,  33.412
   112.0,0.000752,0.000638,0.010060,0.000013,  33.409
   113.0,0.000971,0.000639,0.011868,0.000040,  33.399
   114.0,0.001255,0.000777,0.013987,0.000067,  33.393
   115.0,0.001476,0.000888,0.016692,0.000102,  33.391
   116.0,0.001764,0.001006,0.019023,0.000080,  33.407
   117.0,0.002256,0.001267,0.024209,0.000080,  33.447
   118.0,0.002683,0.001513,0.029215,0.000022,  33.474
   119.0,0.002966,0.001703,0.031056,0.000102,  33.390
   120.0,0.002961,0.001639,0.029595,0.000245,  33.388
   121.0,0.002960,0.001656,0.035234,0.000080,  33.381
   122.0,0.003787,0.002102,0.041516,0.000134,  33.382
   123.0,0.004557,0.002524,0.049632,0.000160,  33.381
   124.0,0.005087,0.002810,0.054926,0.000138,  33.387
   125.0,0.006077,0.003241,0.064187,0.000116,  33.433
   126.0,0.007277,0.003926,0.076316,0.000151,  33.458
   127.0,0.008126,0.004416,0.083342,0.000111,  33.447
   128.0,0.008360,0.004628,0.083848,0.000223,  33.386
   129.0,0.008205,0.004251,0.082935,0.000151,  33.386
   130.0,0.009596,0.005183,0.100545,0.000125,  33.386
   131.0,0.011203,0.006100,0.114285,0.000151,  33.391
   132.0,0.012456,0.006794,0.128966,0.000178,  33.395
   133.0,0.013896,0.007463,0.140466,0.000169,  33.412
   134.0,0.016041,0.008539,0.160862,0.000232,  33.453
   135.0,0.018143,0.009717,0.180309,0.000218,  33.472
   136.0,0.018976,0.010263,0.184804,0.000250,  33.414
   137.0,0.018955,0.010336,0.181162,0.000218,  33.402
   138.0,0.020164,0.010890,0.199466,0.000138,  33.400
   139.0,0.022816,0.012371,0.224680,0.000192,  33.402
   140.0,0.025346,0.013753,0.250214,0.000218,  33.404
   141.0,0.027193,0.014605,0.264976,0.000223,  33.409
   142.0,0.029906,0.015916,0.290370,0.000285,  33.440
   143.0,0.033233,0.017733,0.322084,0.000325,  33.463
   144.0,0.035461,0.019032,0.339494,0.000276,  33.459
   145.0,0.035940,0.019414,0.341780,0.000419,  33.422
   146.0,0.036133,0.019628,0.344379,0.000205,  33.424
   147.0,0.039333,0.021322,0.383064,0.000205,  33.426
   148.0,0.042861,0.023243,0.410907,0.000299,  33.427
   149.0,0.045761,0.024750,0.441791,0.000290,  33.426
   150.0,0.048378,0.025874,0.464254,0.000352,  33.430
   151.0,0.052241,0.027912,0.498866,0.000392,  33.450
   152.0,0.055780,0.029894,0.531287,0.000303,  33.468
   153.0,0.057073,0.030797,0.540107,0.000419,  33.425
   154.0,0.056860,0.030783,0.540539,0.000406,  33.420
   155.0,0.059098,0.032144,0.570030,0.000294,  33.411
   156.0,0.063238,0.034313,0.606880,0.000325,  33.406
   157.0,0.067028,0.036365,0.640522,0.000455,  33.385
   158.0,0.069810,0.037492,0.664362,0.000481,  33.369
   159.0,0.073248,0.039305,0.693694,0.000486,  33.386
   160.0,0.077213,0.041473,0.731624,0.000495,  33.400
   161.0,0.079801,0.042932,0.751226,0.000468,  33.394
   162.0,0.080360,0.043367,0.752100,0.000607,  33.333
   163.0,0.079375,0.043347,0.763560,0.000441,  33.311
   164.0,0.084319,0.045740,0.801996,0.000481,  33.277
   165.0,0.088349,0.047889,0.836419,0.000562,  33.261
   166.0,0.091633,0.049564,0.869985,0.000629,  33.243
   167.0,0.094286,0.050708,0.891555,0.000633,  33.223
   168.0,0.098024,0.052694,0.927059,0.000669,  33.237
   169.0,0.101503,0.054593,0.957946,0.000589,  33.262
   170.0,0.102969,0.055470,0.963214,0.000740,  33.181
   171.0,0.102989,0.055218,0.951065,0.000937,  33.145
   172.0,0.104756,0.056541,0.992239,0.000629,  33.102
   173.0,0.109301,0.058978,1.029776,0.000642,  33.061
   174.0,0.113218,0.061117,1.072779,0.000696,  32.993
   175.0,0.116314,0.062689,1.100408,0.000687,  32.925
   176.0,0.119797,0.064179,1.131415,0.000790,  32.915
   177.0,0.124389,0.066609,1.172991,0.000857,  32.924
   178.0,0.127948,0.068696,1.196213,0.001089,  32.892
   179.0,0.128886,0.069504,1.199079,0.001393,  32.785
   180.0,0.129398,0.069145,1.203027,0.000977,  32.695
   181.0,0.134382,0.072064,1.264265,0.000763,  32.587
   182.0,0.140404,0.075214,1.311381,0.000709,  32.466
   183.0,0.146487,0.078382,1.370506,0.000620,  32.307
   184.0,0.151324,0.080545,1.406433,0.000709,  32.168
   185.0,0.157981,0.083676,1.461544,0.000790,  32.150
   186.0,0.165290,0.087596,1.516953,0.001035,  32.162
   187.0,0.168414,0.089834,1.541430,0.001353,  31.975
   188.0,0.169615,0.090604,1.551003,0.001339,  31.815
   189.0,0.173960,0.092539,1.600931,0.000807,  31.623
   190.0,0.181279,0.096256,1.661607,0.000790,  31.407
   191.0,0.190325,0.100802,1.716190,0.000633,  31.168
   192.0,0.197183,0.104237,1.772624,0.000656,  30.931
   193.0,0.202713,0.106519,1.816801,0.000736,  30.825
   194.0,0.209113,0.109957,1.866578,0.000714,  30.834
   195.0,0.211710,0.111638,1.894893,0.000589,  30.761
   196.0,0.212382,0.112290,1.906891,0.000571,  30.566
   197.0,0.215887,0.113499,1.927592,0.000356,  30.428
   198.0,0.218656,0.115103,1.953212,0.000745,  30.311
   199.0,0.222413,0.117201,1.977700,0.000790,  30.213
   200.0,0.226760,0.119255,2.011637,0.000790,  30.176
   201.0,0.228143,0.119843,2.027350,0.000816,  30.203
   202.0,0.228689,0.120173,2.037414,0.000794,  30.243
   203.0,0.227493,0.119694,2.042094,0.000548,  30.273
   204.0,0.225860,0.118760,2.041269,0.000321,  30.255
   205.0,0.226993,0.119357,2.042158,0.000178,  30.327
   206.0,0.227753,0.119266,2.046071,0.000535,  30.448
   207.0,0.226500,0.118698,2.048479,0.000709,  30.617
   208.0,0.225480,0.118578,2.055730,0.000830,  30.824
   209.0,0.224636,0.117924,2.058176,0.000870,  31.064
   210.0,0.222449,0.116865,2.049281,0.000807,  31.240
   211.0,0.219106,0.115214,2.036623,0.000776,  31.286
   212.0,0.215243,0.113072,2.021281,0.000548,  31.361
   213.0,0.214153,0.112494,2.013096,0.000540,  31.483
   214.0,0.215468,0.112709,2.011600,0.000455,  31.662
   215.0,0.212555,0.111218,2.007930,0.000642,  31.873
   216.0,0.209710,0.109693,2.000686,0.000749,  32.089
   217.0,0.207037,0.108497,2.000681,0.000830,  32.291
   218.0,0.204501,0.107121,1.987937,0.000807,  32.469
   219.0,0.200875,0.105424,1.969549,0.000816,  32.559
   220.0,0.196148,0.103010,1.950646,0.000629,  32.598
   221.0,0.193755,0.101638,1.933705,0.000656,  32.625
   222.0,0.193442,0.101597,1.926365,0.000709,  32.734
   223.0,0.192377,0.100452,1.925114,0.000589,  32.842
   224.0,0.189350,0.098893,1.919804,0.000682,  32.946
   225.0,0.186074,0.097068,1.912090,0.000763,  33.028
   226.0,0.183276,0.095702,1.903994,0.000781,  33.109
   227.0,0.180208,0.094290,1.886578,0.000776,  33.175
   228.0,0.176095,0.092269,1.868146,0.000723,  33.216
   229.0,0.172292,0.090221,1.848475,0.000566,  33.235
   230.0,0.171232,0.089619,1.836518,0.000696,  33.216
   231.0,0.171088,0.089511,1.835076,0.000624,  33.248
   232.0,0.168680,0.087920,1.832638,0.000705,  33.279
   233.0,0.165944,0.086411,1.825329,0.000758,  33.301
   234.0,0.162983,0.084924,1.821500,0.000852,  33.328
   235.0,0.160479,0.083608,1.809335,0.000839,  33.351
   236.0,0.157389,0.082283,1.791231,0.000798,  33.391
   237.0,0.153257,0.080123,1.774699,0.000664,  33.419
   238.0,0.151446,0.079093,1.758846,0.000678,  33.369
   239.0,0.151081,0.078868,1.755929,0.000638,  33.381
   240.0,0.149915,0.078009,1.753501,0.000597,  33.385
   241.0,0.147764,0.076839,1.751458,0.000664,  33.390
   242.0,0.145621,0.075633,1.745413,0.000772,  33.396
   243.0,0.143149,0.074448,1.740334,0.000803,  33.398
   244.0,0.140818,0.073272,1.727472,0.000785,  33.429
   245.0,0.137888,0.071931,1.712778,0.000731,  33.448
   246.0,0.134950,0.070308,1.697492,0.000611,  33.450
   247.0,0.134201,0.069923,1.688664,0.000651,  33.414
   248.0,0.133789,0.069491,1.691462,0.000504,  33.409
   249.0,0.132433,0.068662,1.689365,0.000597,  33.409
   250.0,0.130556,0.067754,1.685547,0.000678,  33.408
   251.0,0.128765,0.066782,1.683824,0.000785,  33.408
   252.0,0.126982,0.065969,1.674633,0.000785,  33.421
   253.0,0.124814,0.064957,1.661920,0.000772,  33.451
   254.0,0.122174,0.063547,1.649254,0.000597,  33.463
   255.0,0.120798,0.062765,1.639125,0.000624,  33.415
   256.0,0.120525,0.062665,1.635037,0.000557,  33.405
   257.0,0.119723,0.061992,1.635693,0.000517,  33.404
   258.0,0.118502,0.061355,1.632946,0.000638,  33.402
   259.0,0.116901,0.060689,1.633876,0.000731,  33.406
   260.0,0.115461,0.059875,1.629563,0.000772,  33.385
   261.0,0.113959,0.059224,1.618397,0.000758,  33.425
   262.0,0.112000,0.058214,1.606361,0.000705,  33.459
   263.0,0.110082,0.057113,1.595213,0.000557,  33.466
   264.0,0.109612,0.056878,1.589338,0.000611,  33.388
   265.0,0.109542,0.056614,1.589054,0.000464,  33.375
   266.0,0.108534,0.056111,1.587116,0.000571,  33.378
   267.0,0.107354,0.055515,1.582175,0.000664,  33.383
   268.0,0.106179,0.055020,1.584075,0.000731,  33.383
   269.0,0.105111,0.054438,1.577513,0.000758,  33.404
   270.0,0.103666,0.053784,1.563906,0.000718,  33.445
   271.0,0.101739,0.052785,1.552221,0.000504,  33.466
   272.0,0.100835,0.052261,1.544390,0.000544,  33.409
   273.0,0.100701,0.052157,1.545159,0.000638,  33.403
   274.0,0.100229,0.051740,1.541881,0.000530,  33.402
   275.0,0.099451,0.051405,1.535686,0.000597,  33.402
   276.0,0.098476,0.050907,1.531761,0.000691,  33.405
   277.0,0.097562,0.050495,1.528709,0.000758,  33.407
   278.0,0.096531,0.050062,1.515946,0.000731,  33.431
   279.0,0.095105,0.049328,1.504017,0.000638,  33.456
   280.0,0.093594,0.048521,1.493830,0.000490,  33.468
   281.0,0.093293,0.048342,1.490866,0.000557,  33.401
   282.0,0.093113,0.048157,1.496857,0.000490,  33.405
   283.0,0.092533,0.047844,1.485750,0.000571,  33.408
   284.0,0.091862,0.047513,1.476456,0.000638,  33.402
   285.0,0.091013,0.047136,1.473466,0.000718,  33.410
   286.0,0.090203,0.046788,1.467516,0.000718,  33.418
   287.0,0.089175,0.046276,1.452257,0.000678,  33.452
   288.0,0.087565,0.045469,1.439001,0.000530,  33.480
   289.0,0.086883,0.045073,1.431806,0.000504,  33.419
   290.0,0.086866,0.045021,1.436437,0.000477,  33.413
   291.0,0.086405,0.044741,1.430018,0.000504,  33.414
   292.0,0.085891,0.044527,1.417671,0.000584,  33.415
   293.0,0.085378,0.044247,1.407510,0.000678,  33.416
   294.0,0.084450,0.043858,1.404953,0.000718,  33.422
   295.0,0.083668,0.043472,1.393781,0.000691,  33.450
   296.0,0.082528,0.042974,1.376738,0.000584,  33.475
   297.0,0.081235,0.042252,1.364434,0.000464,  33.483
   298.0,0.080995,0.042128,1.361629,0.000517,  33.430
   299.0,0.080852,0.041919,1.366634,0.000383,  33.431
   300.0,0.080410,0.041768,1.350751,0.000530,  33.439
   301.0,0.079847,0.041555,1.337907,0.000624,  33.441
   302.0,0.079231,0.041245,1.332506,0.000691,  33.445
   303.0,0.078496,0.040906,1.325133,0.000691,  33.447
   304.0,0.077642,0.040551,1.309355,0.000638,  33.482
   305.0,0.076366,0.039904,1.291733,0.000477,  33.499
   306.0,0.075689,0.039535,1.284104,0.000477,  33.461
   307.0,0.075578,0.039523,1.283813,0.000423,  33.447
   308.0,0.075227,0.039224,1.276321,0.000410,  33.447
   309.0,0.074846,0.039103,1.262707,0.000530,  33.444
   310.0,0.074234,0.038919,1.252904,0.000611,  33.443
   311.0,0.073505,0.038533,1.246989,0.000664,  33.448
   312.0,0.072862,0.038194,1.234870,0.000638,  33.473
   313.0,0.071927,0.037807,1.216803,0.000584,  33.496
   314.0,0.070854,0.037192,1.202158,0.000423,  33.504
   315.0,0.070628,0.037085,1.198623,0.000504,  33.447
   316.0,0.070348,0.036902,1.196364,0.000330,  33.443
   317.0,0.070075,0.036806,1.183421,0.000477,  33.444
   318.0,0.069595,0.036607,1.169615,0.000557,  33.442
   319.0,0.068979,0.036385,1.163196,0.000624,  33.443
   320.0,0.068385,0.036065,1.154602,0.000638,  33.447
   321.0,0.067704,0.035758,1.133630,0.000611,  33.479
   322.0,0.066623,0.035275,1.118852,0.000410,  33.499
   323.0,0.066114,0.034965,1.110991,0.000450,  33.460
   324.0,0.065933,0.034809,1.112442,0.000517,  33.444
   325.0,0.065593,0.034612,1.098881,0.000437,  33.452
   326.0,0.065401,0.034634,1.085123,0.000530,  33.453
   327.0,0.064881,0.034425,1.075798,0.000597,  33.452
   328.0,0.064212,0.034152,1.069455,0.000638,  33.452
   329.0,0.063741,0.033888,1.057729,0.000597,  33.481
   330.0,0.063005,0.033551,1.039732,0.000530,  33.502
   331.0,0.062127,0.033145,1.025572,0.000397,  33.523
   332.0,0.061939,0.033050,1.021621,0.000504,  33.468
   333.0,0.061560,0.032676,1.022817,0.000446,  33.470
   334.0,0.061477,0.032794,1.007825,0.000464,  33.472
   335.0,0.061220,0.032728,0.991864,0.000566,  33.470
   336.0,0.060640,0.032501,0.984471,0.000633,  33.466
   337.0,0.060102,0.032252,0.977123,0.000633,  33.469
   338.0,0.059615,0.032011,0.961536,0.000580,  33.498
   339.0,0.058732,0.031671,0.945553,0.000450,  33.522
   340.0,0.058389,0.031462,0.936430,0.000459,  33.474
   341.0,0.058250,0.031370,0.938124,0.000504,  33.468
   342.0,0.057984,0.031143,0.929513,0.000397,  33.466
   343.0,0.057951,0.031265,0.916649,0.000504,  33.470
   344.0,0.057682,0.031158,0.903063,0.000544,  33.467
   345.0,0.057003,0.030898,0.897145,0.000571,  33.470
   346.0,0.056635,0.030728,0.886987,0.000544,  33.492
   347.0,0.056113,0.030557,0.870937,0.000490,  33.520
   348.0,0.055434,0.030199,0.858535,0.000410,  33.530
   349.0,0.055287,0.030153,0.854275,0.000477,  33.478
   350.0,0.054964,0.029902,0.856772,0.000356,  33.476
   351.0,0.055055,0.030023,0.843024,0.000459,  33.471
   352.0,0.054946,0.030055,0.831110,0.000526,  33.471
   353.0,0.054553,0.029876,0.823320,0.000580,  33.472
   354.0,0.054090,0.029682,0.815267,0.000566,  33.474
   355.0,0.053794,0.029569,0.803523,0.000517,  33.502
   356.0,0.053221,0.029352,0.789559,0.000432,  33.530
   357.0,0.052961,0.029199,0.781634,0.000446,  33.491
   358.0,0.052467,0.029110,0.779612,0.000397,  33.469
   359.0,0.052499,0.029002,0.774065,0.000379,  33.473
   360.0,0.052789,0.029220,0.765204,0.000472,  33.478
   361.0,0.052598,0.029211,0.756940,0.000539,  33.480
   362.0,0.052120,0.028968,0.749966,0.000566,  33.480
   363.0,0.051939,0.028872,0.741559,0.000517,  33.501
   364.0,0.051627,0.028790,0.729728,0.000526,  33.529
   365.0,0.051226,0.028576,0.719066,0.000432,  33.541
   366.0,0.051156,0.028571,0.714866,0.000490,  33.482
   367.0,0.050365,0.028238,0.712319,0.000325,  33.478
   368.0,0.050964,0.028535,0.706013,0.000419,  33.482
   369.0,0.051106,0.028668,0.698461,0.000450,  33.486
   370.0,0.050876,0.028603,0.692732,0.000513,  33.476
   371.0,0.050569,0.028454,0.685595,0.000490,  33.483
   372.0,0.050478,0.028448,0.676921,0.000513,  33.518
   373.0,0.050127,0.028346,0.666893,0.000379,  33.540
   374.0,0.050008,0.028269,0.659871,0.000410,  33.503
   375.0,0.049686,0.027997,0.656966,0.000517,  33.484
   376.0,0.049460,0.027946,0.653817,0.000379,  33.488
   377.0,0.050098,0.028409,0.649057,0.000410,  33.486
   378.0,0.050118,0.028503,0.644033,0.000499,  33.486
   379.0,0.049816,0.028368,0.638053,0.000490,  33.484
   380.0,0.049758,0.028362,0.631583,0.000513,  33.498
   381.0,0.049718,0.028392,0.623721,0.000486,  33.530
   382.0,0.049483,0.028303,0.615527,0.000356,  33.550
   383.0,0.049460,0.028307,0.611961,0.000499,  33.480
   384.0,0.048846,0.027712,0.608993,0.000405,  33.478
   385.0,0.049445,0.028295,0.606834,0.000383,  33.476
   386.0,0.049860,0.028585,0.602179,0.000459,  33.475
   387.0,0.049756,0.028613,0.599549,0.000477,  33.479
   388.0,0.049564,0.028527,0.593541,0.000499,  33.485
   389.0,0.049622,0.028587,0.587701,0.000499,  33.522
   390.0,0.049442,0.028591,0.581302,0.000370,  33.540
   391.0,0.049474,0.028600,0.575745,0.000446,  33.507
   392.0,0.049376,0.028516,0.573238,0.000486,  33.481
   393.0,0.049329,0.028386,0.570953,0.000330,  33.475
   394.0,0.049970,0.028886,0.570403,0.000419,  33.476
   395.0,0.050162,0.029064,0.566867,0.000459,  33.474
   396.0,0.049927,0.029008,0.563386,0.000472,  33.477
   397.0,0.049935,0.029052,0.557552,0.000486,  33.500
   398.0,0.050060,0.029149,0.553853,0.000437,  33.537
   399.0,0.049932,0.029110,0.548654,0.000414,  33.551
   400.0,0.049938,0.029176,0.545620,0.000472,  33.491
   401.0,0.049688,0.028906,0.543741,0.000276,  33.489
   402.0,0.050275,0.029314,0.544462,0.000365,  33.485
   403.0,0.050748,0.029673,0.543518,0.000432,  33.492
   404.0,0.050818,0.029750,0.540936,0.000459,  33.490
   405.0,0.050664,0.029712,0.537345,0.000472,  33.494
   406.0,0.050874,0.029852,0.534755,0.000464,  33.530
   407.0,0.050894,0.029886,0.530729,0.000405,  33.550
   408.0,0.050932,0.029933,0.526564,0.000446,  33.517
   409.0,0.050377,0.029872,0.524233,0.000370,  33.505
   410.0,0.050766,0.029916,0.524526,0.000339,  33.503
   411.0,0.051599,0.030407,0.525932,0.000392,  33.505
   412.0,0.051934,0.030652,0.525991,0.000432,  33.503
   413.0,0.051834,0.030601,0.523039,0.000472,  33.503
   414.0,0.051937,0.030667,0.520161,0.000437,  33.518
   415.0,0.052137,0.030813,0.517744,0.000446,  33.545
   416.0,0.052143,0.030813,0.514022,0.000379,  33.565
   417.0,0.052214,0.030907,0.511369,0.000464,  33.509
   418.0,0.051444,0.030647,0.510790,0.000298,  33.513
   419.0,0.052488,0.031123,0.513275,0.000352,  33.514
   420.0,0.053104,0.031490,0.512851,0.000383,  33.509
   421.0,0.053350,0.031662,0.514070,0.000446,  33.509
   422.0,0.053294,0.031641,0.511021,0.000423,  33.514
   423.0,0.053543,0.031815,0.509777,0.000459,  33.541
   424.0,0.053624,0.031891,0.507669,0.000365,  33.555
   425.0,0.053709,0.031939,0.504745,0.000397,  33.530
   426.0,0.053311,0.031746,0.501684,0.000539,  33.512
   427.0,0.053475,0.031834,0.504179,0.000365,  33.507
   428.0,0.054436,0.032423,0.507634,0.000370,  33.509
   429.0,0.054852,0.032711,0.509770,0.000432,  33.516
   430.0,0.054947,0.032760,0.507785,0.000423,  33.520
   431.0,0.055088,0.032851,0.505806,0.000459,  33.528
   432.0,0.055364,0.033003,0.505082,0.000446,  33.551
   433.0,0.055369,0.033048,0.502609,0.000330,  33.584
   434.0,0.055452,0.033128,0.500897,0.000472,  33.530
   435.0,0.055026,0.032683,0.499288,0.000388,  33.528
   436.0,0.055825,0.033304,0.503530,0.000401,  33.530
   437.0,0.056523,0.033726,0.506227,0.000414,  33.532
   438.0,0.056820,0.033966,0.508220,0.000468,  33.531
   439.0,0.056820,0.033970,0.505909,0.000495,  33.534
   440.0,0.057065,0.034132,0.505354,0.000495,  33.554
   441.0,0.057136,0.034219,0.504908,0.000454,  33.577
   442.0,0.057248,0.034289,0.502621,0.000481,  33.554
   443.0,0.057260,0.034275,0.500663,0.000548,  33.525
   444.0,0.057384,0.034234,0.502995,0.000401,  33.525
   445.0,0.058140,0.034765,0.507197,0.000454,  33.521
   446.0,0.058655,0.035099,0.509382,0.000468,  33.523
   447.0,0.058735,0.035198,0.509187,0.000495,  33.519
   448.0,0.058827,0.035284,0.508172,0.000508,  33.538
   449.0,0.059109,0.035458,0.508280,0.000481,  33.570
   450.0,0.059058,0.035447,0.506868,0.000428,  33.589
   451.0,0.059138,0.035539,0.505704,0.000508,  33.518
   452.0,0.059147,0.035389,0.504934,0.000388,  33.517
   453.0,0.059663,0.035772,0.509585,0.000428,  33.513
   454.0,0.060284,0.036180,0.512583,0.000454,  33.517
   455.0,0.060673,0.036415,0.514557,0.000495,  33.519
   456.0,0.060631,0.036419,0.513317,0.000481,  33.517
   457.0,0.060837,0.036563,0.513130,0.000495,  33.546
   458.0,0.060932,0.036606,0.513309,0.000454,  33.575
   459.0,0.060938,0.036654,0.511591,0.000468,  33.554
   460.0,0.060884,0.036757,0.511029,0.000477,  33.527
   461.0,0.061197,0.036744,0.513512,0.000347,  33.529
   462.0,0.061814,0.037157,0.516874,0.000414,  33.528
   463.0,0.062327,0.037515,0.520085,0.000481,  33.526
   464.0,0.062500,0.037597,0.520090,0.000508,  33.526
   465.0,0.062521,0.037624,0.519442,0.000535,  33.538
   466.0,0.062709,0.037768,0.519716,0.000472,  33.569
   467.0,0.062646,0.037709,0.518752,0.000405,  33.587
   468.0,0.062733,0.037808,0.517759,0.000499,  33.522
   469.0,0.062656,0.037810,0.519007,0.000321,  33.521
   470.0,0.063293,0.038044,0.522174,0.000401,  33.517
   471.0,0.063712,0.038389,0.525118,0.000454,  33.514
   472.0,0.064179,0.038678,0.527609,0.000481,  33.515
   473.0,0.064167,0.038668,0.526658,0.000508,  33.516
   474.0,0.064293,0.038750,0.526422,0.000508,  33.552
   475.0,0.064314,0.038754,0.526026,0.000414,  33.576
   476.0,0.064314,0.038771,0.524709,0.000468,  33.550
   477.0,0.064227,0.038807,0.524683,0.000548,  33.517
   478.0,0.064542,0.038853,0.527577,0.000374,  33.514
   479.0,0.065055,0.039192,0.530068,0.000454,  33.514
   480.0,0.065413,0.039491,0.533913,0.000481,  33.520
   481.0,0.065720,0.039639,0.534044,0.000508,  33.520
   482.0,0.065735,0.039618,0.533045,0.000508,  33.531
   483.0,0.065852,0.039676,0.532773,0.000468,  33.567
   484.0,0.065705,0.039613,0.531846,0.000388,  33.594
   485.0,0.065774,0.039704,0.531510,0.000521,  33.525
   486.0,0.065699,0.039632,0.533230,0.000414,  33.518
   487.0,0.066178,0.039859,0.535433,0.000428,  33.513
   488.0,0.066611,0.040120,0.537255,0.000468,  33.516
   489.0,0.067031,0.040417,0.540692,0.000468,  33.515
   490.0,0.067067,0.040434,0.539717,0.000472,  33.521
   491.0,0.067130,0.040467,0.538973,0.000508,  33.554
   492.0,0.066983,0.040403,0.538483,0.000414,  33.580
   493.0,0.066931,0.040409,0.537493,0.000454,  33.556
   494.0,0.067058,0.040496,0.538838,0.000575,  33.525
   495.0,0.067266,0.040486,0.538113,0.000428,  33.523
   496.0,0.067593,0.040715,0.541107,0.000441,  33.520
   497.0,0.068016,0.040939,0.543411,0.000481,  33.523
   498.0,0.068200,0.041120,0.545363,0.000508,  33.524
   499.0,0.068146,0.041105,0.544157,0.000508,  33.540
   500.0,0.068243,0.041122,0.543584,0.000481,  33.577
   501.0,0.067916,0.040983,0.542349,0.000374,  33.598
   502.0,0.067980,0.041070,0.542374,0.000481,  33.527
   503.0,0.068122,0.041057,0.545720,0.000441,  33.521
   504.0,0.068388,0.041184,0.545644,0.000414,  33.520
   505.0,0.068643,0.041400,0.546491,0.000454,  33.522
   506.0,0.069085,0.041649,0.549360,0.000481,  33.522
   507.0,0.069046,0.041651,0.548711,0.000495,  33.527
   508.0,0.069006,0.041628,0.547546,0.000521,  33.563
   509.0,0.068843,0.041463,0.546425,0.000428,  33.578
   510.0,0.068655,0.041469,0.545700,0.000428,  33.570
   511.0,0.068949,0.041662,0.546900,0.000450,  33.528
   512.0,0.069009,0.041564,0.549142,0.000383,  33.524
   513.0,0.069179,0.041669,0.548838,0.000450,  33.525
   514.0,0.069510,0.041947,0.549367,0.000517,  33.529
   515.0,0.069704,0.042042,0.550269,0.000530,  33.527
   516.0,0.069571,0.041969,0.549606,0.000508,  33.542
   517.0,0.069510,0.041944,0.548896,0.000530,  33.579
   518.0,0.069118,0.041717,0.547492,0.000423,  33.605
   519.0,0.069143,0.041802,0.547851,0.000530,  33.541
   520.0,0.069552,0.041984,0.550637,0.000289,  33.529
   521.0,0.069467,0.041880,0.549986,0.000396,  33.531
   522.0,0.069598,0.041994,0.550244,0.000490,  33.533
   523.0,0.070023,0.042258,0.549649,0.000530,  33.535
   524.0,0.069981,0.042229,0.551099,0.000530,  33.533
   525.0,0.069817,0.042140,0.549619,0.000508,  33.573
   526.0,0.069552,0.041954,0.548379,0.000437,  33.589
   527.0,0.069322,0.041906,0.547669,0.000477,  33.581
   528.0,0.069598,0.042129,0.549657,0.000544,  33.548
   529.0,0.069686,0.042039,0.550618,0.000396,  33.539
   530.0,0.069628,0.041992,0.548925,0.000477,  33.532
   531.0,0.069707,0.042145,0.550801,0.000490,  33.530
   532.0,0.070020,0.042272,0.551657,0.000530,  33.522
   533.0,0.069889,0.042151,0.549818,0.000481,  33.544
   534.0,0.069683,0.042019,0.547866,0.000530,  33.580
   535.0,0.069237,0.041783,0.545500,0.000423,  33.613
   536.0,0.069240,0.041868,0.546264,0.000530,  33.538
   537.0,0.069625,0.042169,0.550510,0.000423,  33.526
   538.0,0.069385,0.041881,0.546085,0.000437,  33.522
   539.0,0.069425,0.041856,0.545258,0.000477,  33.522
   540.0,0.069689,0.042068,0.548012,0.000517,  33.523
   541.0,0.069716,0.042082,0.547695,0.000544,  33.522
   542.0,0.069516,0.041930,0.545246,0.000530,  33.566
   543.0,0.069070,0.041668,0.542807,0.000437,  33.589
   544.0,0.068824,0.041614,0.541923,0.000437,  33.577
   545.0,0.069043,0.041763,0.545961,0.000548,  33.521
   546.0,0.069055,0.041744,0.546050,0.000401,  33.518
   547.0,0.068864,0.041550,0.541524,0.000441,  33.525
   548.0,0.069037,0.041602,0.541233,0.000468,  33.524
   549.0,0.069228,0.041769,0.543173,0.000495,  33.526
   550.0,0.069073,0.041671,0.540717,0.000481,  33.540
   551.0,0.068824,0.041475,0.538506,0.000481,  33.585
   552.0,0.068240,0.041198,0.535874,0.000374,  33.615
   553.0,0.068240,0.041293,0.536659,0.000468,  33.533
   554.0,0.068415,0.041430,0.543780,0.000437,  33.529
   555.0,0.068170,0.041167,0.537447,0.000423,  33.526
   556.0,0.068158,0.041096,0.534236,0.000463,  33.531
   557.0,0.068406,0.041245,0.535650,0.000517,  33.536
   558.0,0.068373,0.041241,0.535371,0.000530,  33.550
   559.0,0.068076,0.041074,0.531919,0.000481,  33.580
   560.0,0.067605,0.040720,0.528991,0.000450,  33.612
   561.0,0.067233,0.040656,0.528254,0.000437,  33.595
   562.0,0.067704,0.040886,0.530975,0.000437,  33.564
   563.0,0.067448,0.040679,0.532300,0.000383,  33.565
   564.0,0.067106,0.040457,0.527076,0.000450,  33.569
   565.0,0.067272,0.040589,0.525257,0.000490,  33.572
   566.0,0.067348,0.040644,0.526767,0.000530,  33.578
   567.0,0.067143,0.040516,0.524749,0.000495,  33.588
   568.0,0.066762,0.040314,0.521988,0.000517,  33.620
   569.0,0.066135,0.039955,0.518744,0.000410,  33.631
   570.0,0.066096,0.040067,0.519731,0.000517,  33.592
   571.0,0.066696,0.040207,0.523661,0.000303,  33.584
   572.0,0.066099,0.039848,0.518720,0.000383,  33.582
   573.0,0.065840,0.039706,0.515427,0.000463,  33.581
   574.0,0.066090,0.039871,0.516018,0.000503,  33.585
   575.0,0.066054,0.039847,0.515973,0.000517,  33.580
   576.0,0.065618,0.039599,0.512442,0.000530,  33.611
   577.0,0.065110,0.039278,0.509045,0.000410,  33.626
   578.0,0.064710,0.039142,0.508001,0.000437,  33.618
   579.0,0.065170,0.039586,0.510871,0.000490,  33.575
   580.0,0.065038,0.039243,0.509958,0.000343,  33.571
   581.0,0.064500,0.038885,0.504502,0.000437,  33.571
   582.0,0.064404,0.038881,0.503612,0.000490,  33.571
   583.0,0.064494,0.038933,0.504267,0.000503,  33.570
   584.0,0.064314,0.038790,0.502200,0.000503,  33.579
   585.0,0.063813,0.038477,0.498066,0.000503,  33.621
   586.0,0.063182,0.038139,0.495317,0.000383,  33.631
   587.0,0.063116,0.038233,0.496142,0.000477,  33.591
   588.0,0.063837,0.038654,0.500198,0.000356,  33.586
   589.0,0.063038,0.038065,0.494376,0.000396,  33.586
   590.0,0.062674,0.037802,0.489688,0.000441,  33.585
   591.0,0.062793,0.037893,0.490633,0.000503,  33.587
   592.0,0.062733,0.037889,0.490373,0.000530,  33.587
   593.0,0.062390,0.037602,0.486147,0.000517,  33.608
   594.0,0.061728,0.037220,0.482332,0.000401,  33.628
   595.0,0.061337,0.037117,0.481696,0.000437,  33.621
   596.0,0.061572,0.037364,0.486282,0.000584,  33.570
   597.0,0.061501,0.037272,0.485042,0.000383,  33.571
   598.0,0.060908,0.036805,0.477693,0.000463,  33.560
   599.0,0.060813,0.036641,0.474721,0.000490,  33.562
   600.0,0.060885,0.036734,0.475899,0.000530,  33.563
   601.0,0.060697,0.036615,0.473110,0.000530,  33.573
   602.0,0.060239,0.036251,0.468379,0.000454,  33.612
   603.0,0.059485,0.035906,0.465857,0.000370,  33.638
   604.0,0.059420,0.036004,0.466811,0.000463,  33.568
   605.0,0.059598,0.036231,0.473897,0.000437,  33.558
   606.0,0.059055,0.035753,0.465193,0.000423,  33.555
   607.0,0.058759,0.035484,0.459461,0.000463,  33.555
   608.0,0.058851,0.035501,0.458992,0.000503,  33.554
   609.0,0.058765,0.035465,0.459301,0.000481,  33.553
   610.0,0.058369,0.035205,0.454494,0.000481,  33.585
   611.0,0.057742,0.034752,0.450429,0.000472,  33.620
   612.0,0.057287,0.034664,0.449711,0.000423,  33.610
   613.0,0.057780,0.034909,0.452902,0.000437,  33.552
   614.0,0.057311,0.034627,0.453415,0.000370,  33.555
   615.0,0.056709,0.034242,0.445440,0.000423,  33.556
   616.0,0.056750,0.034197,0.441691,0.000477,  33.558
   617.0,0.056689,0.034201,0.442669,0.000517,  33.554
   618.0,0.056459,0.034065,0.440496,0.000517,  33.565
   619.0,0.055938,0.033748,0.435211,0.000454,  33.612
   620.0,0.055161,0.033327,0.432406,0.000396,  33.637
   621.0,0.055111,0.033441,0.433652,0.000490,  33.571
   622.0,0.055696,0.033581,0.437719,0.000289,  33.562
   623.0,0.054782,0.033080,0.430776,0.000396,  33.563
   624.0,0.054346,0.032815,0.425498,0.000477,  33.561
   625.0,0.054451,0.032863,0.424730,0.000432,  33.565
   626.0,0.054366,0.032807,0.424493,0.000503,  33.567
   627.0,0.053918,0.032536,0.420462,0.000503,  33.602
   628.0,0.053283,0.032137,0.415270,0.000410,  33.627
   629.0,0.052795,0.031971,0.414777,0.000437,  33.630
   630.0,0.053286,0.032288,0.417741,0.000490,  33.563
   631.0,0.052996,0.032009,0.415757,0.000343,  33.561
   632.0,0.052241,0.031532,0.409303,0.000437,  33.567
   633.0,0.051984,0.031418,0.406831,0.000490,  33.568
   634.0,0.052007,0.031424,0.406761,0.000503,  33.579
   635.0,0.051823,0.031265,0.404678,0.000503,  33.600
   636.0,0.051244,0.030915,0.399692,0.000503,  33.625
   637.0,0.050514,0.030516,0.396511,0.000383,  33.638
   638.0,0.050442,0.030595,0.397142,0.000419,  33.599
   639.0,0.051162,0.031022,0.401129,0.000321,  33.599
   640.0,0.050154,0.030326,0.394099,0.000361,  33.598
   641.0,0.049640,0.029962,0.388751,0.000414,  33.607
   642.0,0.049605,0.029957,0.388208,0.000441,  33.607
   643.0,0.049536,0.029927,0.387665,0.000441,  33.608
   644.0,0.049147,0.029628,0.383266,0.000428,  33.630
   645.0,0.048436,0.029223,0.379569,0.000374,  33.642
   646.0,0.048020,0.029094,0.377768,0.000388,  33.652
   647.0,0.048242,0.029279,0.382693,0.000535,  33.611
   648.0,0.048072,0.029194,0.380683,0.000347,  33.604
   649.0,0.047373,0.028670,0.372670,0.000414,  33.602
   650.0,0.047188,0.028455,0.368945,0.000463,  33.600
   651.0,0.047165,0.028478,0.369370,0.000503,  33.601
   652.0,0.047003,0.028353,0.366760,0.000490,  33.605
   653.0,0.046460,0.027990,0.361615,0.000441,  33.632
   654.0,0.045735,0.027632,0.358243,0.000356,  33.661
   655.0,0.045654,0.027716,0.359458,0.000450,  33.603
   656.0,0.045844,0.027972,0.366337,0.000450,  33.600
   657.0,0.045183,0.027405,0.357069,0.000410,  33.602
   658.0,0.044767,0.027074,0.351137,0.000437,  33.606
   659.0,0.044733,0.027012,0.349948,0.000490,  33.610
   660.0,0.044670,0.026974,0.350024,0.000503,  33.616
   661.0,0.044314,0.026753,0.345876,0.000490,  33.634
   662.0,0.043647,0.026296,0.340954,0.000388,  33.658
   663.0,0.043178,0.026173,0.340436,0.000410,  33.657
   664.0,0.043579,0.026385,0.343255,0.000450,  33.625
   665.0,0.043113,0.026138,0.343645,0.000370,  33.622
   666.0,0.042497,0.025687,0.335348,0.000410,  33.622
   667.0,0.042417,0.025560,0.328989,0.000463,  33.619
   668.0,0.042266,0.025530,0.330709,0.000463,  33.607
   669.0,0.042138,0.025442,0.329291,0.000463,  33.619
   670.0,0.041591,0.025112,0.324430,0.000450,  33.642
   671.0,0.040857,0.024713,0.321534,0.000356,  33.665
   672.0,0.040778,0.024816,0.322223,0.000450,  33.625
   673.0,0.041221,0.024772,0.326903,0.000263,  33.609
   674.0,0.040382,0.024410,0.319555,0.000343,  33.615
   675.0,0.039934,0.024108,0.313800,0.000410,  33.617
   676.0,0.039908,0.024098,0.312137,0.000450,  33.620
   677.0,0.039798,0.024050,0.312057,0.000450,  33.628
   678.0,0.039463,0.023825,0.308631,0.000450,  33.651
   679.0,0.038826,0.023427,0.303586,0.000370,  33.665
   680.0,0.038397,0.023289,0.303341,0.000347,  33.672
   681.0,0.038790,0.023678,0.305457,0.000437,  33.646
   682.0,0.038487,0.023169,0.304575,0.000289,  33.643
   683.0,0.037822,0.022829,0.297478,0.000383,  33.645
   684.0,0.037531,0.022681,0.294287,0.000423,  33.647
   685.0,0.037483,0.022655,0.294074,0.000437,  33.649
   686.0,0.037314,0.022555,0.292491,0.000450,  33.654
   687.0,0.036823,0.022235,0.288205,0.000437,  33.665
   688.0,0.036171,0.021872,0.285028,0.000307,  33.673
   689.0,0.036100,0.021953,0.285886,0.000437,  33.661
   690.0,0.036738,0.022190,0.288441,0.000289,  33.663
   691.0,0.035772,0.021590,0.282337,0.000356,  33.667
   692.0,0.035340,0.021360,0.277589,0.000396,  33.665
   693.0,0.035205,0.021324,0.276428,0.000423,  33.666
   694.0,0.035141,0.021267,0.276195,0.000450,  33.671
   695.0,0.034852,0.021041,0.272893,0.000450,  33.679
   696.0,0.034239,0.020677,0.268699,0.000330,  33.690
   697.0,0.033841,0.020547,0.267995,0.000334,  33.697
   698.0,0.034017,0.020823,0.270930,0.000517,  33.667
   699.0,0.033903,0.020498,0.269632,0.000343,  33.671
   700.0,0.033232,0.020141,0.262764,0.000410,  33.669
   701.0,0.032969,0.019912,0.259286,0.000423,  33.673
   702.0,0.032928,0.019904,0.258987,0.000450,  33.681
   703.0,0.032763,0.019817,0.257389,0.000423,  33.682
   704.0,0.032346,0.019513,0.253151,0.000423,  33.686
   705.0,0.031738,0.019200,0.250200,0.000303,  33.693
   706.0,0.031663,0.019272,0.251156,0.000410,  33.675
   707.0,0.031841,0.019465,0.257138,0.000437,  33.660
   708.0,0.031235,0.018883,0.248782,0.000370,  33.655
   709.0,0.030845,0.018697,0.243403,0.000396,  33.656
   710.0,0.030743,0.018596,0.241741,0.000450,  33.659
   711.0,0.030678,0.018572,0.241543,0.000437,  33.657
   712.0,0.030365,0.018388,0.238356,0.000437,  33.661
   713.0,0.029883,0.018025,0.234490,0.000343,  33.691
   714.0,0.029503,0.017935,0.234227,0.000370,  33.697
   715.0,0.029800,0.018101,0.237350,0.000401,  33.648
   716.0,0.029401,0.017803,0.236795,0.000343,  33.645
   717.0,0.028856,0.017463,0.228397,0.000370,  33.636
   718.0,0.028743,0.017363,0.224587,0.000410,  33.637
   719.0,0.028633,0.017323,0.225196,0.000437,  33.641
   720.0,0.028478,0.017251,0.224188,0.000423,  33.645
   721.0,0.028114,0.016995,0.220266,0.000339,  33.666
   722.0,0.027540,0.016688,0.217749,0.000281,  33.690
   723.0,0.027508,0.016802,0.218966,0.000374,  33.658
   724.0,0.027772,0.016741,0.223273,0.000240,  33.642
   725.0,0.027106,0.016348,0.216565,0.000281,  33.643
   726.0,0.026723,0.016171,0.211544,0.000370,  33.642
   727.0,0.026670,0.016139,0.209769,0.000396,  33.645
   728.0,0.026599,0.016120,0.209611,0.000445,  33.652
   729.0,0.026335,0.015944,0.206997,0.000437,  33.660
   730.0,0.025859,0.015616,0.203277,0.000343,  33.685
   731.0,0.025511,0.015519,0.202994,0.000370,  33.698
   732.0,0.025802,0.015838,0.205175,0.000361,  33.651
   733.0,0.025512,0.015371,0.204177,0.000271,  33.651
   734.0,0.024975,0.015074,0.198039,0.000343,  33.655
   735.0,0.024741,0.014992,0.195335,0.000383,  33.652
   736.0,0.024693,0.014954,0.194992,0.000410,  33.648
   737.0,0.024547,0.014903,0.193865,0.000410,  33.649
   738.0,0.024219,0.014655,0.190587,0.000396,  33.681
   739.0,0.023688,0.014353,0.188424,0.000303,  33.697
   740.0,0.023674,0.014462,0.189615,0.000361,  33.656
   741.0,0.024078,0.014584,0.191092,0.000249,  33.636
   742.0,0.023328,0.014083,0.186029,0.000289,  33.630
   743.0,0.022956,0.013881,0.182049,0.000343,  33.634
   744.0,0.022847,0.013863,0.180939,0.000383,  33.636
   745.0,0.022821,0.013850,0.180743,0.000410,  33.641
   746.0,0.022580,0.013684,0.178082,0.000410,  33.657
   747.0,0.022154,0.013409,0.174928,0.000276,  33.688
   748.0,0.021873,0.013328,0.174730,0.000294,  33.698
   749.0,0.022048,0.013541,0.177521,0.000490,  33.639
   750.0,0.021868,0.013222,0.175825,0.000289,  33.643
   751.0,0.021365,0.012938,0.170240,0.000316,  33.643
   752.0,0.021161,0.012804,0.167660,0.000356,  33.635
   753.0,0.021126,0.012808,0.167222,0.000383,  33.638
   754.0,0.021030,0.012750,0.166175,0.000383,  33.641
   755.0,0.020737,0.012534,0.163210,0.000370,  33.668
   756.0,0.020287,0.012311,0.161424,0.000263,  33.696
   757.0,0.020276,0.012405,0.162116,0.000370,  33.655
   758.0,0.020359,0.012470,0.166354,0.000396,  33.631
   759.0,0.019870,0.012074,0.160043,0.000316,  33.633
   760.0,0.019592,0.011882,0.155979,0.000378,  33.630
   761.0,0.019497,0.011812,0.154539,0.000370,  33.630
   762.0,0.019470,0.011802,0.154367,0.000383,  33.635
   763.0,0.019311,0.011687,0.152156,0.000419,  33.652
   764.0,0.018894,0.011416,0.149447,0.000330,  33.685
   765.0,0.018658,0.011396,0.149474,0.000352,  33.698
   766.0,0.018929,0.011532,0.151176,0.000370,  33.645
   767.0,0.018502,0.011218,0.150896,0.000276,  33.643
   768.0,0.018111,0.010996,0.145597,0.000338,  33.647
   769.0,0.018014,0.010895,0.142649,0.000343,  33.643
   770.0,0.017941,0.010875,0.142533,0.000392,  33.640
   771.0,0.017877,0.010841,0.141692,0.000441,  33.645
   772.0,0.017615,0.010673,0.138949,0.000356,  33.680
   773.0,0.017189,0.010459,0.137620,0.000285,  33.693
   774.0,0.017233,0.010600,0.138442,0.000370,  33.660
   775.0,0.017392,0.010485,0.141265,0.000209,  33.647
   776.0,0.016857,0.010208,0.136279,0.000298,  33.639
   777.0,0.016602,0.010062,0.132650,0.000316,  33.639
   778.0,0.016542,0.010031,0.131278,0.000356,  33.638
   779.0,0.016493,0.010022,0.131263,0.000392,  33.639
   780.0,0.016319,0.009913,0.129491,0.000383,  33.657
   781.0,0.015983,0.009690,0.126829,0.000289,  33.687
   782.0,0.015798,0.009654,0.127217,0.000338,  33.708
   783.0,0.016018,0.009934,0.128565,0.000370,  33.636
   784.0,0.015721,0.009493,0.127863,0.000231,  33.634
   785.0,0.015338,0.009282,0.123404,0.000276,  33.628
   786.0,0.015193,0.009230,0.121099,0.000330,  33.621
   787.0,0.015161,0.009210,0.120686,0.000356,  33.621
   788.0,0.015067,0.009180,0.120146,0.000383,  33.633
   789.0,0.014821,0.009028,0.117891,0.000356,  33.667
   790.0,0.014508,0.008816,0.116556,0.000276,  33.695
   791.0,0.014561,0.008955,0.117580,0.000383,  33.653
   792.0,0.014742,0.008987,0.118683,0.000222,  33.629
   793.0,0.014203,0.008621,0.114937,0.000249,  33.630
   794.0,0.013957,0.008478,0.111990,0.000316,  33.630
   795.0,0.013889,0.008459,0.109047,0.000343,  33.633
   796.0,0.013890,0.008457,0.110220,0.000356,  33.633
   797.0,0.013706,0.008360,0.108988,0.000370,  33.651
   798.0,0.013392,0.008185,0.107128,0.000249,  33.685
   799.0,0.013298,0.008159,0.107487,0.000303,  33.704
   800.0,0.013430,0.008318,0.109835,0.000459,  33.638
   801.0,0.013213,0.008005,0.107509,0.000271,  33.640
   802.0,0.012871,0.007810,0.103990,0.000303,  33.642
   803.0,0.012725,0.007741,0.101991,0.000352,  33.641
   804.0,0.012709,0.007743,0.101456,0.000356,  33.641
   805.0,0.012661,0.007727,0.100861,0.000370,  33.644
   806.0,0.012426,0.007583,0.099189,0.000378,  33.686
   807.0,0.012190,0.007434,0.098083,0.000249,  33.706
   808.0,0.012240,0.007556,0.099010,0.000370,  33.670
   809.0,0.012238,0.007553,0.101460,0.000405,  33.663
   810.0,0.011868,0.007212,0.097135,0.000289,  33.663
   811.0,0.011680,0.007102,0.094220,0.000352,  33.664
   812.0,0.011625,0.007067,0.093135,0.000343,  33.666
   813.0,0.011614,0.007076,0.092966,0.000343,  33.666
   814.0,0.011486,0.007007,0.091532,0.000392,  33.679
   815.0,0.011213,0.006822,0.089783,0.000289,  33.705
   816.0,0.011131,0.006832,0.090285,0.000303,  33.720
   817.0,0.011357,0.006973,0.092522,0.000383,  33.668
   818.0,0.010975,0.006684,0.091319,0.000263,  33.667
   819.0,0.010720,0.006517,0.087530,0.000298,  33.673
   820.0,0.010646,0.006466,0.085507,0.000330,  33.679
   821.0,0.010619,0.006471,0.085179,0.000343,  33.680
   822.0,0.010572,0.006466,0.084686,0.000378,  33.687
   823.0,0.010384,0.006359,0.083035,0.000343,  33.706
   824.0,0.010136,0.006212,0.082032,0.000276,  33.717
   825.0,0.010218,0.006355,0.083283,0.000405,  33.701
   826.0,0.010297,0.006239,0.085312,0.000263,  33.679
   827.0,0.009903,0.006010,0.081787,0.000285,  33.677
   828.0,0.009746,0.005942,0.079170,0.000347,  33.670
   829.0,0.009722,0.005926,0.078097,0.000330,  33.664
   830.0,0.009711,0.005933,0.077991,0.000378,  33.658
   831.0,0.009584,0.005871,0.076903,0.000356,  33.677
   832.0,0.009354,0.005713,0.075116,0.000276,  33.701
   833.0,0.009272,0.005716,0.075593,0.000338,  33.722
   834.0,0.009443,0.005956,0.076871,0.000330,  33.655
   835.0,0.009166,0.005552,0.075379,0.000218,  33.643
   836.0,0.008928,0.005427,0.073169,0.000249,  33.633
   837.0,0.008838,0.005401,0.071546,0.000303,  33.640
   838.0,0.008827,0.005393,0.071062,0.000352,  33.633
   839.0,0.008796,0.005388,0.070762,0.000330,  33.637
   840.0,0.008627,0.005302,0.069376,0.000316,  33.681
   841.0,0.008422,0.005161,0.068733,0.000298,  33.702
   842.0,0.008518,0.005304,0.069880,0.000383,  33.662
   843.0,0.008583,0.005307,0.070264,0.000231,  33.634
   844.0,0.008236,0.005016,0.067616,0.000236,  33.633
   845.0,0.008097,0.004943,0.066041,0.000303,  33.633
   846.0,0.008054,0.004938,0.065221,0.000365,  33.639
   847.0,0.008068,0.004949,0.065169,0.000356,  33.637
   848.0,0.007959,0.004901,0.064315,0.000370,  33.658
   849.0,0.007745,0.004780,0.063120,0.000298,  33.698
   850.0,0.007698,0.004792,0.063390,0.000330,  33.720
   851.0,0.007822,0.004916,0.064984,0.000410,  33.644
   852.0,0.007612,0.004667,0.063232,0.000200,  33.642
   853.0,0.007425,0.004541,0.061238,0.000303,  33.642
   854.0,0.007340,0.004505,0.059938,0.000330,  33.642
   855.0,0.007342,0.004514,0.059581,0.000356,  33.645
   856.0,0.007304,0.004494,0.059223,0.000343,  33.646
   857.0,0.007159,0.004414,0.057989,0.000343,  33.687
   858.0,0.006994,0.004315,0.057463,0.000249,  33.708
   859.0,0.007104,0.004464,0.058432,0.000383,  33.673
   860.0,0.007053,0.004394,0.059265,0.000334,  33.645
   861.0,0.006792,0.004134,0.056288,0.000289,  33.649
   862.0,0.006687,0.004083,0.054801,0.000289,  33.647
   863.0,0.006661,0.004073,0.054157,0.000316,  33.653
   864.0,0.006664,0.004084,0.053937,0.000330,  33.662
   865.0,0.006587,0.004044,0.053260,0.000352,  33.677
   866.0,0.006367,0.003935,0.052251,0.000263,  33.707
   867.0,0.006377,0.003976,0.052812,0.000303,  33.727
   868.0,0.006593,0.004105,0.052621,0.000445,  33.670
   869.0,0.006240,0.003819,0.052511,0.000263,  33.669
   870.0,0.006108,0.003731,0.050679,0.000312,  33.673
   871.0,0.006077,0.003715,0.049438,0.000289,  33.670
   872.0,0.006069,0.003718,0.049296,0.000316,  33.668
   873.0,0.006066,0.003727,0.049138,0.000365,  33.669
   874.0,0.005950,0.003676,0.048190,0.000343,  33.699
   875.0,0.005766,0.003587,0.047858,0.000263,  33.716
   876.0,0.005892,0.003727,0.048868,0.000405,  33.700
   877.0,0.005923,0.003592,0.049964,0.000263,  33.675
   878.0,0.005626,0.003423,0.047501,0.000298,  33.676
   879.0,0.005542,0.003400,0.045981,0.000303,  33.676
   880.0,0.005530,0.003400,0.045164,0.000316,  33.677
   881.0,0.005550,0.003418,0.045145,0.000365,  33.683
   882.0,0.005495,0.003393,0.044517,0.000343,  33.692
   883.0,0.005326,0.003305,0.043602,0.000276,  33.711
   884.0,0.005316,0.003332,0.044141,0.000352,  33.738
   885.0,0.005477,0.003552,0.045262,0.000303,  33.683
   886.0,0.005214,0.003192,0.044118,0.000245,  33.685
   887.0,0.005088,0.003130,0.042273,0.000298,  33.685
   888.0,0.005048,0.003129,0.041423,0.000303,  33.687
   889.0,0.005059,0.003133,0.041304,0.000365,  33.678
   890.0,0.005046,0.003138,0.041196,0.000343,  33.682
   891.0,0.004943,0.003091,0.040364,0.000343,  33.704
   892.0,0.004792,0.002992,0.040016,0.000298,  33.720
   893.0,0.004910,0.003137,0.041012,0.000370,  33.706
   894.0,0.004914,0.003112,0.041370,0.000191,  33.679
   895.0,0.004664,0.002886,0.039594,0.000258,  33.677
   896.0,0.004590,0.002843,0.038483,0.000303,  33.671
   897.0,0.004594,0.002855,0.037937,0.000352,  33.677
   898.0,0.004607,0.002873,0.037802,0.000330,  33.677
   899.0,0.004556,0.002844,0.037211,0.000330,  33.685
   900.0,0.004429,0.002778,0.036553,0.000298,  33.710
   901.0,0.004413,0.002812,0.037018,0.000303,  33.739
   902.0,0.004523,0.002923,0.038404,0.000396,  33.677
