Run Name,Group11LinearTry2
Run Date,01:09:19 PM   02-24-11
Method Name,Group11_140_380_35.2
Export Format Version, 1.00
Method ID, 1226
Points/Second, 1.00
Number of Records,   1558
Offset from Run Start Time,00:00:00
Run End Time,00:26:00
Time,Second
QuadTec 1, (280.0 nm), AU
QuadTec 2, (260.0 nm), AU
Gradient Pump,<Not Selected>
QuadTec 3, (214.0 nm), AU
QuadTec 4, (405.0 nm), AU
Conductivity,mS/cm
Trace 6,<Not Available>
GP Pressure,<Not Selected>
Volume,<Not Selected>
Fraction,<Not Available>
Time,QuadTec 1,QuadTec 2,QuadTec 3,QuadTec 4,Conductivity
     0.0,0.005003,0.003541,0.014886,0.000000,  12.345
     1.0,0.005016,0.003556,0.000000,0.000000,  12.340
     2.0,0.005018,0.003559,0.000000,0.000000,  12.338
     3.0,0.005016,0.003556,0.000000,0.000000,  12.337
     4.0,0.004615,0.003559,0.000000,0.000000,  12.331
     5.0,0.000000,0.003376,0.000103,0.000036,  12.326
     6.0,0.000000,0.000000,-0.000119,-0.000009,  12.319
     7.0,0.000000,0.000000,-0.000175,0.000005,  12.320
     8.0,0.000000,0.000000,-0.000164,-0.000009,  12.324
     9.0,0.000018,0.000023,-0.000608,0.000005,  12.322
    10.0,0.000010,0.000020,-0.000328,0.000005,  12.317
    11.0,0.000004,0.000017,-0.000238,-0.000071,  12.318
    12.0,-0.000003,0.000012,-0.000386,-0.000071,  12.318
    13.0,-0.000015,0.000002,-0.000206,-0.000112,  12.319
    14.0,-0.000017,0.000009,-0.000251,-0.000201,  12.316
    15.0,-0.000036,-0.000006,-0.000273,-0.000152,  12.315
    16.0,-0.000062,-0.000028,-0.000267,-0.000166,  12.317
    17.0,-0.000105,-0.000063,-0.000405,-0.000210,  12.315
    18.0,-0.000149,-0.000091,-0.000434,-0.000246,  12.312
    19.0,-0.000167,-0.000114,-0.000360,-0.000156,  12.313
    20.0,-0.000186,-0.000122,-0.000162,-0.000129,  12.312
    21.0,-0.000183,-0.000131,-0.000092,-0.000103,  12.310
    22.0,-0.000171,-0.000117,-0.000882,-0.000084,  12.315
    23.0,-0.000128,-0.000087,-0.000345,-0.000111,  12.313
    24.0,-0.000087,-0.000060,-0.000079,-0.000076,  12.312
    25.0,-0.000054,-0.000030,-0.000015,-0.000098,  12.306
    26.0,-0.000025,-0.000003,-0.000110,-0.000089,  12.310
    27.0,-0.000018,0.000007,-0.000016,-0.000026,  12.304
    28.0,-0.000004,0.000012,-0.000006,-0.000098,  12.305
    29.0,-0.000004,0.000017,0.000033,-0.000098,  12.303
    30.0,-0.000018,0.000007,-0.000046,-0.000098,  12.297
    31.0,-0.000007,0.000004,-0.000178,-0.000147,  12.295
    32.0,-0.000016,0.000009,-0.000153,-0.000098,  12.291
    33.0,-0.000010,0.000011,-0.000181,-0.000098,  12.292
    34.0,-0.000012,0.000014,-0.000236,-0.000098,  12.286
    35.0,-0.000018,0.000004,-0.000249,-0.000062,  12.283
    36.0,-0.000012,0.000005,-0.000338,-0.000098,  12.278
    37.0,-0.000023,-0.000001,-0.000203,-0.000062,  12.274
    38.0,-0.000026,0.000002,-0.000310,-0.000098,  12.276
    39.0,-0.000020,0.000006,-0.000456,-0.000120,  12.271
    40.0,-0.000023,0.000006,-0.001229,-0.000084,  12.273
    41.0,-0.000012,0.000005,-0.001114,-0.000098,  12.268
    42.0,-0.000004,0.000016,-0.000607,-0.000161,  12.271
    43.0,-0.000010,0.000017,-0.000456,-0.000165,  12.269
    44.0,-0.000007,0.000019,-0.000498,-0.000179,  12.269
    45.0,-0.000025,0.000022,-0.000659,-0.000241,  12.274
    46.0,-0.000049,-0.000002,-0.000564,-0.000219,  12.268
    47.0,-0.000086,-0.000025,-0.000575,-0.000246,  12.268
    48.0,-0.000128,-0.000062,-0.000393,-0.000219,  12.261
    49.0,-0.000154,-0.000083,-0.000430,-0.000179,  12.263
    50.0,-0.000173,-0.000097,-0.000278,-0.000174,  12.264
    51.0,-0.000179,-0.000109,-0.000244,-0.000125,  12.262
    52.0,-0.000163,-0.000101,-0.000958,-0.000098,  12.256
    53.0,-0.000132,-0.000094,-0.000460,-0.000147,  12.257
    54.0,-0.000099,-0.000064,-0.000285,-0.000098,  12.259
    55.0,-0.000059,-0.000030,-0.000159,-0.000134,  12.257
    56.0,-0.000033,-0.000006,-0.000168,-0.000084,  12.256
    57.0,-0.000031,0.000018,-0.000005,-0.000071,  12.260
    58.0,-0.000009,0.000020,-0.000144,-0.000120,  12.257
    59.0,-0.000007,0.000025,0.000015,-0.000084,  12.252
    60.0,-0.000007,0.000036,-0.000514,-0.000071,  12.251
    61.0,0.000006,0.000043,-0.000972,-0.000120,  12.252
    62.0,-0.000000,0.000043,-0.000577,-0.000071,  12.251
    63.0,0.000006,0.000035,-0.000299,-0.000071,  12.246
    64.0,0.000006,0.000037,-0.000246,-0.000071,  12.244
    65.0,0.000003,0.000041,-0.000328,-0.000093,  12.237
    66.0,0.000006,0.000039,-0.000293,-0.000129,  12.238
    67.0,-0.000003,0.000035,-0.000362,-0.000107,  12.235
    68.0,0.000004,0.000028,-0.000489,-0.000071,  12.235
    69.0,0.000010,0.000036,-0.000372,-0.000107,  12.232
    70.0,0.000010,0.000028,-0.000264,-0.000071,  12.234
    71.0,0.000010,0.000030,-0.000331,-0.000071,  12.231
    72.0,0.000003,0.000032,-0.000192,-0.000098,  12.234
    73.0,0.000008,0.000037,-0.000242,-0.000138,  12.237
    74.0,0.000013,0.000045,-0.000259,-0.000223,  12.237
    75.0,-0.000007,0.000033,-0.000453,-0.000233,  12.238
    76.0,-0.000019,0.000025,-0.000590,-0.000219,  12.238
    77.0,-0.000077,-0.000018,-0.000592,-0.000268,  12.234
    78.0,-0.000125,-0.000057,-0.000571,-0.000233,  12.235
    79.0,-0.000153,-0.000083,-0.000556,-0.000179,  12.230
    80.0,-0.000171,-0.000092,-0.000405,-0.000161,  12.237
    81.0,-0.000180,-0.000104,-0.000341,-0.000089,  12.232
    82.0,-0.000172,-0.000109,-0.000207,-0.000111,  12.229
    83.0,-0.000150,-0.000088,-0.000101,-0.000098,  12.230
    84.0,-0.000103,-0.000065,-0.000132,-0.000098,  12.232
    85.0,-0.000062,-0.000034,-0.000302,-0.000134,  12.223
    86.0,-0.000031,-0.000005,-0.000264,-0.000084,  12.226
    87.0,-0.000013,0.000016,-0.000232,-0.000071,  12.222
    88.0,-0.000002,0.000026,-0.000266,-0.000120,  12.223
    89.0,-0.000003,0.000023,-0.000183,-0.000084,  12.226
    90.0,0.000008,0.000025,-0.000141,-0.000071,  12.219
    91.0,0.000004,0.000024,-0.000177,-0.000084,  12.219
    92.0,0.000004,0.000040,-0.000223,-0.000071,  12.217
    93.0,0.000001,0.000029,-0.000167,-0.000120,  12.219
    94.0,-0.000003,0.000027,-0.000271,-0.000084,  12.213
    95.0,-0.000002,0.000040,-0.000221,-0.000071,  12.209
    96.0,0.000003,0.000032,-0.000921,-0.000120,  12.215
    97.0,0.000005,0.000038,-0.000389,-0.000084,  12.206
    98.0,0.000004,0.000042,-0.000321,-0.000071,  12.211
    99.0,0.000018,0.000059,-0.000237,-0.000071,  12.210
   100.0,0.000021,0.000059,-0.000044,-0.000071,  12.209
   101.0,0.000029,0.000057,-0.000026,-0.000134,  12.210
   102.0,0.000026,0.000062,0.000116,-0.000138,  12.207
   103.0,0.000022,0.000064,-0.000043,-0.000179,  12.207
   104.0,0.000022,0.000061,0.000039,-0.000241,  12.210
   105.0,-0.000000,0.000053,-0.000014,-0.000219,  12.207
   106.0,-0.000030,0.000034,-0.000091,-0.000219,  12.209
   107.0,-0.000082,0.000005,0.000169,-0.000228,  12.205
   108.0,-0.000109,-0.000028,0.000400,-0.000165,  12.206
   109.0,-0.000130,-0.000033,0.000471,-0.000174,  12.208
   110.0,-0.000119,-0.000032,0.000788,-0.000111,  12.206
   111.0,-0.000093,-0.000019,0.001141,-0.000084,  12.208
   112.0,-0.000052,0.000023,0.001492,-0.000120,  12.209
   113.0,-0.000004,0.000059,0.001952,-0.000084,  12.204
   114.0,0.000055,0.000110,0.002057,-0.000071,  12.209
   115.0,0.000107,0.000159,0.002673,-0.000093,  12.207
   116.0,0.000145,0.000206,0.003101,-0.000071,  12.209
   117.0,0.000174,0.000247,0.003425,-0.000071,  12.203
   118.0,0.000200,0.000281,0.003655,-0.000071,  12.200
   119.0,0.000226,0.000324,0.004120,-0.000057,  12.199
   120.0,0.000258,0.000367,0.004381,-0.000080,  12.197
   121.0,0.000294,0.000418,0.004637,-0.000044,  12.192
   122.0,0.000342,0.000481,0.005723,-0.000044,  12.184
   123.0,0.000381,0.000543,0.006273,-0.000066,  12.189
   124.0,0.000427,0.000604,0.006008,-0.000044,  12.187
   125.0,0.000479,0.000671,0.006962,-0.000044,  12.180
   126.0,0.000533,0.000747,0.007997,-0.000030,  12.177
   127.0,0.000588,0.000832,0.008858,-0.000017,  12.177
   128.0,0.000635,0.000923,0.009631,-0.000053,  12.176
   129.0,0.000718,0.001026,0.010328,-0.000057,  12.175
   130.0,0.000794,0.001135,0.011005,-0.000071,  12.177
   131.0,0.000870,0.001249,0.011299,-0.000147,  12.166
   132.0,0.000932,0.001359,0.011696,-0.000138,  12.165
   133.0,0.000976,0.001441,0.012281,-0.000152,  12.166
   134.0,0.000989,0.001490,0.012810,-0.000138,  12.153
   135.0,0.000987,0.001526,0.013458,-0.000138,  12.153
   136.0,0.001005,0.001568,0.014239,-0.000120,  12.151
   137.0,0.001025,0.001627,0.015218,-0.000044,  12.144
   138.0,0.001072,0.001687,0.016043,-0.000017,  12.133
   139.0,0.001151,0.001783,0.017745,-0.000039,  12.126
   140.0,0.001242,0.001889,0.019442,0.000023,  12.120
   141.0,0.001365,0.002020,0.020879,0.000050,  12.110
   142.0,0.001491,0.002139,0.022575,0.000028,  12.102
   143.0,0.001605,0.002273,0.024100,0.000100,  12.091
   144.0,0.001710,0.002421,0.025550,0.000064,  12.073
   145.0,0.001778,0.002546,0.026788,0.000127,  12.066
   146.0,0.001863,0.002654,0.028465,0.000104,  12.045
   147.0,0.001932,0.002746,0.029021,0.000069,  12.029
   148.0,0.001964,0.002807,0.031169,0.000077,  12.004
   149.0,0.002001,0.002857,0.032344,0.000077,  11.982
   150.0,0.002027,0.002884,0.033295,0.000028,  11.945
   151.0,0.002021,0.002890,0.033475,0.000023,  11.920
   152.0,0.002020,0.002900,0.032932,-0.000017,  11.882
   153.0,0.001993,0.002881,0.032105,-0.000044,  11.841
   154.0,0.001973,0.002833,0.030765,-0.000129,  11.800
   155.0,0.001932,0.002783,0.028738,-0.000142,  11.761
   156.0,0.001870,0.002711,0.026865,-0.000134,  11.725
   157.0,0.001819,0.002641,0.024878,-0.000196,  11.685
   158.0,0.001749,0.002556,0.023235,-0.000264,  11.645
   159.0,0.001680,0.002473,0.020543,-0.000259,  11.614
   160.0,0.001612,0.002396,0.018727,-0.000273,  11.566
   161.0,0.001544,0.002304,0.017307,-0.000300,  11.515
   162.0,0.001471,0.002223,0.016065,-0.000273,  11.464
   163.0,0.001393,0.002127,0.014302,-0.000206,  11.404
   164.0,0.001328,0.002039,0.012760,-0.000125,  11.349
   165.0,0.001286,0.001973,0.011374,-0.000098,  11.306
   166.0,0.001296,0.001952,0.010597,-0.000093,  11.272
   167.0,0.001354,0.001956,0.010050,-0.000071,  11.260
   168.0,0.001400,0.001957,0.009836,-0.000071,  11.255
   169.0,0.001415,0.001912,0.010087,-0.000093,  11.259
   170.0,0.001430,0.001868,0.010552,-0.000071,  11.283
   171.0,0.001403,0.001809,0.011069,-0.000093,  11.316
   172.0,0.001374,0.001744,0.011645,-0.000044,  11.361
   173.0,0.001378,0.001693,0.012682,-0.000044,  11.413
   174.0,0.001364,0.001638,0.012894,-0.000053,  11.473
   175.0,0.001353,0.001602,0.013583,-0.000017,  11.536
   176.0,0.001354,0.001564,0.014071,-0.000017,  11.598
   177.0,0.001337,0.001534,0.014446,-0.000053,  11.661
   178.0,0.001324,0.001501,0.014794,-0.000017,  11.721
   179.0,0.001306,0.001463,0.015235,-0.000017,  11.777
   180.0,0.001294,0.001421,0.015352,-0.000017,  11.825
   181.0,0.001269,0.001388,0.015300,-0.000053,  11.867
   182.0,0.001258,0.001347,0.015361,-0.000102,  11.902
   183.0,0.001235,0.001308,0.015364,-0.000120,  11.929
   184.0,0.001211,0.001266,0.015254,-0.000237,  11.950
   185.0,0.001188,0.001238,0.015041,-0.000214,  11.966
   186.0,0.001137,0.001200,0.014777,-0.000206,  11.986
   187.0,0.001078,0.001157,0.014626,-0.000192,  12.003
   188.0,0.000989,0.001070,0.014573,-0.000179,  12.023
   189.0,0.000920,0.000999,0.014220,-0.000125,  12.034
   190.0,0.000884,0.000957,0.014170,-0.000107,  12.057
   191.0,0.000850,0.000923,0.014103,-0.000044,  12.072
   192.0,0.000858,0.000908,0.013980,-0.000030,  12.085
   193.0,0.000890,0.000914,0.013911,-0.000053,  12.092
   194.0,0.000928,0.000918,0.013714,-0.000017,  12.093
   195.0,0.000963,0.000929,0.013492,-0.000017,  12.104
   196.0,0.000969,0.000933,0.013017,-0.000053,  12.106
   197.0,0.000967,0.000919,0.013152,-0.000030,  12.107
   198.0,0.000951,0.000894,0.013229,-0.000053,  12.113
   199.0,0.000936,0.000869,0.013264,-0.000030,  12.116
   200.0,0.000925,0.000853,0.013006,-0.000004,  12.117
   201.0,0.000921,0.000836,0.012795,-0.000039,  12.121
   202.0,0.000906,0.000812,0.012979,-0.000017,  12.121
   203.0,0.000896,0.000794,0.012902,-0.000017,  12.125
   204.0,0.000885,0.000780,0.012817,-0.000030,  12.123
   205.0,0.000865,0.000769,0.012906,-0.000030,  12.121
   206.0,0.000866,0.000749,0.012996,-0.000017,  12.126
   207.0,0.000853,0.000738,0.012989,-0.000030,  12.130
   208.0,0.000850,0.000721,0.012788,-0.000057,  12.131
   209.0,0.000840,0.000722,0.012750,-0.000174,  12.128
   210.0,0.000839,0.000718,0.012678,-0.000179,  12.132
   211.0,0.000827,0.000699,0.012658,-0.000206,  12.130
   212.0,0.000780,0.000672,0.012605,-0.000255,  12.127
   213.0,0.000715,0.000628,0.012184,-0.000170,  12.125
   214.0,0.000645,0.000574,0.012058,-0.000152,  12.118
   215.0,0.000611,0.000533,0.012182,-0.000111,  12.119
   216.0,0.000581,0.000507,0.012165,-0.000044,  12.122
   217.0,0.000590,0.000495,0.012327,-0.000066,  12.115
   218.0,0.000634,0.000517,0.012029,-0.000044,  12.111
   219.0,0.000697,0.000556,0.012334,-0.000044,  12.110
   220.0,0.000751,0.000590,0.012380,-0.000030,  12.106
   221.0,0.000793,0.000622,0.011760,0.000005,  12.106
   222.0,0.000820,0.000626,0.011727,-0.000017,  12.105
   223.0,0.000820,0.000630,0.011739,-0.000053,  12.102
   224.0,0.000805,0.000628,0.012069,-0.000030,  12.104
   225.0,0.000817,0.000617,0.011756,-0.000053,  12.104
   226.0,0.000816,0.000623,0.011732,-0.000030,  12.105
   227.0,0.000823,0.000633,0.011676,-0.000017,  12.109
   228.0,0.000830,0.000640,0.012013,-0.000053,  12.107
   229.0,0.000826,0.000642,0.011591,-0.000004,  12.108
   230.0,0.000840,0.000632,0.010648,-0.000017,  12.110
   231.0,0.000845,0.000635,0.011888,-0.000053,  12.117
   232.0,0.000847,0.000636,0.012192,-0.000044,  12.114
   233.0,0.000861,0.000639,0.012383,-0.000098,  12.119
   234.0,0.000863,0.000645,0.012480,-0.000165,  12.124
   235.0,0.000866,0.000642,0.012535,-0.000192,  12.123
   236.0,0.000853,0.000640,0.012352,-0.000255,  12.126
   237.0,0.000797,0.000609,0.012265,-0.000219,  12.123
   238.0,0.000733,0.000552,0.012317,-0.000179,  12.125
   239.0,0.000673,0.000499,0.012257,-0.000147,  12.118
   240.0,0.000642,0.000463,0.012081,-0.000057,  12.125
   241.0,0.000643,0.000454,0.012037,-0.000030,  12.126
   242.0,0.000679,0.000468,0.012354,-0.000044,  12.125
   243.0,0.000722,0.000500,0.012402,-0.000044,  12.123
   244.0,0.000780,0.000539,0.012291,-0.000080,  12.119
   245.0,0.000829,0.000583,0.012235,-0.000044,  12.122
   246.0,0.000859,0.000607,0.012253,-0.000044,  12.121
   247.0,0.000877,0.000614,0.012069,-0.000066,  12.122
   248.0,0.000878,0.000615,0.011340,-0.000030,  12.119
   249.0,0.000883,0.000617,0.011940,-0.000017,  12.119
   250.0,0.000889,0.000616,0.012177,-0.000017,  12.117
   251.0,0.000896,0.000619,0.012258,-0.000017,  12.119
   252.0,0.000913,0.000629,0.012388,-0.000053,  12.120
   253.0,0.000915,0.000635,0.012236,-0.000017,  12.118
   254.0,0.000919,0.000642,0.012238,-0.000017,  12.119
   255.0,0.000930,0.000637,0.012207,-0.000053,  12.126
   256.0,0.000943,0.000646,0.012153,-0.000044,  12.125
   257.0,0.000945,0.000657,0.012093,-0.000098,  12.133
   258.0,0.000951,0.000655,0.012301,-0.000201,  12.131
   259.0,0.000956,0.000651,0.012148,-0.000192,  12.132
   260.0,0.000936,0.000653,0.012189,-0.000255,  12.133
   261.0,0.000889,0.000623,0.012250,-0.000219,  12.132
   262.0,0.000812,0.000572,0.012143,-0.000179,  12.134
   263.0,0.000761,0.000520,0.012279,-0.000134,  12.133
   264.0,0.000743,0.000524,0.012240,-0.000057,  12.136
   265.0,0.000737,0.000492,0.012305,-0.000030,  12.139
   266.0,0.000776,0.000509,0.012458,-0.000053,  12.141
   267.0,0.000847,0.000552,0.012414,-0.000017,  12.145
   268.0,0.000895,0.000596,0.012414,-0.000017,  12.149
   269.0,0.000954,0.000631,0.012235,-0.000017,  12.149
   270.0,0.000983,0.000660,0.012226,-0.000017,  12.152
   271.0,0.000996,0.000670,0.012044,-0.000053,  12.152
   272.0,0.000993,0.000664,0.012170,-0.000017,  12.149
   273.0,0.000989,0.000670,0.012039,-0.000039,  12.148
   274.0,0.001001,0.000680,0.011760,-0.000066,  12.146
   275.0,0.001011,0.000680,0.011894,-0.000017,  12.147
   276.0,0.001009,0.000684,0.012064,-0.000017,  12.143
   277.0,0.001019,0.000683,0.012018,-0.000004,  12.145
   278.0,0.001018,0.000682,0.011192,-0.000004,  12.149
   279.0,0.001022,0.000688,0.011329,-0.000053,  12.149
   280.0,0.001036,0.000690,0.011688,-0.000044,  12.153
   281.0,0.001046,0.000693,0.011843,-0.000111,  12.154
   282.0,0.001051,0.000701,0.011678,-0.000201,  12.155
   283.0,0.001045,0.000706,0.010879,-0.000192,  12.158
   284.0,0.001007,0.000693,0.010503,-0.000192,  12.157
   285.0,0.000929,0.000636,0.011264,-0.000152,  12.157
   286.0,0.000867,0.000575,0.011511,-0.000111,  12.158
   287.0,0.000836,0.000540,0.011759,-0.000080,  12.164
   288.0,0.000819,0.000526,0.011278,-0.000030,  12.169
   289.0,0.000857,0.000537,0.011785,-0.000017,  12.168
   290.0,0.000922,0.000585,0.011918,-0.000053,  12.175
   291.0,0.000981,0.000627,0.012052,-0.000017,  12.179
   292.0,0.001018,0.000662,0.012035,-0.000017,  12.181
   293.0,0.001056,0.000679,0.012051,-0.000039,  12.186
   294.0,0.001066,0.000692,0.012095,0.000010,  12.189
   295.0,0.001072,0.000702,0.012008,-0.000039,  12.189
   296.0,0.001063,0.000707,0.011509,-0.000004,  12.192
   297.0,0.001072,0.000708,0.011518,-0.000004,  12.194
   298.0,0.001077,0.000708,0.011696,-0.000039,  12.201
   299.0,0.001086,0.000711,0.011800,-0.000004,  12.202
   300.0,0.001094,0.000712,0.011769,-0.000017,  12.204
   301.0,0.001102,0.000716,0.011795,-0.000039,  12.205
   302.0,0.001092,0.000720,0.011969,-0.000004,  12.210
   303.0,0.001106,0.000723,0.011839,-0.000093,  12.214
   304.0,0.001105,0.000720,0.011730,-0.000152,  12.211
   305.0,0.001109,0.000712,0.011529,-0.000206,  12.215
   306.0,0.001098,0.000723,0.011650,-0.000268,  12.216
   307.0,0.001032,0.000688,0.011504,-0.000219,  12.217
   308.0,0.000938,0.000627,0.011237,-0.000138,  12.215
   309.0,0.000882,0.000570,0.011337,-0.000107,  12.214
   310.0,0.000844,0.000534,0.011441,-0.000030,  12.216
   311.0,0.000861,0.000520,0.011546,-0.000053,  12.221
   312.0,0.000899,0.000551,0.011645,-0.000017,  12.222
   313.0,0.000983,0.000604,0.011446,-0.000017,  12.223
   314.0,0.001049,0.000657,0.011601,-0.000053,  12.228
   315.0,0.001082,0.000694,0.010923,-0.000017,  12.229
   316.0,0.001109,0.000712,0.011444,-0.000017,  12.228
   317.0,0.001111,0.000718,0.011522,-0.000053,  12.233
   318.0,0.001105,0.000712,0.011657,-0.000017,  12.235
   319.0,0.001100,0.000706,0.011657,-0.000039,  12.239
   320.0,0.001100,0.000699,0.011728,-0.000004,  12.242
   321.0,0.001096,0.000698,0.011179,-0.000004,  12.239
   322.0,0.001104,0.000700,0.010553,-0.000039,  12.244
   323.0,0.001103,0.000706,0.011033,-0.000004,  12.251
   324.0,0.001115,0.000708,0.010018,-0.000004,  12.253
   325.0,0.001121,0.000716,0.011108,-0.000093,  12.256
   326.0,0.001131,0.000714,0.011339,-0.000138,  12.260
   327.0,0.001133,0.000722,0.011233,-0.000206,  12.254
   328.0,0.001131,0.000724,0.011286,-0.000233,  12.257
   329.0,0.001083,0.000715,0.011327,-0.000219,  12.254
   330.0,0.001014,0.000653,0.011090,-0.000187,  12.250
   331.0,0.000916,0.000583,0.011117,-0.000071,  12.244
   332.0,0.000873,0.000543,0.011092,-0.000030,  12.248
   333.0,0.000879,0.000536,0.011034,-0.000053,  12.250
   334.0,0.000930,0.000559,0.011279,-0.000017,  12.251
   335.0,0.001008,0.000612,0.011341,-0.000017,  12.253
   336.0,0.001074,0.000659,0.011408,-0.000017,  12.254
   337.0,0.001118,0.000700,0.011303,-0.000004,  12.260
   338.0,0.001148,0.000723,0.011303,-0.000039,  12.267
   339.0,0.001158,0.000731,0.011322,-0.000004,  12.274
   340.0,0.001138,0.000726,0.011378,-0.000004,  12.280
   341.0,0.001144,0.000732,0.011572,-0.000039,  12.285
   342.0,0.001147,0.000729,0.011592,-0.000004,  12.292
   343.0,0.001151,0.000736,0.011517,0.000023,  12.299
   344.0,0.001160,0.000736,0.011640,-0.000026,  12.308
   345.0,0.001162,0.000734,0.011689,0.000010,  12.309
   346.0,0.001159,0.000743,0.011682,-0.000039,  12.319
   347.0,0.001170,0.000745,0.011689,-0.000057,  12.323
   348.0,0.001169,0.000752,0.011604,-0.000125,  12.329
   349.0,0.001172,0.000752,0.011538,-0.000201,  12.332
   350.0,0.001142,0.000746,0.011494,-0.000206,  12.331
   351.0,0.001098,0.000714,0.011366,-0.000192,  12.327
   352.0,0.001014,0.000661,0.011230,-0.000134,  12.333
   353.0,0.000951,0.000602,0.011179,-0.000030,  12.331
   354.0,0.000916,0.000585,0.011197,-0.000053,  12.329
   355.0,0.000928,0.000573,0.011011,0.000010,  12.331
   356.0,0.000993,0.000604,0.011340,0.000023,  12.332
   357.0,0.001057,0.000666,0.011436,-0.000026,  12.332
   358.0,0.001116,0.000702,0.010701,-0.000012,  12.329
   359.0,0.001151,0.000722,0.011235,-0.000048,  12.337
   360.0,0.001175,0.000740,0.011376,-0.000012,  12.342
   361.0,0.001175,0.000740,0.011426,0.000010,  12.343
   362.0,0.001175,0.000750,0.011638,0.000023,  12.348
   363.0,0.001189,0.000750,0.011531,0.000023,  12.352
   364.0,0.001189,0.000755,0.011536,0.000023,  12.355
   365.0,0.001189,0.000756,0.011261,-0.000012,  12.354
   366.0,0.001186,0.000753,0.011322,0.000032,  12.354
   367.0,0.001182,0.000752,0.011516,-0.000004,  12.371
   368.0,0.001186,0.000758,0.011507,-0.000044,  12.370
   369.0,0.001191,0.000760,0.011643,-0.000138,  12.379
   370.0,0.001203,0.000761,0.011424,-0.000206,  12.379
   371.0,0.001179,0.000752,0.011363,-0.000246,  12.376
   372.0,0.001140,0.000730,0.011352,-0.000233,  12.373
   373.0,0.001054,0.000663,0.011196,-0.000187,  12.374
   374.0,0.000959,0.000594,0.010999,-0.000084,  12.377
   375.0,0.000911,0.000553,0.010987,-0.000030,  12.378
   376.0,0.000917,0.000548,0.011327,-0.000039,  12.380
   377.0,0.000975,0.000571,0.011633,-0.000017,  12.386
   378.0,0.001056,0.000630,0.011597,-0.000004,  12.391
   379.0,0.001121,0.000672,0.011522,-0.000004,  12.390
   380.0,0.001155,0.000712,0.010829,0.000023,  12.398
   381.0,0.001190,0.000747,0.011308,-0.000026,  12.402
   382.0,0.001193,0.000752,0.011475,0.000010,  12.407
   383.0,0.001195,0.000753,0.011517,0.000023,  12.414
   384.0,0.001202,0.000757,0.011398,-0.000026,  12.420
   385.0,0.001192,0.000759,0.011625,0.000032,  12.429
   386.0,0.001195,0.000761,0.011691,0.000010,  12.432
   387.0,0.001198,0.000754,0.011722,0.000023,  12.448
   388.0,0.001207,0.000755,0.011737,0.000010,  12.447
   389.0,0.001212,0.000758,0.011266,-0.000080,  12.458
   390.0,0.001217,0.000760,0.011655,-0.000138,  12.456
   391.0,0.001229,0.000762,0.011766,-0.000206,  12.461
   392.0,0.001218,0.000773,0.011603,-0.000268,  12.461
   393.0,0.001162,0.000736,0.011599,-0.000219,  12.456
   394.0,0.001057,0.000669,0.011492,-0.000125,  12.463
   395.0,0.000976,0.000611,0.011378,-0.000093,  12.468
   396.0,0.000929,0.000557,0.011361,-0.000030,  12.475
   397.0,0.000944,0.000559,0.011717,-0.000039,  12.479
   398.0,0.001007,0.000599,0.012061,-0.000026,  12.481
   399.0,0.001085,0.000654,0.011914,0.000023,  12.489
   400.0,0.001162,0.000706,0.011911,-0.000039,  12.490
   401.0,0.001205,0.000746,0.011081,0.000023,  12.499
   402.0,0.001226,0.000769,0.011224,0.000037,  12.501
   403.0,0.001227,0.000767,0.011239,0.000010,  12.508
   404.0,0.001223,0.000764,0.011265,0.000046,  12.512
   405.0,0.001226,0.000772,0.011598,-0.000026,  12.524
   406.0,0.001235,0.000768,0.011722,-0.000026,  12.532
   407.0,0.001229,0.000770,0.011889,-0.000075,  12.534
   408.0,0.001226,0.000774,0.011933,-0.000075,  12.545
   409.0,0.001226,0.000771,0.012037,-0.000066,  12.552
   410.0,0.001242,0.000779,0.012047,-0.000196,  12.555
   411.0,0.001248,0.000778,0.011936,-0.000277,  12.558
   412.0,0.001242,0.000774,0.011892,-0.000295,  12.558
   413.0,0.001205,0.000771,0.011906,-0.000317,  12.562
   414.0,0.001099,0.000714,0.011567,-0.000228,  12.564
   415.0,0.001006,0.000619,0.011563,-0.000156,  12.568
   416.0,0.000963,0.000573,0.011676,-0.000102,  12.575
   417.0,0.000944,0.000549,0.012080,-0.000017,  12.586
   418.0,0.001007,0.000573,0.012392,0.000010,  12.590
   419.0,0.001099,0.000647,0.012458,-0.000039,  12.594
   420.0,0.001176,0.000702,0.012526,0.000010,  12.599
   421.0,0.001230,0.000751,0.012434,-0.000004,  12.601
   422.0,0.001275,0.000787,0.011932,0.000010,  12.608
   423.0,0.001286,0.000804,0.012209,0.000010,  12.619
   424.0,0.001286,0.000798,0.012186,-0.000039,  12.617
   425.0,0.001286,0.000795,0.011612,-0.000004,  12.629
   426.0,0.001272,0.000800,0.011792,-0.000004,  12.633
   427.0,0.001291,0.000801,0.012336,-0.000039,  12.639
   428.0,0.001290,0.000803,0.012479,-0.000004,  12.643
   429.0,0.001295,0.000795,0.012549,-0.000071,  12.655
   430.0,0.001302,0.000799,0.012539,-0.000174,  12.653
   431.0,0.001303,0.000800,0.012552,-0.000246,  12.651
   432.0,0.001309,0.000809,0.012486,-0.000309,  12.655
   433.0,0.001281,0.000802,0.012521,-0.000273,  12.654
   434.0,0.001169,0.000738,0.012354,-0.000179,  12.654
   435.0,0.001063,0.000648,0.012313,-0.000147,  12.655
   436.0,0.000995,0.000590,0.012427,-0.000057,  12.659
   437.0,0.000995,0.000576,0.012702,-0.000017,  12.669
   438.0,0.001069,0.000610,0.012972,-0.000053,  12.674
   439.0,0.001161,0.000665,0.012945,-0.000017,  12.679
   440.0,0.001243,0.000729,0.013075,-0.000017,  12.690
   441.0,0.001302,0.000778,0.013039,-0.000030,  12.697
   442.0,0.001318,0.000810,0.012754,-0.000017,  12.701
   443.0,0.001329,0.000814,0.012465,-0.000053,  12.713
   444.0,0.001326,0.000809,0.012812,-0.000030,  12.720
   445.0,0.001323,0.000801,0.012704,-0.000017,  12.726
   446.0,0.001332,0.000810,0.012351,-0.000053,  12.734
   447.0,0.001337,0.000807,0.012831,-0.000030,  12.743
   448.0,0.001334,0.000814,0.013119,-0.000030,  12.747
   449.0,0.001356,0.000818,0.012779,-0.000071,  12.754
   450.0,0.001372,0.000825,0.013076,-0.000192,  12.758
   451.0,0.001377,0.000827,0.013126,-0.000309,  12.761
   452.0,0.001368,0.000833,0.012976,-0.000313,  12.760
   453.0,0.001315,0.000812,0.012926,-0.000259,  12.760
   454.0,0.001203,0.000730,0.012660,-0.000187,  12.760
   455.0,0.001103,0.000642,0.012687,-0.000071,  12.766
   456.0,0.001064,0.000616,0.012918,-0.000030,  12.770
   457.0,0.001087,0.000613,0.013555,-0.000017,  12.778
   458.0,0.001175,0.000663,0.013776,-0.000017,  12.781
   459.0,0.001269,0.000733,0.013689,-0.000039,  12.786
   460.0,0.001334,0.000792,0.013889,-0.000004,  12.791
   461.0,0.001396,0.000837,0.014004,-0.000004,  12.795
   462.0,0.001442,0.000873,0.014088,-0.000039,  12.803
   463.0,0.001443,0.000877,0.014088,-0.000004,  12.805
   464.0,0.001443,0.000884,0.013687,-0.000030,  12.807
   465.0,0.001455,0.000887,0.013923,-0.000017,  12.819
   466.0,0.001451,0.000881,0.014048,0.000032,  12.825
   467.0,0.001467,0.000887,0.014256,-0.000026,  12.833
   468.0,0.001481,0.000892,0.013981,-0.000030,  12.837
   469.0,0.001482,0.000889,0.013903,-0.000125,  12.846
   470.0,0.001502,0.000912,0.013909,-0.000268,  12.847
   471.0,0.001498,0.000920,0.014038,-0.000273,  12.849
   472.0,0.001459,0.000903,0.013653,-0.000246,  12.848
   473.0,0.001367,0.000832,0.013394,-0.000228,  12.859
   474.0,0.001247,0.000749,0.013130,-0.000084,  12.864
   475.0,0.001200,0.000698,0.013627,-0.000017,  12.875
   476.0,0.001200,0.000675,0.014297,-0.000017,  12.876
   477.0,0.001256,0.000701,0.014779,0.000010,  12.878
   478.0,0.001362,0.000788,0.014761,-0.000039,  12.891
   479.0,0.001456,0.000855,0.014787,-0.000004,  12.894
   480.0,0.001523,0.000912,0.014905,-0.000004,  12.901
   481.0,0.001574,0.000938,0.014941,-0.000039,  12.908
   482.0,0.001581,0.000948,0.014655,-0.000012,  12.917
   483.0,0.001576,0.000951,0.014303,-0.000012,  12.921
   484.0,0.001585,0.000950,0.014692,0.000010,  12.928
   485.0,0.001590,0.000953,0.014931,0.000010,  12.937
   486.0,0.001595,0.000956,0.015273,-0.000039,  12.948
   487.0,0.001599,0.000958,0.015639,-0.000044,  12.957
   488.0,0.001609,0.000965,0.015357,-0.000138,  12.961
   489.0,0.001625,0.000968,0.015215,-0.000282,  12.961
   490.0,0.001630,0.000974,0.014955,-0.000300,  12.963
   491.0,0.001583,0.000970,0.014902,-0.000259,  12.962
   492.0,0.001469,0.000906,0.014729,-0.000187,  12.971
   493.0,0.001346,0.000804,0.014876,-0.000057,  12.979
   494.0,0.001299,0.000744,0.014966,-0.000053,  12.988
   495.0,0.001304,0.000730,0.015644,-0.000004,  12.992
   496.0,0.001392,0.000784,0.015978,-0.000004,  12.999
   497.0,0.001508,0.000865,0.016086,-0.000039,  13.011
   498.0,0.001599,0.000933,0.015671,-0.000004,  13.017
   499.0,0.001679,0.000999,0.015919,-0.000017,  13.025
   500.0,0.001715,0.001024,0.014649,-0.000017,  13.032
   501.0,0.001714,0.001016,0.015478,-0.000017,  13.037
   502.0,0.001703,0.001006,0.015940,-0.000039,  13.047
   503.0,0.001699,0.001004,0.016115,-0.000004,  13.051
   504.0,0.001710,0.001000,0.016012,-0.000004,  13.061
   505.0,0.001718,0.001010,0.016077,-0.000053,  13.069
   506.0,0.001725,0.001028,0.016339,-0.000098,  13.076
   507.0,0.001738,0.001027,0.015583,-0.000192,  13.078
   508.0,0.001752,0.001031,0.015827,-0.000309,  13.084
   509.0,0.001749,0.001035,0.016021,-0.000313,  13.081
   510.0,0.001670,0.001008,0.015857,-0.000233,  13.082
   511.0,0.001525,0.000918,0.015851,-0.000129,  13.089
   512.0,0.001453,0.000837,0.015809,-0.000057,  13.091
   513.0,0.001405,0.000776,0.015373,-0.000044,  13.097
   514.0,0.001451,0.000804,0.016387,0.000005,  13.105
   515.0,0.001558,0.000870,0.016885,-0.000017,  13.111
   516.0,0.001666,0.000947,0.016992,-0.000004,  13.110
   517.0,0.001750,0.001023,0.017094,0.000032,  13.118
   518.0,0.001819,0.001070,0.017224,-0.000004,  13.129
   519.0,0.001857,0.001097,0.017231,-0.000004,  13.134
   520.0,0.001853,0.001096,0.017262,0.000010,  13.139
   521.0,0.001857,0.001098,0.017429,-0.000026,  13.146
   522.0,0.001859,0.001095,0.017468,0.000046,  13.155
   523.0,0.001874,0.001108,0.017650,0.000023,  13.171
   524.0,0.001887,0.001109,0.017767,-0.000080,  13.174
   525.0,0.001908,0.001125,0.017676,-0.000152,  13.181
   526.0,0.001924,0.001135,0.017609,-0.000259,  13.184
   527.0,0.001932,0.001146,0.017349,-0.000322,  13.186
   528.0,0.001895,0.001138,0.017401,-0.000286,  13.192
   529.0,0.001754,0.001070,0.017101,-0.000214,  13.195
   530.0,0.001648,0.000951,0.016959,-0.000049,  13.202
   531.0,0.001584,0.000897,0.017296,-0.000030,  13.214
   532.0,0.001590,0.000883,0.017763,-0.000026,  13.220
   533.0,0.001694,0.000938,0.018291,-0.000004,  13.226
   534.0,0.001809,0.001040,0.018323,-0.000004,  13.231
   535.0,0.001906,0.001092,0.018415,-0.000039,  13.240
   536.0,0.001987,0.001149,0.018615,0.000010,  13.246
   537.0,0.002034,0.001192,0.018616,-0.000039,  13.254
   538.0,0.002036,0.001200,0.018330,-0.000004,  13.256
   539.0,0.002041,0.001193,0.018736,-0.000017,  13.268
   540.0,0.002047,0.001204,0.018846,-0.000004,  13.276
   541.0,0.002049,0.001205,0.018995,0.000032,  13.286
   542.0,0.002062,0.001206,0.019061,-0.000030,  13.291
   543.0,0.002081,0.001216,0.018781,-0.000187,  13.296
   544.0,0.002091,0.001227,0.018820,-0.000273,  13.299
   545.0,0.002112,0.001235,0.018810,-0.000304,  13.301
   546.0,0.002076,0.001242,0.018177,-0.000264,  13.309
   547.0,0.001974,0.001164,0.018339,-0.000179,  13.312
   548.0,0.001826,0.001046,0.017454,-0.000084,  13.315
   549.0,0.001736,0.000979,0.018454,0.000005,  13.324
   550.0,0.001755,0.000970,0.019378,0.000037,  13.334
   551.0,0.001872,0.001036,0.019909,0.000010,  13.341
   552.0,0.001987,0.001121,0.019301,0.000046,  13.352
   553.0,0.002081,0.001188,0.019605,0.000023,  13.356
   554.0,0.002181,0.001254,0.019983,0.000046,  13.370
   555.0,0.002224,0.001297,0.019634,0.000023,  13.369
   556.0,0.002236,0.001314,0.020206,0.000010,  13.376
   557.0,0.002232,0.001310,0.019905,0.000046,  13.384
   558.0,0.002240,0.001315,0.020414,0.000023,  13.397
   559.0,0.002261,0.001326,0.020052,-0.000004,  13.407
   560.0,0.002273,0.001328,0.020633,-0.000022,  13.415
   561.0,0.002291,0.001338,0.020389,-0.000165,  13.420
   562.0,0.002312,0.001347,0.020505,-0.000273,  13.424
   563.0,0.002311,0.001356,0.020596,-0.000300,  13.426
   564.0,0.002261,0.001353,0.020464,-0.000259,  13.428
   565.0,0.002144,0.001256,0.020142,-0.000116,  13.432
   566.0,0.002002,0.001140,0.020166,-0.000030,  13.445
   567.0,0.001946,0.001086,0.020667,0.000010,  13.453
   568.0,0.001987,0.001095,0.021512,0.000010,  13.458
   569.0,0.002104,0.001178,0.021762,0.000023,  13.466
   570.0,0.002222,0.001248,0.021497,-0.000026,  13.471
   571.0,0.002319,0.001328,0.021760,0.000010,  13.485
   572.0,0.002405,0.001388,0.021948,-0.000026,  13.489
   573.0,0.002442,0.001418,0.021554,0.000010,  13.494
   574.0,0.002436,0.001418,0.021927,0.000023,  13.501
   575.0,0.002436,0.001423,0.020413,-0.000012,  13.508
   576.0,0.002455,0.001427,0.021715,0.000023,  13.519
   577.0,0.002462,0.001438,0.022263,-0.000004,  13.526
   578.0,0.002481,0.001442,0.022488,-0.000120,  13.535
   579.0,0.002499,0.001447,0.022348,-0.000246,  13.536
   580.0,0.002517,0.001460,0.022284,-0.000313,  13.542
   581.0,0.002516,0.001467,0.022021,-0.000318,  13.546
   582.0,0.002400,0.001426,0.022019,-0.000219,  13.552
   583.0,0.002248,0.001294,0.021823,-0.000107,  13.562
   584.0,0.002156,0.001206,0.021711,-0.000017,  13.562
   585.0,0.002142,0.001168,0.022440,0.000010,  13.573
   586.0,0.002234,0.001223,0.023555,0.000010,  13.582
   587.0,0.002363,0.001318,0.023955,0.000059,  13.592
   588.0,0.002465,0.001391,0.023996,0.000023,  13.600
   589.0,0.002572,0.001462,0.024159,0.000059,  13.613
   590.0,0.002659,0.001531,0.024306,0.000023,  13.610
   591.0,0.002680,0.001552,0.024285,0.000037,  13.626
   592.0,0.002687,0.001552,0.024489,0.000081,  13.635
   593.0,0.002694,0.001566,0.024609,0.000095,  13.646
   594.0,0.002704,0.001585,0.024844,0.000010,  13.652
   595.0,0.002731,0.001592,0.024888,-0.000022,  13.661
   596.0,0.002762,0.001598,0.024474,-0.000179,  13.669
   597.0,0.002780,0.001617,0.023239,-0.000273,  13.672
   598.0,0.002784,0.001628,0.024072,-0.000264,  13.677
   599.0,0.002720,0.001606,0.024241,-0.000233,  13.685
   600.0,0.002578,0.001498,0.024105,-0.000076,  13.691
   601.0,0.002439,0.001387,0.024309,-0.000017,  13.702
   602.0,0.002389,0.001329,0.024987,0.000023,  13.711
   603.0,0.002460,0.001351,0.025894,0.000059,  13.720
   604.0,0.002589,0.001446,0.026308,0.000023,  13.725
   605.0,0.002705,0.001531,0.026362,0.000046,  13.735
   606.0,0.002817,0.001594,0.026331,0.000059,  13.744
   607.0,0.002906,0.001673,0.026433,0.000073,  13.754
   608.0,0.002938,0.001710,0.026713,0.000059,  13.769
   609.0,0.002948,0.001712,0.027037,0.000023,  13.773
   610.0,0.002964,0.001730,0.027081,0.000023,  13.777
   611.0,0.002973,0.001728,0.026920,0.000037,  13.782
   612.0,0.002989,0.001742,0.026955,-0.000044,  13.789
   613.0,0.003013,0.001749,0.026729,-0.000201,  13.798
   614.0,0.003033,0.001759,0.026836,-0.000286,  13.804
   615.0,0.003049,0.001776,0.026781,-0.000313,  13.804
   616.0,0.002984,0.001750,0.026378,-0.000246,  13.811
   617.0,0.002811,0.001652,0.026475,-0.000125,  13.822
   618.0,0.002688,0.001533,0.026743,-0.000039,  13.827
   619.0,0.002647,0.001484,0.027309,0.000010,  13.837
   620.0,0.002713,0.001504,0.028462,0.000023,  13.846
   621.0,0.002852,0.001601,0.028844,-0.000012,  13.855
   622.0,0.002964,0.001684,0.028959,0.000037,  13.864
   623.0,0.003084,0.001744,0.029004,0.000050,  13.872
   624.0,0.003193,0.001820,0.028809,0.000037,  13.877
   625.0,0.003221,0.001848,0.029240,0.000037,  13.885
   626.0,0.003231,0.001861,0.029322,0.000001,  13.886
   627.0,0.003247,0.001870,0.029690,0.000037,  13.895
   628.0,0.003258,0.001886,0.029862,0.000037,  13.909
   629.0,0.003276,0.001890,0.030003,-0.000080,  13.917
   630.0,0.003313,0.001910,0.029680,-0.000183,  13.918
   631.0,0.003334,0.001925,0.029271,-0.000300,  13.920
   632.0,0.003352,0.001933,0.028605,-0.000286,  13.921
   633.0,0.003259,0.001908,0.028973,-0.000219,  13.925
   634.0,0.003076,0.001787,0.028738,-0.000107,  13.931
   635.0,0.002973,0.001680,0.029376,-0.000004,  13.942
   636.0,0.002941,0.001635,0.030325,0.000023,  13.954
   637.0,0.003040,0.001689,0.031314,0.000001,  13.959
   638.0,0.003174,0.001787,0.031476,0.000037,  13.970
   639.0,0.003285,0.001867,0.031590,0.000010,  13.984
   640.0,0.003403,0.001930,0.031739,0.000010,  13.987
   641.0,0.003501,0.001991,0.032138,0.000059,  13.999
   642.0,0.003535,0.002032,0.032256,0.000023,  14.003
   643.0,0.003537,0.002030,0.032384,0.000059,  14.009
   644.0,0.003550,0.002040,0.032302,0.000023,  14.022
   645.0,0.003575,0.002053,0.032004,0.000010,  14.030
   646.0,0.003598,0.002065,0.032498,-0.000076,  14.031
   647.0,0.003633,0.002094,0.032301,-0.000246,  14.039
   648.0,0.003661,0.002101,0.032083,-0.000327,  14.042
   649.0,0.003644,0.002104,0.032061,-0.000264,  14.044
   650.0,0.003507,0.002039,0.032038,-0.000116,  14.046
   651.0,0.003313,0.001895,0.032082,-0.000035,  14.056
   652.0,0.003235,0.001796,0.032469,-0.000004,  14.061
   653.0,0.003261,0.001794,0.033608,0.000023,  14.074
   654.0,0.003408,0.001880,0.034485,0.000059,  14.077
   655.0,0.003534,0.001975,0.033763,0.000023,  14.084
   656.0,0.003638,0.002065,0.033960,0.000037,  14.096
   657.0,0.003772,0.002149,0.034714,0.000073,  14.100
   658.0,0.003866,0.002208,0.034996,0.000050,  14.103
   659.0,0.003887,0.002228,0.035389,0.000086,  14.114
   660.0,0.003900,0.002233,0.035447,0.000064,  14.127
   661.0,0.003919,0.002243,0.035213,0.000037,  14.140
   662.0,0.003945,0.002257,0.035516,-0.000008,  14.154
   663.0,0.003981,0.002274,0.035542,-0.000192,  14.149
   664.0,0.004020,0.002301,0.035426,-0.000300,  14.155
   665.0,0.004022,0.002310,0.035384,-0.000291,  14.147
   666.0,0.003932,0.002274,0.034181,-0.000206,  14.151
   667.0,0.003737,0.002163,0.034186,-0.000057,  14.153
   668.0,0.003605,0.002035,0.035091,0.000032,  14.163
   669.0,0.003598,0.001990,0.036171,0.000010,  14.175
   670.0,0.003698,0.002032,0.037226,0.000059,  14.176
   671.0,0.003858,0.002148,0.037690,0.000050,  14.191
   672.0,0.003963,0.002235,0.037984,0.000050,  14.196
   673.0,0.004097,0.002320,0.038197,0.000086,  14.202
   674.0,0.004216,0.002403,0.038236,0.000050,  14.212
   675.0,0.004262,0.002425,0.038366,0.000037,  14.221
   676.0,0.004282,0.002437,0.038832,0.000073,  14.230
   677.0,0.004300,0.002453,0.039113,0.000037,  14.242
   678.0,0.004340,0.002468,0.039324,0.000005,  14.255
   679.0,0.004351,0.002478,0.038999,-0.000152,  14.265
   680.0,0.004389,0.002494,0.038826,-0.000286,  14.264
   681.0,0.004416,0.002514,0.038816,-0.000318,  14.260
   682.0,0.004364,0.002507,0.038704,-0.000224,  14.260
   683.0,0.004164,0.002378,0.038512,-0.000098,  14.271
   684.0,0.004014,0.002248,0.038736,0.000041,  14.286
   685.0,0.003989,0.002199,0.039755,0.000050,  14.293
   686.0,0.004090,0.002227,0.040987,0.000064,  14.307
   687.0,0.004253,0.002338,0.041530,0.000064,  14.317
   688.0,0.004355,0.002442,0.041599,0.000077,  14.324
   689.0,0.004480,0.002532,0.041997,0.000100,  14.329
   690.0,0.004638,0.002627,0.042190,0.000077,  14.336
   691.0,0.004699,0.002677,0.042606,0.000077,  14.347
   692.0,0.004719,0.002697,0.042494,0.000100,  14.356
   693.0,0.004751,0.002715,0.042823,0.000108,  14.370
   694.0,0.004790,0.002727,0.043064,-0.000008,  14.382
   695.0,0.004821,0.002748,0.042959,-0.000080,  14.385
   696.0,0.004864,0.002777,0.042607,-0.000259,  14.385
   697.0,0.004885,0.002785,0.042243,-0.000278,  14.378
   698.0,0.004835,0.002775,0.042166,-0.000206,  14.384
   699.0,0.004657,0.002659,0.042404,-0.000084,  14.394
   700.0,0.004482,0.002513,0.042661,0.000032,  14.407
   701.0,0.004436,0.002455,0.043530,0.000037,  14.418
   702.0,0.004552,0.002494,0.044850,0.000050,  14.430
   703.0,0.004705,0.002607,0.045432,0.000086,  14.440
   704.0,0.004824,0.002695,0.045696,0.000100,  14.451
   705.0,0.004980,0.002779,0.045774,0.000086,  14.462
   706.0,0.005099,0.002879,0.046026,0.000050,  14.469
   707.0,0.005151,0.002913,0.046375,0.000042,  14.471
   708.0,0.005181,0.002935,0.046889,0.000064,  14.488
   709.0,0.005210,0.002950,0.047137,0.000064,  14.502
   710.0,0.005255,0.002976,0.047128,-0.000022,  14.514
   711.0,0.005293,0.002992,0.046312,-0.000148,  14.515
   712.0,0.005344,0.003028,0.046460,-0.000300,  14.517
   713.0,0.005365,0.003052,0.046590,-0.000291,  14.512
   714.0,0.005277,0.003024,0.046387,-0.000192,  14.515
   715.0,0.005080,0.002872,0.046617,-0.000044,  14.526
   716.0,0.004928,0.002744,0.046711,0.000059,  14.532
   717.0,0.004928,0.002724,0.048014,0.000086,  14.542
   718.0,0.005075,0.002793,0.049418,0.000064,  14.560
   719.0,0.005239,0.002912,0.049699,0.000086,  14.565
   720.0,0.005351,0.002989,0.049971,0.000050,  14.577
   721.0,0.005511,0.003082,0.049507,0.000064,  14.582
   722.0,0.005637,0.003181,0.050284,0.000050,  14.593
   723.0,0.005677,0.003210,0.050784,0.000050,  14.607
   724.0,0.005696,0.003215,0.051374,0.000122,  14.615
   725.0,0.005743,0.003238,0.051653,0.000037,  14.632
   726.0,0.005777,0.003263,0.051578,-0.000111,  14.639
   727.0,0.005824,0.003291,0.050967,-0.000210,  14.645
   728.0,0.005877,0.003323,0.050900,-0.000327,  14.638
   729.0,0.005882,0.003338,0.050981,-0.000286,  14.637
   730.0,0.005713,0.003262,0.050981,-0.000089,  14.646
   731.0,0.005500,0.003100,0.051249,0.000019,  14.656
   732.0,0.005422,0.002999,0.051697,0.000059,  14.666
   733.0,0.005464,0.002989,0.052456,0.000050,  14.677
   734.0,0.005665,0.003110,0.053996,0.000064,  14.686
   735.0,0.005802,0.003221,0.054486,0.000086,  14.697
   736.0,0.005913,0.003296,0.053941,0.000050,  14.703
   737.0,0.006116,0.003429,0.054812,0.000037,  14.711
   738.0,0.006210,0.003488,0.055418,0.000073,  14.725
   739.0,0.006246,0.003512,0.056123,0.000050,  14.734
   740.0,0.006287,0.003540,0.056456,0.000073,  14.752
   741.0,0.006326,0.003560,0.056251,-0.000044,  14.765
   742.0,0.006374,0.003588,0.055451,-0.000206,  14.777
   743.0,0.006418,0.003616,0.055604,-0.000278,  14.771
   744.0,0.006453,0.003634,0.055787,-0.000354,  14.766
   745.0,0.006392,0.003605,0.055724,-0.000219,  14.774
   746.0,0.006154,0.003453,0.055178,-0.000013,  14.780
   747.0,0.006002,0.003343,0.055934,0.000046,  14.790
   748.0,0.005996,0.003284,0.057770,0.000059,  14.806
   749.0,0.006172,0.003347,0.058896,0.000023,  14.814
   750.0,0.006337,0.003489,0.059332,0.000037,  14.825
   751.0,0.006441,0.003581,0.059775,0.000073,  14.841
   752.0,0.006610,0.003686,0.060242,0.000050,  14.848
   753.0,0.006775,0.003796,0.060010,0.000037,  14.861
   754.0,0.006832,0.003841,0.060883,0.000095,  14.866
   755.0,0.006888,0.003863,0.061451,0.000023,  14.887
   756.0,0.006928,0.003881,0.060421,-0.000030,  14.899
   757.0,0.006986,0.003909,0.060915,-0.000156,  14.912
   758.0,0.007044,0.003946,0.060832,-0.000286,  14.907
   759.0,0.007080,0.003979,0.060553,-0.000331,  14.915
   760.0,0.007080,0.003984,0.060893,-0.000259,  14.916
   761.0,0.006873,0.003864,0.061354,-0.000125,  14.922
   762.0,0.006662,0.003698,0.060664,0.000005,  14.933
   763.0,0.006602,0.003615,0.062188,0.000023,  14.943
   764.0,0.006745,0.003676,0.064300,0.000023,  14.954
   765.0,0.006970,0.003785,0.065178,0.000059,  14.965
   766.0,0.007089,0.003913,0.065728,0.000086,  14.976
   767.0,0.007258,0.004010,0.065967,0.000073,  14.979
   768.0,0.007443,0.004133,0.066418,0.000050,  14.990
   769.0,0.007515,0.004204,0.066897,0.000037,  14.999
   770.0,0.007568,0.004240,0.067450,0.000086,  15.014
   771.0,0.007629,0.004267,0.068008,0.000023,  15.028
   772.0,0.007681,0.004301,0.067763,-0.000138,  15.035
   773.0,0.007739,0.004339,0.067212,-0.000237,  15.040
   774.0,0.007811,0.004368,0.067073,-0.000340,  15.037
   775.0,0.007811,0.004395,0.067300,-0.000224,  15.037
   776.0,0.007607,0.004298,0.067636,-0.000098,  15.046
   777.0,0.007422,0.004128,0.067830,-0.000004,  15.055
   778.0,0.007327,0.004033,0.068123,0.000086,  15.066
   779.0,0.007446,0.004060,0.069325,0.000077,  15.076
   780.0,0.007692,0.004225,0.071144,0.000077,  15.086
   781.0,0.007827,0.004342,0.071101,0.000100,  15.098
   782.0,0.007965,0.004425,0.072298,0.000077,  15.108
   783.0,0.008177,0.004544,0.072920,0.000077,  15.115
   784.0,0.008275,0.004619,0.073620,0.000100,  15.126
   785.0,0.008316,0.004660,0.074070,0.000064,  15.142
   786.0,0.008377,0.004683,0.074065,0.000073,  15.155
   787.0,0.008438,0.004717,0.074101,-0.000138,  15.163
   788.0,0.008507,0.004757,0.073538,-0.000259,  15.166
   789.0,0.008567,0.004798,0.073654,-0.000318,  15.161
   790.0,0.008577,0.004820,0.072373,-0.000233,  15.166
   791.0,0.008364,0.004697,0.073844,-0.000084,  15.176
   792.0,0.008136,0.004559,0.073836,0.000059,  15.186
   793.0,0.008087,0.004450,0.075120,0.000050,  15.197
   794.0,0.008262,0.004477,0.076913,0.000086,  15.208
   795.0,0.008474,0.004639,0.077835,0.000077,  15.220
   796.0,0.008615,0.004769,0.078276,0.000077,  15.228
   797.0,0.008752,0.004856,0.078736,0.000100,  15.239
   798.0,0.008976,0.004993,0.079876,0.000077,  15.248
   799.0,0.009079,0.005072,0.080724,0.000077,  15.262
   800.0,0.009134,0.005100,0.081418,0.000100,  15.273
   801.0,0.009201,0.005127,0.081770,0.000010,  15.287
   802.0,0.009278,0.005169,0.080758,-0.000116,  15.294
   803.0,0.009354,0.005198,0.080365,-0.000259,  15.298
   804.0,0.009413,0.005259,0.080707,-0.000313,  15.300
   805.0,0.009399,0.005274,0.080000,-0.000170,  15.303
   806.0,0.009179,0.005143,0.081542,-0.000044,  15.314
   807.0,0.008969,0.004984,0.081909,0.000050,  15.321
   808.0,0.008939,0.004915,0.083676,0.000135,  15.337
   809.0,0.009164,0.005018,0.085464,0.000127,  15.347
   810.0,0.009422,0.005156,0.086193,0.000104,  15.359
   811.0,0.009511,0.005265,0.087003,0.000091,  15.372
   812.0,0.009698,0.005373,0.087366,0.000104,  15.374
   813.0,0.009868,0.005504,0.087982,0.000135,  15.388
   814.0,0.009969,0.005570,0.088747,0.000149,  15.392
   815.0,0.010047,0.005611,0.089546,0.000086,  15.411
   816.0,0.010130,0.005656,0.088909,0.000001,  15.421
   817.0,0.010223,0.005700,0.088294,-0.000121,  15.426
   818.0,0.010303,0.005740,0.088396,-0.000304,  15.422
   819.0,0.010344,0.005779,0.087581,-0.000228,  15.416
   820.0,0.010238,0.005750,0.089245,-0.000076,  15.418
   821.0,0.009966,0.005579,0.089970,0.000054,  15.432
   822.0,0.009849,0.005442,0.090405,0.000149,  15.443
   823.0,0.009898,0.005412,0.092569,0.000127,  15.454
   824.0,0.010168,0.005569,0.093832,0.000149,  15.469
   825.0,0.010385,0.005740,0.094703,0.000149,  15.475
   826.0,0.010483,0.005820,0.095272,0.000127,  15.492
   827.0,0.010712,0.005938,0.096111,0.000149,  15.507
   828.0,0.010870,0.006038,0.096890,0.000149,  15.513
   829.0,0.010963,0.006099,0.097758,0.000149,  15.531
   830.0,0.011047,0.006131,0.098135,0.000108,  15.541
   831.0,0.011117,0.006180,0.097685,-0.000076,  15.548
   832.0,0.011215,0.006233,0.097129,-0.000188,  15.553
   833.0,0.011300,0.006286,0.096763,-0.000255,  15.547
   834.0,0.011311,0.006313,0.097710,-0.000192,  15.554
   835.0,0.011107,0.006179,0.098850,-0.000008,  15.565
   836.0,0.010884,0.006022,0.099122,0.000108,  15.573
   837.0,0.010828,0.005951,0.099392,0.000113,  15.588
   838.0,0.011064,0.006005,0.102059,0.000162,  15.596
   839.0,0.011375,0.006221,0.102882,0.000127,  15.607
   840.0,0.011465,0.006347,0.103980,0.000149,  15.616
   841.0,0.011607,0.006439,0.104595,0.000149,  15.626
   842.0,0.011834,0.006577,0.105611,0.000100,  15.635
   843.0,0.011949,0.006641,0.106746,0.000149,  15.649
   844.0,0.012040,0.006697,0.107464,0.000135,  15.661
   845.0,0.012141,0.006743,0.107349,-0.000049,  15.669
   846.0,0.012246,0.006798,0.106424,-0.000183,  15.682
   847.0,0.012358,0.006861,0.105645,-0.000300,  15.678
   848.0,0.012414,0.006917,0.106677,-0.000251,  15.680
   849.0,0.012299,0.006856,0.107981,-0.000098,  15.690
   850.0,0.012021,0.006662,0.109011,0.000023,  15.696
   851.0,0.011894,0.006552,0.109308,0.000135,  15.714
   852.0,0.012030,0.006574,0.111587,0.000176,  15.731
   853.0,0.012391,0.006780,0.113067,0.000140,  15.743
   854.0,0.012563,0.006934,0.113870,0.000176,  15.753
   855.0,0.012674,0.007011,0.114998,0.000140,  15.763
   856.0,0.012923,0.007141,0.115601,0.000176,  15.776
   857.0,0.013046,0.007257,0.116745,0.000176,  15.784
   858.0,0.013146,0.007313,0.117477,0.000140,  15.798
   859.0,0.013252,0.007371,0.117886,0.000041,  15.810
   860.0,0.013368,0.007424,0.117095,-0.000121,  15.820
   861.0,0.013476,0.007491,0.116583,-0.000264,  15.818
   862.0,0.013566,0.007542,0.116271,-0.000251,  15.816
   863.0,0.013486,0.007534,0.117894,-0.000062,  15.828
   864.0,0.013221,0.007359,0.119513,0.000081,  15.844
   865.0,0.013054,0.007201,0.119863,0.000122,  15.849
   866.0,0.013116,0.007175,0.121518,0.000140,  15.869
   867.0,0.013469,0.007370,0.123369,0.000189,  15.876
   868.0,0.013756,0.007582,0.124383,0.000189,  15.888
   869.0,0.013847,0.007664,0.125560,0.000153,  15.903
   870.0,0.014049,0.007795,0.126485,0.000189,  15.911
   871.0,0.014253,0.007910,0.127506,0.000176,  15.925
   872.0,0.014379,0.007974,0.128357,0.000140,  15.936
   873.0,0.014494,0.008038,0.128783,0.000054,  15.947
   874.0,0.014615,0.008104,0.128076,-0.000089,  15.953
   875.0,0.014733,0.008173,0.127528,-0.000174,  15.959
   876.0,0.014841,0.008245,0.128022,-0.000201,  15.957
   877.0,0.014806,0.008252,0.129645,-0.000049,  15.965
   878.0,0.014568,0.008090,0.131377,0.000122,  15.976
   879.0,0.014389,0.007945,0.131510,0.000162,  15.987
   880.0,0.014429,0.007906,0.133240,0.000153,  15.997
   881.0,0.014813,0.008067,0.134821,0.000189,  16.005
   882.0,0.015093,0.008315,0.136036,0.000145,  16.013
   883.0,0.015169,0.008401,0.136983,0.000167,  16.031
   884.0,0.015319,0.008494,0.137938,0.000145,  16.040
   885.0,0.015544,0.008620,0.139154,0.000131,  16.051
   886.0,0.015681,0.008697,0.140400,0.000167,  16.068
   887.0,0.015820,0.008773,0.140724,0.000023,  16.080
   888.0,0.015938,0.008854,0.139374,-0.000111,  16.080
   889.0,0.016072,0.008905,0.139185,-0.000197,  16.077
   890.0,0.016205,0.008982,0.140374,-0.000233,  16.075
   891.0,0.016146,0.009001,0.142584,-0.000035,  16.082
   892.0,0.015909,0.008843,0.143770,0.000064,  16.088
   893.0,0.015760,0.008697,0.144068,0.000118,  16.098
   894.0,0.015802,0.008677,0.145210,0.000153,  16.108
   895.0,0.016218,0.008894,0.147046,0.000131,  16.119
   896.0,0.016499,0.009107,0.148362,0.000131,  16.132
   897.0,0.016577,0.009184,0.149568,0.000167,  16.138
   898.0,0.016741,0.009259,0.150229,0.000145,  16.149
   899.0,0.016960,0.009382,0.151828,0.000131,  16.162
   900.0,0.017109,0.009475,0.153214,0.000118,  16.180
   901.0,0.017258,0.009558,0.153423,0.000023,  16.197
   902.0,0.017380,0.009634,0.152671,-0.000089,  16.196
   903.0,0.017534,0.009722,0.151908,-0.000246,  16.196
   904.0,0.017650,0.009798,0.153383,-0.000219,  16.195
   905.0,0.017568,0.009772,0.155555,0.000005,  16.207
   906.0,0.017343,0.009602,0.157191,0.000113,  16.219
   907.0,0.017194,0.009482,0.157409,0.000118,  16.234
   908.0,0.017351,0.009473,0.158868,0.000167,  16.244
   909.0,0.017817,0.009737,0.160511,0.000180,  16.259
   910.0,0.018026,0.009950,0.161677,0.000180,  16.272
   911.0,0.018074,0.010021,0.163090,0.000145,  16.282
   912.0,0.018262,0.010119,0.164530,0.000145,  16.292
   913.0,0.018467,0.010234,0.165922,0.000194,  16.305
   914.0,0.018627,0.010323,0.167153,0.000118,  16.324
   915.0,0.018784,0.010418,0.166969,-0.000030,  16.335
   916.0,0.018937,0.010498,0.164627,-0.000116,  16.334
   917.0,0.019107,0.010581,0.165028,-0.000206,  16.334
   918.0,0.019202,0.010647,0.167854,-0.000103,  16.337
   919.0,0.019061,0.010588,0.170267,0.000037,  16.353
   920.0,0.018846,0.010416,0.170853,0.000118,  16.365
   921.0,0.018721,0.010302,0.170217,0.000180,  16.376
   922.0,0.019008,0.010435,0.172004,0.000158,  16.386
   923.0,0.019500,0.010725,0.174389,0.000158,  16.397
   924.0,0.019664,0.010871,0.174878,0.000194,  16.406
   925.0,0.019717,0.010916,0.177342,0.000172,  16.425
   926.0,0.019926,0.011009,0.178259,0.000158,  16.431
   927.0,0.020133,0.011129,0.180225,0.000194,  16.442
   928.0,0.020305,0.011229,0.181304,0.000091,  16.455
   929.0,0.020452,0.011323,0.180661,-0.000049,  16.463
   930.0,0.020615,0.011410,0.179861,-0.000179,  16.462
   931.0,0.020771,0.011499,0.180081,-0.000246,  16.452
   932.0,0.020789,0.011527,0.183510,-0.000022,  16.458
   933.0,0.020582,0.011391,0.186190,0.000064,  16.469
   934.0,0.020379,0.011233,0.186247,0.000118,  16.480
   935.0,0.020437,0.011199,0.186919,0.000189,  16.488
   936.0,0.020931,0.011422,0.188734,0.000216,  16.501
   937.0,0.021281,0.011708,0.190263,0.000203,  16.510
   938.0,0.021352,0.011804,0.190885,0.000216,  16.522
   939.0,0.021420,0.011844,0.192939,0.000180,  16.538
   940.0,0.021642,0.011968,0.193838,0.000216,  16.541
   941.0,0.021824,0.012079,0.195735,0.000189,  16.564
   942.0,0.022016,0.012183,0.195833,0.000005,  16.580
   943.0,0.022198,0.012283,0.195050,-0.000071,  16.582
   944.0,0.022383,0.012360,0.195206,-0.000188,  16.576
   945.0,0.022509,0.012446,0.198139,-0.000053,  16.575
   946.0,0.022397,0.012418,0.201274,0.000095,  16.589
   947.0,0.022187,0.012254,0.202445,0.000153,  16.600
   948.0,0.022080,0.012130,0.202139,0.000203,  16.603
   949.0,0.022390,0.012268,0.203224,0.000230,  16.617
   950.0,0.022926,0.012609,0.204976,0.000194,  16.627
   951.0,0.023137,0.012788,0.206535,0.000230,  16.640
   952.0,0.023144,0.012815,0.208110,0.000243,  16.650
   953.0,0.023331,0.012878,0.209110,0.000221,  16.659
   954.0,0.023542,0.013003,0.211597,0.000243,  16.677
   955.0,0.023758,0.013125,0.212522,0.000113,  16.693
   956.0,0.023925,0.013247,0.212039,0.000014,  16.707
   957.0,0.024120,0.013345,0.210904,-0.000094,  16.700
   958.0,0.024307,0.013459,0.213111,-0.000143,  16.689
   959.0,0.024332,0.013486,0.216737,0.000081,  16.696
   960.0,0.024177,0.013376,0.219071,0.000176,  16.712
   961.0,0.023971,0.013232,0.218821,0.000180,  16.721
   962.0,0.024129,0.013213,0.219103,0.000216,  16.735
   963.0,0.024730,0.013525,0.220524,0.000180,  16.743
   964.0,0.025027,0.013798,0.222276,0.000216,  16.755
   965.0,0.025045,0.013870,0.223664,0.000216,  16.767
   966.0,0.025076,0.013875,0.224490,0.000180,  16.781
   967.0,0.025291,0.013980,0.226931,0.000216,  16.796
   968.0,0.025505,0.014096,0.228586,0.000135,  16.820
   969.0,0.025724,0.014213,0.228209,-0.000049,  16.832
   970.0,0.025928,0.014308,0.227242,-0.000134,  16.821
   971.0,0.026125,0.014409,0.228555,-0.000161,  16.819
   972.0,0.026186,0.014474,0.232762,-0.000013,  16.830
   973.0,0.026064,0.014403,0.235477,0.000122,  16.843
   974.0,0.025887,0.014267,0.236303,0.000153,  16.864
   975.0,0.025864,0.014207,0.235263,0.000203,  16.877
   976.0,0.026422,0.014488,0.236555,0.000203,  16.886
   977.0,0.026890,0.014816,0.238530,0.000238,  16.901
   978.0,0.026995,0.014930,0.240554,0.000238,  16.910
   979.0,0.026952,0.014886,0.242444,0.000216,  16.924
   980.0,0.027152,0.014964,0.244338,0.000216,  16.937
   981.0,0.027389,0.015082,0.245458,0.000162,  16.954
   982.0,0.027572,0.015209,0.245701,-0.000035,  16.964
   983.0,0.027791,0.015332,0.244266,-0.000121,  16.968
   984.0,0.027995,0.015446,0.244755,-0.000201,  16.960
   985.0,0.028135,0.015530,0.248940,-0.000062,  16.966
   986.0,0.028041,0.015468,0.253196,0.000108,  16.981
   987.0,0.027869,0.015319,0.254546,0.000162,  16.990
   988.0,0.027797,0.015232,0.252702,0.000167,  17.003
   989.0,0.028393,0.015468,0.253782,0.000203,  17.022
   990.0,0.028899,0.015846,0.255361,0.000167,  17.029
   991.0,0.029032,0.016019,0.257290,0.000203,  17.046
   992.0,0.028923,0.015975,0.259433,0.000216,  17.057
   993.0,0.029068,0.016034,0.261053,0.000167,  17.071
   994.0,0.029327,0.016173,0.262714,0.000162,  17.084
   995.0,0.029566,0.016308,0.262776,0.000001,  17.097
   996.0,0.029806,0.016442,0.261494,-0.000107,  17.098
   997.0,0.030023,0.016536,0.262673,-0.000188,  17.093
   998.0,0.030144,0.016639,0.267698,0.000001,  17.093
   999.0,0.030098,0.016599,0.271489,0.000122,  17.110
  1000.0,0.029922,0.016464,0.272977,0.000189,  17.118
  1001.0,0.029797,0.016334,0.268678,0.000167,  17.133
  1002.0,0.030374,0.016632,0.270157,0.000203,  17.144
  1003.0,0.030938,0.017014,0.272670,0.000216,  17.156
  1004.0,0.031123,0.017179,0.274796,0.000180,  17.168
  1005.0,0.030977,0.017108,0.276984,0.000216,  17.175
  1006.0,0.031097,0.017124,0.279009,0.000230,  17.194
  1007.0,0.031364,0.017250,0.280410,0.000162,  17.211
  1008.0,0.031596,0.017394,0.280774,0.000014,  17.215
  1009.0,0.031819,0.017536,0.278642,-0.000129,  17.220
  1010.0,0.032040,0.017660,0.280002,-0.000188,  17.217
  1011.0,0.032171,0.017752,0.285547,0.000001,  17.222
  1012.0,0.032158,0.017714,0.290129,0.000113,  17.237
  1013.0,0.032001,0.017600,0.291282,0.000189,  17.242
  1014.0,0.031911,0.017473,0.288352,0.000216,  17.260
  1015.0,0.032603,0.017765,0.289030,0.000167,  17.269
  1016.0,0.033105,0.018168,0.290968,0.000203,  17.283
  1017.0,0.033246,0.018350,0.292630,0.000167,  17.299
  1018.0,0.033058,0.018250,0.294668,0.000203,  17.308
  1019.0,0.033128,0.018252,0.294259,0.000180,  17.320
  1020.0,0.033398,0.018399,0.297241,0.000100,  17.339
  1021.0,0.033653,0.018537,0.298148,-0.000013,  17.350
  1022.0,0.033900,0.018681,0.296790,-0.000121,  17.347
  1023.0,0.034138,0.018794,0.299386,-0.000210,  17.345
  1024.0,0.034228,0.018873,0.305160,0.000028,  17.350
  1025.0,0.034243,0.018857,0.309264,0.000127,  17.364
  1026.0,0.034062,0.018739,0.309673,0.000203,  17.371
  1027.0,0.034016,0.018635,0.305145,0.000230,  17.387
  1028.0,0.034763,0.019048,0.306562,0.000194,  17.403
  1029.0,0.035247,0.019403,0.309052,0.000230,  17.414
  1030.0,0.035349,0.019518,0.311299,0.000243,  17.424
  1031.0,0.035100,0.019365,0.313413,0.000180,  17.435
  1032.0,0.035264,0.019410,0.315363,0.000203,  17.451
  1033.0,0.035537,0.019553,0.316442,0.000081,  17.468
  1034.0,0.035800,0.019688,0.316073,-0.000026,  17.472
  1035.0,0.036027,0.019838,0.314594,-0.000134,  17.472
  1036.0,0.036213,0.019963,0.318291,-0.000170,  17.467
  1037.0,0.036292,0.020007,0.324488,0.000081,  17.477
  1038.0,0.036304,0.019986,0.328320,0.000176,  17.484
  1039.0,0.036112,0.019857,0.325973,0.000180,  17.496
  1040.0,0.036343,0.019898,0.323704,0.000216,  17.514
  1041.0,0.037105,0.020305,0.325115,0.000243,  17.529
  1042.0,0.037479,0.020600,0.326537,0.000194,  17.535
  1043.0,0.037348,0.020662,0.329565,0.000230,  17.546
  1044.0,0.037167,0.020499,0.330356,0.000194,  17.559
  1045.0,0.037354,0.020584,0.332705,0.000203,  17.580
  1046.0,0.037632,0.020728,0.334170,0.000041,  17.589
  1047.0,0.037890,0.020883,0.333016,-0.000089,  17.597
  1048.0,0.038134,0.021012,0.333444,-0.000174,  17.586
  1049.0,0.038313,0.021120,0.339767,-0.000026,  17.583
  1050.0,0.038370,0.021139,0.344683,0.000100,  17.591
  1051.0,0.038282,0.021082,0.347097,0.000176,  17.605
  1052.0,0.038094,0.020919,0.343083,0.000180,  17.610
  1053.0,0.038668,0.021162,0.341963,0.000216,  17.622
  1054.0,0.039266,0.021602,0.343638,0.000230,  17.634
  1055.0,0.039596,0.021838,0.345787,0.000194,  17.637
  1056.0,0.039315,0.021713,0.347822,0.000230,  17.648
  1057.0,0.039235,0.021626,0.349792,0.000243,  17.667
  1058.0,0.039501,0.021762,0.351398,0.000113,  17.697
  1059.0,0.039777,0.021908,0.351335,0.000001,  17.709
  1060.0,0.040033,0.022030,0.349985,-0.000094,  17.696
  1061.0,0.040253,0.022154,0.354317,-0.000107,  17.675
  1062.0,0.040390,0.022254,0.358703,0.000095,  17.679
  1063.0,0.040456,0.022279,0.363812,0.000153,  17.689
  1064.0,0.040307,0.022155,0.364016,0.000230,  17.704
  1065.0,0.040292,0.022074,0.359307,0.000243,  17.716
  1066.0,0.041127,0.022590,0.359410,0.000221,  17.731
  1067.0,0.041557,0.022891,0.361565,0.000243,  17.745
  1068.0,0.041548,0.022988,0.363919,0.000257,  17.759
  1069.0,0.041244,0.022778,0.366102,0.000234,  17.771
  1070.0,0.041390,0.022787,0.368023,0.000203,  17.797
  1071.0,0.041662,0.022932,0.369046,0.000046,  17.822
  1072.0,0.041874,0.023065,0.368002,-0.000026,  17.825
  1073.0,0.042103,0.023188,0.367533,-0.000107,  17.811
  1074.0,0.042307,0.023315,0.374375,-0.000022,  17.817
  1075.0,0.042416,0.023351,0.379634,0.000162,  17.834
  1076.0,0.042375,0.023313,0.382102,0.000243,  17.845
  1077.0,0.042094,0.023162,0.377603,0.000221,  17.859
  1078.0,0.042821,0.023384,0.376218,0.000243,  17.880
  1079.0,0.043378,0.023811,0.378095,0.000207,  17.893
  1080.0,0.043654,0.024056,0.379787,0.000243,  17.913
  1081.0,0.043346,0.023926,0.381866,0.000257,  17.932
  1082.0,0.043211,0.023806,0.383866,0.000221,  17.944
  1083.0,0.043441,0.023912,0.385409,0.000108,  17.965
  1084.0,0.043706,0.024057,0.384783,0.000028,  17.970
  1085.0,0.043939,0.024195,0.382297,-0.000080,  17.968
  1086.0,0.044149,0.024317,0.388053,-0.000018,  17.973
  1087.0,0.044278,0.024370,0.394593,0.000135,  17.984
  1088.0,0.044336,0.024387,0.399131,0.000189,  17.995
  1089.0,0.044062,0.024266,0.396941,0.000230,  18.010
  1090.0,0.044351,0.024314,0.392654,0.000252,  18.020
  1091.0,0.045054,0.024754,0.393330,0.000279,  18.027
  1092.0,0.045452,0.025034,0.395450,0.000243,  18.038
  1093.0,0.045322,0.025025,0.397564,0.000221,  18.048
  1094.0,0.045062,0.024838,0.399579,0.000257,  18.062
  1095.0,0.045244,0.024896,0.401125,0.000162,  18.080
  1096.0,0.045496,0.025027,0.401096,0.000028,  18.090
  1097.0,0.045733,0.025161,0.399336,-0.000026,  18.087
  1098.0,0.045909,0.025288,0.401596,-0.000156,  18.078
  1099.0,0.046054,0.025372,0.408771,0.000104,  18.084
  1100.0,0.046149,0.025380,0.412243,0.000153,  18.090
  1101.0,0.046016,0.025287,0.411955,0.000172,  18.100
  1102.0,0.045964,0.025214,0.408193,0.000221,  18.119
  1103.0,0.046783,0.025686,0.408557,0.000243,  18.130
  1104.0,0.047218,0.025929,0.410357,0.000234,  18.144
  1105.0,0.047259,0.026108,0.412605,0.000234,  18.160
  1106.0,0.046887,0.025868,0.414090,0.000199,  18.175
  1107.0,0.046974,0.025848,0.415780,0.000167,  18.199
  1108.0,0.047198,0.025981,0.416245,-0.000017,  18.207
  1109.0,0.047439,0.026109,0.414621,-0.000084,  18.211
  1110.0,0.047645,0.026238,0.414977,-0.000143,  18.206
  1111.0,0.047802,0.026339,0.422815,0.000023,  18.216
  1112.0,0.047901,0.026344,0.427685,0.000131,  18.227
  1113.0,0.047787,0.026290,0.429236,0.000194,  18.241
  1114.0,0.047587,0.026074,0.424327,0.000221,  18.256
  1115.0,0.048488,0.026499,0.423773,0.000221,  18.267
  1116.0,0.048831,0.026873,0.425448,0.000199,  18.282
  1117.0,0.049099,0.027080,0.427616,0.000199,  18.292
  1118.0,0.048746,0.026885,0.429213,0.000207,  18.303
  1119.0,0.048703,0.026824,0.430639,0.000189,  18.319
  1120.0,0.048936,0.026947,0.431477,0.000019,  18.338
  1121.0,0.049159,0.027060,0.428916,-0.000013,  18.339
  1122.0,0.049361,0.027164,0.429226,-0.000121,  18.326
  1123.0,0.049519,0.027268,0.437147,0.000068,  18.338
  1124.0,0.049623,0.027287,0.441512,0.000135,  18.341
  1125.0,0.049568,0.027280,0.444542,0.000180,  18.362
  1126.0,0.049326,0.027080,0.440378,0.000230,  18.376
  1127.0,0.049956,0.027399,0.439048,0.000243,  18.387
  1128.0,0.050485,0.027759,0.440630,0.000221,  18.408
  1129.0,0.050751,0.027971,0.440578,0.000243,  18.417
  1130.0,0.050452,0.027823,0.442521,0.000243,  18.438
  1131.0,0.050438,0.027763,0.445274,0.000180,  18.450
  1132.0,0.050640,0.027845,0.446001,0.000081,  18.469
  1133.0,0.050853,0.027973,0.444230,0.000005,  18.473
  1134.0,0.051037,0.028092,0.443933,-0.000134,  18.467
  1135.0,0.051186,0.028200,0.450873,0.000014,  18.469
  1136.0,0.051292,0.028218,0.454996,0.000140,  18.484
  1137.0,0.051198,0.028170,0.458243,0.000238,  18.496
  1138.0,0.050876,0.027965,0.454831,0.000243,  18.509
  1139.0,0.051678,0.028367,0.454048,0.000221,  18.517
  1140.0,0.052174,0.028665,0.454265,0.000243,  18.536
  1141.0,0.052441,0.028913,0.457340,0.000243,  18.547
  1142.0,0.052171,0.028791,0.459199,0.000257,  18.558
  1143.0,0.052168,0.028719,0.460502,0.000216,  18.579
  1144.0,0.052350,0.028825,0.461104,0.000032,  18.591
  1145.0,0.052570,0.028948,0.458718,-0.000013,  18.595
  1146.0,0.052758,0.029059,0.458287,-0.000107,  18.582
  1147.0,0.052917,0.029152,0.466179,0.000077,  18.582
  1148.0,0.052964,0.029148,0.471076,0.000185,  18.590
  1149.0,0.052805,0.029079,0.473093,0.000216,  18.604
  1150.0,0.052567,0.028881,0.469359,0.000265,  18.620
  1151.0,0.053369,0.029172,0.469416,0.000288,  18.629
  1152.0,0.053793,0.029568,0.470788,0.000292,  18.641
  1153.0,0.054091,0.029781,0.473207,0.000292,  18.657
  1154.0,0.053899,0.029698,0.475134,0.000257,  18.670
  1155.0,0.053923,0.029690,0.476228,0.000127,  18.691
  1156.0,0.054126,0.029802,0.476118,0.000068,  18.708
  1157.0,0.054356,0.029940,0.473254,0.000001,  18.707
  1158.0,0.054574,0.030033,0.475557,-0.000103,  18.694
  1159.0,0.054686,0.030123,0.482448,0.000081,  18.700
  1160.0,0.054730,0.030129,0.485842,0.000140,  18.712
  1161.0,0.054554,0.030032,0.488178,0.000216,  18.726
  1162.0,0.054291,0.029799,0.485639,0.000230,  18.739
  1163.0,0.055159,0.030283,0.486045,0.000194,  18.748
  1164.0,0.055652,0.030621,0.487969,0.000243,  18.763
  1165.0,0.055841,0.030778,0.490230,0.000257,  18.774
  1166.0,0.055726,0.030702,0.492106,0.000279,  18.799
  1167.0,0.055821,0.030718,0.493370,0.000144,  18.814
  1168.0,0.056052,0.030840,0.491458,0.000028,  18.830
  1169.0,0.056286,0.030973,0.488766,-0.000013,  18.821
  1170.0,0.056457,0.031094,0.491272,-0.000080,  18.810
  1171.0,0.056573,0.031162,0.498533,0.000073,  18.819
  1172.0,0.056517,0.031109,0.503190,0.000189,  18.828
  1173.0,0.056235,0.030952,0.503699,0.000216,  18.846
  1174.0,0.056348,0.030913,0.502492,0.000207,  18.856
  1175.0,0.057190,0.031390,0.504112,0.000279,  18.871
  1176.0,0.057647,0.031652,0.506389,0.000243,  18.886
  1177.0,0.057713,0.031811,0.508593,0.000234,  18.897
  1178.0,0.057748,0.031792,0.510545,0.000243,  18.916
  1179.0,0.057912,0.031869,0.511108,0.000086,  18.940
  1180.0,0.058108,0.032003,0.508822,0.000054,  18.951
  1181.0,0.058358,0.032151,0.506245,-0.000053,  18.937
  1182.0,0.058587,0.032273,0.512181,-0.000035,  18.934
  1183.0,0.058646,0.032298,0.516979,0.000135,  18.943
  1184.0,0.058509,0.032228,0.521993,0.000203,  18.949
  1185.0,0.058018,0.032013,0.521394,0.000207,  18.962
  1186.0,0.058694,0.032077,0.522147,0.000243,  18.973
  1187.0,0.059460,0.032602,0.523886,0.000207,  18.987
  1188.0,0.059809,0.032900,0.526273,0.000243,  19.001
  1189.0,0.059812,0.032936,0.528444,0.000257,  19.017
  1190.0,0.059917,0.032987,0.530422,0.000203,  19.043
  1191.0,0.060156,0.033105,0.528994,0.000077,  19.063
  1192.0,0.060428,0.033265,0.526156,0.000001,  19.068
  1193.0,0.060703,0.033410,0.526662,-0.000098,  19.043
  1194.0,0.060883,0.033512,0.534563,0.000104,  19.048
  1195.0,0.060838,0.033512,0.540317,0.000211,  19.063
  1196.0,0.060562,0.033380,0.542338,0.000238,  19.073
  1197.0,0.060290,0.033129,0.542009,0.000243,  19.087
  1198.0,0.061209,0.033570,0.543346,0.000292,  19.101
  1199.0,0.061892,0.034017,0.545891,0.000292,  19.114
  1200.0,0.062180,0.034244,0.548860,0.000270,  19.130
  1201.0,0.062222,0.034258,0.551282,0.000292,  19.148
  1202.0,0.062424,0.034341,0.552449,0.000144,  19.178
  1203.0,0.062718,0.034498,0.550000,0.000081,  19.187
  1204.0,0.063016,0.034662,0.546705,0.000036,  19.172
  1205.0,0.063308,0.034840,0.551093,-0.000053,  19.165
  1206.0,0.063371,0.034909,0.558606,0.000158,  19.175
  1207.0,0.063295,0.034836,0.562149,0.000238,  19.189
  1208.0,0.062949,0.034628,0.563936,0.000243,  19.200
  1209.0,0.063211,0.034661,0.563963,0.000306,  19.214
  1210.0,0.064142,0.035217,0.567203,0.000270,  19.231
  1211.0,0.064661,0.035514,0.570349,0.000270,  19.240
  1212.0,0.064749,0.035662,0.573491,0.000248,  19.262
  1213.0,0.064921,0.035708,0.575961,0.000243,  19.280
  1214.0,0.065196,0.035864,0.575702,0.000073,  19.307
  1215.0,0.065477,0.036040,0.571816,0.000054,  19.312
  1216.0,0.065819,0.036229,0.569879,-0.000067,  19.290
  1217.0,0.066094,0.036407,0.578654,0.000054,  19.294
  1218.0,0.066122,0.036399,0.586198,0.000211,  19.305
  1219.0,0.065837,0.036264,0.589862,0.000243,  19.320
  1220.0,0.065604,0.036057,0.589454,0.000306,  19.335
  1221.0,0.066573,0.036384,0.591490,0.000292,  19.349
  1222.0,0.067305,0.036920,0.594083,0.000292,  19.363
  1223.0,0.067597,0.037184,0.597174,0.000292,  19.383
  1224.0,0.067621,0.037224,0.600403,0.000257,  19.397
  1225.0,0.067885,0.037371,0.602188,0.000171,  19.422
  1226.0,0.068251,0.037560,0.599785,0.000131,  19.431
  1227.0,0.068637,0.037771,0.594473,-0.000013,  19.422
  1228.0,0.068979,0.037973,0.600140,0.000036,  19.421
  1229.0,0.069119,0.038063,0.610201,0.000185,  19.427
  1230.0,0.069024,0.038029,0.616091,0.000243,  19.440
  1231.0,0.068491,0.037790,0.615237,0.000279,  19.456
  1232.0,0.069125,0.037822,0.616081,0.000257,  19.473
  1233.0,0.070038,0.038451,0.619472,0.000306,  19.481
  1234.0,0.070610,0.038833,0.623108,0.000306,  19.498
  1235.0,0.070678,0.038913,0.626696,0.000270,  19.514
  1236.0,0.070834,0.038984,0.629372,0.000211,  19.540
  1237.0,0.071195,0.039181,0.628274,0.000144,  19.545
  1238.0,0.071615,0.039363,0.624660,0.000041,  19.553
  1239.0,0.072033,0.039593,0.628687,-0.000053,  19.534
  1240.0,0.072269,0.039767,0.637390,0.000095,  19.543
  1241.0,0.072343,0.039799,0.642984,0.000167,  19.561
  1242.0,0.072100,0.039683,0.645631,0.000243,  19.575
  1243.0,0.071981,0.039458,0.644099,0.000243,  19.588
  1244.0,0.073090,0.040102,0.646698,0.000292,  19.603
  1245.0,0.073793,0.040550,0.650557,0.000292,  19.616
  1246.0,0.074003,0.040757,0.653955,0.000270,  19.630
  1247.0,0.073987,0.040691,0.657528,0.000265,  19.650
  1248.0,0.074342,0.040846,0.657299,0.000149,  19.671
  1249.0,0.074790,0.041089,0.655058,0.000171,  19.673
  1250.0,0.075177,0.041336,0.654703,-0.000031,  19.656
  1251.0,0.075508,0.041545,0.663460,0.000095,  19.657
  1252.0,0.075709,0.041637,0.671112,0.000225,  19.662
  1253.0,0.075570,0.041590,0.675789,0.000279,  19.680
  1254.0,0.075167,0.041310,0.672451,0.000270,  19.695
  1255.0,0.076289,0.041746,0.674317,0.000306,  19.706
  1256.0,0.077068,0.042269,0.678063,0.000306,  19.723
  1257.0,0.077466,0.042648,0.681928,0.000319,  19.733
  1258.0,0.077232,0.042538,0.684367,0.000270,  19.760
  1259.0,0.077447,0.042608,0.686567,0.000122,  19.780
  1260.0,0.077910,0.042858,0.684299,0.000059,  19.791
  1261.0,0.078390,0.043111,0.681244,-0.000080,  19.777
  1262.0,0.078774,0.043342,0.690869,0.000054,  19.774
  1263.0,0.079035,0.043466,0.699417,0.000140,  19.784
  1264.0,0.079026,0.043487,0.705375,0.000230,  19.799
  1265.0,0.078695,0.043285,0.701432,0.000243,  19.814
  1266.0,0.079601,0.043489,0.701933,0.000257,  19.829
  1267.0,0.080358,0.044093,0.704601,0.000270,  19.843
  1268.0,0.080931,0.044520,0.708349,0.000248,  19.859
  1269.0,0.080630,0.044409,0.711913,0.000292,  19.875
  1270.0,0.080627,0.044337,0.713618,0.000162,  19.903
  1271.0,0.081056,0.044575,0.712710,0.000158,  19.910
  1272.0,0.081517,0.044827,0.710584,-0.000040,  19.900
  1273.0,0.081941,0.045023,0.719756,0.000041,  19.899
  1274.0,0.082243,0.045196,0.727536,0.000140,  19.907
  1275.0,0.082384,0.045311,0.734398,0.000230,  19.921
  1276.0,0.082095,0.045190,0.731196,0.000221,  19.933
  1277.0,0.082488,0.045198,0.725317,0.000257,  19.945
  1278.0,0.083440,0.045839,0.728983,0.000270,  19.962
  1279.0,0.084171,0.046282,0.733222,0.000248,  19.979
  1280.0,0.083890,0.046233,0.736459,0.000284,  19.995
  1281.0,0.083629,0.045999,0.739482,0.000176,  20.012
  1282.0,0.084033,0.046179,0.739466,0.000100,  20.031
  1283.0,0.084462,0.046408,0.736940,0.000001,  20.022
  1284.0,0.084879,0.046635,0.743439,-0.000049,  20.009
  1285.0,0.085139,0.046806,0.751973,0.000149,  20.017
  1286.0,0.085475,0.046986,0.759070,0.000243,  20.025
  1287.0,0.085372,0.046959,0.757290,0.000221,  20.038
  1288.0,0.085468,0.046875,0.749819,0.000243,  20.049
  1289.0,0.086397,0.047473,0.751461,0.000257,  20.061
  1290.0,0.087102,0.047871,0.754704,0.000234,  20.079
  1291.0,0.086842,0.047961,0.757569,0.000257,  20.093
  1292.0,0.086286,0.047487,0.760478,0.000153,  20.122
  1293.0,0.086619,0.047576,0.761657,0.000135,  20.145
  1294.0,0.086921,0.047795,0.760107,0.000054,  20.148
  1295.0,0.087283,0.047999,0.764299,-0.000089,  20.121
  1296.0,0.087579,0.048167,0.773209,0.000135,  20.133
  1297.0,0.088045,0.048395,0.779991,0.000216,  20.146
  1298.0,0.088092,0.048416,0.780187,0.000230,  20.162
  1299.0,0.087936,0.048221,0.768665,0.000265,  20.176
  1300.0,0.088902,0.048782,0.768758,0.000257,  20.189
  1301.0,0.089481,0.049096,0.771473,0.000292,  20.205
  1302.0,0.089513,0.049376,0.773362,0.000270,  20.225
  1303.0,0.088491,0.048715,0.775524,0.000252,  20.248
  1304.0,0.088577,0.048691,0.776866,0.000131,  20.265
  1305.0,0.088903,0.048879,0.775820,0.000081,  20.269
  1306.0,0.089209,0.049045,0.778352,-0.000031,  20.258
  1307.0,0.089449,0.049191,0.788928,0.000166,  20.262
  1308.0,0.089923,0.049361,0.794405,0.000238,  20.271
  1309.0,0.090047,0.049506,0.797740,0.000252,  20.285
  1310.0,0.089923,0.049357,0.782648,0.000216,  20.303
  1311.0,0.090800,0.049838,0.780157,0.000265,  20.316
  1312.0,0.091044,0.050076,0.781534,0.000279,  20.334
  1313.0,0.091474,0.050397,0.782870,0.000243,  20.347
  1314.0,0.090079,0.049627,0.784255,0.000180,  20.364
  1315.0,0.089894,0.049430,0.786425,0.000095,  20.387
  1316.0,0.090166,0.049581,0.786202,0.000108,  20.399
  1317.0,0.090341,0.049666,0.784836,-0.000116,  20.385
  1318.0,0.090518,0.049756,0.797459,0.000108,  20.387
  1319.0,0.091015,0.049914,0.799936,0.000167,  20.397
  1320.0,0.091314,0.050196,0.807161,0.000252,  20.412
  1321.0,0.091131,0.050084,0.792302,0.000216,  20.425
  1322.0,0.091757,0.050371,0.784336,0.000252,  20.439
  1323.0,0.091918,0.050559,0.784897,0.000265,  20.456
  1324.0,0.092419,0.050890,0.785837,0.000243,  20.466
  1325.0,0.090884,0.050123,0.785316,0.000252,  20.486
  1326.0,0.090381,0.049737,0.786817,0.000117,  20.515
  1327.0,0.090560,0.049775,0.788164,0.000144,  20.521
  1328.0,0.090630,0.049836,0.786700,-0.000031,  20.510
  1329.0,0.090669,0.049855,0.797578,0.000028,  20.511
  1330.0,0.091015,0.049967,0.798700,0.000211,  20.525
  1331.0,0.091568,0.050317,0.807256,0.000238,  20.534
  1332.0,0.091506,0.050296,0.793672,0.000216,  20.546
  1333.0,0.091853,0.050445,0.780778,0.000238,  20.560
  1334.0,0.091885,0.050594,0.779672,0.000238,  20.574
  1335.0,0.092371,0.050817,0.779533,0.000216,  20.587
  1336.0,0.090855,0.050484,0.778390,0.000252,  20.603
  1337.0,0.089980,0.049562,0.779112,0.000108,  20.631
  1338.0,0.090009,0.049512,0.781404,0.000104,  20.642
  1339.0,0.089971,0.049506,0.780178,0.000009,  20.639
  1340.0,0.089889,0.049450,0.789244,-0.000013,  20.628
  1341.0,0.090059,0.049480,0.790420,0.000198,  20.635
  1342.0,0.090768,0.049894,0.796920,0.000238,  20.646
  1343.0,0.090803,0.049940,0.785196,0.000216,  20.659
  1344.0,0.090826,0.049786,0.768359,0.000238,  20.674
  1345.0,0.090881,0.050082,0.766079,0.000203,  20.690
  1346.0,0.091224,0.050173,0.765148,0.000252,  20.698
  1347.0,0.090374,0.049942,0.763139,0.000252,  20.719
  1348.0,0.088676,0.048829,0.762591,0.000108,  20.738
  1349.0,0.088485,0.048664,0.763488,0.000077,  20.758
  1350.0,0.088351,0.048595,0.762775,0.000036,  20.763
  1351.0,0.088138,0.048483,0.771006,-0.000040,  20.744
  1352.0,0.088096,0.048423,0.774081,0.000171,  20.748
  1353.0,0.088773,0.048717,0.778883,0.000225,  20.763
  1354.0,0.088836,0.048885,0.771122,0.000238,  20.772
  1355.0,0.088894,0.048769,0.750823,0.000211,  20.786
  1356.0,0.088976,0.049042,0.744194,0.000203,  20.808
  1357.0,0.088919,0.048956,0.742415,0.000225,  20.825
  1358.0,0.088425,0.048859,0.739268,0.000247,  20.837
  1359.0,0.086363,0.047595,0.736862,0.000207,  20.862
  1360.0,0.085896,0.047256,0.738249,0.000112,  20.881
  1361.0,0.085684,0.047159,0.738899,0.000099,  20.888
  1362.0,0.085369,0.047012,0.741954,-0.000009,  20.865
  1363.0,0.085151,0.046836,0.747297,0.000166,  20.876
  1364.0,0.085795,0.047048,0.747147,0.000176,  20.887
  1365.0,0.086112,0.047340,0.748592,0.000211,  20.898
  1366.0,0.085852,0.047200,0.722483,0.000211,  20.916
  1367.0,0.086026,0.047361,0.713816,0.000247,  20.925
  1368.0,0.085580,0.047123,0.710816,0.000238,  20.941
  1369.0,0.085351,0.047245,0.706711,0.000238,  20.947
  1370.0,0.083059,0.046043,0.702763,0.000149,  20.973
  1371.0,0.082420,0.045387,0.704463,0.000104,  21.001
  1372.0,0.082049,0.045208,0.704587,0.000081,  21.012
  1373.0,0.081668,0.044977,0.704300,-0.000058,  20.984
  1374.0,0.081245,0.044730,0.714195,0.000104,  20.980
  1375.0,0.081665,0.044828,0.710436,0.000162,  20.991
  1376.0,0.082159,0.045180,0.715162,0.000211,  21.001
  1377.0,0.082017,0.045082,0.688352,0.000198,  21.014
  1378.0,0.082004,0.045163,0.676843,0.000176,  21.024
  1379.0,0.081288,0.044860,0.672316,0.000211,  21.042
  1380.0,0.081254,0.044944,0.668012,0.000189,  21.055
  1381.0,0.078917,0.043808,0.663571,0.000185,  21.076
  1382.0,0.078129,0.043001,0.662482,0.000112,  21.113
  1383.0,0.077680,0.042772,0.664056,0.000126,  21.126
  1384.0,0.077096,0.042466,0.660729,-0.000071,  21.104
  1385.0,0.076540,0.042151,0.670847,0.000077,  21.098
  1386.0,0.076704,0.042113,0.665850,0.000162,  21.107
  1387.0,0.077264,0.042460,0.671521,0.000211,  21.130
  1388.0,0.077034,0.042450,0.646661,0.000198,  21.141
  1389.0,0.076928,0.042357,0.632173,0.000185,  21.161
  1390.0,0.076317,0.042157,0.628143,0.000198,  21.176
  1391.0,0.076388,0.042131,0.622640,0.000189,  21.194
  1392.0,0.074404,0.041193,0.616835,0.000211,  21.211
  1393.0,0.072961,0.040208,0.614446,0.000077,  21.240
  1394.0,0.072417,0.039876,0.612387,0.000054,  21.258
  1395.0,0.071747,0.039541,0.612336,-0.000018,  21.246
  1396.0,0.071100,0.039262,0.622220,0.000050,  21.237
  1397.0,0.070981,0.039016,0.617885,0.000211,  21.249
  1398.0,0.071471,0.039291,0.619527,0.000198,  21.269
  1399.0,0.071361,0.039308,0.606052,0.000176,  21.283
  1400.0,0.071287,0.039259,0.584782,0.000211,  21.298
  1401.0,0.070714,0.039066,0.578066,0.000198,  21.313
  1402.0,0.070494,0.038893,0.572392,0.000176,  21.329
  1403.0,0.068924,0.038214,0.565655,0.000211,  21.344
  1404.0,0.067214,0.037116,0.561415,0.000063,  21.366
  1405.0,0.066585,0.036771,0.562997,0.000028,  21.379
  1406.0,0.065910,0.036413,0.561620,0.000009,  21.383
  1407.0,0.065159,0.036009,0.566656,-0.000107,  21.361
  1408.0,0.064803,0.035708,0.565007,0.000131,  21.375
  1409.0,0.065289,0.035913,0.564213,0.000185,  21.381
  1410.0,0.065338,0.035995,0.555197,0.000149,  21.393
  1411.0,0.065132,0.035878,0.532587,0.000198,  21.406
  1412.0,0.064591,0.035690,0.525187,0.000207,  21.420
  1413.0,0.064124,0.035383,0.519549,0.000149,  21.431
  1414.0,0.063003,0.035179,0.512161,0.000198,  21.445
  1415.0,0.061137,0.033919,0.507628,0.000068,  21.475
  1416.0,0.060439,0.033388,0.508831,0.000077,  21.501
  1417.0,0.059865,0.033019,0.508091,0.000063,  21.496
  1418.0,0.059057,0.032569,0.510811,-0.000107,  21.478
  1419.0,0.058420,0.032216,0.510120,0.000117,  21.489
  1420.0,0.058866,0.032364,0.507103,0.000171,  21.502
  1421.0,0.059006,0.032532,0.501533,0.000135,  21.515
  1422.0,0.058789,0.032385,0.479247,0.000171,  21.535
  1423.0,0.058233,0.032275,0.470969,0.000171,  21.547
  1424.0,0.057575,0.031811,0.464862,0.000171,  21.564
  1425.0,0.057100,0.031685,0.459223,0.000185,  21.584
  1426.0,0.055135,0.030508,0.452252,0.000108,  21.604
  1427.0,0.054214,0.029921,0.451779,0.000059,  21.630
  1428.0,0.053522,0.029543,0.452823,0.000059,  21.636
  1429.0,0.052690,0.029102,0.451676,-0.000076,  21.615
  1430.0,0.052023,0.028712,0.453698,0.000126,  21.618
  1431.0,0.052246,0.028679,0.449343,0.000193,  21.628
  1432.0,0.052484,0.028929,0.446722,0.000207,  21.639
  1433.0,0.052143,0.028746,0.425544,0.000180,  21.658
  1434.0,0.051783,0.028615,0.418028,0.000135,  21.672
  1435.0,0.051036,0.028216,0.411557,0.000185,  21.678
  1436.0,0.050740,0.028113,0.403429,0.000185,  21.696
  1437.0,0.048899,0.027108,0.397917,0.000122,  21.720
  1438.0,0.047902,0.026470,0.395388,0.000036,  21.743
  1439.0,0.047205,0.026078,0.395844,0.000023,  21.753
  1440.0,0.046429,0.025754,0.394536,-0.000148,  21.738
  1441.0,0.045719,0.025336,0.397873,0.000023,  21.734
  1442.0,0.045706,0.025145,0.393003,0.000095,  21.745
  1443.0,0.045900,0.025292,0.394085,0.000144,  21.756
  1444.0,0.045590,0.025122,0.377566,0.000144,  21.776
  1445.0,0.045353,0.025043,0.364472,0.000122,  21.790
  1446.0,0.044623,0.024702,0.358207,0.000171,  21.803
  1447.0,0.044395,0.024603,0.352139,0.000171,  21.823
  1448.0,0.042857,0.023811,0.345462,0.000122,  21.844
  1449.0,0.041772,0.023141,0.343115,0.000009,  21.867
  1450.0,0.041074,0.022783,0.343498,0.000023,  21.878
  1451.0,0.040342,0.022400,0.342054,-0.000063,  21.867
  1452.0,0.039604,0.021992,0.345455,-0.000009,  21.865
  1453.0,0.039384,0.021745,0.340302,0.000139,  21.874
  1454.0,0.039658,0.021889,0.337716,0.000166,  21.888
  1455.0,0.039407,0.021770,0.326664,0.000144,  21.896
  1456.0,0.039202,0.021654,0.314074,0.000122,  21.913
  1457.0,0.038518,0.021334,0.308661,0.000171,  21.920
  1458.0,0.038263,0.021190,0.302795,0.000158,  21.932
  1459.0,0.037066,0.020792,0.296222,0.000122,  21.947
  1460.0,0.035971,0.020004,0.293574,0.000023,  21.969
  1461.0,0.035320,0.019635,0.294018,-0.000026,  21.986
  1462.0,0.034790,0.019275,0.293290,-0.000022,  21.982
  1463.0,0.034055,0.018875,0.295426,-0.000063,  21.957
  1464.0,0.033611,0.018596,0.290979,0.000112,  21.967
  1465.0,0.033844,0.018712,0.289449,0.000131,  21.979
  1466.0,0.033678,0.018650,0.280784,0.000144,  21.986
  1467.0,0.033476,0.018506,0.268235,0.000095,  22.005
  1468.0,0.032867,0.018320,0.263086,0.000144,  22.022
  1469.0,0.032563,0.018053,0.257582,0.000108,  22.029
  1470.0,0.031746,0.017801,0.252882,0.000158,  22.051
  1471.0,0.030783,0.017068,0.248977,0.000050,  22.077
  1472.0,0.030159,0.016713,0.248855,-0.000013,  22.101
  1473.0,0.029554,0.016396,0.248365,-0.000071,  22.098
  1474.0,0.028894,0.016021,0.248300,-0.000139,  22.075
  1475.0,0.028430,0.015758,0.246166,0.000001,  22.085
  1476.0,0.028598,0.015762,0.244049,0.000104,  22.092
  1477.0,0.028492,0.015833,0.238035,0.000117,  22.107
  1478.0,0.028222,0.015598,0.226629,0.000139,  22.123
  1479.0,0.027789,0.015474,0.222604,0.000117,  22.132
  1480.0,0.027470,0.015238,0.218046,0.000095,  22.153
  1481.0,0.027029,0.015079,0.212929,0.000131,  22.162
  1482.0,0.025944,0.014421,0.208684,0.000050,  22.189
  1483.0,0.025369,0.014079,0.208244,-0.000080,  22.213
  1484.0,0.024823,0.013788,0.207461,-0.000058,  22.216
  1485.0,0.024228,0.013538,0.206916,-0.000193,  22.194
  1486.0,0.023783,0.013246,0.206191,-0.000018,  22.190
  1487.0,0.023805,0.013144,0.203108,0.000050,  22.199
  1488.0,0.023774,0.013185,0.201522,0.000054,  22.207
  1489.0,0.023461,0.012929,0.191220,0.000090,  22.217
  1490.0,0.023285,0.012897,0.185422,0.000090,  22.229
  1491.0,0.022872,0.012697,0.181570,0.000068,  22.237
  1492.0,0.022611,0.012616,0.177242,0.000104,  22.250
  1493.0,0.021666,0.012084,0.173555,0.000063,  22.274
  1494.0,0.021131,0.011803,0.172834,-0.000080,  22.302
  1495.0,0.020695,0.011557,0.172558,-0.000022,  22.316
  1496.0,0.020181,0.011298,0.171738,-0.000143,  22.289
  1497.0,0.019808,0.011038,0.172168,-0.000022,  22.281
  1498.0,0.019633,0.010915,0.168303,0.000072,  22.293
  1499.0,0.019718,0.010974,0.167208,0.000126,  22.308
  1500.0,0.019327,0.010702,0.158937,0.000126,  22.316
  1501.0,0.019242,0.010676,0.153745,0.000139,  22.328
  1502.0,0.018905,0.010548,0.150456,0.000166,  22.341
  1503.0,0.018742,0.010476,0.146547,0.000162,  22.355
  1504.0,0.017976,0.010149,0.143407,0.000112,  22.373
  1505.0,0.017484,0.009782,0.141375,-0.000009,  22.400
  1506.0,0.017177,0.009580,0.141956,0.000005,  22.421
  1507.0,0.016754,0.009360,0.141624,-0.000116,  22.404
  1508.0,0.016339,0.009128,0.142062,-0.000076,  22.396
  1509.0,0.016123,0.008980,0.138798,0.000045,  22.403
  1510.0,0.016215,0.009050,0.137976,0.000099,  22.419
  1511.0,0.015862,0.008932,0.131439,0.000126,  22.428
  1512.0,0.015813,0.008786,0.126129,0.000126,  22.444
  1513.0,0.015524,0.008678,0.123780,0.000126,  22.453
  1514.0,0.015420,0.008611,0.121391,0.000139,  22.468
  1515.0,0.014960,0.008398,0.118074,0.000139,  22.483
  1516.0,0.014448,0.008079,0.116635,-0.000009,  22.510
  1517.0,0.014119,0.007897,0.116584,-0.000022,  22.524
  1518.0,0.013766,0.007715,0.115335,-0.000143,  22.515
  1519.0,0.013404,0.007516,0.115735,-0.000130,  22.499
  1520.0,0.013187,0.007395,0.113426,0.000018,  22.505
  1521.0,0.013265,0.007410,0.112577,0.000086,  22.511
  1522.0,0.012997,0.007338,0.109327,0.000099,  22.516
  1523.0,0.012911,0.007167,0.104431,0.000112,  22.528
  1524.0,0.012740,0.007107,0.101490,0.000126,  22.535
  1525.0,0.012614,0.007052,0.099186,0.000112,  22.545
  1526.0,0.012284,0.006904,0.096852,0.000126,  22.561
  1527.0,0.011827,0.006624,0.094734,0.000018,  22.593
  1528.0,0.011540,0.006468,0.095118,-0.000049,  22.610
  1529.0,0.011248,0.006356,0.094742,-0.000143,  22.612
  1530.0,0.010944,0.006190,0.094767,-0.000157,  22.588
  1531.0,0.010724,0.006045,0.093346,-0.000009,  22.597
  1532.0,0.010724,0.006012,0.092275,0.000086,  22.600
  1533.0,0.010628,0.005968,0.089944,0.000099,  22.617
  1534.0,0.010430,0.005775,0.085601,0.000099,  22.625
  1535.0,0.010356,0.005777,0.082894,0.000112,  22.644
  1536.0,0.010252,0.005745,0.080964,0.000099,  22.650
  1537.0,0.010043,0.005676,0.079114,0.000099,  22.663
  1538.0,0.009653,0.005479,0.077606,0.000005,  22.686
  1539.0,0.009413,0.005329,0.077862,-0.000076,  22.712
  1540.0,0.009188,0.005204,0.077620,-0.000103,  22.718
  1541.0,0.008988,0.005078,0.077114,-0.000224,  22.693
  1542.0,0.008749,0.004947,0.076364,-0.000049,  22.685
  1543.0,0.008721,0.004907,0.074842,0.000059,  22.697
  1544.0,0.008667,0.004899,0.073759,0.000086,  22.709
  1545.0,0.008408,0.004665,0.070332,0.000086,  22.720
  1546.0,0.008405,0.004700,0.068784,0.000099,  22.732
  1547.0,0.008330,0.004687,0.066852,0.000099,  22.742
  1548.0,0.008213,0.004681,0.064867,0.000099,  22.757
  1549.0,0.007879,0.004508,0.063636,0.000059,  22.781
  1550.0,0.007726,0.004377,0.063685,-0.000036,  22.804
  1551.0,0.007537,0.004286,0.063828,-0.000063,  22.811
  1552.0,0.007335,0.004172,0.063342,-0.000197,  22.795
  1553.0,0.007134,0.004063,0.062874,-0.000049,  22.795
  1554.0,0.007053,0.003997,0.061315,0.000032,  22.811
  1555.0,0.007056,0.004024,0.060618,0.000072,  22.824
  1556.0,0.006765,0.003835,0.057781,0.000099,  22.841
  1557.0,0.006800,0.003808,0.056232,0.000086,  22.856
