Run Name,Run 2: a
Run Date,05:27:27 PM   02-25-16
Method Name,10% isocratic
Export Format Version, 1.00
Method ID, 3025
Points/Second, 1.00
Number of Records,   1800
Offset from Run Start Time,00:00:00
Run End Time,00:30:00
Time,Second
QuadTec 1, (280.0 nm), AU
QuadTec 2, (260.0 nm), AU
Gradient Pump,<Not Selected>
QuadTec 3, (214.0 nm), AU
QuadTec 4, (405.0 nm), AU
Conductivity,mS/cm
Trace 6,<Not Available>
GP Pressure,<Not Selected>
Volume,<Not Selected>
Fraction,<Not Available>
Time,QuadTec 1,QuadTec 2,QuadTec 3,QuadTec 4,Conductivity
     0.0,-0.001823,-0.000337,0.035516,0.000000,  85.917
     1.0,0.000000,0.000000,0.000000,0.000000,  85.894
     2.0,0.000000,0.000000,0.000000,0.000000,  85.851
     3.0,0.000000,0.000000,0.000000,0.000000,  85.721
     4.0,0.000000,-0.000084,0.000086,-0.000014,  85.594
     5.0,-0.000060,-0.000089,0.000067,-0.000014,  85.480
     6.0,-0.000063,-0.000079,-0.000372,-0.000036,  85.286
     7.0,-0.000094,-0.000086,-0.000705,-0.000011,  85.176
     8.0,-0.000094,-0.000082,-0.001066,0.000003,  85.017
     9.0,-0.000090,-0.000054,-0.001456,-0.000036,  84.944
    10.0,-0.000098,-0.000047,-0.001570,-0.000008,  84.916
    11.0,-0.000087,-0.000030,-0.001665,0.000034,  84.948
    12.0,-0.000076,0.000000,-0.001760,0.000009,  85.006
    13.0,-0.000065,0.000010,-0.001798,0.000062,  85.088
    14.0,-0.000065,0.000020,-0.001770,0.000090,  85.237
    15.0,-0.000061,0.000033,-0.001751,0.000051,  85.341
    16.0,-0.000061,0.000037,-0.001760,0.000104,  85.458
    17.0,-0.000060,0.000044,-0.002027,0.000118,  85.617
    18.0,-0.000068,0.000047,-0.001827,0.000054,  85.726
    19.0,-0.000056,0.000050,-0.001646,0.000065,  85.788
    20.0,-0.000068,0.000060,-0.001722,0.000065,  85.809
    21.0,-0.000079,0.000058,-0.001855,0.000104,  85.822
    22.0,-0.000093,0.000034,-0.001912,0.000118,  85.851
    23.0,-0.000123,0.000026,-0.002263,0.000051,  85.861
    24.0,-0.000145,0.000007,-0.003750,0.000090,  85.878
    25.0,-0.000147,-0.000010,-0.003646,0.000090,  85.846
    26.0,-0.000155,-0.000013,-0.002974,0.000051,  85.799
    27.0,-0.000143,-0.000012,-0.002623,0.000090,  85.775
    28.0,-0.000143,0.000002,-0.002889,0.000090,  85.766
    29.0,-0.000148,0.000008,-0.003485,0.000090,  85.786
    30.0,-0.000132,0.000009,-0.003003,0.000079,  85.788
    31.0,-0.000128,0.000020,-0.002623,0.000040,  85.811
    32.0,-0.000133,0.000037,-0.002718,0.000079,  85.822
    33.0,-0.000125,0.000038,-0.002567,0.000040,  85.841
    34.0,-0.000125,0.000034,-0.002643,0.000054,  85.865
    35.0,-0.000128,0.000026,-0.002538,0.000079,  85.908
    36.0,-0.000116,0.000033,-0.002510,0.000118,  85.936
    37.0,-0.000125,0.000030,-0.002690,0.000040,  85.965
    38.0,-0.000116,0.000031,-0.002548,0.000079,  85.995
    39.0,-0.000117,0.000050,-0.002500,0.000054,  86.018
    40.0,-0.000122,0.000041,-0.002396,0.000093,  86.087
    41.0,-0.000114,0.000054,-0.002520,0.000068,  86.119
    42.0,-0.000110,0.000055,-0.002415,0.000068,  86.141
    43.0,-0.000114,0.000059,-0.002387,0.000121,  86.167
    44.0,-0.000109,0.000062,-0.002415,0.000068,  86.183
    45.0,-0.000114,0.000054,-0.002491,0.000093,  86.182
    46.0,-0.000112,0.000053,-0.002358,0.000104,  86.179
    47.0,-0.000121,0.000050,-0.002425,0.000093,  86.186
    48.0,-0.000128,0.000049,-0.002358,0.000079,  86.203
    49.0,-0.000131,0.000044,-0.002529,0.000040,  86.236
    50.0,-0.000132,0.000040,-0.002462,0.000054,  86.267
    51.0,-0.000132,0.000047,-0.002396,0.000093,  86.294
    52.0,-0.000123,0.000049,-0.002368,0.000068,  86.319
    53.0,-0.000125,0.000047,-0.002320,0.000068,  86.326
    54.0,-0.000121,0.000059,-0.002225,0.000093,  86.325
    55.0,-0.000114,0.000073,-0.002131,0.000054,  86.323
    56.0,-0.000111,0.000079,-0.002074,0.000093,  86.316
    57.0,-0.000087,0.000093,-0.001988,0.000068,  86.315
    58.0,-0.000092,0.000102,-0.001856,0.000068,  86.323
    59.0,-0.000096,0.000118,-0.002017,0.000093,  86.319
    60.0,-0.000070,0.000137,-0.001409,0.000054,  86.308
    61.0,-0.000062,0.000169,-0.001038,0.000054,  86.296
    62.0,-0.000044,0.000197,-0.000734,0.000079,  86.251
    63.0,-0.000011,0.000238,-0.000411,0.000040,  86.193
    64.0,-0.000007,0.000301,0.000218,0.000079,  86.105
    65.0,0.000067,0.000366,0.000791,0.000068,  85.919
    66.0,0.000081,0.000442,0.001469,0.000082,  85.713
    67.0,0.000158,0.000502,0.002331,0.000107,  85.396
    68.0,0.000265,0.000627,0.002819,0.000138,  84.969
    69.0,0.000319,0.000742,0.003683,0.000138,  84.405
    70.0,0.000485,0.000943,0.004733,0.000274,  83.812
    71.0,0.000589,0.001060,0.005514,0.000305,  83.115
    72.0,0.000759,0.001297,0.004600,0.000442,  82.344
    73.0,0.000938,0.001448,0.006041,0.000512,  81.468
    74.0,0.001000,0.001575,0.006972,0.000515,  80.468
    75.0,0.001242,0.001769,0.007516,0.000665,  79.365
    76.0,0.001268,0.001795,0.007768,0.000710,  78.103
    77.0,0.001412,0.001935,0.007556,0.000766,  76.775
    78.0,0.001481,0.002010,0.007275,0.000900,  75.330
    79.0,0.001507,0.002052,0.006693,0.000928,  73.840
    80.0,0.001620,0.002108,0.005851,0.000875,  72.232
    81.0,0.001522,0.002059,0.004935,0.000942,  70.586
    82.0,0.001581,0.002096,0.004136,0.000917,  68.917
    83.0,0.001576,0.002016,0.002830,0.000970,  67.196
    84.0,0.001558,0.001940,0.001594,0.000892,  65.467
    85.0,0.001542,0.001976,-0.000221,0.000850,  63.722
    86.0,0.001484,0.001848,-0.002112,0.000903,  61.969
    87.0,0.001466,0.001905,-0.003561,0.000836,  60.262
    88.0,0.001362,0.001706,-0.005070,0.000808,  58.544
    89.0,0.001352,0.001640,-0.006640,0.000819,  56.825
    90.0,0.001331,0.001621,-0.008093,0.000766,  55.158
    91.0,0.001271,0.001518,-0.009419,0.000777,  53.538
    92.0,0.001228,0.001507,-0.010705,0.000738,  51.940
    93.0,0.001224,0.001406,-0.012329,0.000724,  50.389
    94.0,0.001183,0.001388,-0.013661,0.000788,  48.924
    95.0,0.001143,0.001348,-0.014998,0.000760,  47.526
    96.0,0.001096,0.001271,-0.016257,0.000721,  46.190
    97.0,0.001059,0.001242,-0.017330,0.000760,  44.922
    98.0,0.001051,0.001196,-0.018473,0.000732,  43.722
    99.0,0.000976,0.001115,-0.019567,0.000693,  42.587
   100.0,0.000997,0.001106,-0.020459,0.000627,  41.489
   101.0,0.000967,0.001093,-0.021151,0.000641,  40.417
   102.0,0.000918,0.001040,-0.021905,0.000679,  39.430
   103.0,0.000901,0.000993,-0.022720,0.000613,  38.441
   104.0,0.000897,0.000963,-0.023461,0.000613,  37.502
   105.0,0.000886,0.000961,-0.024147,0.000637,  36.604
   106.0,0.000880,0.000927,-0.024777,0.000613,  35.731
   107.0,0.000847,0.000896,-0.025210,0.000690,  34.902
   108.0,0.000840,0.000864,-0.025848,0.000701,  34.079
   109.0,0.000817,0.000846,-0.026243,0.000715,  33.302
   110.0,0.000771,0.000825,-0.026611,0.000687,  32.552
   111.0,0.000787,0.000815,-0.027226,0.000690,  31.846
   112.0,0.000776,0.000790,-0.027468,0.000665,  31.172
   113.0,0.000768,0.000764,-0.027747,0.000690,  30.523
   114.0,0.000776,0.000745,-0.028103,0.000641,  29.899
   115.0,0.000747,0.000728,-0.028486,0.000627,  29.298
   116.0,0.000755,0.000733,-0.028737,0.000679,  28.740
   117.0,0.000743,0.000698,-0.028924,0.000655,  28.202
   118.0,0.000737,0.000700,-0.029158,0.000679,  27.671
   119.0,0.000744,0.000686,-0.029485,0.000655,  27.186
   120.0,0.000722,0.000673,-0.029945,0.000641,  26.711
   121.0,0.000747,0.000658,-0.029896,0.000690,  26.270
   122.0,0.000720,0.000636,-0.030206,0.000704,  25.839
   123.0,0.000731,0.000642,-0.030349,0.000665,  25.440
   124.0,0.000731,0.000624,-0.030632,0.000718,  25.060
   125.0,0.000720,0.000626,-0.030686,0.000718,  24.695
   126.0,0.000726,0.000611,-0.030864,0.000718,  24.348
   127.0,0.000715,0.000611,-0.031121,0.000746,  24.008
   128.0,0.000706,0.000605,-0.031255,0.000693,  23.695
   129.0,0.000702,0.000602,-0.031502,0.000746,  23.390
   130.0,0.000706,0.000584,-0.031802,0.000746,  23.095
   131.0,0.000706,0.000581,-0.031821,0.000707,  22.809
   132.0,0.000700,0.000566,-0.031981,0.000757,  22.532
   133.0,0.000695,0.000578,-0.032105,0.000718,  22.275
   134.0,0.000711,0.000572,-0.032369,0.000743,  22.025
   135.0,0.000708,0.000564,-0.032406,0.000718,  21.778
   136.0,0.000681,0.000559,-0.032695,0.000729,  21.547
   137.0,0.000700,0.000566,-0.032846,0.000757,  21.332
   138.0,0.000686,0.000563,-0.033108,0.000693,  21.113
   139.0,0.000681,0.000548,-0.033120,0.000641,  20.911
   140.0,0.000689,0.000554,-0.033219,0.000693,  20.716
   141.0,0.000677,0.000559,-0.033637,0.000669,  20.535
   142.0,0.000669,0.000553,-0.033605,0.000707,  20.364
   143.0,0.000670,0.000545,-0.033632,0.000721,  20.188
   144.0,0.000684,0.000546,-0.033659,0.000683,  20.028
   145.0,0.000680,0.000546,-0.033860,0.000707,  19.875
   146.0,0.000688,0.000546,-0.034140,0.000669,  19.731
   147.0,0.000681,0.000543,-0.033986,0.000683,  19.596
   148.0,0.000665,0.000544,-0.034127,0.000707,  19.461
   149.0,0.000677,0.000549,-0.034172,0.000669,  19.328
   150.0,0.000686,0.000535,-0.034372,0.000693,  19.203
   151.0,0.000686,0.000547,-0.034745,0.000707,  19.082
   152.0,0.000681,0.000540,-0.034642,0.000683,  18.975
   153.0,0.000686,0.000539,-0.034514,0.000707,  18.871
   154.0,0.000678,0.000537,-0.034638,0.000669,  18.771
   155.0,0.000670,0.000531,-0.034777,0.000683,  18.665
   156.0,0.000664,0.000508,-0.034883,0.000707,  18.564
   157.0,0.000667,0.000511,-0.034962,0.000693,  18.472
   158.0,0.000650,0.000504,-0.034991,0.000655,  18.372
   159.0,0.000640,0.000498,-0.035218,0.000693,  18.289
   160.0,0.000629,0.000486,-0.035403,0.000707,  18.204
   161.0,0.000617,0.000480,-0.035449,0.000732,  18.124
   162.0,0.000622,0.000473,-0.035581,0.000746,  18.053
   163.0,0.000618,0.000465,-0.035980,0.000693,  17.986
   164.0,0.000611,0.000474,-0.036016,0.000732,  17.920
   165.0,0.000623,0.000469,-0.036165,0.000746,  17.862
   166.0,0.000623,0.000460,-0.036115,0.000721,  17.803
   167.0,0.000623,0.000466,-0.036297,0.000746,  17.744
   168.0,0.000622,0.000470,-0.036271,0.000721,  17.683
   169.0,0.000634,0.000479,-0.036377,0.000732,  17.638
   170.0,0.000650,0.000493,-0.036263,0.000746,  17.588
   171.0,0.000650,0.000486,-0.036273,0.000655,  17.537
   172.0,0.000645,0.000485,-0.036368,0.000732,  17.492
   173.0,0.000649,0.000487,-0.036239,0.000760,  17.450
   174.0,0.000648,0.000490,-0.036239,0.000735,  17.411
   175.0,0.000656,0.000503,-0.036350,0.000760,  17.378
   176.0,0.000668,0.000499,-0.036720,0.000760,  17.339
   177.0,0.000672,0.000507,-0.037349,0.000771,  17.305
   178.0,0.000679,0.000510,-0.036738,0.000732,  17.266
   179.0,0.000679,0.000511,-0.036626,0.000757,  17.235
   180.0,0.000687,0.000514,-0.036634,0.000771,  17.202
   181.0,0.000687,0.000520,-0.039609,0.000760,  17.173
   182.0,0.000683,0.000533,-0.037463,0.000735,  17.144
   183.0,0.000679,0.000519,-0.036714,0.000760,  17.121
   184.0,0.000683,0.000497,-0.036559,0.000774,  17.091
   185.0,0.000671,0.000495,-0.036430,0.000760,  17.075
   186.0,0.000679,0.000508,-0.036577,0.000760,  17.049
   187.0,0.000676,0.000504,-0.036491,0.000735,  17.025
   188.0,0.000675,0.000515,-0.036544,0.000760,  17.004
   189.0,0.000672,0.000511,-0.037244,0.000735,  16.984
   190.0,0.000672,0.000511,-0.038164,0.000696,  16.959
   191.0,0.000668,0.000504,-0.037279,0.000721,  16.936
   192.0,0.000648,0.000496,-0.037073,0.000696,  16.915
   193.0,0.000656,0.000490,-0.037030,0.000696,  16.897
   194.0,0.000645,0.000485,-0.036928,0.000721,  16.882
   195.0,0.000637,0.000489,-0.036947,0.000683,  16.865
   196.0,0.000638,0.000469,-0.037000,0.000707,  16.857
   197.0,0.000634,0.000479,-0.037027,0.000669,  16.840
   198.0,0.000633,0.000483,-0.037072,0.000683,  16.831
   199.0,0.000638,0.000491,-0.037165,0.000707,  16.827
   200.0,0.000645,0.000491,-0.037096,0.000669,  16.813
   201.0,0.000653,0.000498,-0.037131,0.000683,  16.805
   202.0,0.000642,0.000490,-0.037190,0.000707,  16.798
   203.0,0.000640,0.000505,-0.038927,0.000683,  16.793
   204.0,0.000660,0.000500,-0.037716,0.000721,  16.780
   205.0,0.000681,0.000502,-0.037313,0.000721,  16.771
   206.0,0.000664,0.000502,-0.037157,0.000771,  16.760
   207.0,0.000664,0.000502,-0.037131,0.000771,  16.745
   208.0,0.000664,0.000502,-0.037192,0.000760,  16.730
   209.0,0.000659,0.000502,-0.037053,0.000735,  16.714
   210.0,0.000660,0.000496,-0.037149,0.000760,  16.694
   211.0,0.000651,0.000496,-0.037251,0.000760,  16.678
   212.0,0.000649,0.000484,-0.037184,0.000760,  16.663
   213.0,0.000657,0.000484,-0.037158,0.000774,  16.647
   214.0,0.000654,0.000481,-0.037236,0.000721,  16.636
   215.0,0.000650,0.000486,-0.037477,0.000707,  16.623
   216.0,0.000654,0.000479,-0.037591,0.000669,  16.616
   217.0,0.000650,0.000476,-0.037703,0.000683,  16.602
   218.0,0.000650,0.000472,-0.037463,0.000707,  16.601
   219.0,0.000646,0.000472,-0.037594,0.000669,  16.601
   220.0,0.000646,0.000463,-0.037842,0.000693,  16.599
   221.0,0.000631,0.000468,-0.037672,0.000707,  16.596
   222.0,0.000622,0.000467,-0.037605,0.000655,  16.598
   223.0,0.000623,0.000465,-0.037614,0.000693,  16.598
   224.0,0.000627,0.000459,-0.037633,0.000655,  16.592
   225.0,0.000627,0.000458,-0.037735,0.000655,  16.588
   226.0,0.000650,0.000477,-0.037692,0.000693,  16.577
   227.0,0.000654,0.000476,-0.037657,0.000669,  16.573
   228.0,0.000643,0.000467,-0.037657,0.000669,  16.562
   229.0,0.000643,0.000475,-0.037702,0.000693,  16.559
   230.0,0.000643,0.000471,-0.037702,0.000655,  16.547
   231.0,0.000646,0.000471,-0.037668,0.000693,  16.539
   232.0,0.000638,0.000480,-0.038114,0.000669,  16.528
   233.0,0.000633,0.000478,-0.038381,0.000683,  16.521
   234.0,0.000642,0.000481,-0.038045,0.000707,  16.515
   235.0,0.000643,0.000476,-0.037813,0.000707,  16.513
   236.0,0.000642,0.000481,-0.037814,0.000721,  16.508
   237.0,0.000634,0.000480,-0.037943,0.000746,  16.504
   238.0,0.000622,0.000472,-0.037894,0.000721,  16.501
   239.0,0.000635,0.000468,-0.037929,0.000732,  16.501
   240.0,0.000639,0.000456,-0.037929,0.000707,  16.504
   241.0,0.000643,0.000469,-0.037929,0.000693,  16.502
   242.0,0.000646,0.000471,-0.037911,0.000732,  16.501
   243.0,0.000643,0.000466,-0.037919,0.000746,  16.503
   244.0,0.000646,0.000470,-0.037945,0.000693,  16.504
   245.0,0.000654,0.000484,-0.037851,0.000732,  16.503
   246.0,0.000643,0.000483,-0.037816,0.000707,  16.494
   247.0,0.000650,0.000477,-0.037601,0.000693,  16.487
   248.0,0.000639,0.000480,-0.037661,0.000669,  16.484
   249.0,0.000646,0.000486,-0.037720,0.000683,  16.468
   250.0,0.000646,0.000476,-0.037892,0.000707,  16.474
   251.0,0.000643,0.000478,-0.037849,0.000669,  16.467
   252.0,0.000650,0.000482,-0.037790,0.000683,  16.466
   253.0,0.000643,0.000479,-0.037833,0.000707,  16.463
   254.0,0.000646,0.000493,-0.037824,0.000669,  16.462
   255.0,0.000662,0.000490,-0.037831,0.000721,  16.466
   256.0,0.000662,0.000479,-0.038002,0.000721,  16.466
   257.0,0.000657,0.000486,-0.037848,0.000721,  16.461
   258.0,0.000657,0.000477,-0.037849,0.000746,  16.461
   259.0,0.000654,0.000483,-0.038114,0.000746,  16.456
   260.0,0.000657,0.000483,-0.038106,0.000721,  16.447
   261.0,0.000643,0.000483,-0.038063,0.000746,  16.446
   262.0,0.000650,0.000479,-0.037996,0.000707,  16.441
   263.0,0.000646,0.000476,-0.038039,0.000693,  16.436
   264.0,0.000639,0.000484,-0.037989,0.000732,  16.437
   265.0,0.000646,0.000485,-0.037980,0.000721,  16.432
   266.0,0.000646,0.000479,-0.037989,0.000746,  16.429
   267.0,0.000646,0.000485,-0.038107,0.000746,  16.428
   268.0,0.000654,0.000476,-0.038031,0.000721,  16.428
   269.0,0.000650,0.000487,-0.037919,0.000746,  16.425
   270.0,0.000661,0.000500,-0.037867,0.000774,  16.427
   271.0,0.000661,0.000497,-0.037908,0.000735,  16.425
   272.0,0.000673,0.000502,-0.037857,0.000760,  16.422
   273.0,0.000665,0.000500,-0.037788,0.000683,  16.421
   274.0,0.000666,0.000500,-0.037847,0.000707,  16.428
   275.0,0.000666,0.000491,-0.037908,0.000669,  16.427
   276.0,0.000654,0.000495,-0.038112,0.000683,  16.432
   277.0,0.000657,0.000487,-0.037899,0.000732,  16.434
   278.0,0.000666,0.000491,-0.037865,0.000746,  16.440
   279.0,0.000666,0.000472,-0.037824,0.000732,  16.444
   280.0,0.000671,0.000487,-0.037789,0.000757,  16.450
   281.0,0.000662,0.000481,-0.037644,0.000718,  16.449
   282.0,0.000662,0.000484,-0.037849,0.000718,  16.453
   283.0,0.000662,0.000484,-0.038149,0.000746,  16.455
   284.0,0.000657,0.000494,-0.037953,0.000693,  16.455
   285.0,0.000659,0.000494,-0.038190,0.000732,  16.456
   286.0,0.000673,0.000502,-0.038546,0.000732,  16.454
   287.0,0.000668,0.000511,-0.039282,0.000718,  16.452
   288.0,0.000684,0.000499,-0.038371,0.000707,  16.445
   289.0,0.000668,0.000506,-0.037959,0.000669,  16.439
   290.0,0.000676,0.000505,-0.037882,0.000683,  16.433
   291.0,0.000668,0.000500,-0.038035,0.000721,  16.426
   292.0,0.000657,0.000502,-0.037942,0.000669,  16.418
   293.0,0.000650,0.000501,-0.037918,0.000732,  16.413
   294.0,0.000650,0.000488,-0.038182,0.000746,  16.405
   295.0,0.000657,0.000487,-0.037934,0.000721,  16.398
   296.0,0.000661,0.000494,-0.038165,0.000746,  16.398
   297.0,0.000654,0.000491,-0.038080,0.000707,  16.391
   298.0,0.000657,0.000498,-0.037961,0.000683,  16.391
   299.0,0.000654,0.000478,-0.039581,0.000707,  16.395
   300.0,0.000657,0.000490,-0.039179,0.000721,  16.416
   301.0,0.000657,0.000517,-0.038312,0.000707,  16.420
   302.0,0.000668,0.000522,-0.037680,0.000696,  16.422
   303.0,0.000646,0.000496,-0.037677,0.000655,  16.420
   304.0,0.000625,0.000479,-0.037497,0.000679,  16.416
   305.0,0.000606,0.000459,-0.037506,0.000641,  16.415
   306.0,0.000599,0.000449,-0.037454,0.000627,  16.413
   307.0,0.000607,0.000450,-0.037454,0.000665,  16.409
   308.0,0.000595,0.000450,-0.037146,0.000613,  16.410
   309.0,0.000596,0.000444,-0.037352,0.000651,  16.406
   310.0,0.000592,0.000448,-0.037462,0.000613,  16.406
   311.0,0.000588,0.000426,-0.037781,0.000637,  16.410
   312.0,0.000589,0.000421,-0.037661,0.000690,  16.415
   313.0,0.000578,0.000422,-0.037576,0.000651,  16.413
   314.0,0.000569,0.000411,-0.037654,0.000613,  16.410
   315.0,0.000570,0.000420,-0.037715,0.000637,  16.402
   316.0,0.000567,0.000411,-0.037611,0.000637,  16.399
   317.0,0.000575,0.000416,-0.039233,0.000676,  16.399
   318.0,0.000559,0.000415,-0.038369,0.000637,  16.394
   319.0,0.000558,0.000408,-0.038024,0.000599,  16.394
   320.0,0.000567,0.000411,-0.037724,0.000673,  16.387
   321.0,0.000563,0.000411,-0.037664,0.000648,  16.387
   322.0,0.000562,0.000422,-0.039979,0.000623,  16.386
   323.0,0.000578,0.000415,-0.038419,0.000648,  16.382
   324.0,0.000581,0.000426,-0.037833,0.000599,  16.384
   325.0,0.000581,0.000417,-0.037807,0.000637,  16.387
   326.0,0.000581,0.000433,-0.037575,0.000651,  16.389
   327.0,0.000580,0.000432,-0.037470,0.000613,  16.393
   328.0,0.000589,0.000431,-0.037496,0.000651,  16.391
   329.0,0.000577,0.000438,-0.037709,0.000613,  16.393
   330.0,0.000573,0.000426,-0.037633,0.000613,  16.396
   331.0,0.000577,0.000423,-0.037480,0.000651,  16.396
   332.0,0.000573,0.000421,-0.037454,0.000690,  16.401
   333.0,0.000573,0.000413,-0.037368,0.000623,  16.405
   334.0,0.000562,0.000418,-0.037411,0.000599,  16.410
   335.0,0.000562,0.000415,-0.037472,0.000637,  16.416
   336.0,0.000558,0.000407,-0.037559,0.000662,  16.418
   337.0,0.000542,0.000409,-0.037629,0.000637,  16.422
   338.0,0.000534,0.000407,-0.037611,0.000599,  16.422
   339.0,0.000546,0.000401,-0.037621,0.000623,  16.427
   340.0,0.000559,0.000407,-0.037664,0.000599,  16.428
   341.0,0.000558,0.000398,-0.037751,0.000599,  16.433
   342.0,0.000567,0.000405,-0.037638,0.000623,  16.440
   343.0,0.000558,0.000408,-0.037586,0.000637,  16.440
   344.0,0.000566,0.000411,-0.037544,0.000637,  16.440
   345.0,0.000566,0.000407,-0.037578,0.000613,  16.443
   346.0,0.000577,0.000426,-0.037619,0.000613,  16.441
   347.0,0.000584,0.000416,-0.039901,0.000665,  16.441
   348.0,0.000584,0.000436,-0.038097,0.000641,  16.449
   349.0,0.000591,0.000439,-0.037631,0.000613,  16.439
   350.0,0.000588,0.000451,-0.037606,0.000665,  16.445
   351.0,0.000591,0.000453,-0.037459,0.000679,  16.446
   352.0,0.000591,0.000441,-0.037373,0.000665,  16.439
   353.0,0.000580,0.000418,-0.037375,0.000641,  16.431
   354.0,0.000569,0.000420,-0.037384,0.000613,  16.418
   355.0,0.000578,0.000413,-0.037523,0.000637,  16.412
   356.0,0.000570,0.000402,-0.037567,0.000599,  16.400
   357.0,0.000555,0.000399,-0.037765,0.000599,  16.395
   358.0,0.000547,0.000391,-0.037826,0.000623,  16.386
   359.0,0.000547,0.000386,-0.037826,0.000637,  16.381
   360.0,0.000556,0.000392,-0.037896,0.000637,  16.382
   361.0,0.000000,0.000000,0.000000,0.000000,  16.384
   362.0,0.000000,0.000000,0.000000,0.000000,  16.383
   363.0,0.000000,0.000000,0.000000,0.000000,  16.386
   364.0,0.000000,-0.000012,0.000169,0.000011,  16.393
   365.0,0.000007,-0.000017,0.000135,0.000000,  16.397
   366.0,0.000006,-0.000009,0.000094,-0.000039,  16.400
   367.0,0.000005,-0.000008,0.000137,-0.000011,  16.416
   368.0,0.000025,-0.000005,0.000197,-0.000050,  16.418
   369.0,0.000017,-0.000010,0.000266,-0.000011,  16.428
   370.0,0.000012,-0.000004,0.000266,-0.000050,  16.433
   371.0,0.000012,-0.000004,0.000215,-0.000025,  16.436
   372.0,0.000012,0.000004,0.000258,-0.000025,  16.442
   373.0,0.000022,-0.000003,0.000318,0.000014,  16.439
   374.0,0.000017,0.000004,0.000259,0.000000,  16.435
   375.0,0.000028,0.000015,0.000355,-0.000025,  16.432
   376.0,0.000034,0.000018,0.000151,-0.000050,  16.428
   377.0,0.000047,0.000020,0.000349,-0.000036,  16.424
   378.0,0.000038,0.000032,0.000238,-0.000036,  16.419
   379.0,0.000047,0.000030,0.000343,-0.000036,  16.412
   380.0,0.000045,0.000045,0.000515,-0.000046,  16.410
   381.0,0.000056,0.000039,0.000636,-0.000074,  16.402
   382.0,0.000075,0.000040,0.000586,0.000003,  16.403
   383.0,0.000072,0.000059,0.000784,0.000031,  16.397
   384.0,0.000060,0.000045,0.000759,-0.000060,  16.396
   385.0,0.000060,0.000035,0.000638,-0.000022,  16.398
   386.0,0.000056,0.000044,0.000716,-0.000008,  16.392
   387.0,0.000065,0.000041,0.000758,0.000017,  16.394
   388.0,0.000045,0.000028,0.000646,-0.000046,  16.402
   389.0,0.000049,0.000021,0.000689,-0.000060,  16.404
   390.0,0.000042,0.000028,0.000559,-0.000036,  16.411
   391.0,0.000034,0.000029,0.000723,-0.000074,  16.411
   392.0,0.000027,0.000025,0.000645,-0.000088,  16.409
   393.0,0.000038,0.000018,0.000749,-0.000036,  16.414
   394.0,0.000038,0.000023,0.000413,-0.000036,  16.416
   395.0,0.000031,0.000011,0.000293,-0.000036,  16.419
   396.0,0.000023,0.000018,0.000497,-0.000088,  16.419
   397.0,0.000015,0.000009,0.000513,-0.000088,  16.417
   398.0,0.000022,0.000003,0.000367,-0.000050,  16.418
   399.0,0.000023,0.000023,0.000478,-0.000060,  16.417
   400.0,0.000027,0.000011,0.000572,-0.000074,  16.421
   401.0,0.000023,0.000004,0.000606,-0.000036,  16.419
   402.0,0.000027,0.000010,0.000564,-0.000074,  16.418
   403.0,0.000031,0.000006,0.000730,-0.000036,  16.413
   404.0,0.000019,0.000009,0.000771,-0.000074,  16.415
   405.0,0.000034,0.000029,0.000739,-0.000074,  16.409
   406.0,0.000049,0.000031,0.000739,0.000017,  16.412
   407.0,0.000049,0.000046,0.000751,0.000031,  16.411
   408.0,0.000060,0.000045,0.000847,-0.000022,  16.413
   409.0,0.000064,0.000039,0.000994,0.000017,  16.412
   410.0,0.000067,0.000061,0.001065,-0.000008,  16.413
   411.0,0.000087,0.000071,-0.001338,-0.000008,  16.415
   412.0,0.000091,0.000068,0.000020,0.000006,  16.414
   413.0,0.000086,0.000074,0.000871,-0.000033,  16.416
   414.0,0.000098,0.000076,0.001217,0.000006,  16.416
   415.0,0.000105,0.000093,0.001212,-0.000019,  16.414
   416.0,0.000120,0.000100,0.001456,-0.000033,  16.416
   417.0,0.000125,0.000094,0.001535,0.000006,  16.418
   418.0,0.000132,0.000112,0.001925,-0.000019,  16.413
   419.0,0.000143,0.000105,0.002023,-0.000005,  16.407
   420.0,0.000135,0.000113,0.002330,0.000034,  16.400
   421.0,0.000141,0.000133,0.002478,-0.000005,  16.393
   422.0,0.000160,0.000129,0.002758,-0.000019,  16.397
   423.0,0.000152,0.000141,0.002970,-0.000019,  16.388
   424.0,0.000163,0.000156,0.002855,-0.000043,  16.389
   425.0,0.000179,0.000151,0.003350,-0.000019,  16.385
   426.0,0.000178,0.000169,0.003701,-0.000019,  16.383
   427.0,0.000197,0.000180,0.003888,-0.000033,  16.383
   428.0,0.000212,0.000197,0.004333,0.000084,  16.380
   429.0,0.000225,0.000213,0.004599,-0.000022,  16.383
   430.0,0.000236,0.000216,0.004916,0.000017,  16.377
   431.0,0.000252,0.000225,0.005215,0.000017,  16.369
   432.0,0.000251,0.000247,0.005430,0.000003,  16.358
   433.0,0.000292,0.000264,0.005835,0.000017,  16.349
   434.0,0.000326,0.000316,0.006305,-0.000008,  16.336
   435.0,0.000357,0.000352,0.007056,-0.000046,  16.326
   436.0,0.000406,0.000398,0.007509,0.000020,  16.311
   437.0,0.000431,0.000441,0.007920,0.000034,  16.297
   438.0,0.000472,0.000466,0.008454,0.000045,  16.280
   439.0,0.000505,0.000502,0.009130,0.000020,  16.264
   440.0,0.000528,0.000527,0.009658,-0.000033,  16.243
   441.0,0.000562,0.000560,0.010238,0.000020,  16.227
   442.0,0.000579,0.000592,0.010782,-0.000019,  16.213
   443.0,0.000607,0.000635,0.011339,-0.000005,  16.188
   444.0,0.000661,0.000674,0.011843,0.000020,  16.171
   445.0,0.000716,0.000730,0.012597,-0.000005,  16.149
   446.0,0.000748,0.000759,0.013361,0.000034,  16.127
   447.0,0.000785,0.000798,0.013858,0.000009,  16.101
   448.0,0.000809,0.000860,0.014651,-0.000005,  16.078
   449.0,0.000867,0.000886,0.015535,0.000034,  16.050
   450.0,0.000907,0.000937,0.016405,0.000009,  16.020
   451.0,0.000955,0.000970,0.017484,0.000087,  15.991
   452.0,0.000995,0.001008,0.018511,0.000137,  15.958
   453.0,0.001025,0.001054,0.019398,0.000112,  15.925
   454.0,0.001074,0.001087,0.020512,0.000112,  15.887
   455.0,0.001107,0.001117,0.021292,0.000101,  15.851
   456.0,0.001140,0.001153,0.022474,0.000037,  15.810
   457.0,0.001169,0.001184,0.023286,0.000062,  15.768
   458.0,0.001211,0.001206,0.024464,0.000037,  15.728
   459.0,0.001228,0.001220,0.025028,0.000037,  15.673
   460.0,0.001247,0.001227,0.025445,0.000062,  15.633
   461.0,0.001242,0.001232,0.025574,0.000023,  15.584
   462.0,0.001253,0.001222,0.025305,0.000009,  15.528
   463.0,0.001253,0.001225,0.023161,0.000034,  15.477
   464.0,0.001268,0.001208,0.023157,-0.000019,  15.419
   465.0,0.001280,0.001179,0.022015,-0.000008,  15.355
   466.0,0.001281,0.001162,0.020310,-0.000074,  15.294
   467.0,0.001276,0.001131,0.018120,-0.000102,  15.231
   468.0,0.001279,0.001114,0.015841,-0.000050,  15.157
   469.0,0.001297,0.001113,0.013537,-0.000102,  15.092
   470.0,0.001314,0.001099,0.011291,-0.000102,  15.019
   471.0,0.001345,0.001097,0.008997,-0.000067,  14.950
   472.0,0.001378,0.001104,0.007068,-0.000106,  14.884
   473.0,0.001411,0.001105,0.005721,-0.000081,  14.835
   474.0,0.001444,0.001107,0.004266,-0.000081,  14.792
   475.0,0.001481,0.001115,0.003277,-0.000092,  14.761
   476.0,0.001525,0.001112,0.002635,-0.000092,  14.737
   477.0,0.001566,0.001134,0.002042,-0.000116,  14.733
   478.0,0.001626,0.001148,0.002126,-0.000102,  14.758
   479.0,0.001670,0.001174,0.002257,-0.000039,  14.786
   480.0,0.001722,0.001196,0.002669,-0.000025,  14.839
   481.0,0.001773,0.001207,0.003136,-0.000050,  14.907
   482.0,0.001825,0.001241,0.003708,-0.000074,  14.993
   483.0,0.001865,0.001255,0.004316,-0.000074,  15.093
   484.0,0.001909,0.001274,0.004943,-0.000022,  15.200
   485.0,0.001943,0.001275,0.005755,-0.000011,  15.327
   486.0,0.001987,0.001294,0.006534,0.000028,  15.467
   487.0,0.002020,0.001303,0.007244,-0.000011,  15.611
   488.0,0.002037,0.001305,0.007972,0.000031,  15.758
   489.0,0.002056,0.001308,0.008639,-0.000036,  15.906
   490.0,0.002078,0.001315,0.009289,0.000017,  16.065
   491.0,0.002107,0.001319,0.009695,-0.000022,  16.220
   492.0,0.002137,0.001325,0.010417,0.000017,  16.374
   493.0,0.002160,0.001332,0.011283,-0.000046,  16.533
   494.0,0.002165,0.001348,0.012028,-0.000074,  16.684
   495.0,0.002203,0.001350,0.012944,-0.000036,  16.838
   496.0,0.002214,0.001360,0.013844,-0.000046,  16.988
   497.0,0.002213,0.001366,0.014728,-0.000060,  17.135
   498.0,0.002225,0.001371,0.015605,0.000017,  17.279
   499.0,0.002229,0.001362,0.016420,-0.000008,  17.420
   500.0,0.002229,0.001354,0.017083,0.000017,  17.554
   501.0,0.002213,0.001347,0.017837,0.000031,  17.691
   502.0,0.002205,0.001351,0.018683,-0.000022,  17.817
   503.0,0.002198,0.001342,0.019268,0.000003,  17.939
   504.0,0.002191,0.001334,0.019998,-0.000008,  18.065
   505.0,0.002164,0.001320,0.020520,-0.000046,  18.178
   506.0,0.002163,0.001308,0.021151,-0.000008,  18.289
   507.0,0.002139,0.001284,0.021510,-0.000046,  18.393
   508.0,0.002114,0.001262,0.022005,-0.000008,  18.489
   509.0,0.002088,0.001248,0.022061,-0.000046,  18.575
   510.0,0.002054,0.001225,0.022428,-0.000046,  18.657
   511.0,0.002031,0.001205,0.022648,-0.000022,  18.728
   512.0,0.002002,0.001188,0.022730,-0.000046,  18.790
   513.0,0.001976,0.001171,0.022777,-0.000060,  18.844
   514.0,0.001963,0.001169,0.022795,-0.000008,  18.886
   515.0,0.001939,0.001155,0.022813,-0.000046,  18.917
   516.0,0.001922,0.001135,0.022612,-0.000008,  18.946
   517.0,0.001900,0.001113,0.022455,0.000031,  18.972
   518.0,0.001862,0.001102,0.022281,-0.000022,  18.989
   519.0,0.001848,0.001086,0.022134,0.000017,  18.996
   520.0,0.001815,0.001066,0.021942,0.000031,  18.990
   521.0,0.001777,0.001052,0.021703,-0.000008,  18.986
   522.0,0.001764,0.001033,0.021383,0.000031,  18.978
   523.0,0.001740,0.001027,0.021299,-0.000019,  18.960
   524.0,0.001723,0.001005,0.020842,-0.000046,  18.944
   525.0,0.001694,0.000988,0.021058,0.000006,  18.918
   526.0,0.001659,0.000958,0.020583,-0.000046,  18.892
   527.0,0.001646,0.000941,0.020308,-0.000022,  18.863
   528.0,0.001624,0.000945,0.019861,-0.000046,  18.829
   529.0,0.001611,0.000927,0.019569,-0.000060,  18.796
   530.0,0.001601,0.000930,0.019377,-0.000022,  18.765
   531.0,0.001588,0.000914,0.018804,-0.000046,  18.734
   532.0,0.001573,0.000908,0.018016,-0.000046,  18.701
   533.0,0.001558,0.000894,0.018140,-0.000008,  18.668
   534.0,0.001536,0.000883,0.018120,0.000006,  18.632
   535.0,0.001529,0.000872,0.017947,-0.000008,  18.597
   536.0,0.001518,0.000881,0.017819,-0.000046,  18.564
   537.0,0.001511,0.000860,0.017556,-0.000046,  18.526
   538.0,0.001496,0.000860,0.017319,-0.000008,  18.486
   539.0,0.001470,0.000845,0.016984,-0.000046,  18.447
   540.0,0.001458,0.000837,0.016802,-0.000046,  18.410
   541.0,0.001445,0.000820,0.016342,-0.000022,  18.374
   542.0,0.001423,0.000810,0.016123,-0.000060,  18.334
   543.0,0.001388,0.000792,0.015978,-0.000022,  18.302
   544.0,0.001371,0.000773,0.015760,-0.000060,  18.260
   545.0,0.001363,0.000764,0.015479,-0.000074,  18.223
   546.0,0.001361,0.000758,0.015198,-0.000036,  18.181
   547.0,0.001339,0.000756,0.014918,-0.000074,  18.152
   548.0,0.001318,0.000743,0.014657,-0.000074,  18.118
   549.0,0.001315,0.000741,0.014378,-0.000036,  18.082
   550.0,0.001287,0.000733,0.014108,-0.000074,  18.044
   551.0,0.001300,0.000722,0.014026,-0.000036,  18.012
   552.0,0.001292,0.000725,0.013961,-0.000060,  17.986
   553.0,0.001297,0.000731,0.013817,-0.000074,  17.955
   554.0,0.001298,0.000731,0.013611,-0.000036,  17.927
   555.0,0.001290,0.000728,0.013468,-0.000074,  17.891
   556.0,0.001290,0.000709,0.013235,-0.000074,  17.869
   557.0,0.001260,0.000709,0.013214,-0.000022,  17.839
   558.0,0.001260,0.000714,0.013097,-0.000046,  17.812
   559.0,0.001258,0.000701,0.013016,-0.000022,  17.782
   560.0,0.001239,0.000692,0.012587,0.000003,  17.754
   561.0,0.001239,0.000690,0.012576,-0.000050,  17.730
   562.0,0.001239,0.000678,0.012433,-0.000011,  17.702
   563.0,0.001228,0.000677,0.012271,-0.000011,  17.681
   564.0,0.001217,0.000672,0.012119,-0.000060,  17.657
   565.0,0.001214,0.000661,0.011735,-0.000036,  17.630
   566.0,0.001191,0.000657,0.011750,-0.000074,  17.605
   567.0,0.001187,0.000645,0.011651,-0.000074,  17.582
   568.0,0.001195,0.000651,0.011481,-0.000036,  17.561
   569.0,0.001190,0.000657,0.011436,-0.000036,  17.531
   570.0,0.001198,0.000658,0.011373,-0.000036,  17.504
   571.0,0.001214,0.000677,0.011373,-0.000060,  17.474
   572.0,0.001228,0.000699,0.011214,-0.000046,  17.450
   573.0,0.001232,0.000696,0.011197,0.000006,  17.420
   574.0,0.001232,0.000701,0.011143,-0.000019,  17.388
   575.0,0.001231,0.000698,0.011223,-0.000046,  17.362
   576.0,0.001247,0.000702,0.011249,0.000031,  17.337
   577.0,0.001250,0.000702,0.011126,0.000031,  17.310
   578.0,0.001247,0.000695,0.011231,0.000042,  17.281
   579.0,0.001243,0.000696,0.011009,0.000017,  17.255
   580.0,0.001233,0.000705,0.011000,0.000056,  17.234
   581.0,0.001242,0.000700,0.011363,0.000042,  17.216
   582.0,0.001235,0.000708,0.011186,0.000031,  17.196
   583.0,0.001226,0.000703,0.010920,-0.000008,  17.179
   584.0,0.001235,0.000690,0.010954,0.000031,  17.163
   585.0,0.001231,0.000686,0.010874,0.000006,  17.145
   586.0,0.001240,0.000676,0.010740,0.000031,  17.128
   587.0,0.001217,0.000676,0.010677,0.000031,  17.113
   588.0,0.001217,0.000674,0.010552,-0.000022,  17.095
   589.0,0.001209,0.000664,0.010753,0.000031,  17.083
   590.0,0.001203,0.000672,0.010470,0.000031,  17.059
   591.0,0.001206,0.000666,0.010399,-0.000022,  17.038
   592.0,0.001206,0.000657,0.010142,0.000017,  17.028
   593.0,0.001210,0.000658,0.010265,-0.000022,  17.010
   594.0,0.001206,0.000651,0.010054,-0.000022,  16.995
   595.0,0.001199,0.000658,0.010159,-0.000025,  16.986
   596.0,0.001210,0.000671,0.010183,0.000028,  16.968
   597.0,0.001205,0.000660,0.009972,0.000039,  16.953
   598.0,0.001205,0.000659,0.010033,0.000014,  16.942
   599.0,0.001209,0.000665,0.010033,-0.000036,  16.929
   600.0,0.001212,0.000678,0.009891,0.000003,  16.920
   601.0,0.001216,0.000674,0.009962,0.000031,  16.908
   602.0,0.001223,0.000676,0.009971,0.000017,  16.902
   603.0,0.001227,0.000683,0.010024,0.000031,  16.893
   604.0,0.001251,0.000681,0.010060,-0.000022,  16.886
   605.0,0.001238,0.000683,0.009787,0.000031,  16.874
   606.0,0.001247,0.000700,0.009831,0.000031,  16.869
   607.0,0.001250,0.000705,0.010034,-0.000008,  16.863
   608.0,0.001254,0.000706,0.010131,0.000017,  16.857
   609.0,0.001257,0.000705,0.009999,0.000017,  16.845
   610.0,0.001264,0.000711,0.009982,0.000042,  16.841
   611.0,0.001271,0.000705,0.010105,0.000003,  16.837
   612.0,0.001275,0.000708,0.010185,-0.000036,  16.832
   613.0,0.001275,0.000698,0.010141,-0.000008,  16.830
   614.0,0.001271,0.000704,0.010203,-0.000008,  16.819
   615.0,0.001282,0.000707,0.009974,-0.000022,  16.816
   616.0,0.001282,0.000710,0.010053,0.000031,  16.814
   617.0,0.001286,0.000717,0.010097,0.000031,  16.804
   618.0,0.001297,0.000723,0.009974,0.000031,  16.797
   619.0,0.001308,0.000719,0.010168,0.000006,  16.790
   620.0,0.001308,0.000732,0.010195,-0.000033,  16.778
   621.0,0.001315,0.000725,0.010284,0.000017,  16.769
   622.0,0.001328,0.000730,0.010249,0.000017,  16.748
   623.0,0.001331,0.000730,0.008856,-0.000022,  16.738
   624.0,0.001331,0.000721,0.008548,0.000003,  16.722
   625.0,0.001327,0.000735,0.009808,0.000031,  16.711
   626.0,0.001335,0.000725,0.010117,-0.000022,  16.705
   627.0,0.001336,0.000722,0.010161,0.000017,  16.688
   628.0,0.001335,0.000723,0.010240,-0.000022,  16.681
   629.0,0.001335,0.000717,0.010291,0.000003,  16.671
   630.0,0.001342,0.000724,0.010301,0.000003,  16.667
   631.0,0.001342,0.000717,0.010133,-0.000088,  16.663
   632.0,0.001346,0.000720,0.010168,-0.000036,  16.660
   633.0,0.001357,0.000743,0.010345,-0.000074,  16.657
   634.0,0.001363,0.000737,0.010461,-0.000074,  16.655
   635.0,0.001383,0.000741,0.009587,-0.000036,  16.652
   636.0,0.001383,0.000749,0.009835,-0.000036,  16.644
   637.0,0.001394,0.000745,0.010241,0.000003,  16.640
   638.0,0.001402,0.000758,0.010373,-0.000025,  16.642
   639.0,0.001394,0.000767,0.010498,-0.000050,  16.639
   640.0,0.001401,0.000760,0.010604,-0.000011,  16.641
   641.0,0.001405,0.000768,0.010640,0.000003,  16.635
   642.0,0.001411,0.000773,0.010693,-0.000050,  16.633
   643.0,0.001438,0.000780,0.010615,0.000003,  16.628
   644.0,0.001460,0.000808,0.010821,-0.000022,  16.624
   645.0,0.001486,0.000820,0.011008,0.000017,  16.621
   646.0,0.001513,0.000832,0.011213,0.000031,  16.620
   647.0,0.001512,0.000839,0.011329,-0.000008,  16.620
   648.0,0.001519,0.000838,0.011463,0.000017,  16.614
   649.0,0.001523,0.000832,0.011420,-0.000011,  16.613
   650.0,0.001509,0.000833,0.011499,0.000003,  16.612
   651.0,0.001522,0.000832,0.011464,0.000017,  16.613
   652.0,0.001529,0.000842,0.011368,0.000017,  16.612
   653.0,0.001544,0.000845,0.011590,0.000028,  16.612
   654.0,0.001555,0.000848,0.011671,0.000003,  16.615
   655.0,0.001566,0.000855,0.011751,0.000003,  16.609
   656.0,0.001577,0.000860,0.011849,0.000028,  16.608
   657.0,0.001584,0.000873,0.009269,0.000031,  16.608
   658.0,0.001592,0.000880,0.011195,-0.000022,  16.604
   659.0,0.001603,0.000888,0.011816,0.000017,  16.603
   660.0,0.001614,0.000901,0.011995,0.000031,  16.604
   661.0,0.001631,0.000901,0.012209,-0.000046,  16.600
   662.0,0.001621,0.000899,0.012192,-0.000022,  16.597
   663.0,0.001642,0.000900,0.012219,-0.000036,  16.589
   664.0,0.001644,0.000889,0.012281,0.000017,  16.586
   665.0,0.001652,0.000893,0.012282,0.000031,  16.582
   666.0,0.001655,0.000897,0.012717,-0.000022,  16.579
   667.0,0.001663,0.000903,0.012541,0.000017,  16.574
   668.0,0.001670,0.000902,0.012647,0.000031,  16.572
   669.0,0.001685,0.000914,0.012683,-0.000022,  16.564
   670.0,0.001688,0.000914,0.012560,0.000017,  16.564
   671.0,0.001699,0.000922,0.012694,-0.000022,  16.555
   672.0,0.001708,0.000926,0.012899,0.000017,  16.550
   673.0,0.001736,0.000945,0.013007,0.000031,  16.541
   674.0,0.001751,0.000956,0.012929,-0.000022,  16.543
   675.0,0.001766,0.000955,0.013161,0.000017,  16.541
   676.0,0.001788,0.000982,0.013394,0.000031,  16.534
   677.0,0.001787,0.000992,0.013449,-0.000008,  16.532
   678.0,0.001810,0.000998,0.013628,0.000031,  16.531
   679.0,0.001832,0.001006,0.013772,0.000031,  16.532
   680.0,0.001843,0.001014,0.013934,0.000017,  16.533
   681.0,0.001866,0.001015,0.014123,0.000031,  16.524
   682.0,0.001876,0.001042,0.014232,-0.000008,  16.520
   683.0,0.001895,0.001039,0.014322,0.000031,  16.523
   684.0,0.001891,0.001042,0.014449,0.000031,  16.521
   685.0,0.001902,0.001027,0.014405,-0.000008,  16.517
   686.0,0.001906,0.001036,0.014566,0.000017,  16.514
   687.0,0.001913,0.001045,0.014665,0.000031,  16.514
   688.0,0.001924,0.001033,0.014497,0.000017,  16.510
   689.0,0.001921,0.001036,0.014380,0.000017,  16.513
   690.0,0.001935,0.001046,0.014729,-0.000036,  16.506
   691.0,0.001943,0.001060,0.014729,0.000017,  16.502
   692.0,0.001946,0.001057,0.014792,0.000003,  16.501
   693.0,0.001944,0.001057,0.014972,-0.000036,  16.499
   694.0,0.001964,0.001065,0.015035,0.000003,  16.499
   695.0,0.001999,0.001069,0.015108,0.000003,  16.492
   696.0,0.001991,0.001073,0.013634,0.000042,  16.492
   697.0,0.002010,0.001076,0.014769,0.000017,  16.492
   698.0,0.002008,0.001098,0.014860,-0.000050,  16.494
   699.0,0.002040,0.001092,0.015254,0.000014,  16.498
   700.0,0.002042,0.001108,0.015148,-0.000011,  16.497
   701.0,0.002064,0.001112,0.015534,-0.000036,  16.505
   702.0,0.002075,0.001123,0.015678,-0.000011,  16.501
   703.0,0.002074,0.001118,0.015849,-0.000011,  16.505
   704.0,0.002094,0.001126,0.015994,0.000028,  16.505
   705.0,0.002120,0.001144,0.016013,-0.000011,  16.503
   706.0,0.002142,0.001156,0.016158,-0.000022,  16.496
   707.0,0.002160,0.001163,0.016321,0.000017,  16.500
   708.0,0.002170,0.001182,0.016358,0.000031,  16.492
   709.0,0.002192,0.001192,0.016611,-0.000008,  16.492
   710.0,0.002203,0.001194,0.016901,0.000028,  16.487
   711.0,0.002222,0.001216,0.016920,0.000017,  16.485
   712.0,0.002240,0.001219,0.017083,-0.000036,  16.485
   713.0,0.002260,0.001229,0.017219,0.000017,  16.480
   714.0,0.002278,0.001247,0.017410,0.000006,  16.481
   715.0,0.002297,0.001260,0.017564,0.000031,  16.479
   716.0,0.002308,0.001264,0.017628,0.000031,  16.477
   717.0,0.002330,0.001272,0.017783,-0.000046,  16.477
   718.0,0.002337,0.001285,0.017973,-0.000008,  16.472
   719.0,0.002364,0.001288,0.018091,-0.000046,  16.477
   720.0,0.002371,0.001299,0.018292,-0.000046,  16.476
   721.0,0.002386,0.001312,0.018239,0.000031,  16.475
   722.0,0.002396,0.001315,0.017797,0.000059,  16.478
   723.0,0.002400,0.001312,0.016789,0.000017,  16.476
   724.0,0.002400,0.001303,0.017807,0.000031,  16.475
   725.0,0.002407,0.001299,0.018349,-0.000022,  16.472
   726.0,0.002418,0.001303,0.018485,0.000003,  16.472
   727.0,0.002429,0.001306,0.018757,0.000031,  16.475
   728.0,0.002437,0.001304,0.018830,-0.000050,  16.475
   729.0,0.002440,0.001292,0.018975,-0.000011,  16.478
   730.0,0.002454,0.001308,0.019021,-0.000011,  16.479
   731.0,0.002478,0.001316,0.019167,-0.000050,  16.475
   732.0,0.002492,0.001316,0.019239,-0.000011,  16.472
   733.0,0.002496,0.001326,0.019294,-0.000050,  16.473
   734.0,0.002511,0.001331,0.019467,-0.000039,  16.474
   735.0,0.002518,0.001341,0.019976,-0.000039,  16.469
   736.0,0.002533,0.001334,0.019758,-0.000064,  16.469
   737.0,0.002540,0.001334,0.019604,-0.000025,  16.468
   738.0,0.002535,0.001342,0.019641,-0.000025,  16.459
   739.0,0.002570,0.001349,0.019299,-0.000014,  16.459
   740.0,0.002584,0.001368,0.019679,-0.000053,  16.455
   741.0,0.002599,0.001389,0.019934,-0.000078,  16.457
   742.0,0.002618,0.001383,0.019989,-0.000053,  16.454
   743.0,0.002640,0.001393,0.020108,-0.000039,  16.454
   744.0,0.002666,0.001416,0.020454,-0.000039,  16.453
   745.0,0.002680,0.001429,0.020528,-0.000039,  16.457
   746.0,0.002698,0.001439,0.020693,-0.000011,  16.458
   747.0,0.002732,0.001452,0.020858,-0.000025,  16.453
   748.0,0.002750,0.001463,0.021060,-0.000025,  16.456
   749.0,0.002776,0.001492,0.021252,-0.000050,  16.459
   750.0,0.002790,0.001499,0.021472,-0.000025,  16.454
   751.0,0.002812,0.001520,0.021710,-0.000011,  16.456
   752.0,0.002843,0.001527,0.022122,-0.000050,  16.448
   753.0,0.002858,0.001542,0.022260,0.000014,  16.443
   754.0,0.002875,0.001552,0.022481,-0.000011,  16.446
   755.0,0.002909,0.001565,0.022628,0.000028,  16.436
   756.0,0.002931,0.001585,0.022703,-0.000011,  16.434
   757.0,0.002950,0.001599,0.022896,0.000056,  16.430
   758.0,0.002965,0.001604,0.023117,0.000042,  16.419
   759.0,0.002999,0.001621,0.023356,0.000017,  16.407
   760.0,0.003016,0.001638,0.023495,0.000056,  16.397
   761.0,0.003046,0.001638,0.023569,0.000056,  16.386
   762.0,0.003045,0.001666,0.023754,0.000017,  16.376
   763.0,0.003079,0.001681,0.024021,0.000042,  16.365
   764.0,0.003098,0.001692,0.024178,0.000056,  16.368
   765.0,0.003116,0.001702,0.024445,0.000031,  16.365
   766.0,0.003131,0.001701,0.024455,0.000070,  16.363
   767.0,0.003162,0.001717,0.024796,0.000017,  16.366
   768.0,0.003160,0.001720,0.024797,-0.000022,  16.368
   769.0,0.003172,0.001731,0.024880,0.000031,  16.369
   770.0,0.003179,0.001721,0.025093,0.000031,  16.370
   771.0,0.003173,0.001717,0.024900,-0.000036,  16.375
   772.0,0.003197,0.001719,0.025093,0.000003,  16.379
   773.0,0.003220,0.001736,0.025767,0.000003,  16.384
   774.0,0.003242,0.001742,0.025628,0.000003,  16.392
   775.0,0.003257,0.001744,0.025777,0.000003,  16.400
   776.0,0.003282,0.001772,0.025778,-0.000022,  16.408
   777.0,0.003308,0.001784,0.025954,0.000003,  16.411
   778.0,0.003338,0.001798,0.026213,0.000003,  16.419
   779.0,0.003364,0.001815,0.026380,-0.000036,  16.430
   780.0,0.003398,0.001826,0.026649,0.000017,  16.430
   781.0,0.003401,0.001840,0.026576,0.000031,  16.435
   782.0,0.003427,0.001844,0.027021,0.000031,  16.439
   783.0,0.003454,0.001862,0.027141,0.000031,  16.442
   784.0,0.003456,0.001868,0.027281,-0.000008,  16.442
   785.0,0.003470,0.001870,0.027485,0.000017,  16.439
   786.0,0.003470,0.001863,0.027615,0.000017,  16.444
   787.0,0.003501,0.001863,0.027653,-0.000036,  16.443
   788.0,0.003508,0.001870,0.027681,0.000003,  16.442
   789.0,0.003523,0.001885,0.027885,-0.000025,  16.433
   790.0,0.003530,0.001897,0.028015,0.000028,  16.431
   791.0,0.003552,0.001897,0.028201,-0.000011,  16.418
   792.0,0.003571,0.001909,0.028341,0.000028,  16.412
   793.0,0.003597,0.001926,0.028444,0.000014,  16.403
   794.0,0.003631,0.001943,0.028565,-0.000011,  16.400
   795.0,0.003645,0.001962,0.028715,0.000003,  16.395
   796.0,0.003682,0.001970,0.029050,0.000003,  16.389
   797.0,0.003703,0.002009,0.029135,-0.000011,  16.378
   798.0,0.003734,0.002020,0.029331,0.000067,  16.372
   799.0,0.003763,0.002033,0.029639,0.000028,  16.369
   800.0,0.003789,0.002043,0.029873,0.000042,  16.361
   801.0,0.003808,0.002054,0.030032,0.000042,  16.364
   802.0,0.003834,0.002062,0.030182,0.000003,  16.363
   803.0,0.003852,0.002071,0.030313,0.000056,  16.366
   804.0,0.003866,0.002086,0.030509,0.000056,  16.365
   805.0,0.003873,0.002084,0.030725,0.000031,  16.368
   806.0,0.003891,0.002095,0.031043,0.000056,  16.371
   807.0,0.003921,0.002108,0.031296,0.000042,  16.369
   808.0,0.003944,0.002122,0.031306,0.000042,  16.366
   809.0,0.003969,0.002140,0.031578,0.000042,  16.373
   810.0,0.003993,0.002145,0.031822,0.000003,  16.375
   811.0,0.004022,0.002164,0.031963,0.000042,  16.381
   812.0,0.004045,0.002157,0.032236,0.000042,  16.381
   813.0,0.004056,0.002186,0.032161,0.000003,  16.384
   814.0,0.004078,0.002199,0.032424,0.000042,  16.384
   815.0,0.004104,0.002197,0.032687,0.000003,  16.390
   816.0,0.004126,0.002209,0.032913,-0.000011,  16.390
   817.0,0.004128,0.002218,0.033196,-0.000011,  16.394
   818.0,0.004158,0.002237,0.033215,0.000017,  16.397
   819.0,0.004184,0.002246,0.033328,-0.000022,  16.400
   820.0,0.004207,0.002261,0.033469,0.000003,  16.400
   821.0,0.004232,0.002265,0.033790,0.000003,  16.402
   822.0,0.004255,0.002274,0.033903,0.000042,  16.400
   823.0,0.004273,0.002283,0.034130,0.000042,  16.404
   824.0,0.004292,0.002305,0.034309,0.000003,  16.400
   825.0,0.004314,0.002314,0.034432,0.000028,  16.408
   826.0,0.004330,0.002321,0.034734,-0.000011,  16.407
   827.0,0.004346,0.002332,0.034820,0.000028,  16.405
   828.0,0.004389,0.002338,0.035132,0.000028,  16.412
   829.0,0.004411,0.002347,0.035293,-0.000011,  16.413
   830.0,0.004421,0.002367,0.035473,0.000028,  16.413
   831.0,0.004451,0.002382,0.035691,0.000028,  16.414
   832.0,0.004484,0.002404,0.035947,-0.000011,  16.417
   833.0,0.004519,0.002421,0.036155,0.000042,  16.413
   834.0,0.004549,0.002433,0.036165,0.000042,  16.417
   835.0,0.004560,0.002452,0.036621,-0.000011,  16.415
   836.0,0.004597,0.002479,0.036839,0.000028,  16.414
   837.0,0.004623,0.002498,0.037134,0.000017,  16.421
   838.0,0.004649,0.002499,0.037305,-0.000036,  16.416
   839.0,0.004658,0.002510,0.037381,0.000003,  16.415
   840.0,0.004685,0.002522,0.037724,0.000003,  16.411
   841.0,0.004706,0.002535,0.038010,0.000042,  16.408
   842.0,0.004744,0.002552,0.038258,0.000042,  16.410
   843.0,0.004776,0.002564,0.038420,0.000003,  16.400
   844.0,0.004781,0.002586,0.038620,0.000003,  16.401
   845.0,0.004811,0.002595,0.038849,0.000003,  16.404
   846.0,0.004833,0.002605,0.039136,0.000042,  16.404
   847.0,0.004863,0.002617,0.039298,0.000042,  16.401
   848.0,0.004885,0.002639,0.039489,0.000003,  16.406
   849.0,0.004918,0.002648,0.039729,0.000042,  16.400
   850.0,0.004936,0.002659,0.040025,0.000056,  16.408
   851.0,0.004962,0.002676,0.039871,0.000017,  16.406
   852.0,0.004993,0.002688,0.039755,0.000042,  16.404
   853.0,0.005007,0.002708,0.040177,0.000003,  16.405
   854.0,0.005030,0.002715,0.040666,0.000042,  16.404
   855.0,0.005056,0.002711,0.040762,0.000028,  16.404
   856.0,0.005078,0.002734,0.041021,-0.000011,  16.399
   857.0,0.005104,0.002727,0.041213,0.000028,  16.401
   858.0,0.005134,0.002747,0.041559,-0.000011,  16.400
   859.0,0.005156,0.002770,0.041809,-0.000011,  16.398
   860.0,0.005186,0.002782,0.042155,0.000003,  16.398
   861.0,0.005208,0.002801,0.042222,0.000017,  16.399
   862.0,0.005238,0.002816,0.042385,-0.000036,  16.401
   863.0,0.005271,0.002820,0.042617,0.000003,  16.402
   864.0,0.005290,0.002839,0.042906,0.000003,  16.403
   865.0,0.005315,0.002851,0.043225,-0.000036,  16.406
   866.0,0.005337,0.002878,0.043136,0.000028,  16.408
   867.0,0.005347,0.002886,0.043552,-0.000011,  16.409
   868.0,0.005390,0.002885,0.043677,0.000028,  16.409
   869.0,0.005405,0.002892,0.043918,-0.000025,  16.410
   870.0,0.005434,0.002906,0.044112,0.000028,  16.414
   871.0,0.005457,0.002916,0.044364,0.000000,  16.418
   872.0,0.005483,0.002935,0.044285,-0.000011,  16.413
   873.0,0.005501,0.002940,0.044517,0.000028,  16.416
   874.0,0.005527,0.002961,0.044866,0.000014,  16.415
   875.0,0.005542,0.002964,0.045158,-0.000011,  16.411
   876.0,0.005560,0.002976,0.045390,0.000028,  16.407
   877.0,0.005587,0.002994,0.045351,0.000014,  16.402
   878.0,0.005613,0.002999,0.045496,0.000014,  16.394
   879.0,0.005643,0.003016,0.045670,0.000000,  16.391
   880.0,0.005683,0.003034,0.046069,-0.000039,  16.378
   881.0,0.005713,0.003058,0.046350,0.000014,  16.376
   882.0,0.005750,0.003073,0.046652,0.000014,  16.368
   883.0,0.005769,0.003096,0.046827,-0.000011,  16.359
   884.0,0.005810,0.003105,0.047147,0.000028,  16.361
   885.0,0.005843,0.003133,0.047478,0.000028,  16.358
   886.0,0.005877,0.003167,0.047790,0.000003,  16.355
   887.0,0.005935,0.003184,0.046398,0.000003,  16.355
   888.0,0.005948,0.003194,0.047717,0.000017,  16.353
   889.0,0.005976,0.003223,0.048186,-0.000022,  16.355
   890.0,0.006022,0.003253,0.047419,0.000017,  16.353
   891.0,0.006060,0.003270,0.047975,0.000031,  16.357
   892.0,0.006081,0.003296,0.047984,-0.000008,  16.359
   893.0,0.006111,0.003308,0.049279,0.000031,  16.362
   894.0,0.006141,0.003324,0.049977,0.000031,  16.368
   895.0,0.006159,0.003334,0.050331,0.000017,  16.371
   896.0,0.006182,0.003342,0.050665,0.000017,  16.371
   897.0,0.006197,0.003351,0.050803,-0.000022,  16.380
   898.0,0.006218,0.003341,0.050880,0.000017,  16.382
   899.0,0.006233,0.003372,0.051075,0.000017,  16.385
   900.0,0.006258,0.003384,0.051251,-0.000036,  16.389
   901.0,0.006304,0.003392,0.051676,-0.000011,  16.393
   902.0,0.006321,0.003409,0.051872,0.000017,  16.392
   903.0,0.006363,0.003426,0.052207,-0.000036,  16.399
   904.0,0.006393,0.003455,0.052452,0.000003,  16.400
   905.0,0.006414,0.003450,0.052610,-0.000036,  16.400
   906.0,0.006449,0.003476,0.053066,0.000003,  16.399
   907.0,0.006479,0.003493,0.053253,0.000003,  16.403
   908.0,0.006500,0.003506,0.053419,-0.000036,  16.405
   909.0,0.006542,0.003520,0.053805,0.000028,  16.404
   910.0,0.006568,0.003540,0.054022,0.000003,  16.400
   911.0,0.006582,0.003551,0.054090,0.000042,  16.396
   912.0,0.006625,0.003552,0.054648,0.000042,  16.391
   913.0,0.006651,0.003576,0.054835,0.000003,  16.385
   914.0,0.006685,0.003588,0.054872,0.000042,  16.379
   915.0,0.006710,0.003614,0.055221,0.000003,  16.374
   916.0,0.006744,0.003634,0.055399,0.000042,  16.373
   917.0,0.006770,0.003637,0.055727,0.000042,  16.367
   918.0,0.006803,0.003673,0.055985,0.000003,  16.364
   919.0,0.006817,0.003676,0.056293,0.000003,  16.366
   920.0,0.006852,0.003684,0.056512,0.000003,  16.361
   921.0,0.006871,0.003690,0.056611,-0.000011,  16.362
   922.0,0.006897,0.003695,0.056798,0.000014,  16.361
   923.0,0.006919,0.003714,0.057088,0.000014,  16.360
   924.0,0.006945,0.003732,0.057357,0.000053,  16.359
   925.0,0.006996,0.003745,0.057667,0.000025,  16.352
   926.0,0.007005,0.003763,0.057808,0.000067,  16.357
   927.0,0.007039,0.003773,0.054512,0.000028,  16.353
   928.0,0.007076,0.003783,0.057135,0.000028,  16.355
   929.0,0.007094,0.003816,0.058139,0.000003,  16.354
   930.0,0.007131,0.003836,0.058794,0.000042,  16.352
   931.0,0.007157,0.003861,0.059043,0.000003,  16.356
   932.0,0.007186,0.003881,0.059354,0.000053,  16.349
   933.0,0.007232,0.003888,0.059756,0.000067,  16.352
   934.0,0.007269,0.003916,0.060198,0.000042,  16.352
   935.0,0.007305,0.003944,0.060448,0.000042,  16.355
   936.0,0.007343,0.003965,0.060566,0.000042,  16.353
   937.0,0.007377,0.003983,0.060898,0.000031,  16.356
   938.0,0.007398,0.004004,0.061280,0.000056,  16.349
   939.0,0.007437,0.004020,0.061581,0.000056,  16.361
   940.0,0.007462,0.004038,0.061944,0.000031,  16.354
   941.0,0.007500,0.004051,0.062134,0.000095,  16.355
   942.0,0.007518,0.004064,0.062418,0.000031,  16.359
   943.0,0.007559,0.004087,0.062628,0.000056,  16.360
   944.0,0.007594,0.004091,0.062981,0.000056,  16.358
   945.0,0.007600,0.004104,0.063245,0.000031,  16.364
   946.0,0.007630,0.004106,0.063168,0.000056,  16.362
   947.0,0.007653,0.004125,0.063648,0.000042,  16.358
   948.0,0.007671,0.004130,0.063767,0.000003,  16.356
   949.0,0.007702,0.004135,0.063804,0.000028,  16.354
   950.0,0.007729,0.004154,0.064213,0.000039,  16.350
   951.0,0.007766,0.004159,0.064406,0.000067,  16.351
   952.0,0.007804,0.004180,0.064741,0.000028,  16.348
   953.0,0.007845,0.004215,0.064972,-0.000011,  16.351
   954.0,0.007890,0.004232,0.065338,0.000056,  16.351
   955.0,0.007916,0.004250,0.065591,0.000056,  16.355
   956.0,0.007957,0.004295,0.065937,0.000031,  16.363
   957.0,0.007987,0.004308,0.066334,0.000070,  16.366
   958.0,0.008012,0.004325,0.066619,0.000031,  16.370
   959.0,0.008071,0.004334,0.066894,0.000042,  16.373
   960.0,0.008088,0.004364,0.066962,0.000070,  16.376
   961.0,0.008118,0.004379,0.067319,0.000031,  16.380
   962.0,0.008147,0.004379,0.067719,0.000070,  16.382
   963.0,0.008170,0.004409,0.067985,0.000070,  16.385
   964.0,0.008192,0.004421,0.068219,0.000031,  16.386
   965.0,0.008222,0.004424,0.068403,0.000056,  16.394
   966.0,0.008248,0.004445,0.068637,0.000031,  16.389
   967.0,0.008290,0.004474,0.068912,0.000056,  16.394
   968.0,0.008316,0.004485,0.069189,0.000081,  16.396
   969.0,0.008342,0.004500,0.069433,0.000003,  16.391
   970.0,0.008371,0.004514,0.069763,0.000042,  16.390
   971.0,0.008408,0.004525,0.070113,0.000056,  16.391
   972.0,0.008418,0.004547,0.070347,0.000031,  16.393
   973.0,0.008457,0.004565,0.070478,0.000056,  16.396
   974.0,0.008494,0.004578,0.070922,0.000045,  16.398
   975.0,0.008519,0.004606,0.071139,0.000084,  16.402
   976.0,0.008570,0.004626,0.071542,0.000056,  16.409
   977.0,0.008604,0.004640,0.071789,0.000031,  16.410
   978.0,0.008649,0.004663,0.072106,0.000084,  16.413
   979.0,0.008682,0.004691,0.072372,0.000084,  16.421
   980.0,0.008695,0.004709,0.072757,0.000045,  16.424
   981.0,0.008729,0.004733,0.073149,0.000084,  16.426
   982.0,0.008776,0.004755,0.073395,0.000098,  16.428
   983.0,0.008801,0.004772,0.073801,0.000059,  16.431
   984.0,0.008843,0.004784,0.074071,0.000084,  16.439
   985.0,0.008858,0.004789,0.074361,0.000059,  16.438
   986.0,0.008892,0.004802,0.074556,0.000084,  16.445
   987.0,0.008918,0.004812,0.072727,0.000098,  16.447
   988.0,0.008941,0.004832,0.074421,0.000059,  16.452
   989.0,0.008962,0.004849,0.074920,0.000084,  16.458
   990.0,0.008982,0.004858,0.075318,0.000070,  16.461
   991.0,0.009023,0.004877,0.075619,0.000070,  16.465
   992.0,0.009046,0.004887,0.075817,0.000056,  16.470
   993.0,0.009068,0.004896,0.074581,0.000031,  16.471
   994.0,0.009087,0.004904,0.075660,0.000056,  16.475
   995.0,0.009117,0.004914,0.076293,0.000070,  16.475
   996.0,0.009148,0.004916,0.076725,0.000031,  16.480
   997.0,0.009137,0.004929,0.076924,0.000056,  16.478
   998.0,0.009177,0.004929,0.077220,0.000042,  16.483
   999.0,0.009192,0.004953,0.077075,0.000003,  16.478
  1000.0,0.009233,0.004958,0.077314,0.000042,  16.478
  1001.0,0.009259,0.004969,0.077726,0.000017,  16.480
  1002.0,0.009276,0.004986,0.077752,0.000042,  16.478
  1003.0,0.009323,0.005011,0.078153,0.000042,  16.476
  1004.0,0.009349,0.005025,0.078159,0.000042,  16.474
  1005.0,0.009371,0.005043,0.078613,0.000042,  16.475
  1006.0,0.009404,0.005048,0.078981,0.000042,  16.476
  1007.0,0.009422,0.005055,0.078955,0.000003,  16.472
  1008.0,0.009449,0.005070,0.079186,-0.000025,  16.473
  1009.0,0.009476,0.005097,0.079472,0.000003,  16.470
  1010.0,0.009505,0.005121,0.079475,0.000067,  16.471
  1011.0,0.009554,0.005133,0.080050,0.000053,  16.472
  1012.0,0.009581,0.005156,0.080399,0.000067,  16.473
  1013.0,0.009627,0.005172,0.080182,0.000081,  16.472
  1014.0,0.009657,0.005187,0.080715,0.000042,  16.471
  1015.0,0.009683,0.005209,0.081210,0.000003,  16.474
  1016.0,0.009697,0.005220,0.081547,0.000042,  16.474
  1017.0,0.009747,0.005240,0.081753,0.000042,  16.473
  1018.0,0.009773,0.005248,0.082041,0.000017,  16.475
  1019.0,0.009807,0.005259,0.082327,0.000056,  16.471
  1020.0,0.009828,0.005280,0.082658,0.000031,  16.470
  1021.0,0.009854,0.005301,0.082932,0.000056,  16.469
  1022.0,0.009881,0.005312,0.083196,0.000056,  16.466
  1023.0,0.009907,0.005330,0.083386,0.000031,  16.463
  1024.0,0.009932,0.005339,0.083619,0.000056,  16.460
  1025.0,0.009967,0.005364,0.084002,0.000056,  16.452
  1026.0,0.010000,0.005384,0.083856,0.000031,  16.446
  1027.0,0.010042,0.005412,0.083652,0.000056,  16.447
  1028.0,0.010073,0.005426,0.084395,0.000031,  16.443
  1029.0,0.010102,0.005447,0.084954,0.000056,  16.436
  1030.0,0.010132,0.005462,0.085391,0.000056,  16.433
  1031.0,0.010170,0.005488,0.085771,0.000031,  16.427
  1032.0,0.010195,0.005505,0.086048,0.000056,  16.422
  1033.0,0.010226,0.005507,0.086381,0.000056,  16.419
  1034.0,0.010225,0.005517,0.086540,0.000031,  16.410
  1035.0,0.010253,0.005521,0.086497,0.000056,  16.404
  1036.0,0.010271,0.005531,0.086869,0.000003,  16.406
  1037.0,0.010289,0.005532,0.087137,0.000028,  16.400
  1038.0,0.010316,0.005549,0.087322,0.000028,  16.401
  1039.0,0.010335,0.005552,0.087557,-0.000011,  16.401
  1040.0,0.010357,0.005563,0.085310,0.000028,  16.396
  1041.0,0.010384,0.005565,0.086954,0.000014,  16.398
  1042.0,0.010394,0.005570,0.087540,-0.000011,  16.399
  1043.0,0.010434,0.005581,0.088010,0.000028,  16.400
  1044.0,0.010449,0.005583,0.088167,0.000014,  16.404
  1045.0,0.010499,0.005613,0.088360,-0.000011,  16.406
  1046.0,0.010508,0.005633,0.088376,0.000014,  16.414
  1047.0,0.010534,0.005654,0.088666,-0.000011,  16.416
  1048.0,0.010563,0.005661,0.089112,0.000028,  16.420
  1049.0,0.010611,0.005688,0.089438,0.000091,  16.423
  1050.0,0.010640,0.005715,0.089693,0.000067,  16.427
  1051.0,0.010665,0.005739,0.090073,0.000042,  16.433
  1052.0,0.010692,0.005768,0.090374,0.000042,  16.435
  1053.0,0.010718,0.005779,0.090623,0.000056,  16.431
  1054.0,0.010768,0.005793,0.090909,0.000056,  16.433
  1055.0,0.010794,0.005812,0.091103,0.000031,  16.432
  1056.0,0.010812,0.005824,0.091448,0.000056,  16.432
  1057.0,0.010835,0.005836,0.091538,0.000056,  16.424
  1058.0,0.010869,0.005860,0.091898,0.000031,  16.425
  1059.0,0.010891,0.005873,0.092178,-0.000008,  16.421
  1060.0,0.010926,0.005876,0.092406,0.000031,  16.413
  1061.0,0.010949,0.005883,0.092712,0.000031,  16.411
  1062.0,0.010968,0.005887,0.092906,0.000056,  16.408
  1063.0,0.010986,0.005910,0.092778,0.000031,  16.402
  1064.0,0.011016,0.005917,0.093090,0.000056,  16.402
  1065.0,0.011042,0.005932,0.093355,0.000056,  16.398
  1066.0,0.011068,0.005955,0.093433,0.000031,  16.395
  1067.0,0.011086,0.005953,0.093718,0.000056,  16.394
  1068.0,0.011117,0.005980,0.094094,0.000056,  16.390
  1069.0,0.011132,0.005997,0.094407,0.000031,  16.386
  1070.0,0.011174,0.006012,0.095008,0.000056,  16.386
  1071.0,0.011200,0.006017,0.094931,0.000017,  16.383
  1072.0,0.011222,0.006033,0.094957,0.000056,  16.387
  1073.0,0.011249,0.006040,0.095118,0.000042,  16.386
  1074.0,0.011260,0.006063,0.095469,0.000003,  16.386
  1075.0,0.011290,0.006071,0.095677,0.000028,  16.391
  1076.0,0.011312,0.006087,0.096019,0.000028,  16.383
  1077.0,0.011335,0.006100,0.095986,0.000017,  16.388
  1078.0,0.011361,0.006110,0.096496,0.000042,  16.392
  1079.0,0.011380,0.006109,0.096509,0.000017,  16.392
  1080.0,0.011406,0.006133,0.096888,0.000042,  16.390
  1081.0,0.011437,0.006157,0.097004,0.000042,  16.385
  1082.0,0.011464,0.006169,0.097350,0.000003,  16.382
  1083.0,0.011482,0.006181,0.097634,0.000042,  16.387
  1084.0,0.011517,0.006196,0.097887,0.000056,  16.375
  1085.0,0.011535,0.006207,0.098118,0.000003,  16.376
  1086.0,0.011542,0.006211,0.098306,0.000042,  16.377
  1087.0,0.011557,0.006213,0.098425,0.000042,  16.370
  1088.0,0.011580,0.006223,0.098412,0.000003,  16.363
  1089.0,0.011618,0.006235,0.098750,0.000042,  16.361
  1090.0,0.011641,0.006252,0.098926,0.000003,  16.359
  1091.0,0.011659,0.006266,0.099201,0.000042,  16.357
  1092.0,0.011682,0.006274,0.099810,0.000042,  16.355
  1093.0,0.011716,0.006294,0.099603,0.000003,  16.357
  1094.0,0.011727,0.006304,0.099800,0.000042,  16.360
  1095.0,0.011750,0.006319,0.100045,0.000056,  16.354
  1096.0,0.011773,0.006348,0.100171,0.000042,  16.361
  1097.0,0.011811,0.006357,0.100334,0.000067,  16.362
  1098.0,0.011841,0.006371,0.100485,0.000084,  16.363
  1099.0,0.011859,0.006394,0.100932,0.000070,  16.366
  1100.0,0.011882,0.006397,0.101316,0.000070,  16.363
  1101.0,0.011905,0.006415,0.101341,0.000031,  16.361
  1102.0,0.011931,0.006430,0.101606,0.000070,  16.363
  1103.0,0.011946,0.006445,0.101918,0.000070,  16.357
  1104.0,0.011965,0.006448,0.101956,0.000031,  16.361
  1105.0,0.011992,0.006457,0.102107,0.000056,  16.359
  1106.0,0.012015,0.006464,0.102221,0.000031,  16.356
  1107.0,0.012038,0.006474,0.102486,0.000056,  16.362
  1108.0,0.012041,0.006478,0.102694,0.000042,  16.358
  1109.0,0.012052,0.006478,0.102694,0.000003,  16.364
  1110.0,0.012059,0.006484,0.102928,0.000081,  16.364
  1111.0,0.012090,0.006499,0.102960,0.000042,  16.374
  1112.0,0.012104,0.006508,0.103295,0.000028,  16.374
  1113.0,0.012126,0.006511,0.103415,0.000091,  16.367
  1114.0,0.012154,0.006522,0.103523,0.000039,  16.374
  1115.0,0.012164,0.006534,0.103643,0.000067,  16.375
  1116.0,0.012175,0.006543,0.103906,0.000067,  16.368
  1117.0,0.012202,0.006551,0.104045,0.000067,  16.369
  1118.0,0.012221,0.006557,0.104153,0.000067,  16.367
  1119.0,0.012247,0.006575,0.104470,0.000067,  16.372
  1120.0,0.012258,0.006596,0.104635,0.000003,  16.365
  1121.0,0.012277,0.006598,0.104874,0.000042,  16.361
  1122.0,0.012296,0.006609,0.104876,0.000003,  16.365
  1123.0,0.012311,0.006615,0.105035,0.000028,  16.363
  1124.0,0.012330,0.006625,0.105130,0.000014,  16.360
  1125.0,0.012342,0.006633,0.105487,-0.000011,  16.352
  1126.0,0.012364,0.006634,0.105608,0.000028,  16.355
  1127.0,0.012388,0.006646,0.105601,0.000042,  16.359
  1128.0,0.012407,0.006663,0.105938,0.000003,  16.362
  1129.0,0.012413,0.006679,0.106107,0.000042,  16.363
  1130.0,0.012444,0.006694,0.106193,0.000042,  16.368
  1131.0,0.012451,0.006691,0.106340,0.000003,  16.371
  1132.0,0.012462,0.006684,0.106461,0.000042,  16.372
  1133.0,0.012477,0.006702,0.106594,0.000003,  16.378
  1134.0,0.012493,0.006708,0.106623,0.000014,  16.379
  1135.0,0.012524,0.006721,0.106795,0.000067,  16.383
  1136.0,0.012527,0.006714,0.107102,0.000067,  16.385
  1137.0,0.012527,0.006720,0.107099,0.000067,  16.384
  1138.0,0.012550,0.006738,0.107143,0.000067,  16.383
  1139.0,0.012568,0.006741,0.107517,0.000067,  16.380
  1140.0,0.012595,0.006748,0.107479,0.000028,  16.381
  1141.0,0.012599,0.006762,0.107379,-0.000011,  16.382
  1142.0,0.012617,0.006776,0.107760,0.000028,  16.378
  1143.0,0.012641,0.006784,0.107811,0.000000,  16.385
  1144.0,0.012660,0.006794,0.108135,-0.000025,  16.381
  1145.0,0.012681,0.006811,0.108278,0.000028,  16.382
  1146.0,0.012705,0.006818,0.108551,0.000028,  16.381
  1147.0,0.012719,0.006838,0.108451,0.000017,  16.376
  1148.0,0.012739,0.006845,0.108173,0.000042,  16.366
  1149.0,0.012750,0.006863,0.108738,0.000031,  16.364
  1150.0,0.012761,0.006866,0.109082,0.000056,  16.358
  1151.0,0.012795,0.006884,0.109297,0.000056,  16.356
  1152.0,0.012802,0.006885,0.109370,0.000031,  16.350
  1153.0,0.012817,0.006894,0.109683,0.000056,  16.349
  1154.0,0.012821,0.006895,0.109786,0.000056,  16.347
  1155.0,0.012836,0.006895,0.109921,0.000109,  16.342
  1156.0,0.012844,0.006904,0.110065,0.000056,  16.338
  1157.0,0.012855,0.006919,0.109990,0.000003,  16.333
  1158.0,0.012874,0.006915,0.110183,0.000028,  16.338
  1159.0,0.012881,0.006925,0.110322,0.000042,  16.333
  1160.0,0.012912,0.006934,0.110448,0.000003,  16.335
  1161.0,0.012927,0.006939,0.110553,0.000028,  16.340
  1162.0,0.012950,0.006951,0.110831,0.000028,  16.335
  1163.0,0.012961,0.006971,0.110988,0.000003,  16.342
  1164.0,0.012976,0.006974,0.111204,0.000042,  16.343
  1165.0,0.012992,0.006988,0.111407,0.000003,  16.343
  1166.0,0.012999,0.006997,0.111404,0.000042,  16.346
  1167.0,0.013026,0.007008,0.111620,0.000042,  16.345
  1168.0,0.013048,0.007026,0.111755,0.000017,  16.346
  1169.0,0.013067,0.007031,0.111900,0.000056,  16.349
  1170.0,0.013082,0.007045,0.109251,0.000056,  16.355
  1171.0,0.013101,0.007055,0.111438,0.000045,  16.363
  1172.0,0.013116,0.007079,0.112134,0.000084,  16.370
  1173.0,0.013131,0.007099,0.112486,0.000098,  16.379
  1174.0,0.013154,0.007098,0.112752,0.000112,  16.387
  1175.0,0.013161,0.007101,0.112950,0.000098,  16.392
  1176.0,0.013169,0.007117,0.113054,0.000073,  16.401
  1177.0,0.013173,0.007114,0.112984,0.000151,  16.408
  1178.0,0.013177,0.007111,0.113245,0.000137,  16.417
  1179.0,0.013173,0.007105,0.113232,0.000045,  16.413
  1180.0,0.013169,0.007101,0.113335,0.000070,  16.406
  1181.0,0.013173,0.007103,0.113377,0.000070,  16.393
  1182.0,0.013188,0.007112,0.113347,0.000031,  16.385
  1183.0,0.013195,0.007111,0.113441,0.000070,  16.378
  1184.0,0.013203,0.007129,0.113558,0.000031,  16.366
  1185.0,0.013218,0.007127,0.113640,0.000070,  16.362
  1186.0,0.013237,0.007123,0.113659,0.000070,  16.367
  1187.0,0.013237,0.007124,0.113677,0.000031,  16.365
  1188.0,0.013237,0.007106,0.113641,0.000056,  16.374
  1189.0,0.013230,0.007102,0.113753,0.000042,  16.375
  1190.0,0.013233,0.007111,0.113876,0.000003,  16.376
  1191.0,0.013252,0.007111,0.113853,0.000042,  16.384
  1192.0,0.013264,0.007136,0.113817,0.000017,  16.386
  1193.0,0.013262,0.007149,0.113738,0.000042,  16.395
  1194.0,0.013274,0.007152,0.114014,0.000056,  16.402
  1195.0,0.013305,0.007164,0.113870,0.000031,  16.409
  1196.0,0.013320,0.007168,0.114029,0.000056,  16.412
  1197.0,0.013328,0.007186,0.114201,0.000070,  16.416
  1198.0,0.013339,0.007202,0.114387,0.000031,  16.416
  1199.0,0.013347,0.007176,0.114567,0.000070,  16.417
  1200.0,0.013335,0.007183,0.114599,0.000031,  16.421
  1201.0,0.013332,0.007184,0.114694,0.000056,  16.418
  1202.0,0.013328,0.007169,0.114559,0.000042,  16.414
  1203.0,0.013340,0.007179,0.114504,-0.000011,  16.415
  1204.0,0.013339,0.007170,0.114540,0.000028,  16.411
  1205.0,0.013351,0.007170,0.114662,0.000028,  16.404
  1206.0,0.013347,0.007170,0.114631,-0.000011,  16.402
  1207.0,0.013367,0.007178,0.114663,0.000042,  16.398
  1208.0,0.013378,0.007177,0.114767,0.000028,  16.385
  1209.0,0.013377,0.007186,0.114908,-0.000011,  16.380
  1210.0,0.013381,0.007185,0.114980,0.000028,  16.367
  1211.0,0.013385,0.007193,0.114836,-0.000011,  16.349
  1212.0,0.013388,0.007195,0.115111,0.000028,  16.342
  1213.0,0.013392,0.007195,0.115075,0.000028,  16.337
  1214.0,0.013388,0.007188,0.115052,-0.000011,  16.329
  1215.0,0.013392,0.007174,0.114980,0.000067,  16.322
  1216.0,0.013388,0.007178,0.115003,0.000014,  16.318
  1217.0,0.013385,0.007174,0.114728,0.000028,  16.319
  1218.0,0.013385,0.007172,0.114705,0.000014,  16.308
  1219.0,0.013377,0.007176,0.114750,-0.000025,  16.305
  1220.0,0.013381,0.007171,0.114826,0.000014,  16.297
  1221.0,0.013381,0.007183,0.114866,0.000000,  16.288
  1222.0,0.013397,0.007180,0.114929,-0.000039,  16.279
  1223.0,0.013392,0.007186,0.114984,0.000014,  16.277
  1224.0,0.013401,0.007189,0.115010,0.000000,  16.274
  1225.0,0.013404,0.007196,0.115024,-0.000039,  16.268
  1226.0,0.013423,0.007199,0.114974,0.000014,  16.262
  1227.0,0.013426,0.007216,0.114872,-0.000011,  16.265
  1228.0,0.013425,0.007208,0.115075,0.000028,  16.259
  1229.0,0.013425,0.007212,0.114949,0.000014,  16.266
  1230.0,0.013425,0.007218,0.114877,-0.000011,  16.262
  1231.0,0.013424,0.007223,0.115149,0.000028,  16.265
  1232.0,0.013449,0.007235,0.115289,0.000028,  16.268
  1233.0,0.013453,0.007233,0.115479,-0.000011,  16.271
  1234.0,0.013445,0.007220,0.115551,0.000028,  16.273
  1235.0,0.013448,0.007239,0.115551,-0.000011,  16.282
  1236.0,0.013459,0.007240,0.115561,0.000042,  16.286
  1237.0,0.013475,0.007246,0.115376,0.000028,  16.293
  1238.0,0.013459,0.007238,0.115485,-0.000011,  16.302
  1239.0,0.013458,0.007251,0.115481,0.000028,  16.303
  1240.0,0.013478,0.007251,0.115576,0.000028,  16.313
  1241.0,0.013482,0.007262,0.115621,0.000003,  16.320
  1242.0,0.013490,0.007268,0.115686,0.000042,  16.327
  1243.0,0.013498,0.007268,0.115511,0.000056,  16.327
  1244.0,0.013513,0.007274,0.115444,0.000003,  16.327
  1245.0,0.013517,0.007270,0.115819,0.000042,  16.331
  1246.0,0.013513,0.007274,0.116009,0.000003,  16.334
  1247.0,0.013517,0.007276,0.116100,0.000042,  16.333
  1248.0,0.013521,0.007271,0.116205,0.000042,  16.338
  1249.0,0.013522,0.007278,0.116205,0.000003,  16.332
  1250.0,0.013517,0.007270,0.116277,0.000042,  16.333
  1251.0,0.013497,0.007280,0.116281,0.000042,  16.332
  1252.0,0.013485,0.007257,0.116113,0.000042,  16.329
  1253.0,0.013471,0.007244,0.116081,0.000028,  16.323
  1254.0,0.013463,0.007236,0.116072,0.000014,  16.326
  1255.0,0.013455,0.007243,0.115958,0.000028,  16.327
  1256.0,0.013463,0.007239,0.115935,0.000014,  16.327
  1257.0,0.013459,0.007227,0.115296,-0.000011,  16.333
  1258.0,0.013452,0.007225,0.114348,0.000028,  16.334
  1259.0,0.013452,0.007219,0.115241,0.000028,  16.335
  1260.0,0.013443,0.007219,0.115503,-0.000011,  16.334
  1261.0,0.013436,0.007224,0.115467,0.000028,  16.333
  1262.0,0.013444,0.007213,0.115557,-0.000011,  16.333
  1263.0,0.013428,0.007209,0.115485,0.000028,  16.335
  1264.0,0.013445,0.007202,0.115462,0.000028,  16.335
  1265.0,0.013422,0.007200,0.115434,-0.000011,  16.337
  1266.0,0.013417,0.007200,0.115365,0.000028,  16.337
  1267.0,0.013422,0.007209,0.115247,0.000014,  16.332
  1268.0,0.013418,0.007204,0.115193,-0.000011,  16.328
  1269.0,0.013414,0.007204,0.115229,0.000042,  16.325
  1270.0,0.013419,0.007205,0.114980,-0.000011,  16.321
  1271.0,0.013422,0.007205,0.115035,0.000028,  16.319
  1272.0,0.013415,0.007199,0.115124,0.000028,  16.318
  1273.0,0.013399,0.007191,0.115052,-0.000011,  16.316
  1274.0,0.013390,0.007191,0.114993,0.000028,  16.321
  1275.0,0.013388,0.007187,0.115007,0.000028,  16.322
  1276.0,0.013391,0.007187,0.115043,-0.000011,  16.324
  1277.0,0.013384,0.007184,0.114934,0.000028,  16.323
  1278.0,0.013376,0.007182,0.114938,-0.000011,  16.324
  1279.0,0.013385,0.007189,0.114961,0.000028,  16.330
  1280.0,0.013381,0.007181,0.114857,0.000028,  16.333
  1281.0,0.013385,0.007186,0.114893,-0.000011,  16.337
  1282.0,0.013377,0.007186,0.112786,0.000042,  16.344
  1283.0,0.013376,0.007179,0.114112,0.000056,  16.349
  1284.0,0.013369,0.007191,0.114402,0.000031,  16.346
  1285.0,0.013369,0.007187,0.114559,0.000056,  16.355
  1286.0,0.013361,0.007191,0.114680,0.000056,  16.358
  1287.0,0.013353,0.007188,0.114572,0.000003,  16.360
  1288.0,0.013353,0.007182,0.114572,0.000028,  16.373
  1289.0,0.013342,0.007176,0.114553,-0.000011,  16.382
  1290.0,0.013341,0.007185,0.114639,0.000028,  16.385
  1291.0,0.013335,0.007177,0.113116,0.000042,  16.396
  1292.0,0.013324,0.007160,0.113331,0.000003,  16.404
  1293.0,0.013320,0.007150,0.114006,0.000003,  16.409
  1294.0,0.013313,0.007163,0.114160,0.000003,  16.413
  1295.0,0.013313,0.007151,0.113984,0.000003,  16.420
  1296.0,0.013301,0.007147,0.114163,0.000003,  16.417
  1297.0,0.013285,0.007141,0.114239,0.000003,  16.420
  1298.0,0.013281,0.007150,0.114256,-0.000036,  16.423
  1299.0,0.013272,0.007156,0.114165,0.000003,  16.430
  1300.0,0.013273,0.007161,0.114198,0.000003,  16.427
  1301.0,0.013258,0.007152,0.114211,-0.000036,  16.434
  1302.0,0.013243,0.007133,0.114251,0.000003,  16.434
  1303.0,0.013235,0.007131,0.114232,0.000017,  16.436
  1304.0,0.013204,0.007109,0.114236,0.000017,  16.431
  1305.0,0.013197,0.007107,0.114050,0.000017,  16.435
  1306.0,0.013175,0.007085,0.113923,-0.000050,  16.429
  1307.0,0.013168,0.007085,0.113504,-0.000011,  16.423
  1308.0,0.013149,0.007070,0.113407,-0.000011,  16.423
  1309.0,0.013118,0.007044,0.113203,-0.000050,  16.418
  1310.0,0.013098,0.007040,0.112950,-0.000025,  16.422
  1311.0,0.013095,0.007026,0.112773,-0.000025,  16.414
  1312.0,0.013079,0.007012,0.112656,-0.000064,  16.414
  1313.0,0.013089,0.007023,0.112667,-0.000039,  16.411
  1314.0,0.013076,0.007015,0.112564,-0.000064,  16.409
  1315.0,0.013053,0.007012,0.112522,-0.000025,  16.412
  1316.0,0.013050,0.007009,0.112324,-0.000011,  16.415
  1317.0,0.013039,0.007002,0.111989,-0.000064,  16.411
  1318.0,0.013026,0.006994,0.112234,-0.000025,  16.421
  1319.0,0.013039,0.007005,0.112232,-0.000011,  16.420
  1320.0,0.013035,0.007001,0.112192,-0.000050,  16.423
  1321.0,0.013023,0.007003,0.112160,-0.000011,  16.427
  1322.0,0.013016,0.007006,0.112151,-0.000036,  16.434
  1323.0,0.012991,0.006998,0.111998,0.000003,  16.437
  1324.0,0.012992,0.006995,0.111944,0.000003,  16.436
  1325.0,0.012966,0.006977,0.111866,-0.000064,  16.444
  1326.0,0.012939,0.006962,0.111498,-0.000025,  16.444
  1327.0,0.012921,0.006938,0.111285,-0.000011,  16.445
  1328.0,0.012891,0.006917,0.111212,-0.000050,  16.442
  1329.0,0.012876,0.006907,0.111018,-0.000025,  16.440
  1330.0,0.012853,0.006879,0.110722,-0.000039,  16.444
  1331.0,0.012818,0.006860,0.110416,-0.000053,  16.442
  1332.0,0.012804,0.006856,0.110294,-0.000039,  16.445
  1333.0,0.012785,0.006844,0.110149,-0.000092,  16.445
  1334.0,0.012769,0.006843,0.109876,-0.000053,  16.439
  1335.0,0.012755,0.006825,0.109838,-0.000067,  16.440
  1336.0,0.012740,0.006811,0.109658,-0.000078,  16.438
  1337.0,0.012740,0.006813,0.109501,-0.000067,  16.439
  1338.0,0.012740,0.006820,0.109407,-0.000053,  16.431
  1339.0,0.012736,0.006820,0.109220,-0.000014,  16.426
  1340.0,0.012717,0.006813,0.109259,-0.000053,  16.418
  1341.0,0.012702,0.006811,0.109228,-0.000078,  16.418
  1342.0,0.012702,0.006811,0.109106,-0.000053,  16.416
  1343.0,0.012694,0.006802,0.108968,-0.000039,  16.410
  1344.0,0.012670,0.006790,0.108833,-0.000064,  16.405
  1345.0,0.012647,0.006778,0.108792,-0.000039,  16.399
  1346.0,0.012637,0.006774,0.108795,-0.000039,  16.399
  1347.0,0.012625,0.006780,0.108484,-0.000064,  16.398
  1348.0,0.012618,0.006789,0.108504,-0.000039,  16.394
  1349.0,0.012596,0.006761,0.108411,-0.000064,  16.393
  1350.0,0.012569,0.006736,0.108212,-0.000039,  16.386
  1351.0,0.012551,0.006734,0.107869,-0.000039,  16.385
  1352.0,0.012528,0.006726,0.104684,-0.000078,  16.379
  1353.0,0.012505,0.006709,0.106516,-0.000053,  16.378
  1354.0,0.012498,0.006695,0.107115,-0.000067,  16.371
  1355.0,0.012483,0.006680,0.107074,-0.000014,  16.368
  1356.0,0.012464,0.006671,0.107090,-0.000028,  16.368
  1357.0,0.012453,0.006669,0.106911,-0.000053,  16.362
  1358.0,0.012422,0.006651,0.106790,-0.000014,  16.362
  1359.0,0.012411,0.006639,0.106656,-0.000067,  16.356
  1360.0,0.012393,0.006616,0.106456,-0.000028,  16.358
  1361.0,0.012365,0.006613,0.106268,-0.000042,  16.348
  1362.0,0.012350,0.006603,0.106028,-0.000067,  16.353
  1363.0,0.012343,0.006601,0.105952,-0.000014,  16.355
  1364.0,0.012328,0.006589,0.105946,-0.000042,  16.352
  1365.0,0.012297,0.006580,0.105618,-0.000067,  16.348
  1366.0,0.012285,0.006574,0.105516,-0.000042,  16.352
  1367.0,0.012287,0.006562,0.105465,-0.000067,  16.350
  1368.0,0.012287,0.006571,0.105376,-0.000014,  16.350
  1369.0,0.012252,0.006568,0.105195,0.000011,  16.347
  1370.0,0.012242,0.006566,0.104941,0.000011,  16.343
  1371.0,0.012213,0.006556,0.104814,0.000025,  16.346
  1372.0,0.012203,0.006549,0.104846,-0.000003,  16.339
  1373.0,0.012203,0.006546,0.104547,0.000011,  16.340
  1374.0,0.012172,0.006526,0.104519,0.000011,  16.337
  1375.0,0.012159,0.006527,0.104411,-0.000003,  16.334
  1376.0,0.012135,0.006509,0.104325,-0.000042,  16.336
  1377.0,0.012104,0.006491,0.104192,-0.000028,  16.334
  1378.0,0.012097,0.006489,0.104215,-0.000003,  16.331
  1379.0,0.012074,0.006472,0.103672,-0.000017,  16.330
  1380.0,0.012056,0.006463,0.103473,0.000046,  16.330
  1381.0,0.012057,0.006466,0.103489,0.000060,  16.325
  1382.0,0.012032,0.006462,0.103254,0.000032,  16.331
  1383.0,0.012030,0.006458,0.102983,0.000057,  16.331
  1384.0,0.012006,0.006447,0.103017,-0.000020,  16.340
  1385.0,0.011983,0.006430,0.102948,0.000019,  16.342
  1386.0,0.011980,0.006442,0.102900,0.000019,  16.341
  1387.0,0.011968,0.006452,0.100438,0.000046,  16.341
  1388.0,0.011949,0.006449,0.101716,0.000032,  16.348
  1389.0,0.011934,0.006421,0.102315,0.000032,  16.351
  1390.0,0.011903,0.006403,0.102391,0.000032,  16.357
  1391.0,0.011885,0.006394,0.102372,0.000032,  16.356
  1392.0,0.011874,0.006383,0.102139,0.000008,  16.365
  1393.0,0.011839,0.006373,0.102019,0.000046,  16.371
  1394.0,0.011820,0.006372,0.101808,0.000060,  16.376
  1395.0,0.011797,0.006364,0.101653,0.000046,  16.372
  1396.0,0.011771,0.006330,0.099700,0.000046,  16.370
  1397.0,0.011757,0.006321,0.100683,0.000046,  16.368
  1398.0,0.011727,0.006292,0.100793,0.000032,  16.368
  1399.0,0.011704,0.006284,0.100734,0.000032,  16.365
  1400.0,0.011689,0.006272,0.100557,-0.000006,  16.360
  1401.0,0.011649,0.006264,0.100384,0.000032,  16.355
  1402.0,0.011651,0.006267,0.100287,0.000032,  16.341
  1403.0,0.011632,0.006261,0.100029,0.000032,  16.332
  1404.0,0.011605,0.006248,0.099819,0.000032,  16.322
  1405.0,0.011611,0.006252,0.099722,0.000046,  16.316
  1406.0,0.011583,0.006237,0.099659,0.000046,  16.307
  1407.0,0.011588,0.006250,0.099524,0.000032,  16.303
  1408.0,0.011568,0.006232,0.099323,0.000022,  16.299
  1409.0,0.011533,0.006228,0.099226,0.000022,  16.292
  1410.0,0.011531,0.006214,0.099151,-0.000017,  16.293
  1411.0,0.011516,0.006205,0.099007,0.000022,  16.294
  1412.0,0.011488,0.006192,0.098875,0.000022,  16.297
  1413.0,0.011474,0.006186,0.098722,0.000060,  16.301
  1414.0,0.011455,0.006175,0.098600,0.000060,  16.305
  1415.0,0.011424,0.006157,0.098481,0.000074,  16.307
  1416.0,0.011422,0.006156,0.098259,0.000022,  16.318
  1417.0,0.011399,0.006147,0.098174,0.000022,  16.325
  1418.0,0.011381,0.006132,0.097965,0.000022,  16.331
  1419.0,0.011357,0.006126,0.097777,-0.000017,  16.339
  1420.0,0.011339,0.006115,0.097690,0.000036,  16.348
  1421.0,0.011324,0.006105,0.097640,0.000011,  16.349
  1422.0,0.011290,0.006091,0.097443,-0.000028,  16.352
  1423.0,0.011255,0.006066,0.095646,-0.000042,  16.353
  1424.0,0.011242,0.006052,0.096474,-0.000003,  16.355
  1425.0,0.011223,0.006041,0.096617,0.000008,  16.358
  1426.0,0.011204,0.006033,0.096511,0.000008,  16.354
  1427.0,0.011173,0.006022,0.096240,-0.000017,  16.349
  1428.0,0.011138,0.006007,0.096131,0.000022,  16.349
  1429.0,0.011131,0.005998,0.095761,-0.000017,  16.340
  1430.0,0.011116,0.005992,0.095860,-0.000003,  16.334
  1431.0,0.011093,0.005992,0.095819,0.000036,  16.326
  1432.0,0.011071,0.005978,0.095512,0.000011,  16.320
  1433.0,0.011041,0.005966,0.095307,0.000022,  16.313
  1434.0,0.011026,0.005961,0.095173,0.000022,  16.311
  1435.0,0.011007,0.005939,0.094891,0.000022,  16.309
  1436.0,0.010981,0.005930,0.094770,0.000036,  16.311
  1437.0,0.010956,0.005907,0.094599,-0.000003,  16.312
  1438.0,0.010909,0.005897,0.094135,0.000036,  16.317
  1439.0,0.010878,0.005876,0.093945,0.000022,  16.321
  1440.0,0.010861,0.005858,0.094167,-0.000017,  16.320
  1441.0,0.010838,0.005837,0.093626,0.000022,  16.323
  1442.0,0.010824,0.005823,0.093342,0.000022,  16.327
  1443.0,0.010813,0.005815,0.093215,-0.000053,  16.332
  1444.0,0.010789,0.005818,0.092780,0.000011,  16.333
  1445.0,0.010779,0.005800,0.092743,0.000011,  16.336
  1446.0,0.010744,0.005794,0.092635,-0.000003,  16.344
  1447.0,0.010709,0.005768,0.092477,-0.000003,  16.345
  1448.0,0.010695,0.005766,0.092131,0.000011,  16.350
  1449.0,0.010672,0.005757,0.091980,0.000036,  16.353
  1450.0,0.010654,0.005754,0.091762,0.000036,  16.356
  1451.0,0.010631,0.005740,0.091656,-0.000017,  16.358
  1452.0,0.010584,0.005712,0.091364,0.000022,  16.358
  1453.0,0.010574,0.005690,0.091250,-0.000017,  16.364
  1454.0,0.010547,0.005683,0.091056,0.000008,  16.365
  1455.0,0.010521,0.005683,0.090963,0.000022,  16.358
  1456.0,0.010507,0.005660,0.090433,-0.000017,  16.356
  1457.0,0.010481,0.005666,0.090432,0.000022,  16.352
  1458.0,0.010458,0.005635,0.090135,0.000022,  16.354
  1459.0,0.010459,0.005635,0.089911,-0.000017,  16.346
  1460.0,0.010428,0.005617,0.089751,0.000022,  16.339
  1461.0,0.010402,0.005590,0.089658,-0.000017,  16.337
  1462.0,0.010364,0.005579,0.089391,0.000022,  16.322
  1463.0,0.010337,0.005558,0.089155,0.000008,  16.319
  1464.0,0.010319,0.005558,0.088962,-0.000017,  16.313
  1465.0,0.010312,0.005540,0.088688,0.000008,  16.309
  1466.0,0.010265,0.005526,0.088419,0.000008,  16.309
  1467.0,0.010240,0.005512,0.088296,-0.000017,  16.310
  1468.0,0.010230,0.005505,0.088104,0.000071,  16.303
  1469.0,0.010211,0.005487,0.087887,0.000046,  16.302
  1470.0,0.010184,0.005479,0.087719,-0.000028,  16.308
  1471.0,0.010150,0.005465,0.087517,0.000011,  16.299
  1472.0,0.010121,0.005444,0.087296,-0.000028,  16.301
  1473.0,0.010094,0.005436,0.086971,-0.000017,  16.308
  1474.0,0.010075,0.005416,0.085752,-0.000056,  16.309
  1475.0,0.010057,0.005404,0.085497,-0.000042,  16.314
  1476.0,0.010022,0.005380,0.085823,-0.000031,  16.316
  1477.0,0.010005,0.005369,0.085939,-0.000031,  16.320
  1478.0,0.009974,0.005363,0.085525,0.000022,  16.321
  1479.0,0.009947,0.005348,0.085596,-0.000003,  16.328
  1480.0,0.009937,0.005335,0.085483,-0.000003,  16.330
  1481.0,0.009898,0.005326,0.085098,-0.000031,  16.339
  1482.0,0.009876,0.005312,0.084721,-0.000045,  16.342
  1483.0,0.009853,0.005299,0.084695,-0.000045,  16.343
  1484.0,0.009831,0.005289,0.084549,0.000008,  16.348
  1485.0,0.009806,0.005273,0.084504,0.000005,  16.349
  1486.0,0.009771,0.005254,0.084139,-0.000020,  16.349
  1487.0,0.009740,0.005243,0.083882,-0.000006,  16.352
  1488.0,0.009737,0.005240,0.083769,-0.000045,  16.357
  1489.0,0.009733,0.005227,0.083499,-0.000006,  16.358
  1490.0,0.009699,0.005221,0.083329,0.000005,  16.359
  1491.0,0.009677,0.005210,0.083216,0.000019,  16.360
  1492.0,0.009666,0.005202,0.083059,0.000046,  16.359
  1493.0,0.009640,0.005191,0.082932,0.000008,  16.363
  1494.0,0.009611,0.005179,0.082777,-0.000017,  16.358
  1495.0,0.009574,0.005168,0.082409,0.000022,  16.361
  1496.0,0.009568,0.005153,0.082284,-0.000017,  16.363
  1497.0,0.009546,0.005149,0.082160,-0.000003,  16.369
  1498.0,0.009495,0.005117,0.081820,-0.000042,  16.372
  1499.0,0.009486,0.005109,0.081413,-0.000017,  16.378
  1500.0,0.009456,0.005078,0.081261,-0.000017,  16.371
  1501.0,0.009429,0.005055,0.080910,-0.000042,  16.375
  1502.0,0.009414,0.005063,0.080754,-0.000067,  16.366
  1503.0,0.009398,0.005061,0.080651,-0.000042,  16.357
  1504.0,0.009380,0.005061,0.080392,-0.000042,  16.345
  1505.0,0.009361,0.005051,0.080310,-0.000003,  16.343
  1506.0,0.009326,0.005031,0.080163,0.000022,  16.340
  1507.0,0.009304,0.005028,0.079804,-0.000017,  16.349
  1508.0,0.009278,0.005003,0.079722,-0.000003,  16.342
  1509.0,0.009252,0.004975,0.079438,-0.000017,  16.344
  1510.0,0.009226,0.004966,0.079242,-0.000042,  16.349
  1511.0,0.009184,0.004942,0.078882,-0.000031,  16.342
  1512.0,0.009170,0.004924,0.078684,-0.000031,  16.334
  1513.0,0.009128,0.004911,0.078359,-0.000031,  16.337
  1514.0,0.009094,0.004893,0.078194,-0.000031,  16.333
  1515.0,0.009072,0.004883,0.078031,-0.000067,  16.326
  1516.0,0.009041,0.004862,0.077641,-0.000056,  16.314
  1517.0,0.009020,0.004845,0.077421,-0.000031,  16.305
  1518.0,0.008997,0.004831,0.077108,-0.000031,  16.304
  1519.0,0.008967,0.004818,0.076920,-0.000045,  16.299
  1520.0,0.008962,0.004812,0.076725,-0.000045,  16.302
  1521.0,0.008927,0.004794,0.076517,-0.000045,  16.301
  1522.0,0.008893,0.004777,0.076245,-0.000045,  16.299
  1523.0,0.008879,0.004759,0.075985,-0.000031,  16.298
  1524.0,0.008852,0.004752,0.075776,-0.000042,  16.300
  1525.0,0.008815,0.004734,0.075441,-0.000042,  16.305
  1526.0,0.008792,0.004734,0.075235,-0.000017,  16.304
  1527.0,0.008766,0.004715,0.074996,-0.000031,  16.306
  1528.0,0.008741,0.004700,0.074800,-0.000031,  16.306
  1529.0,0.008714,0.004687,0.074489,-0.000095,  16.305
  1530.0,0.008687,0.004677,0.074398,-0.000067,  16.304
  1531.0,0.008673,0.004651,0.074180,-0.000067,  16.308
  1532.0,0.008645,0.004644,0.073845,-0.000028,  16.316
  1533.0,0.008619,0.004642,0.073745,-0.000003,  16.320
  1534.0,0.008606,0.004633,0.073600,-0.000017,  16.320
  1535.0,0.008568,0.004616,0.073311,-0.000017,  16.330
  1536.0,0.008553,0.004596,0.072892,0.000008,  16.338
  1537.0,0.008518,0.004589,0.072813,-0.000017,  16.345
  1538.0,0.008495,0.004582,0.072775,0.000008,  16.345
  1539.0,0.008465,0.004561,0.072526,-0.000017,  16.348
  1540.0,0.008435,0.004541,0.072258,-0.000017,  16.351
  1541.0,0.008397,0.004519,0.071967,-0.000031,  16.348
  1542.0,0.008387,0.004502,0.071658,-0.000031,  16.347
  1543.0,0.008357,0.004494,0.071536,-0.000045,  16.350
  1544.0,0.008335,0.004488,0.071310,-0.000042,  16.346
  1545.0,0.008308,0.004490,0.071000,-0.000067,  16.345
  1546.0,0.008293,0.004473,0.070835,0.000011,  16.347
  1547.0,0.008279,0.004455,0.070703,-0.000003,  16.346
  1548.0,0.008248,0.004454,0.070643,0.000022,  16.350
  1549.0,0.008218,0.004438,0.070353,-0.000028,  16.357
  1550.0,0.008211,0.004444,0.070421,-0.000039,  16.358
  1551.0,0.008208,0.004439,0.070191,0.000014,  16.362
  1552.0,0.008185,0.004425,0.069975,-0.000028,  16.362
  1553.0,0.008167,0.004413,0.069842,-0.000053,  16.369
  1554.0,0.008124,0.004402,0.069512,-0.000078,  16.367
  1555.0,0.008106,0.004383,0.067809,-0.000039,  16.364
  1556.0,0.008083,0.004370,0.068549,-0.000025,  16.365
  1557.0,0.008053,0.004358,0.068887,-0.000028,  16.363
  1558.0,0.008024,0.004350,0.068755,-0.000067,  16.369
  1559.0,0.007997,0.004331,0.066880,0.000000,  16.370
  1560.0,0.007971,0.004300,0.067597,0.000000,  16.369
  1561.0,0.007950,0.004283,0.067810,-0.000014,  16.375
  1562.0,0.007926,0.004260,0.067876,-0.000014,  16.372
  1563.0,0.007905,0.004250,0.067652,-0.000014,  16.373
  1564.0,0.007863,0.004239,0.067553,-0.000067,  16.379
  1565.0,0.007822,0.004227,0.067245,-0.000053,  16.383
  1566.0,0.007792,0.004203,0.066930,-0.000067,  16.381
  1567.0,0.007766,0.004183,0.066592,-0.000092,  16.387
  1568.0,0.007732,0.004157,0.063684,-0.000106,  16.390
  1569.0,0.007707,0.004131,0.065200,-0.000106,  16.388
  1570.0,0.007656,0.004120,0.065473,-0.000133,  16.394
  1571.0,0.007647,0.004104,0.065282,-0.000070,  16.392
  1572.0,0.007620,0.004093,0.065132,-0.000133,  16.392
  1573.0,0.007598,0.004079,0.064907,-0.000081,  16.392
  1574.0,0.007568,0.004059,0.064664,-0.000067,  16.391
  1575.0,0.007557,0.004054,0.064409,-0.000042,  16.396
  1576.0,0.007534,0.004041,0.064363,-0.000042,  16.394
  1577.0,0.007519,0.004042,0.064108,-0.000053,  16.395
  1578.0,0.007489,0.004030,0.063864,-0.000042,  16.396
  1579.0,0.007459,0.004010,0.063624,-0.000017,  16.398
  1580.0,0.007430,0.003995,0.063154,-0.000017,  16.400
  1581.0,0.007383,0.003975,0.063014,-0.000017,  16.396
  1582.0,0.007374,0.003957,0.062793,-0.000056,  16.399
  1583.0,0.007333,0.003935,0.062603,-0.000070,  16.398
  1584.0,0.007297,0.003915,0.062238,-0.000056,  16.406
  1585.0,0.007276,0.003901,0.062047,-0.000095,  16.404
  1586.0,0.007268,0.003906,0.061712,-0.000081,  16.403
  1587.0,0.007246,0.003897,0.061725,-0.000017,  16.409
  1588.0,0.007239,0.003905,0.061575,-0.000017,  16.408
  1589.0,0.007236,0.003896,0.059643,-0.000042,  16.408
  1590.0,0.007209,0.003887,0.060743,-0.000081,  16.412
  1591.0,0.007198,0.003873,0.060724,-0.000092,  16.408
  1592.0,0.007152,0.003862,0.060686,-0.000042,  16.414
  1593.0,0.007119,0.003848,0.060598,-0.000067,  16.413
  1594.0,0.007105,0.003821,0.060428,-0.000092,  16.417
  1595.0,0.007068,0.003794,0.060158,-0.000067,  16.415
  1596.0,0.007057,0.003783,0.059948,-0.000067,  16.412
  1597.0,0.007027,0.003760,0.059698,-0.000081,  16.411
  1598.0,0.006993,0.003737,0.059478,-0.000081,  16.417
  1599.0,0.006963,0.003736,0.059166,-0.000056,  16.417
  1600.0,0.006929,0.003717,0.059058,-0.000070,  16.416
  1601.0,0.006903,0.003710,0.058747,-0.000081,  16.416
  1602.0,0.006885,0.003697,0.058253,-0.000031,  16.419
  1603.0,0.006859,0.003678,0.058136,-0.000056,  16.417
  1604.0,0.006835,0.003668,0.057987,-0.000095,  16.414
  1605.0,0.006817,0.003661,0.057737,-0.000095,  16.412
  1606.0,0.006798,0.003656,0.057850,-0.000084,  16.419
  1607.0,0.006783,0.003648,0.057406,-0.000045,  16.414
  1608.0,0.006757,0.003635,0.057339,-0.000056,  16.414
  1609.0,0.006731,0.003623,0.057200,-0.000067,  16.411
  1610.0,0.006706,0.003597,0.056852,-0.000017,  16.414
  1611.0,0.006676,0.003578,0.056240,-0.000017,  16.405
  1612.0,0.006639,0.003553,0.056235,-0.000095,  16.407
  1613.0,0.006597,0.003531,0.055967,-0.000045,  16.403
  1614.0,0.006567,0.003505,0.055730,-0.000056,  16.397
  1615.0,0.006534,0.003485,0.055413,-0.000070,  16.395
  1616.0,0.006513,0.003467,0.055085,-0.000109,  16.393
  1617.0,0.006471,0.003449,0.054828,-0.000095,  16.384
  1618.0,0.006449,0.003431,0.054531,-0.000161,  16.380
  1619.0,0.006430,0.003426,0.054635,-0.000123,  16.375
  1620.0,0.006408,0.003409,0.053917,-0.000123,  16.377
  1621.0,0.006393,0.003401,0.053770,-0.000098,  16.375
  1622.0,0.006371,0.003402,0.053622,-0.000112,  16.369
  1623.0,0.006346,0.003400,0.053365,-0.000095,  16.366
  1624.0,0.006347,0.003395,0.053126,-0.000070,  16.369
  1625.0,0.006329,0.003384,0.053057,-0.000095,  16.366
  1626.0,0.006319,0.003387,0.052979,-0.000070,  16.371
  1627.0,0.006284,0.003366,0.052581,-0.000031,  16.375
  1628.0,0.006266,0.003367,0.052405,-0.000017,  16.373
  1629.0,0.006236,0.003355,0.052147,-0.000031,  16.378
  1630.0,0.006217,0.003338,0.052030,-0.000031,  16.378
  1631.0,0.006195,0.003330,0.052002,-0.000095,  16.379
  1632.0,0.006170,0.003309,0.051826,-0.000042,  16.376
  1633.0,0.006151,0.003287,0.051352,-0.000095,  16.376
  1634.0,0.006118,0.003276,0.051394,-0.000147,  16.372
  1635.0,0.006078,0.003255,0.051207,-0.000098,  16.370
  1636.0,0.006062,0.003236,0.050783,-0.000137,  16.365
  1637.0,0.006040,0.003231,0.050518,-0.000084,  16.357
  1638.0,0.006032,0.003231,0.050311,-0.000109,  16.360
  1639.0,0.006017,0.003217,0.050145,-0.000095,  16.352
  1640.0,0.005982,0.003214,0.050038,-0.000070,  16.345
  1641.0,0.005960,0.003193,0.049763,-0.000109,  16.333
  1642.0,0.005934,0.003173,0.049686,-0.000070,  16.330
  1643.0,0.005912,0.003155,0.049580,-0.000070,  16.323
  1644.0,0.005881,0.003154,0.049255,-0.000095,  16.317
  1645.0,0.005864,0.003133,0.048991,-0.000084,  16.316
  1646.0,0.005830,0.003118,0.048915,-0.000084,  16.308
  1647.0,0.005808,0.003107,0.048807,-0.000123,  16.307
  1648.0,0.005793,0.003089,0.048563,-0.000070,  16.302
  1649.0,0.005763,0.003077,0.048240,-0.000084,  16.300
  1650.0,0.005741,0.003054,0.047947,-0.000123,  16.292
  1651.0,0.005720,0.003043,0.047801,-0.000084,  16.295
  1652.0,0.005690,0.003035,0.047647,-0.000073,  16.301
  1653.0,0.005670,0.003028,0.047520,-0.000059,  16.295
  1654.0,0.005644,0.003016,0.047218,-0.000059,  16.298
  1655.0,0.005626,0.002996,0.046944,-0.000059,  16.304
  1656.0,0.005607,0.002984,0.046780,-0.000059,  16.306
  1657.0,0.005576,0.002976,0.046556,-0.000073,  16.303
  1658.0,0.005553,0.002962,0.046294,-0.000059,  16.310
  1659.0,0.005543,0.002965,0.045835,-0.000098,  16.311
  1660.0,0.005528,0.002958,0.045894,-0.000137,  16.316
  1661.0,0.005505,0.002950,0.045475,-0.000098,  16.315
  1662.0,0.005498,0.002936,0.045691,-0.000034,  16.322
  1663.0,0.005472,0.002940,0.045507,-0.000109,  16.331
  1664.0,0.005450,0.002928,0.045410,-0.000045,  16.329
  1665.0,0.005440,0.002910,0.045353,-0.000045,  16.340
  1666.0,0.005412,0.002902,0.045110,-0.000045,  16.341
  1667.0,0.005406,0.002892,0.044809,-0.000059,  16.342
  1668.0,0.005384,0.002887,0.044820,-0.000059,  16.343
  1669.0,0.005385,0.002880,0.044762,-0.000020,  16.345
  1670.0,0.005351,0.002863,0.044578,-0.000020,  16.345
  1671.0,0.005328,0.002867,0.044384,-0.000031,  16.345
  1672.0,0.005305,0.002841,0.044268,-0.000017,  16.341
  1673.0,0.005291,0.002840,0.044007,-0.000042,  16.341
  1674.0,0.005288,0.002829,0.043745,-0.000081,  16.337
  1675.0,0.005265,0.002816,0.043659,-0.000056,  16.336
  1676.0,0.005239,0.002810,0.043563,-0.000095,  16.336
  1677.0,0.005216,0.002804,0.043582,-0.000056,  16.329
  1678.0,0.005205,0.002800,0.043351,-0.000081,  16.329
  1679.0,0.005179,0.002784,0.042886,-0.000081,  16.326
  1680.0,0.005141,0.002765,0.042858,-0.000070,  16.318
  1681.0,0.005128,0.002747,0.042714,-0.000084,  16.317
  1682.0,0.005097,0.002747,0.042618,-0.000098,  16.315
  1683.0,0.005082,0.002743,0.042377,-0.000084,  16.306
  1684.0,0.005064,0.002715,0.042272,-0.000123,  16.308
  1685.0,0.005029,0.002698,0.042079,-0.000084,  16.306
  1686.0,0.005012,0.002692,0.041587,-0.000070,  16.303
  1687.0,0.004989,0.002687,0.041415,-0.000070,  16.300
  1688.0,0.004962,0.002658,0.041329,-0.000059,  16.297
  1689.0,0.004949,0.002648,0.041252,-0.000095,  16.301
  1690.0,0.004934,0.002645,0.041108,-0.000095,  16.292
  1691.0,0.004910,0.002622,0.040811,-0.000098,  16.294
  1692.0,0.004889,0.002620,0.040725,-0.000123,  16.297
  1693.0,0.004858,0.002602,0.040590,-0.000147,  16.292
  1694.0,0.004841,0.002585,0.040428,-0.000109,  16.289
  1695.0,0.004835,0.002584,0.040217,-0.000095,  16.294
  1696.0,0.004816,0.002573,0.039862,-0.000133,  16.289
  1697.0,0.004785,0.002565,0.039824,-0.000070,  16.291
  1698.0,0.004770,0.002562,0.039681,-0.000095,  16.297
  1699.0,0.004763,0.002547,0.039595,-0.000133,  16.301
  1700.0,0.004737,0.002542,0.039413,-0.000119,  16.306
  1701.0,0.004719,0.002533,0.039231,-0.000056,  16.310
  1702.0,0.004716,0.002522,0.039002,-0.000017,  16.312
  1703.0,0.004708,0.002519,0.039012,-0.000031,  16.315
  1704.0,0.004675,0.002503,0.038725,-0.000095,  16.316
  1705.0,0.004644,0.002497,0.038601,-0.000081,  16.315
  1706.0,0.004629,0.002487,0.038429,-0.000081,  16.315
  1707.0,0.004616,0.002473,0.038124,-0.000133,  16.316
  1708.0,0.004592,0.002458,0.038067,-0.000109,  16.320
  1709.0,0.004562,0.002451,0.037838,-0.000133,  16.321
  1710.0,0.004548,0.002431,0.037705,-0.000095,  16.326
  1711.0,0.004533,0.002423,0.037324,-0.000095,  16.326
  1712.0,0.004510,0.002407,0.037286,-0.000133,  16.329
  1713.0,0.004476,0.002401,0.037058,-0.000133,  16.328
  1714.0,0.004458,0.002389,0.036915,-0.000109,  16.330
  1715.0,0.004423,0.002365,0.034478,-0.000112,  16.335
  1716.0,0.004412,0.002362,0.035747,-0.000059,  16.335
  1717.0,0.004394,0.002360,0.036136,-0.000059,  16.335
  1718.0,0.004403,0.002344,0.036165,-0.000070,  16.332
  1719.0,0.004373,0.002345,0.035586,-0.000123,  16.329
  1720.0,0.004358,0.002328,0.035785,-0.000073,  16.325
  1721.0,0.004336,0.002327,0.035795,-0.000070,  16.323
  1722.0,0.004321,0.002316,0.034923,-0.000081,  16.326
  1723.0,0.004302,0.002296,0.033752,-0.000119,  16.329
  1724.0,0.004287,0.002302,0.034734,-0.000119,  16.324
  1725.0,0.004276,0.002300,0.034971,-0.000067,  16.331
  1726.0,0.004265,0.002297,0.034725,-0.000106,  16.334
  1727.0,0.004255,0.002302,0.034914,-0.000067,  16.335
  1728.0,0.004239,0.002288,0.034914,-0.000106,  16.338
  1729.0,0.004221,0.002267,0.034772,-0.000081,  16.340
  1730.0,0.004202,0.002270,0.032980,-0.000067,  16.350
  1731.0,0.004191,0.002264,0.033979,-0.000119,  16.352
  1732.0,0.004169,0.002253,0.034224,-0.000081,  16.356
  1733.0,0.004154,0.002240,0.033894,-0.000081,  16.359
  1734.0,0.004132,0.002221,0.033309,-0.000130,  16.371
  1735.0,0.004125,0.002223,0.033601,-0.000092,  16.370
  1736.0,0.004095,0.002204,0.033677,-0.000078,  16.380
  1737.0,0.004088,0.002201,0.033648,-0.000106,  16.380
  1738.0,0.004058,0.002199,0.033422,-0.000130,  16.388
  1739.0,0.004039,0.002186,0.033252,-0.000116,  16.390
  1740.0,0.004025,0.002179,0.033102,-0.000067,  16.388
  1741.0,0.003998,0.002155,0.032876,-0.000067,  16.390
  1742.0,0.003975,0.002140,0.032603,-0.000106,  16.388
  1743.0,0.003961,0.002125,0.032565,-0.000106,  16.389
  1744.0,0.003943,0.002114,0.032095,-0.000095,  16.393
  1745.0,0.003932,0.002105,0.031588,-0.000056,  16.392
  1746.0,0.003911,0.002091,0.031888,-0.000067,  16.386
  1747.0,0.003887,0.002085,0.031944,-0.000056,  16.383
  1748.0,0.003865,0.002082,0.031616,-0.000095,  16.380
  1749.0,0.003854,0.002073,0.031531,-0.000081,  16.381
  1750.0,0.003843,0.002059,0.031390,-0.000067,  16.378
  1751.0,0.003832,0.002060,0.031325,-0.000067,  16.373
  1752.0,0.003817,0.002036,0.031212,-0.000144,  16.377
  1753.0,0.003798,0.002030,0.031127,-0.000106,  16.366
  1754.0,0.003792,0.002027,0.031062,-0.000144,  16.369
  1755.0,0.003769,0.002018,0.030902,-0.000130,  16.361
  1756.0,0.003766,0.002015,0.030678,-0.000106,  16.358
  1757.0,0.003747,0.002009,0.030921,-0.000106,  16.357
  1758.0,0.003721,0.002005,0.030649,-0.000081,  16.352
  1759.0,0.003706,0.001989,0.030499,-0.000081,  16.348
  1760.0,0.003690,0.001987,0.030312,-0.000067,  16.348
  1761.0,0.003691,0.001981,0.030237,-0.000081,  16.346
  1762.0,0.003676,0.001991,0.030125,-0.000067,  16.345
  1763.0,0.003658,0.001970,0.029892,-0.000119,  16.348
  1764.0,0.003658,0.001959,0.029835,-0.000056,  16.341
  1765.0,0.003623,0.001958,0.029676,-0.000017,  16.351
  1766.0,0.003589,0.001940,0.029629,-0.000031,  16.350
  1767.0,0.003580,0.001926,0.029405,-0.000006,  16.353
  1768.0,0.003562,0.001912,0.029228,-0.000095,  16.357
  1769.0,0.003536,0.001891,0.028827,-0.000092,  16.357
  1770.0,0.003521,0.001890,0.028836,-0.000081,  16.357
  1771.0,0.003521,0.001892,0.028779,-0.000106,  16.350
  1772.0,0.003502,0.001865,0.028686,-0.000106,  16.347
  1773.0,0.003488,0.001872,0.028574,-0.000144,  16.341
  1774.0,0.003480,0.001862,0.028406,-0.000130,  16.338
  1775.0,0.003454,0.001859,0.028239,-0.000106,  16.339
  1776.0,0.003447,0.001858,0.028155,-0.000144,  16.337
  1777.0,0.003427,0.001858,0.028118,-0.000144,  16.339
  1778.0,0.003414,0.001858,0.028024,-0.000092,  16.334
  1779.0,0.003395,0.001843,0.025868,-0.000067,  16.333
  1780.0,0.003378,0.001830,0.026985,-0.000081,  16.336
  1781.0,0.003363,0.001816,0.027263,-0.000106,  16.340
  1782.0,0.003332,0.001797,0.027225,-0.000144,  16.337
  1783.0,0.003326,0.001788,0.026928,-0.000106,  16.344
  1784.0,0.003306,0.001790,0.027057,-0.000106,  16.340
  1785.0,0.003295,0.001770,0.026937,-0.000092,  16.343
  1786.0,0.003277,0.001773,0.026760,-0.000106,  16.350
  1787.0,0.003258,0.001751,0.026602,-0.000144,  16.345
  1788.0,0.003251,0.001747,0.026482,-0.000106,  16.347
  1789.0,0.003232,0.001735,0.026361,-0.000081,  16.347
  1790.0,0.003220,0.001728,0.026148,-0.000095,  16.349
  1791.0,0.003203,0.001724,0.025732,-0.000081,  16.348
  1792.0,0.003184,0.001706,0.025805,-0.000067,  16.349
  1793.0,0.003157,0.001685,0.025722,-0.000119,  16.350
  1794.0,0.003139,0.001686,0.025490,-0.000095,  16.352
  1795.0,0.003119,0.001676,0.025406,-0.000119,  16.354
  1796.0,0.003106,0.001662,0.025231,-0.000106,  16.361
  1797.0,0.003087,0.001640,0.025000,-0.000144,  16.357
  1798.0,0.003068,0.001650,0.024907,-0.000092,  16.361
  1799.0,0.003061,0.001649,0.024613,-0.000081,  16.360
