Run Name,Run 4: alpha/R
Run Date,02:44:33 PM   02-25-16
Method Name,22% isocratic
Export Format Version, 1.00
Method ID, 2931
Points/Second, 1.00
Number of Records,   1242
Offset from Run Start Time,00:00:00
Run End Time,00:20:42
Time,Second
QuadTec 1, (280.0 nm), AU
QuadTec 2, (260.0 nm), AU
Gradient Pump,<Not Selected>
QuadTec 3, (214.0 nm), AU
QuadTec 4, (405.0 nm), AU
Conductivity,mS/cm
Trace 6,<Not Available>
GP Pressure,<Not Selected>
Volume,<Not Selected>
Fraction,<Not Available>
Time,QuadTec 1,QuadTec 2,QuadTec 3,QuadTec 4,Conductivity
     0.0,-0.007099,0.000000,0.009335,0.000000,  86.155
     1.0,0.000000,0.000000,0.000000,0.000000,  86.034
     2.0,0.000000,0.000000,0.000000,0.000000,  85.961
     3.0,0.000000,0.000000,0.000000,0.000000,  85.879
     4.0,0.000026,0.000025,-0.000069,0.000064,  85.793
     5.0,0.000040,0.000046,-0.000517,0.000056,  85.658
     6.0,0.000032,0.000041,-0.001793,0.000084,  85.588
     7.0,0.000032,0.000042,-0.003416,0.000073,  85.543
     8.0,0.000021,0.000034,-0.004681,0.000087,  85.545
     9.0,0.000017,0.000024,-0.005825,0.000048,  85.561
    10.0,0.000024,0.000053,-0.007146,0.000115,  85.584
    11.0,0.000028,0.000058,-0.007811,0.000115,  85.664
    12.0,0.000032,0.000052,-0.008526,0.000115,  85.741
    13.0,0.000023,0.000060,-0.009141,0.000129,  85.837
    14.0,0.000024,0.000064,-0.009717,0.000090,  85.984
    15.0,0.000032,0.000079,-0.010519,0.000129,  86.068
    16.0,0.000032,0.000085,-0.012208,0.000129,  86.174
    17.0,0.000028,0.000082,-0.012352,0.000142,  86.256
    18.0,0.000050,0.000100,-0.012457,0.000170,  86.383
    19.0,0.000070,0.000133,-0.012552,0.000170,  86.447
    20.0,0.000068,0.000147,-0.012891,0.000248,  86.505
    21.0,0.000065,0.000130,-0.013376,0.000223,  86.548
    22.0,0.000059,0.000112,-0.013579,0.000184,  86.574
    23.0,0.000035,0.000124,-0.014045,0.000198,  86.590
    24.0,0.000032,0.000127,-0.014266,0.000184,  86.601
    25.0,0.000021,0.000122,-0.014420,0.000146,  86.613
    26.0,0.000024,0.000110,-0.014787,0.000198,  86.619
    27.0,0.000010,0.000095,-0.015096,0.000170,  86.617
    28.0,0.000024,0.000115,-0.015560,0.000146,  86.628
    29.0,0.000021,0.000127,-0.015724,0.000184,  86.627
    30.0,0.000024,0.000137,-0.015878,0.000223,  86.627
    31.0,0.000028,0.000140,-0.015983,0.000237,  86.595
    32.0,0.000032,0.000141,-0.016040,0.000223,  86.564
    33.0,0.000037,0.000131,-0.016281,0.000159,  86.531
    34.0,0.000049,0.000145,-0.016406,0.000173,  86.500
    35.0,0.000032,0.000134,-0.016763,0.000159,  86.482
    36.0,0.000028,0.000138,-0.017061,0.000173,  86.467
    37.0,0.000028,0.000134,-0.017002,0.000173,  86.453
    38.0,0.000024,0.000135,-0.017050,0.000198,  86.440
    39.0,0.000017,0.000135,-0.017435,0.000237,  86.438
    40.0,0.000014,0.000131,-0.017589,0.000248,  86.440
    41.0,0.000014,0.000132,-0.017790,0.000223,  86.435
    42.0,-0.000005,0.000122,-0.018078,0.000212,  86.443
    43.0,-0.000001,0.000107,-0.018096,0.000223,  86.434
    44.0,0.000011,0.000124,-0.018163,0.000223,  86.429
    45.0,0.000006,0.000124,-0.018191,0.000237,  86.424
    46.0,0.000018,0.000125,-0.018134,0.000237,  86.425
    47.0,0.000010,0.000129,-0.018489,0.000265,  86.435
    48.0,0.000010,0.000128,-0.018518,0.000251,  86.445
    49.0,0.000014,0.000144,-0.018729,0.000300,  86.459
    50.0,0.000010,0.000149,-0.018690,0.000223,  86.478
    51.0,0.000014,0.000150,-0.018814,0.000251,  86.506
    52.0,0.000006,0.000146,-0.018843,0.000290,  86.520
    53.0,0.000014,0.000142,-0.018747,0.000290,  86.540
    54.0,0.000010,0.000154,-0.018708,0.000251,  86.544
    55.0,0.000014,0.000152,-0.018747,0.000328,  86.528
    56.0,0.000021,0.000162,-0.018622,0.000251,  86.507
    57.0,0.000026,0.000161,-0.018747,0.000251,  86.484
    58.0,0.000017,0.000159,-0.018709,0.000251,  86.454
    59.0,0.000021,0.000164,-0.018478,0.000237,  86.408
    60.0,0.000021,0.000177,-0.018450,0.000237,  86.303
    61.0,0.000028,0.000192,-0.018355,0.000276,  86.243
    62.0,0.000032,0.000211,-0.017789,0.000223,  86.167
    63.0,0.000033,0.000264,-0.017559,0.000184,  86.073
    64.0,0.000075,0.000303,-0.017484,0.000184,  85.893
    65.0,0.000097,0.000337,-0.016820,0.000146,  85.719
    66.0,0.000181,0.000435,-0.016147,0.000212,  85.443
    67.0,0.000245,0.000502,-0.015259,0.000212,  85.147
    68.0,0.000278,0.000542,-0.014515,0.000240,  84.768
    69.0,0.000362,0.000684,-0.013771,0.000293,  84.336
    70.0,0.000439,0.000801,-0.013229,0.000349,  83.848
    71.0,0.000538,0.000927,-0.012618,0.000335,  83.211
    72.0,0.000655,0.001041,-0.012065,0.000376,  82.501
    73.0,0.000780,0.001189,-0.011627,0.000485,  81.689
    74.0,0.000857,0.001259,-0.011268,0.000491,  80.753
    75.0,0.001015,0.001413,-0.010741,0.000572,  79.729
    76.0,0.001106,0.001558,-0.010879,0.000614,  78.610
    77.0,0.001148,0.001574,-0.013096,0.000683,  77.371
    78.0,0.001289,0.001692,-0.011983,0.000725,  76.057
    79.0,0.001226,0.001682,-0.011696,0.000725,  74.646
    80.0,0.001286,0.001745,-0.012446,0.000753,  73.188
    81.0,0.001276,0.001738,-0.012988,0.000711,  71.759
    82.0,0.001220,0.001617,-0.013898,0.000739,  70.259
    83.0,0.001239,0.001631,-0.014574,0.000837,  68.770
    84.0,0.001256,0.001604,-0.015684,0.000759,  67.312
    85.0,0.001167,0.001590,-0.016877,0.000753,  65.827
    86.0,0.001214,0.001610,-0.017990,0.000767,  64.381
    87.0,0.001175,0.001532,-0.019062,0.000806,  62.946
    88.0,0.001133,0.001457,-0.020351,0.000778,  61.549
    89.0,0.001100,0.001447,-0.021379,0.000778,  60.165
    90.0,0.001092,0.001401,-0.022319,0.000792,  58.847
    91.0,0.001062,0.001310,-0.023816,0.000736,  57.541
    92.0,0.001016,0.001281,-0.025006,0.000764,  56.277
    93.0,0.001008,0.001221,-0.025892,0.000753,  55.054
    94.0,0.000953,0.001196,-0.027797,0.000739,  53.865
    95.0,0.000931,0.001156,-0.028649,0.000803,  52.771
    96.0,0.000945,0.001127,-0.029275,0.000645,  51.670
    97.0,0.000939,0.001068,-0.030088,0.000697,  50.633
    98.0,0.000908,0.001045,-0.031214,0.000711,  49.628
    99.0,0.000857,0.000974,-0.031975,0.000711,  48.660
   100.0,0.000896,0.000986,-0.032625,0.000725,  47.748
   101.0,0.000859,0.000949,-0.033550,0.000683,  46.854
   102.0,0.000830,0.000915,-0.034849,0.000683,  46.005
   103.0,0.000864,0.000889,-0.035238,0.000725,  45.211
   104.0,0.000811,0.000866,-0.035754,0.000750,  44.424
   105.0,0.000820,0.000865,-0.036352,0.000697,  43.693
   106.0,0.000815,0.000847,-0.036986,0.000789,  42.977
   107.0,0.000799,0.000824,-0.037718,0.000761,  42.287
   108.0,0.000777,0.000777,-0.037994,0.000725,  41.637
   109.0,0.000782,0.000782,-0.038769,0.000739,  41.019
   110.0,0.000729,0.000780,-0.039217,0.000725,  40.428
   111.0,0.000761,0.000771,-0.039918,0.000725,  39.852
   112.0,0.000756,0.000764,-0.040228,0.000711,  39.309
   113.0,0.000765,0.000741,-0.040385,0.000700,  38.799
   114.0,0.000734,0.000726,-0.040795,0.000739,  38.308
   115.0,0.000729,0.000715,-0.041103,0.000739,  37.835
   116.0,0.000734,0.000719,-0.041718,0.000817,  37.393
   117.0,0.000749,0.000733,-0.042153,0.000753,  36.946
   118.0,0.000731,0.000691,-0.042137,0.000753,  36.542
   119.0,0.000712,0.000694,-0.042795,0.000714,  36.125
   120.0,0.000709,0.000678,-0.042968,0.000792,  35.717
   121.0,0.000717,0.000666,-0.043026,0.000764,  35.315
   122.0,0.000727,0.000659,-0.043324,0.000764,  34.924
   123.0,0.000715,0.000654,-0.043622,0.000753,  34.565
   124.0,0.000694,0.000625,-0.043964,0.000728,  34.212
   125.0,0.000694,0.000632,-0.044181,0.000831,  33.890
   126.0,0.000682,0.000620,-0.044452,0.000792,  33.582
   127.0,0.000690,0.000619,-0.044811,0.000753,  33.297
   128.0,0.000698,0.000621,-0.045027,0.000792,  33.025
   129.0,0.000683,0.000601,-0.045100,0.000803,  32.777
   130.0,0.000690,0.000595,-0.045387,0.000841,  32.546
   131.0,0.000689,0.000595,-0.045558,0.000817,  32.325
   132.0,0.000698,0.000599,-0.045676,0.000792,  32.127
   133.0,0.000693,0.000599,-0.045765,0.000792,  31.934
   134.0,0.000670,0.000589,-0.045891,0.000831,  31.752
   135.0,0.000663,0.000599,-0.046026,0.000792,  31.570
   136.0,0.000670,0.000592,-0.046144,0.000742,  31.403
   137.0,0.000666,0.000578,-0.046217,0.000806,  31.240
   138.0,0.000674,0.000564,-0.046387,0.000704,  31.074
   139.0,0.000663,0.000564,-0.046821,0.000742,  30.910
   140.0,0.000672,0.000546,-0.046708,0.000767,  30.755
   141.0,0.000672,0.000560,-0.046754,0.000781,  30.594
   142.0,0.000667,0.000559,-0.046834,0.000742,  30.446
   143.0,0.000656,0.000560,-0.046890,0.000739,  30.294
   144.0,0.000649,0.000555,-0.047024,0.000753,  30.155
   145.0,0.000638,0.000543,-0.047327,0.000753,  30.025
   146.0,0.000646,0.000536,-0.049140,0.000817,  29.892
   147.0,0.000633,0.000524,-0.048039,0.000778,  29.771
   148.0,0.000649,0.000531,-0.047837,0.000817,  29.658
   149.0,0.000633,0.000527,-0.047704,0.000792,  29.560
   150.0,0.000637,0.000546,-0.047741,0.000767,  29.462
   151.0,0.000661,0.000562,-0.047838,0.000792,  29.367
   152.0,0.000676,0.000561,-0.047900,0.000767,  29.284
   153.0,0.000676,0.000570,-0.048032,0.000781,  29.191
   154.0,0.000672,0.000559,-0.048324,0.000795,  29.126
   155.0,0.000676,0.000556,-0.048793,0.000845,  29.047
   156.0,0.000687,0.000575,-0.048236,0.000806,  28.976
   157.0,0.000687,0.000571,-0.047891,0.000767,  28.908
   158.0,0.000678,0.000563,-0.048103,0.000781,  28.837
   159.0,0.000687,0.000584,-0.047865,0.000834,  28.761
   160.0,0.000683,0.000583,-0.047908,0.000756,  28.680
   161.0,0.000679,0.000581,-0.048049,0.000795,  28.604
   162.0,0.000676,0.000573,-0.048165,0.000795,  28.542
   163.0,0.000690,0.000573,-0.048104,0.000795,  28.484
   164.0,0.000683,0.000576,-0.048032,0.000820,  28.432
   165.0,0.000687,0.000575,-0.047936,0.000770,  28.389
   166.0,0.000674,0.000583,-0.047989,0.000834,  28.344
   167.0,0.000687,0.000583,-0.048113,0.000834,  28.302
   168.0,0.000685,0.000588,-0.048087,0.000834,  28.255
   169.0,0.000677,0.000600,-0.048079,0.000834,  28.212
   170.0,0.000683,0.000603,-0.048158,0.000756,  28.176
   171.0,0.000687,0.000572,-0.048221,0.000795,  28.136
   172.0,0.000671,0.000597,-0.049782,0.000809,  28.110
   173.0,0.000676,0.000586,-0.049747,0.000795,  28.089
   174.0,0.000680,0.000576,-0.048938,0.000809,  28.061
   175.0,0.000680,0.000566,-0.048780,0.000823,  28.025
   176.0,0.000693,0.000589,-0.048719,0.000809,  28.006
   177.0,0.000688,0.000578,-0.048737,0.000809,  27.979
   178.0,0.000704,0.000601,-0.048675,0.000848,  27.947
   179.0,0.000704,0.000590,-0.048631,0.000795,  27.922
   180.0,0.000695,0.000583,-0.048587,0.000820,  27.892
   181.0,0.000704,0.000585,-0.048657,0.000834,  27.868
   182.0,0.000696,0.000587,-0.048649,0.000834,  27.840
   183.0,0.000688,0.000575,-0.048888,0.000845,  27.814
   184.0,0.000693,0.000576,-0.048774,0.000809,  27.789
   185.0,0.000676,0.000567,-0.048642,0.000781,  27.768
   186.0,0.000684,0.000577,-0.048748,0.000795,  27.745
   187.0,0.000687,0.000589,-0.048819,0.000795,  27.720
   188.0,0.000695,0.000607,-0.048889,0.000809,  27.700
   189.0,0.000707,0.000602,-0.048757,0.000823,  27.680
   190.0,0.000699,0.000585,-0.048686,0.000823,  27.665
   191.0,0.000699,0.000601,-0.048756,0.000781,  27.648
   192.0,0.000698,0.000605,-0.048677,0.000834,  27.626
   193.0,0.000701,0.000595,-0.048650,0.000820,  27.619
   194.0,0.000699,0.000575,-0.048696,0.000784,  27.610
   195.0,0.000683,0.000590,-0.048687,0.000834,  27.597
   196.0,0.000695,0.000587,-0.048767,0.000809,  27.585
   197.0,0.000707,0.000589,-0.048873,0.000834,  27.571
   198.0,0.000696,0.000580,-0.049015,0.000809,  27.547
   199.0,0.000701,0.000587,-0.049042,0.000809,  27.530
   200.0,0.000685,0.000584,-0.048972,0.000823,  27.508
   201.0,0.000680,0.000584,-0.049236,0.000858,  27.485
   202.0,0.000700,0.000590,-0.049096,0.000820,  27.464
   203.0,0.000704,0.000594,-0.049352,0.000742,  27.446
   204.0,0.000708,0.000573,-0.049324,0.000781,  27.429
   205.0,0.000697,0.000573,-0.049167,0.000858,  27.413
   206.0,0.000693,0.000583,-0.050935,0.000781,  27.397
   207.0,0.000688,0.000599,-0.049767,0.000820,  27.386
   208.0,0.000704,0.000606,-0.049397,0.000795,  27.375
   209.0,0.000699,0.000602,-0.049280,0.000858,  27.370
   210.0,0.000707,0.000604,-0.049192,0.000834,  27.367
   211.0,0.000707,0.000612,-0.048699,0.000834,  27.361
   212.0,0.000715,0.000612,-0.048955,0.000848,  27.354
   213.0,0.000718,0.000613,-0.048998,0.000795,  27.348
   214.0,0.000715,0.000625,-0.049165,0.000781,  27.345
   215.0,0.000711,0.000617,-0.049129,0.000820,  27.343
   216.0,0.000711,0.000620,-0.049034,0.000834,  27.342
   217.0,0.000698,0.000620,-0.049208,0.000820,  27.345
   218.0,0.000702,0.000619,-0.049095,0.000848,  27.345
   219.0,0.000694,0.000602,-0.049112,0.000834,  27.345
   220.0,0.000690,0.000598,-0.049043,0.000834,  27.346
   221.0,0.000699,0.000600,-0.049069,0.000756,  27.346
   222.0,0.000707,0.000611,-0.049140,0.000848,  27.339
   223.0,0.000705,0.000612,-0.049254,0.000809,  27.337
   224.0,0.000718,0.000621,-0.049174,0.000823,  27.335
   225.0,0.000718,0.000618,-0.049087,0.000886,  27.339
   226.0,0.000711,0.000615,-0.049051,0.000848,  27.337
   227.0,0.000715,0.000609,-0.049078,0.000848,  27.341
   228.0,0.000713,0.000605,-0.049227,0.000848,  27.340
   229.0,0.000711,0.000610,-0.049087,0.000784,  27.341
   230.0,0.000702,0.000590,-0.049025,0.000872,  27.343
   231.0,0.000701,0.000608,-0.049017,0.000834,  27.347
   232.0,0.000710,0.000609,-0.049042,0.000834,  27.349
   233.0,0.000705,0.000615,-0.049341,0.000781,  27.352
   234.0,0.000710,0.000609,-0.049024,0.000795,  27.360
   235.0,0.000705,0.000610,-0.049041,0.000834,  27.368
   236.0,0.000698,0.000613,-0.049022,0.000781,  27.370
   237.0,0.000710,0.000608,-0.048997,0.000795,  27.372
   238.0,0.000705,0.000620,-0.049077,0.000823,  27.378
   239.0,0.000709,0.000625,-0.048856,0.000784,  27.387
   240.0,0.000722,0.000627,-0.048828,0.000823,  27.395
   241.0,0.000722,0.000632,-0.048635,0.000872,  27.404
   242.0,0.000722,0.000640,-0.048802,0.000834,  27.403
   243.0,0.000726,0.000631,-0.048864,0.000834,  27.412
   244.0,0.000713,0.000635,-0.049022,0.000809,  27.413
   245.0,0.000718,0.000619,-0.049640,0.000837,  27.415
   246.0,0.000718,0.000616,-0.050668,0.000809,  27.412
   247.0,0.000710,0.000621,-0.049615,0.000809,  27.412
   248.0,0.000718,0.000622,-0.049086,0.000784,  27.406
   249.0,0.000706,0.000619,-0.048910,0.000823,  27.399
   250.0,0.000706,0.000624,-0.048848,0.000823,  27.389
   251.0,0.000701,0.000639,-0.048760,0.000862,  27.386
   252.0,0.000705,0.000644,-0.048899,0.000770,  27.371
   253.0,0.000722,0.000627,-0.048989,0.000823,  27.366
   254.0,0.000726,0.000630,-0.048927,0.000809,  27.361
   255.0,0.000717,0.000620,-0.049137,0.000823,  27.359
   256.0,0.000730,0.000629,-0.049251,0.000862,  27.359
   257.0,0.000727,0.000640,-0.049102,0.000837,  27.353
   258.0,0.000726,0.000631,-0.048971,0.000809,  27.347
   259.0,0.000713,0.000631,-0.049051,0.000823,  27.343
   260.0,0.000705,0.000627,-0.049015,0.000809,  27.332
   261.0,0.000702,0.000610,-0.048963,0.000823,  27.330
   262.0,0.000694,0.000618,-0.049104,0.000781,  27.325
   263.0,0.000690,0.000610,-0.049131,0.000781,  27.324
   264.0,0.000695,0.000618,-0.049176,0.000845,  27.320
   265.0,0.000690,0.000606,-0.049212,0.000806,  27.313
   266.0,0.000690,0.000594,-0.049160,0.000820,  27.309
   267.0,0.000690,0.000607,-0.049168,0.000795,  27.300
   268.0,0.000685,0.000605,-0.049177,0.000756,  27.285
   269.0,0.000694,0.000616,-0.049301,0.000795,  27.275
   270.0,0.000698,0.000617,-0.049248,0.000823,  27.271
   271.0,0.000694,0.000601,-0.049344,0.000834,  27.266
   272.0,0.000706,0.000618,-0.049371,0.000770,  27.259
   273.0,0.000705,0.000614,-0.049282,0.000795,  27.259
   274.0,0.000696,0.000626,-0.049431,0.000795,  27.265
   275.0,0.000696,0.000624,-0.049318,0.000834,  27.264
   276.0,0.000696,0.000621,-0.049317,0.000770,  27.267
   277.0,0.000696,0.000613,-0.049415,0.000809,  27.271
   278.0,0.000693,0.000617,-0.049486,0.000809,  27.271
   279.0,0.000688,0.000619,-0.049257,0.000770,  27.276
   280.0,0.000696,0.000608,-0.049301,0.000809,  27.275
   281.0,0.000688,0.000610,-0.049161,0.000809,  27.279
   282.0,0.000681,0.000613,-0.049293,0.000809,  27.285
   283.0,0.000698,0.000621,-0.049285,0.000784,  27.283
   284.0,0.000701,0.000617,-0.049118,0.000770,  27.289
   285.0,0.000698,0.000609,-0.049452,0.000781,  27.287
   286.0,0.000694,0.000606,-0.049312,0.000834,  27.290
   287.0,0.000693,0.000599,-0.049249,0.000781,  27.287
   288.0,0.000698,0.000608,-0.049240,0.000820,  27.284
   289.0,0.000701,0.000608,-0.049250,0.000858,  27.287
   290.0,0.000701,0.000603,-0.049294,0.000781,  27.277
   291.0,0.000702,0.000605,-0.049277,0.000795,  27.277
   292.0,0.000690,0.000604,-0.049251,0.000767,  27.269
   293.0,0.000682,0.000596,-0.049393,0.000767,  27.266
   294.0,0.000694,0.000609,-0.049551,0.000781,  27.259
   295.0,0.000682,0.000605,-0.049533,0.000781,  27.246
   296.0,0.000695,0.000608,-0.049586,0.000834,  27.238
   297.0,0.000696,0.000606,-0.049806,0.000742,  27.232
   298.0,0.000687,0.000612,-0.049648,0.000795,  27.227
   299.0,0.000690,0.000609,-0.049570,0.000834,  27.238
   300.0,0.000698,0.000616,-0.049552,0.000795,  27.248
   301.0,0.000745,0.000668,-0.049276,0.000834,  27.245
   302.0,0.000700,0.000642,-0.049201,0.000834,  27.245
   303.0,0.000666,0.000621,-0.048961,0.000792,  27.247
   304.0,0.000645,0.000588,-0.048884,0.000753,  27.250
   305.0,0.000618,0.000588,-0.048803,0.000739,  27.249
   306.0,0.000611,0.000579,-0.049051,0.000739,  27.249
   307.0,0.000619,0.000559,-0.048918,0.000739,  27.249
   308.0,0.000619,0.000570,-0.049015,0.000739,  27.247
   309.0,0.000616,0.000567,-0.049085,0.000753,  27.243
   310.0,0.000624,0.000574,-0.048944,0.000764,  27.241
   311.0,0.000611,0.000561,-0.048883,0.000725,  27.246
   312.0,0.000621,0.000575,-0.048909,0.000736,  27.242
   313.0,0.000607,0.000559,-0.048742,0.000711,  27.241
   314.0,0.000611,0.000548,-0.049032,0.000711,  27.238
   315.0,0.000607,0.000550,-0.049103,0.000711,  27.238
   316.0,0.000607,0.000548,-0.048804,0.000700,  27.233
   317.0,0.000606,0.000551,-0.048794,0.000711,  27.231
   318.0,0.000602,0.000550,-0.048899,0.000775,  27.226
   319.0,0.000611,0.000550,-0.048811,0.000750,  27.226
   320.0,0.000599,0.000550,-0.048821,0.000736,  27.226
   321.0,0.000611,0.000555,-0.048891,0.000739,  27.228
   322.0,0.000626,0.000571,-0.048952,0.000714,  27.228
   323.0,0.000638,0.000580,-0.048713,0.000704,  27.229
   324.0,0.000637,0.000587,-0.048554,0.000778,  27.227
   325.0,0.000635,0.000588,-0.048412,0.000778,  27.231
   326.0,0.000641,0.000586,-0.048430,0.000690,  27.232
   327.0,0.000629,0.000579,-0.048279,0.000714,  27.230
   328.0,0.000637,0.000579,-0.048657,0.000728,  27.230
   329.0,0.000629,0.000580,-0.048543,0.000700,  27.228
   330.0,0.000622,0.000579,-0.048605,0.000714,  27.226
   331.0,0.000615,0.000551,-0.048615,0.000728,  27.230
   332.0,0.000607,0.000554,-0.048747,0.000714,  27.230
   333.0,0.000593,0.000555,-0.048854,0.000700,  27.231
   334.0,0.000600,0.000547,-0.048688,0.000676,  27.235
   335.0,0.000604,0.000543,-0.048723,0.000714,  27.234
   336.0,0.000611,0.000543,-0.048759,0.000725,  27.239
   337.0,0.000611,0.000562,-0.048741,0.000739,  27.242
   338.0,0.000604,0.000571,-0.048908,0.000778,  27.243
   339.0,0.000604,0.000548,-0.048741,0.000725,  27.245
   340.0,0.000611,0.000553,-0.048943,0.000725,  27.252
   341.0,0.000604,0.000555,-0.048907,0.000700,  27.254
   342.0,0.000600,0.000551,-0.049075,0.000676,  27.256
   343.0,0.000604,0.000555,-0.048891,0.000714,  27.260
   344.0,0.000596,0.000542,-0.048917,0.000700,  27.263
   345.0,0.000596,0.000544,-0.048892,0.000700,  27.271
   346.0,0.000589,0.000547,-0.048962,0.000725,  27.272
   347.0,0.000601,0.000550,-0.048963,0.000725,  27.279
   348.0,0.000593,0.000552,-0.048893,0.000725,  27.278
   349.0,0.000589,0.000538,-0.049034,0.000700,  27.283
   350.0,0.000597,0.000548,-0.049668,0.000725,  27.284
   351.0,0.000585,0.000553,-0.050739,0.000700,  27.286
   352.0,0.000589,0.000543,-0.049589,0.000700,  27.289
   353.0,0.000605,0.000551,-0.049280,0.000700,  27.286
   354.0,0.000596,0.000547,-0.049130,0.000714,  27.285
   355.0,0.000601,0.000534,-0.048990,0.000711,  27.288
   356.0,0.000600,0.000552,-0.048884,0.000725,  27.282
   357.0,0.000596,0.000557,-0.048830,0.000711,  27.281
   358.0,0.000597,0.000563,-0.048954,0.000686,  27.276
   359.0,0.000600,0.000555,-0.048706,0.000700,  27.272
   360.0,0.000604,0.000562,-0.050836,0.000686,  27.271
   361.0,0.000000,0.000000,0.000000,0.000700,  27.268
   362.0,0.000000,0.000000,0.000000,0.000000,  27.264
   363.0,0.000000,0.000000,0.000000,0.000000,  27.264
   364.0,0.000000,0.000000,0.000000,0.000000,  27.248
   365.0,-0.000025,-0.000009,0.005877,-0.000014,  27.245
   366.0,-0.000029,-0.000011,0.005674,-0.000025,  27.246
   367.0,-0.000038,-0.000017,0.005718,-0.000050,  27.242
   368.0,-0.000034,-0.000019,0.005585,-0.000039,  27.238
   369.0,-0.000041,-0.000022,0.005515,-0.000077,  27.241
   370.0,-0.000045,-0.000022,0.005443,-0.000025,  27.240
   371.0,-0.000028,-0.000029,0.005567,0.000000,  27.239
   372.0,-0.000044,-0.000026,0.005548,0.000000,  27.234
   373.0,-0.000056,-0.000033,0.005381,-0.000056,  27.226
   374.0,-0.000055,-0.000048,0.005504,-0.000017,  27.201
   375.0,-0.000068,-0.000043,0.005423,-0.000017,  27.168
   376.0,-0.000060,-0.000036,0.005353,-0.000003,  27.134
   377.0,-0.000056,-0.000030,0.005318,0.000011,  27.104
   378.0,-0.000028,-0.000022,0.005285,-0.000039,  27.077
   379.0,-0.000025,-0.000019,0.005294,-0.000014,  27.051
   380.0,-0.000025,-0.000010,0.005048,-0.000064,  27.033
   381.0,-0.000014,-0.000003,0.004028,0.000000,  27.015
   382.0,-0.000034,-0.000014,0.004959,-0.000053,  26.999
   383.0,-0.000030,-0.000015,0.005287,-0.000077,  26.993
   384.0,-0.000014,-0.000010,0.005348,-0.000025,  26.980
   385.0,-0.000013,0.000005,0.005392,-0.000025,  26.970
   386.0,-0.000018,0.000001,0.005400,-0.000011,  26.974
   387.0,-0.000014,-0.000006,0.005541,-0.000039,  26.975
   388.0,-0.000023,0.000006,0.005516,-0.000064,  26.981
   389.0,-0.000014,0.000007,0.005534,-0.000011,  26.982
   390.0,-0.000011,0.000001,0.005666,-0.000011,  26.985
   391.0,0.000005,0.000007,0.005499,-0.000050,  27.000
   392.0,-0.000011,0.000010,0.005385,-0.000011,  27.013
   393.0,-0.000022,-0.000001,0.005401,-0.000011,  27.025
   394.0,-0.000029,-0.000002,0.005656,-0.000039,  27.043
   395.0,-0.000040,-0.000010,0.005611,-0.000025,  27.056
   396.0,-0.000040,-0.000019,0.005373,-0.000050,  27.066
   397.0,-0.000049,-0.000020,0.005127,-0.000039,  27.083
   398.0,-0.000052,-0.000032,0.005231,-0.000067,  27.099
   399.0,-0.000060,-0.000036,0.005267,-0.000091,  27.106
   400.0,-0.000050,-0.000027,0.005348,-0.000064,  27.123
   401.0,-0.000042,-0.000013,0.005596,-0.000025,  27.135
   402.0,-0.000036,0.000006,0.005766,-0.000039,  27.147
   403.0,-0.000009,0.000021,0.005884,-0.000067,  27.162
   404.0,0.000002,0.000038,0.006515,-0.000091,  27.175
   405.0,0.000019,0.000031,0.006945,-0.000053,  27.183
   406.0,0.000072,0.000057,0.006429,-0.000028,  27.195
   407.0,0.000086,0.000071,0.007419,-0.000039,  27.198
   408.0,0.000112,0.000105,0.008866,0.000014,  27.210
   409.0,0.000184,0.000130,0.010078,-0.000039,  27.215
   410.0,0.000241,0.000167,0.011153,-0.000014,  27.211
   411.0,0.000318,0.000203,0.011988,-0.000039,  27.211
   412.0,0.000406,0.000267,0.013610,-0.000077,  27.206
   413.0,0.000492,0.000332,0.015150,-0.000050,  27.201
   414.0,0.000632,0.000421,0.017115,-0.000011,  27.196
   415.0,0.000787,0.000513,0.019466,-0.000050,  27.198
   416.0,0.000953,0.000627,0.021933,0.000014,  27.197
   417.0,0.001118,0.000759,0.024879,-0.000011,  27.194
   418.0,0.001338,0.000925,0.028127,0.000003,  27.189
   419.0,0.001599,0.001098,0.031504,0.000003,  27.188
   420.0,0.001890,0.001300,0.034928,-0.000011,  27.186
   421.0,0.002203,0.001514,0.039447,0.000028,  27.178
   422.0,0.002557,0.001704,0.044296,0.000003,  27.174
   423.0,0.002949,0.001967,0.049754,-0.000008,  27.169
   424.0,0.003373,0.002278,0.055590,-0.000022,  27.164
   425.0,0.003810,0.002591,0.062037,0.000006,  27.164
   426.0,0.004221,0.002961,0.068928,-0.000008,  27.163
   427.0,0.004769,0.003357,0.076412,0.000017,  27.160
   428.0,0.005330,0.003775,0.083674,0.000031,  27.153
   429.0,0.005934,0.004218,0.091021,-0.000011,  27.150
   430.0,0.006564,0.004666,0.099966,0.000003,  27.147
   431.0,0.007229,0.005085,0.108983,-0.000036,  27.142
   432.0,0.007922,0.005618,0.118939,-0.000036,  27.139
   433.0,0.008668,0.006191,0.127681,-0.000074,  27.132
   434.0,0.009333,0.006784,0.138629,-0.000036,  27.126
   435.0,0.010076,0.007415,0.150279,-0.000036,  27.115
   436.0,0.010876,0.008065,0.161908,-0.000050,  27.106
   437.0,0.011700,0.008730,0.171402,-0.000008,  27.095
   438.0,0.012549,0.009419,0.183158,0.000003,  27.081
   439.0,0.013408,0.010123,0.195408,-0.000064,  27.066
   440.0,0.014259,0.010712,0.207388,0.000017,  27.047
   441.0,0.015144,0.011434,0.219729,0.000003,  27.023
   442.0,0.015998,0.012182,0.231616,-0.000008,  27.005
   443.0,0.016793,0.012937,0.243651,0.000017,  26.985
   444.0,0.017565,0.013663,0.255709,0.000006,  26.964
   445.0,0.018424,0.014414,0.267721,-0.000032,  26.932
   446.0,0.019299,0.015147,0.278190,0.000034,  26.899
   447.0,0.020147,0.015877,0.289014,0.000048,  26.863
   448.0,0.021009,0.016612,0.301110,0.000062,  26.828
   449.0,0.021833,0.017164,0.312715,0.000087,  26.796
   450.0,0.022625,0.017848,0.323222,0.000076,  26.753
   451.0,0.023410,0.018497,0.333121,0.000129,  26.708
   452.0,0.024030,0.019152,0.344944,0.000143,  26.662
   453.0,0.024763,0.019741,0.355712,0.000118,  26.615
   454.0,0.025501,0.020320,0.366200,0.000118,  26.558
   455.0,0.026233,0.020870,0.375664,0.000132,  26.501
   456.0,0.026918,0.021389,0.380026,0.000160,  26.435
   457.0,0.027603,0.021879,0.392267,0.000171,  26.372
   458.0,0.028295,0.022256,0.402770,0.000146,  26.298
   459.0,0.028993,0.022702,0.412324,0.000241,  26.224
   460.0,0.029692,0.023118,0.421803,0.000213,  26.151
   461.0,0.030320,0.023504,0.431429,0.000185,  26.064
   462.0,0.031025,0.023901,0.440017,0.000171,  25.977
   463.0,0.031841,0.024300,0.449844,0.000157,  25.878
   464.0,0.032674,0.024681,0.458776,0.000143,  25.774
   465.0,0.033645,0.025121,0.467253,0.000104,  25.659
   466.0,0.034708,0.025596,0.478119,0.000034,  25.536
   467.0,0.035929,0.026028,0.490384,0.000020,  25.403
   468.0,0.037286,0.026629,0.503485,0.000056,  25.270
   469.0,0.038852,0.027296,0.518327,0.000003,  25.128
   470.0,0.040162,0.028029,0.534256,-0.000014,  24.981
   471.0,0.042105,0.028906,0.553003,-0.000014,  24.837
   472.0,0.044285,0.029941,0.573598,0.000000,  24.687
   473.0,0.046705,0.031063,0.592305,-0.000039,  24.547
   474.0,0.049294,0.032304,0.617180,-0.000064,  24.418
   475.0,0.052027,0.033464,0.643810,-0.000011,  24.303
   476.0,0.054927,0.034750,0.671986,-0.000036,  24.213
   477.0,0.057930,0.036220,0.701125,-0.000022,  24.148
   478.0,0.060764,0.037725,0.731623,0.000056,  24.110
   479.0,0.063435,0.039235,0.761988,0.000045,  24.106
   480.0,0.066399,0.040694,0.791395,0.000034,  24.132
   481.0,0.069319,0.042117,0.820348,0.000073,  24.189
   482.0,0.072160,0.043516,0.842660,0.000126,  24.279
   483.0,0.074919,0.044859,0.870771,0.000126,  24.401
   484.0,0.077490,0.046041,0.897141,0.000126,  24.557
   485.0,0.079912,0.047059,0.922021,0.000101,  24.723
   486.0,0.082171,0.048150,0.944713,0.000090,  24.919
   487.0,0.084210,0.049170,0.966164,0.000104,  25.130
   488.0,0.085754,0.050103,0.985397,0.000104,  25.346
   489.0,0.087563,0.050931,1.003294,0.000118,  25.570
   490.0,0.089113,0.051634,1.018261,0.000118,  25.803
   491.0,0.090476,0.052265,1.030710,0.000118,  26.038
   492.0,0.091643,0.052783,1.042825,0.000118,  26.265
   493.0,0.092628,0.053129,1.053804,0.000132,  26.487
   494.0,0.093405,0.053480,1.062279,0.000160,  26.706
   495.0,0.094015,0.053710,1.069022,0.000171,  26.918
   496.0,0.094429,0.053853,1.074378,0.000132,  27.120
   497.0,0.094620,0.053892,1.077535,0.000160,  27.317
   498.0,0.094725,0.053853,1.079021,0.000146,  27.501
   499.0,0.094657,0.053729,1.078580,0.000160,  27.668
   500.0,0.094429,0.053519,1.077516,0.000185,  27.833
   501.0,0.094042,0.053220,1.075006,0.000160,  27.985
   502.0,0.093533,0.052909,1.070470,0.000171,  28.123
   503.0,0.092900,0.052530,1.065069,0.000171,  28.252
   504.0,0.092164,0.052055,1.053621,0.000160,  28.371
   505.0,0.091395,0.051531,1.049336,0.000209,  28.483
   506.0,0.090562,0.050947,1.041467,0.000195,  28.588
   507.0,0.089546,0.050328,1.032406,0.000209,  28.678
   508.0,0.088461,0.049656,1.021738,0.000171,  28.755
   509.0,0.087325,0.048978,1.013310,0.000146,  28.833
   510.0,0.086135,0.048278,1.002006,0.000209,  28.899
   511.0,0.084914,0.047686,0.990461,0.000132,  28.958
   512.0,0.083632,0.046938,0.978682,0.000118,  29.011
   513.0,0.082340,0.046191,0.966857,0.000118,  29.044
   514.0,0.081321,0.045438,0.953737,0.000143,  29.080
   515.0,0.080018,0.044675,0.940661,0.000118,  29.107
   516.0,0.078675,0.043897,0.927038,0.000118,  29.116
   517.0,0.077349,0.043123,0.917274,0.000104,  29.126
   518.0,0.076019,0.042354,0.904167,0.000129,  29.126
   519.0,0.074693,0.041662,0.891715,0.000129,  29.119
   520.0,0.073358,0.040997,0.878863,0.000090,  29.126
   521.0,0.072039,0.040234,0.865854,0.000143,  29.114
   522.0,0.070746,0.039477,0.850076,0.000104,  29.102
   523.0,0.069642,0.038733,0.838084,0.000090,  29.078
   524.0,0.068473,0.038004,0.826708,0.000104,  29.061
   525.0,0.067216,0.037297,0.815405,0.000104,  29.034
   526.0,0.065968,0.036578,0.805640,0.000062,  29.019
   527.0,0.064744,0.035895,0.793728,0.000101,  28.984
   528.0,0.063524,0.035217,0.781703,0.000076,  28.951
   529.0,0.062345,0.034666,0.770204,0.000115,  28.915
   530.0,0.061212,0.034006,0.758946,0.000087,  28.887
   531.0,0.060065,0.033377,0.747845,0.000076,  28.861
   532.0,0.059194,0.032754,0.737021,0.000076,  28.829
   533.0,0.058064,0.032143,0.726384,0.000076,  28.809
   534.0,0.056975,0.031507,0.713818,0.000037,  28.782
   535.0,0.055927,0.030914,0.706374,0.000115,  28.756
   536.0,0.054902,0.030342,0.697372,0.000104,  28.726
   537.0,0.053871,0.029770,0.687653,0.000101,  28.706
   538.0,0.052871,0.029322,0.678184,0.000062,  28.687
   539.0,0.051886,0.028752,0.668643,0.000062,  28.654
   540.0,0.050932,0.028206,0.658900,0.000048,  28.629
   541.0,0.050187,0.027677,0.650029,0.000073,  28.610
   542.0,0.049265,0.027167,0.641430,0.000087,  28.584
   543.0,0.048375,0.026664,0.632345,0.000087,  28.566
   544.0,0.047482,0.026174,0.625663,0.000076,  28.543
   545.0,0.046611,0.025690,0.617773,0.000115,  28.512
   546.0,0.045771,0.025248,0.609915,0.000048,  28.494
   547.0,0.044944,0.024838,0.601736,0.000048,  28.460
   548.0,0.044156,0.024392,0.593760,0.000076,  28.438
   549.0,0.043389,0.023955,0.586466,0.000062,  28.407
   550.0,0.042777,0.023535,0.579483,0.000048,  28.374
   551.0,0.042017,0.023108,0.572496,0.000073,  28.351
   552.0,0.041286,0.022711,0.566092,0.000034,  28.322
   553.0,0.040577,0.022306,0.560056,0.000048,  28.297
   554.0,0.039889,0.021916,0.553409,0.000073,  28.279
   555.0,0.039205,0.021614,0.547012,0.000048,  28.257
   556.0,0.038564,0.021232,0.540636,0.000062,  28.229
   557.0,0.037923,0.020879,0.534980,0.000073,  28.205
   558.0,0.037379,0.020538,0.529053,0.000048,  28.182
   559.0,0.036815,0.020203,0.523224,0.000073,  28.158
   560.0,0.036233,0.019869,0.518114,0.000126,  28.140
   561.0,0.035643,0.019552,0.513396,0.000101,  28.118
   562.0,0.035094,0.019237,0.508797,0.000073,  28.100
   563.0,0.034546,0.018991,0.503588,0.000034,  28.078
   564.0,0.033989,0.018695,0.498636,0.000048,  28.055
   565.0,0.033466,0.018392,0.493858,0.000059,  28.037
   566.0,0.033023,0.018102,0.488979,0.000059,  28.015
   567.0,0.032560,0.017823,0.484593,0.000087,  27.990
   568.0,0.032078,0.017537,0.480409,0.000098,  27.970
   569.0,0.031603,0.017293,0.476778,0.000073,  27.943
   570.0,0.031141,0.017034,0.472765,0.000098,  27.922
   571.0,0.030709,0.016790,0.468693,0.000020,  27.906
   572.0,0.030288,0.016597,0.464832,0.000034,  27.880
   573.0,0.029880,0.016371,0.461343,-0.000019,  27.861
   574.0,0.029487,0.016156,0.457505,-0.000029,  27.845
   575.0,0.029134,0.015944,0.454012,0.000023,  27.825
   576.0,0.028800,0.015724,0.450878,-0.000005,  27.813
   577.0,0.028423,0.015529,0.447499,-0.000005,  27.794
   578.0,0.028067,0.015321,0.444673,0.000034,  27.769
   579.0,0.027711,0.015128,0.442083,0.000020,  27.761
   580.0,0.027371,0.014948,0.438963,0.000034,  27.744
   581.0,0.027060,0.014799,0.435952,0.000073,  27.721
   582.0,0.026736,0.014628,0.433230,0.000048,  27.712
   583.0,0.026444,0.014449,0.430678,0.000048,  27.703
   584.0,0.026202,0.014279,0.428196,0.000045,  27.677
   585.0,0.025893,0.014107,0.425748,0.000020,  27.666
   586.0,0.025621,0.013938,0.423322,0.000020,  27.648
   587.0,0.025345,0.013797,0.421050,0.000020,  27.632
   588.0,0.025072,0.013651,0.419233,0.000059,  27.608
   589.0,0.024828,0.013518,0.417275,0.000020,  27.594
   590.0,0.024576,0.013394,0.415017,0.000045,  27.568
   591.0,0.024327,0.013260,0.413023,0.000031,  27.559
   592.0,0.024119,0.013137,0.411249,0.000017,  27.536
   593.0,0.023941,0.013010,0.409102,-0.000008,  27.532
   594.0,0.023740,0.012882,0.407111,0.000006,  27.521
   595.0,0.023527,0.012784,0.405542,0.000020,  27.505
   596.0,0.023317,0.012669,0.404562,0.000006,  27.491
   597.0,0.023111,0.012553,0.403150,0.000006,  27.480
   598.0,0.022925,0.012465,0.401612,-0.000032,  27.469
   599.0,0.022739,0.012364,0.399867,0.000031,  27.462
   600.0,0.022574,0.012268,0.396513,0.000017,  27.456
   601.0,0.022442,0.012174,0.395936,-0.000008,  27.451
   602.0,0.022284,0.012082,0.395854,-0.000008,  27.440
   603.0,0.022126,0.011996,0.395009,-0.000008,  27.440
   604.0,0.021991,0.011911,0.394291,-0.000008,  27.439
   605.0,0.021849,0.011835,0.393356,0.000006,  27.433
   606.0,0.021706,0.011784,0.392495,0.000020,  27.427
   607.0,0.021566,0.011703,0.391722,0.000006,  27.427
   608.0,0.021451,0.011624,0.388727,0.000017,  27.421
   609.0,0.021336,0.011563,0.389281,0.000006,  27.412
   610.0,0.021231,0.011494,0.388961,0.000006,  27.412
   611.0,0.021107,0.011428,0.388272,0.000020,  27.413
   612.0,0.021003,0.011370,0.387765,0.000034,  27.406
   613.0,0.020919,0.011296,0.387196,0.000006,  27.400
   614.0,0.020823,0.011262,0.386552,0.000020,  27.401
   615.0,0.020707,0.011209,0.385818,0.000045,  27.396
   616.0,0.020614,0.011153,0.385395,0.000006,  27.392
   617.0,0.020545,0.011107,0.385001,-0.000032,  27.395
   618.0,0.020460,0.011054,0.384626,-0.000019,  27.387
   619.0,0.020380,0.011001,0.384308,-0.000019,  27.376
   620.0,0.020290,0.010961,0.384228,-0.000019,  27.366
   621.0,0.020209,0.010908,0.383654,0.000017,  27.353
   622.0,0.020141,0.010874,0.383304,0.000006,  27.343
   623.0,0.020075,0.010852,0.382822,0.000034,  27.324
   624.0,0.020017,0.010823,0.382803,0.000020,  27.315
   625.0,0.019973,0.010794,0.382212,0.000048,  27.293
   626.0,0.019922,0.010755,0.382378,0.000048,  27.276
   627.0,0.019877,0.010725,0.382066,0.000034,  27.259
   628.0,0.019819,0.010698,0.382014,0.000009,  27.248
   629.0,0.019761,0.010676,0.382014,-0.000005,  27.238
   630.0,0.019723,0.010637,0.381877,0.000020,  27.234
   631.0,0.019669,0.010621,0.381854,0.000034,  27.230
   632.0,0.019614,0.010594,0.381783,0.000073,  27.219
   633.0,0.019596,0.010572,0.382019,0.000009,  27.222
   634.0,0.019554,0.010540,0.381717,-0.000005,  27.225
   635.0,0.019527,0.010518,0.381717,-0.000019,  27.230
   636.0,0.019497,0.010503,0.381717,-0.000043,  27.238
   637.0,0.019450,0.010478,0.381411,-0.000005,  27.243
   638.0,0.019428,0.010457,0.381439,-0.000029,  27.252
   639.0,0.019397,0.010436,0.381557,-0.000005,  27.266
   640.0,0.019350,0.010423,0.381816,-0.000019,  27.272
   641.0,0.019320,0.010386,0.382194,0.000020,  27.273
   642.0,0.019285,0.010378,0.381755,0.000006,  27.290
   643.0,0.019266,0.010370,0.381802,-0.000032,  27.298
   644.0,0.019251,0.010358,0.382061,-0.000019,  27.309
   645.0,0.019224,0.010343,0.382179,-0.000008,  27.317
   646.0,0.019209,0.010330,0.382231,0.000020,  27.329
   647.0,0.019186,0.010321,0.382227,0.000020,  27.332
   648.0,0.019158,0.010298,0.382571,0.000006,  27.332
   649.0,0.019151,0.010287,0.382562,0.000034,  27.335
   650.0,0.019135,0.010286,0.382571,0.000034,  27.336
   651.0,0.019112,0.010269,0.382708,0.000020,  27.339
   652.0,0.019117,0.010269,0.382770,-0.000057,  27.342
   653.0,0.019097,0.010264,0.383049,0.000009,  27.341
   654.0,0.019089,0.010252,0.383134,0.000020,  27.346
   655.0,0.019073,0.010237,0.383152,0.000062,  27.343
   656.0,0.019062,0.010243,0.383015,0.000045,  27.342
   657.0,0.019063,0.010238,0.383512,0.000020,  27.346
   658.0,0.019043,0.010219,0.383649,-0.000019,  27.343
   659.0,0.019027,0.010215,0.383517,-0.000019,  27.344
   660.0,0.019025,0.010209,0.383678,-0.000029,  27.340
   661.0,0.019020,0.010198,0.384014,0.000034,  27.337
   662.0,0.019017,0.010201,0.384094,-0.000019,  27.328
   663.0,0.019010,0.010192,0.384170,0.000009,  27.320
   664.0,0.018990,0.010186,0.384170,-0.000005,  27.312
   665.0,0.018978,0.010177,0.384517,-0.000029,  27.298
   666.0,0.018958,0.010161,0.384769,0.000034,  27.290
   667.0,0.018943,0.010154,0.384678,-0.000008,  27.287
   668.0,0.018940,0.010144,0.384673,-0.000057,  27.284
   669.0,0.018932,0.010127,0.384992,-0.000019,  27.275
   670.0,0.018920,0.010124,0.385034,-0.000019,  27.271
   671.0,0.018905,0.010111,0.385034,-0.000019,  27.270
   672.0,0.018882,0.010094,0.384934,-0.000019,  27.262
   673.0,0.018882,0.010089,0.385020,-0.000085,  27.256
   674.0,0.018859,0.010087,0.385163,-0.000046,  27.251
   675.0,0.018822,0.010072,0.385120,-0.000046,  27.238
   676.0,0.018839,0.010067,0.382835,-0.000008,  27.238
   677.0,0.018848,0.010056,0.384137,-0.000022,  27.235
   678.0,0.018840,0.010062,0.385011,-0.000008,  27.221
   679.0,0.018824,0.010051,0.385105,-0.000008,  27.210
   680.0,0.018828,0.010046,0.385496,-0.000008,  27.199
   681.0,0.018833,0.010057,0.385343,-0.000032,  27.196
   682.0,0.018824,0.010054,0.385520,0.000006,  27.179
   683.0,0.018828,0.010058,0.385520,-0.000008,  27.161
   684.0,0.018829,0.010058,0.385648,0.000006,  27.156
   685.0,0.018809,0.010040,0.385143,-0.000008,  27.148
   686.0,0.018801,0.010040,0.385210,-0.000032,  27.142
   687.0,0.018814,0.010040,0.385262,-0.000057,  27.136
   688.0,0.018794,0.010029,0.385496,-0.000019,  27.143
   689.0,0.018787,0.010036,0.385267,0.000020,  27.141
   690.0,0.018778,0.010029,0.385310,0.000017,  27.140
   691.0,0.018767,0.010019,0.385158,0.000020,  27.149
   692.0,0.018764,0.010020,0.385044,-0.000043,  27.153
   693.0,0.018751,0.010020,0.385044,0.000006,  27.159
   694.0,0.018736,0.010017,0.382991,0.000020,  27.151
   695.0,0.018737,0.010010,0.384308,0.000034,  27.148
   696.0,0.018713,0.010001,0.384498,0.000073,  27.147
   697.0,0.018702,0.010004,0.384512,-0.000005,  27.141
   698.0,0.018675,0.009983,0.384341,0.000009,  27.134
   699.0,0.018656,0.009966,0.383891,-0.000005,  27.134
   700.0,0.018649,0.009961,0.383683,-0.000029,  27.135
   701.0,0.018613,0.009946,0.383522,0.000048,  27.130
   702.0,0.018599,0.009921,0.382760,-0.000005,  27.131
   703.0,0.018577,0.009908,0.381925,-0.000029,  27.139
   704.0,0.018545,0.009898,0.380865,0.000023,  27.136
   705.0,0.018515,0.009873,0.381091,-0.000005,  27.141
   706.0,0.018483,0.009869,0.380691,-0.000029,  27.140
   707.0,0.018449,0.009847,0.380733,-0.000005,  27.140
   708.0,0.018414,0.009825,0.380159,-0.000029,  27.139
   709.0,0.018391,0.009812,0.379718,0.000009,  27.139
   710.0,0.018341,0.009789,0.378921,0.000031,  27.131
   711.0,0.018310,0.009774,0.377935,0.000006,  27.138
   712.0,0.018271,0.009752,0.377542,-0.000019,  27.136
   713.0,0.018249,0.009746,0.376902,-0.000019,  27.137
   714.0,0.018195,0.009717,0.376199,-0.000029,  27.133
   715.0,0.018156,0.009697,0.375038,0.000006,  27.132
   716.0,0.018139,0.009658,0.374786,0.000020,  27.129
   717.0,0.018088,0.009642,0.374045,0.000048,  27.130
   718.0,0.018053,0.009621,0.373632,0.000006,  27.134
   719.0,0.018023,0.009596,0.372985,0.000020,  27.123
   720.0,0.017984,0.009586,0.372128,0.000034,  27.128
   721.0,0.017982,0.009578,0.371634,0.000006,  27.121
   722.0,0.017935,0.009571,0.371054,-0.000043,  27.120
   723.0,0.017904,0.009554,0.370516,-0.000005,  27.115
   724.0,0.017887,0.009539,0.370199,-0.000043,  27.115
   725.0,0.017839,0.009522,0.369611,0.000009,  27.114
   726.0,0.017812,0.009499,0.369097,0.000020,  27.108
   727.0,0.017783,0.009487,0.368498,0.000009,  27.105
   728.0,0.017755,0.009474,0.367796,-0.000029,  27.099
   729.0,0.017733,0.009455,0.367408,-0.000043,  27.096
   730.0,0.017702,0.009434,0.366783,0.000020,  27.093
   731.0,0.017671,0.009410,0.366219,0.000006,  27.093
   732.0,0.017656,0.009417,0.365655,0.000048,  27.082
   733.0,0.017621,0.009403,0.365225,0.000076,  27.083
   734.0,0.017591,0.009388,0.364829,0.000062,  27.086
   735.0,0.017569,0.009359,0.364208,0.000048,  27.078
   736.0,0.017535,0.009347,0.363566,0.000045,  27.076
   737.0,0.017492,0.009319,0.363121,0.000020,  27.066
   738.0,0.017459,0.009300,0.362365,0.000006,  27.058
   739.0,0.017436,0.009286,0.362015,0.000020,  27.064
   740.0,0.017398,0.009262,0.361202,-0.000005,  27.055
   741.0,0.017363,0.009252,0.360301,-0.000043,  27.059
   742.0,0.017320,0.009237,0.356997,-0.000043,  27.054
   743.0,0.017290,0.009225,0.357235,-0.000029,  27.055
   744.0,0.017252,0.009201,0.357717,-0.000054,  27.060
   745.0,0.017213,0.009188,0.357622,-0.000029,  27.068
   746.0,0.017183,0.009171,0.356002,-0.000029,  27.075
   747.0,0.017132,0.009135,0.354119,-0.000005,  27.080
   748.0,0.017114,0.009119,0.354958,-0.000043,  27.085
   749.0,0.017076,0.009106,0.354693,-0.000068,  27.088
   750.0,0.017042,0.009080,0.354175,-0.000043,  27.096
   751.0,0.017008,0.009059,0.353419,-0.000043,  27.097
   752.0,0.016962,0.009046,0.352835,0.000009,  27.098
   753.0,0.016921,0.009018,0.351621,-0.000043,  27.104
   754.0,0.016895,0.009003,0.351120,-0.000029,  27.107
   755.0,0.016840,0.008977,0.350031,-0.000068,  27.107
   756.0,0.016806,0.008962,0.349483,-0.000029,  27.120
   757.0,0.016768,0.008935,0.348735,-0.000043,  27.120
   758.0,0.016711,0.008902,0.347981,-0.000019,  27.120
   759.0,0.016666,0.008879,0.347135,0.000020,  27.121
   760.0,0.016616,0.008854,0.346236,0.000020,  27.125
   761.0,0.016574,0.008828,0.345347,0.000006,  27.124
   762.0,0.016536,0.008805,0.344451,-0.000057,  27.128
   763.0,0.016478,0.008774,0.343488,0.000034,  27.130
   764.0,0.016437,0.008766,0.342391,-0.000005,  27.132
   765.0,0.016403,0.008746,0.341278,-0.000015,  27.141
   766.0,0.016345,0.008705,0.340613,-0.000019,  27.140
   767.0,0.016309,0.008687,0.339774,-0.000019,  27.145
   768.0,0.016262,0.008668,0.338985,0.000009,  27.149
   769.0,0.016189,0.008623,0.337728,-0.000019,  27.152
   770.0,0.016140,0.008595,0.336406,0.000009,  27.157
   771.0,0.016082,0.008567,0.335146,0.000062,  27.157
   772.0,0.016033,0.008563,0.334214,0.000009,  27.161
   773.0,0.015991,0.008528,0.333435,-0.000005,  27.161
   774.0,0.015933,0.008495,0.332431,-0.000005,  27.158
   775.0,0.015877,0.008465,0.331173,-0.000019,  27.157
   776.0,0.015799,0.008424,0.330060,-0.000005,  27.159
   777.0,0.015758,0.008407,0.328885,0.000009,  27.151
   778.0,0.015709,0.008370,0.327984,0.000048,  27.143
   779.0,0.015656,0.008351,0.326786,0.000009,  27.140
   780.0,0.015583,0.008314,0.325554,-0.000029,  27.125
   781.0,0.015527,0.008275,0.324447,-0.000015,  27.124
   782.0,0.015493,0.008260,0.323148,0.000023,  27.123
   783.0,0.015440,0.008214,0.322037,0.000034,  27.118
   784.0,0.015371,0.008192,0.320947,0.000009,  27.114
   785.0,0.015298,0.008161,0.319970,0.000009,  27.112
   786.0,0.015238,0.008122,0.318831,-0.000029,  27.110
   787.0,0.015185,0.008094,0.317658,0.000023,  27.117
   788.0,0.015128,0.008073,0.316433,0.000034,  27.120
   789.0,0.015076,0.008034,0.314752,-0.000015,  27.118
   790.0,0.014999,0.008008,0.313832,-0.000040,  27.122
   791.0,0.014959,0.007971,0.312707,0.000009,  27.120
   792.0,0.014898,0.007940,0.311433,-0.000005,  27.119
   793.0,0.014833,0.007905,0.310368,-0.000019,  27.120
   794.0,0.014773,0.007866,0.309112,-0.000005,  27.117
   795.0,0.014724,0.007825,0.308063,0.000020,  27.120
   796.0,0.014655,0.007807,0.306749,0.000020,  27.127
   797.0,0.014591,0.007777,0.305590,0.000020,  27.129
   798.0,0.014537,0.007743,0.304414,0.000020,  27.133
   799.0,0.014481,0.007720,0.303104,-0.000005,  27.137
   800.0,0.014431,0.007686,0.302121,0.000020,  27.142
   801.0,0.014370,0.007655,0.300643,0.000009,  27.143
   802.0,0.014318,0.007627,0.299492,0.000020,  27.152
   803.0,0.014253,0.007594,0.298587,0.000034,  27.157
   804.0,0.014206,0.007569,0.297181,0.000023,  27.159
   805.0,0.014145,0.007539,0.296087,-0.000015,  27.157
   806.0,0.014068,0.007501,0.294708,0.000037,  27.157
   807.0,0.014015,0.007469,0.292966,0.000048,  27.151
   808.0,0.013951,0.007431,0.291764,0.000037,  27.148
   809.0,0.013866,0.007404,0.290802,0.000037,  27.155
   810.0,0.013798,0.007364,0.289132,0.000034,  27.153
   811.0,0.013738,0.007329,0.287736,0.000048,  27.157
   812.0,0.013661,0.007287,0.286739,0.000009,  27.158
   813.0,0.013594,0.007246,0.285519,0.000048,  27.162
   814.0,0.013501,0.007206,0.283759,0.000034,  27.160
   815.0,0.013433,0.007179,0.282349,0.000034,  27.164
   816.0,0.013386,0.007135,0.281093,0.000009,  27.165
   817.0,0.013349,0.007117,0.279864,0.000023,  27.164
   818.0,0.013281,0.007071,0.278535,0.000023,  27.171
   819.0,0.013197,0.007041,0.277050,0.000034,  27.168
   820.0,0.013133,0.006995,0.275985,0.000006,  27.172
   821.0,0.013077,0.006979,0.274600,-0.000043,  27.178
   822.0,0.013016,0.006947,0.273413,0.000037,  27.186
   823.0,0.012952,0.006913,0.271923,0.000062,  27.186
   824.0,0.012869,0.006863,0.270714,0.000062,  27.194
   825.0,0.012786,0.006817,0.269047,0.000101,  27.193
   826.0,0.012730,0.006787,0.267665,0.000073,  27.187
   827.0,0.012661,0.006746,0.266176,0.000087,  27.193
   828.0,0.012586,0.006709,0.264600,0.000073,  27.186
   829.0,0.012510,0.006665,0.263587,0.000009,  27.190
   830.0,0.012426,0.006622,0.262172,0.000009,  27.185
   831.0,0.012367,0.006578,0.260737,0.000073,  27.183
   832.0,0.012295,0.006564,0.259259,0.000009,  27.179
   833.0,0.012230,0.006536,0.257655,0.000037,  27.172
   834.0,0.012178,0.006496,0.256538,0.000023,  27.170
   835.0,0.012118,0.006477,0.255182,0.000023,  27.167
   836.0,0.012053,0.006436,0.253780,0.000062,  27.166
   837.0,0.011983,0.006380,0.252338,0.000048,  27.162
   838.0,0.011890,0.006347,0.250895,0.000023,  27.161
   839.0,0.011823,0.006290,0.249647,0.000048,  27.157
   840.0,0.011763,0.006269,0.248260,-0.000029,  27.155
   841.0,0.011704,0.006235,0.246799,0.000009,  27.153
   842.0,0.011625,0.006211,0.245309,0.000020,  27.146
   843.0,0.011553,0.006152,0.243895,0.000048,  27.149
   844.0,0.011500,0.006116,0.242446,0.000048,  27.158
   845.0,0.011417,0.006096,0.241114,0.000009,  27.159
   846.0,0.011369,0.006066,0.239773,0.000009,  27.168
   847.0,0.011296,0.006030,0.238570,0.000009,  27.175
   848.0,0.011217,0.005988,0.237080,-0.000029,  27.186
   849.0,0.011141,0.005968,0.235837,0.000023,  27.190
   850.0,0.011082,0.005928,0.234405,0.000034,  27.199
   851.0,0.011026,0.005894,0.232955,0.000023,  27.204
   852.0,0.010954,0.005858,0.231601,0.000062,  27.211
   853.0,0.010898,0.005813,0.230252,0.000009,  27.215
   854.0,0.010827,0.005794,0.228788,-0.000001,  27.224
   855.0,0.010775,0.005760,0.227537,0.000023,  27.229
   856.0,0.010699,0.005722,0.225959,-0.000029,  27.233
   857.0,0.010635,0.005680,0.224887,0.000023,  27.235
   858.0,0.010552,0.005653,0.223549,0.000048,  27.239
   859.0,0.010488,0.005625,0.222166,0.000048,  27.238
   860.0,0.010428,0.005575,0.220631,0.000048,  27.242
   861.0,0.010357,0.005556,0.219374,0.000034,  27.247
   862.0,0.010304,0.005521,0.218053,-0.000029,  27.257
   863.0,0.010233,0.005482,0.216659,0.000009,  27.260
   864.0,0.010142,0.005414,0.215171,0.000034,  27.260
   865.0,0.010054,0.005379,0.213757,0.000048,  27.260
   866.0,0.009999,0.005334,0.212212,-0.000005,  27.259
   867.0,0.009921,0.005302,0.211085,-0.000029,  27.264
   868.0,0.009850,0.005260,0.209570,0.000020,  27.261
   869.0,0.009775,0.005218,0.208051,0.000006,  27.260
   870.0,0.009692,0.005165,0.206773,-0.000057,  27.258
   871.0,0.009636,0.005123,0.205310,-0.000005,  27.251
   872.0,0.009560,0.005081,0.203974,-0.000019,  27.252
   873.0,0.009484,0.005044,0.202596,-0.000032,  27.242
   874.0,0.009437,0.005020,0.199059,-0.000019,  27.237
   875.0,0.009366,0.004981,0.198269,-0.000057,  27.237
   876.0,0.009299,0.004957,0.198210,0.000006,  27.230
   877.0,0.009243,0.004932,0.197274,-0.000019,  27.228
   878.0,0.009171,0.004897,0.195880,-0.000019,  27.231
   879.0,0.009114,0.004875,0.194774,-0.000005,  27.231
   880.0,0.009063,0.004835,0.193608,0.000020,  27.231
   881.0,0.009003,0.004795,0.192215,-0.000043,  27.226
   882.0,0.008939,0.004755,0.190856,-0.000005,  27.227
   883.0,0.008871,0.004733,0.189828,0.000034,  27.225
   884.0,0.008823,0.004700,0.188611,0.000034,  27.220
   885.0,0.008783,0.004674,0.187478,0.000020,  27.216
   886.0,0.008716,0.004656,0.186223,-0.000005,  27.216
   887.0,0.008640,0.004609,0.184837,-0.000005,  27.210
   888.0,0.008591,0.004578,0.183316,-0.000019,  27.210
   889.0,0.008511,0.004552,0.182134,-0.000057,  27.208
   890.0,0.008459,0.004518,0.181027,0.000023,  27.209
   891.0,0.008399,0.004477,0.179713,0.000009,  27.211
   892.0,0.008333,0.004443,0.178718,0.000073,  27.212
   893.0,0.008262,0.004409,0.177451,0.000034,  27.217
   894.0,0.008205,0.004386,0.176077,0.000034,  27.221
   895.0,0.008137,0.004351,0.174914,-0.000005,  27.222
   896.0,0.008082,0.004315,0.173773,-0.000019,  27.224
   897.0,0.008040,0.004284,0.172546,-0.000008,  27.227
   898.0,0.007975,0.004248,0.169463,-0.000032,  27.229
   899.0,0.007900,0.004203,0.169209,-0.000032,  27.231
   900.0,0.007834,0.004175,0.166537,-0.000032,  27.241
   901.0,0.007790,0.004155,0.166793,0.000003,  27.249
   902.0,0.007727,0.004126,0.166172,-0.000008,  27.251
   903.0,0.007655,0.004091,0.164970,-0.000008,  27.256
   904.0,0.007595,0.004063,0.163984,-0.000008,  27.260
   905.0,0.007546,0.004048,0.163009,0.000020,  27.259
   906.0,0.007514,0.004010,0.161956,0.000020,  27.264
   907.0,0.007458,0.003987,0.160756,-0.000019,  27.264
   908.0,0.007390,0.003956,0.159593,-0.000005,  27.266
   909.0,0.007343,0.003920,0.158558,-0.000046,  27.263
   910.0,0.007288,0.003874,0.157360,-0.000071,  27.262
   911.0,0.007219,0.003847,0.156166,-0.000008,  27.256
   912.0,0.007167,0.003839,0.155220,-0.000022,  27.256
   913.0,0.007115,0.003807,0.153825,-0.000036,  27.252
   914.0,0.007050,0.003769,0.149368,0.000003,  27.248
   915.0,0.007007,0.003749,0.150377,-0.000022,  27.242
   916.0,0.006967,0.003704,0.150157,-0.000032,  27.237
   917.0,0.006907,0.003686,0.149293,-0.000022,  27.232
   918.0,0.006843,0.003664,0.147924,-0.000008,  27.221
   919.0,0.006782,0.003632,0.146368,-0.000008,  27.219
   920.0,0.006735,0.003596,0.145912,0.000006,  27.217
   921.0,0.006671,0.003571,0.145013,-0.000032,  27.216
   922.0,0.006603,0.003538,0.143639,-0.000032,  27.210
   923.0,0.006552,0.003506,0.142701,0.000006,  27.211
   924.0,0.006515,0.003487,0.141847,-0.000043,  27.214
   925.0,0.006463,0.003460,0.140871,-0.000019,  27.217
   926.0,0.006429,0.003441,0.139887,0.000006,  27.216
   927.0,0.006404,0.003432,0.139033,0.000006,  27.217
   928.0,0.006363,0.003408,0.137956,0.000006,  27.219
   929.0,0.006322,0.003395,0.137183,-0.000019,  27.219
   930.0,0.006273,0.003373,0.134259,0.000009,  27.223
   931.0,0.006209,0.003349,0.134396,-0.000005,  27.224
   932.0,0.006164,0.003314,0.133764,-0.000043,  27.232
   933.0,0.006107,0.003296,0.132984,-0.000019,  27.233
   934.0,0.006060,0.003276,0.132033,-0.000005,  27.234
   935.0,0.006008,0.003238,0.131461,0.000009,  27.238
   936.0,0.005968,0.003208,0.130356,-0.000005,  27.237
   937.0,0.005916,0.003179,0.129458,-0.000029,  27.241
   938.0,0.005859,0.003147,0.128415,0.000034,  27.245
   939.0,0.005810,0.003123,0.126478,-0.000019,  27.245
   940.0,0.005762,0.003097,0.125494,-0.000057,  27.247
   941.0,0.005725,0.003078,0.125099,0.000006,  27.249
   942.0,0.005682,0.003042,0.124572,-0.000019,  27.250
   943.0,0.005642,0.003012,0.123527,0.000020,  27.249
   944.0,0.005589,0.002986,0.122685,0.000020,  27.246
   945.0,0.005548,0.002967,0.120187,0.000006,  27.250
   946.0,0.005502,0.002956,0.120514,0.000031,  27.252
   947.0,0.005466,0.002938,0.119854,0.000006,  27.252
   948.0,0.005414,0.002918,0.119065,-0.000057,  27.249
   949.0,0.005365,0.002883,0.118273,-0.000019,  27.252
   950.0,0.005340,0.002861,0.117509,0.000020,  27.246
   951.0,0.005283,0.002853,0.116486,0.000009,  27.248
   952.0,0.005247,0.002818,0.115667,-0.000019,  27.246
   953.0,0.005194,0.002788,0.114836,-0.000057,  27.243
   954.0,0.005146,0.002759,0.113788,-0.000032,  27.244
   955.0,0.005088,0.002744,0.113136,-0.000032,  27.244
   956.0,0.005053,0.002709,0.112368,-0.000008,  27.247
   957.0,0.005012,0.002683,0.111610,-0.000008,  27.248
   958.0,0.004975,0.002655,0.110578,-0.000032,  27.246
   959.0,0.004942,0.002637,0.109770,-0.000032,  27.249
   960.0,0.004885,0.002615,0.108851,-0.000008,  27.254
   961.0,0.004853,0.002589,0.107933,-0.000046,  27.254
   962.0,0.004796,0.002569,0.107108,-0.000046,  27.253
   963.0,0.004743,0.002552,0.106349,-0.000008,  27.259
   964.0,0.004724,0.002541,0.105414,-0.000057,  27.258
   965.0,0.004671,0.002501,0.104639,-0.000046,  27.258
   966.0,0.004629,0.002482,0.103576,-0.000022,  27.259
   967.0,0.004600,0.002456,0.102926,-0.000060,  27.257
   968.0,0.004575,0.002441,0.102241,-0.000060,  27.249
   969.0,0.004546,0.002425,0.101289,-0.000019,  27.249
   970.0,0.004497,0.002407,0.100670,0.000006,  27.243
   971.0,0.004456,0.002378,0.099919,0.000017,  27.238
   972.0,0.004424,0.002371,0.099004,-0.000008,  27.233
   973.0,0.004378,0.002357,0.098322,-0.000008,  27.223
   974.0,0.004345,0.002329,0.097528,-0.000032,  27.215
   975.0,0.004300,0.002316,0.096744,-0.000032,  27.212
   976.0,0.004258,0.002291,0.095955,-0.000008,  27.204
   977.0,0.004230,0.002272,0.095221,0.000056,  27.201
   978.0,0.004196,0.002252,0.094386,0.000070,  27.194
   979.0,0.004168,0.002231,0.093551,0.000006,  27.186
   980.0,0.004122,0.002211,0.092955,0.000020,  27.188
   981.0,0.004085,0.002191,0.092102,-0.000008,  27.182
   982.0,0.004044,0.002173,0.091365,-0.000032,  27.177
   983.0,0.004015,0.002162,0.090627,-0.000057,  27.180
   984.0,0.003977,0.002144,0.089967,-0.000019,  27.181
   985.0,0.003960,0.002129,0.089252,0.000006,  27.176
   986.0,0.003930,0.002109,0.088570,-0.000019,  27.182
   987.0,0.003893,0.002098,0.087778,-0.000019,  27.176
   988.0,0.003856,0.002076,0.087119,-0.000029,  27.180
   989.0,0.003826,0.002077,0.086385,0.000034,  27.177
   990.0,0.003792,0.002068,0.085885,0.000059,  27.177
   991.0,0.003771,0.002049,0.085305,0.000020,  27.182
   992.0,0.003730,0.002032,0.084708,0.000034,  27.180
   993.0,0.003716,0.002021,0.084057,0.000020,  27.179
   994.0,0.003689,0.002009,0.083371,0.000048,  27.182
   995.0,0.003661,0.001990,0.082683,0.000048,  27.180
   996.0,0.003634,0.001969,0.082186,0.000048,  27.182
   997.0,0.003599,0.001957,0.081848,0.000087,  27.183
   998.0,0.003554,0.001938,0.081241,0.000034,  27.184
   999.0,0.003545,0.001932,0.080680,-0.000029,  27.185
  1000.0,0.003516,0.001907,0.080009,-0.000029,  27.186
  1001.0,0.003477,0.001887,0.079339,-0.000043,  27.186
  1002.0,0.003467,0.001884,0.079127,0.000009,  27.186
  1003.0,0.003433,0.001869,0.078447,0.000059,  27.192
  1004.0,0.003405,0.001847,0.077931,0.000059,  27.189
  1005.0,0.003379,0.001832,0.077610,0.000034,  27.188
  1006.0,0.003348,0.001820,0.076963,-0.000019,  27.192
  1007.0,0.003327,0.001816,0.076481,-0.000057,  27.192
  1008.0,0.003293,0.001802,0.075989,-0.000019,  27.200
  1009.0,0.003270,0.001781,0.074233,0.000020,  27.207
  1010.0,0.003257,0.001767,0.074556,0.000048,  27.204
  1011.0,0.003219,0.001751,0.074140,0.000062,  27.205
  1012.0,0.003197,0.001735,0.073851,0.000048,  27.205
  1013.0,0.003170,0.001730,0.073423,0.000062,  27.208
  1014.0,0.003140,0.001722,0.072867,0.000034,  27.211
  1015.0,0.003119,0.001702,0.072381,0.000020,  27.213
  1016.0,0.003098,0.001691,0.071711,0.000034,  27.218
  1017.0,0.003077,0.001675,0.071449,0.000020,  27.221
  1018.0,0.003053,0.001665,0.070834,0.000009,  27.221
  1019.0,0.003038,0.001656,0.070461,0.000023,  27.229
  1020.0,0.003020,0.001650,0.070026,0.000009,  27.225
  1021.0,0.003002,0.001642,0.069456,-0.000029,  27.227
  1022.0,0.002971,0.001627,0.068989,0.000009,  27.229
  1023.0,0.002950,0.001609,0.068546,-0.000029,  27.229
  1024.0,0.002917,0.001601,0.068145,0.000023,  27.230
  1025.0,0.002890,0.001574,0.067650,0.000034,  27.234
  1026.0,0.002873,0.001567,0.067156,-0.000029,  27.234
  1027.0,0.002847,0.001543,0.066486,0.000034,  27.231
  1028.0,0.002833,0.001529,0.066152,0.000020,  27.235
  1029.0,0.002795,0.001524,0.065630,0.000020,  27.241
  1030.0,0.002778,0.001504,0.065209,0.000045,  27.245
  1031.0,0.002748,0.001486,0.064716,0.000020,  27.249
  1032.0,0.002714,0.001474,0.064165,0.000059,  27.250
  1033.0,0.002672,0.001457,0.063644,0.000020,  27.252
  1034.0,0.002663,0.001441,0.063330,0.000020,  27.259
  1035.0,0.002633,0.001426,0.062531,0.000006,  27.261
  1036.0,0.002595,0.001414,0.062188,-0.000019,  27.254
  1037.0,0.002592,0.001394,0.061752,0.000020,  27.251
  1038.0,0.002561,0.001385,0.061223,0.000020,  27.244
  1039.0,0.002551,0.001384,0.060797,0.000020,  27.244
  1040.0,0.002529,0.001373,0.060475,-0.000008,  27.242
  1041.0,0.002494,0.001357,0.060019,-0.000019,  27.236
  1042.0,0.002477,0.001357,0.059625,-0.000057,  27.238
  1043.0,0.002443,0.001335,0.059119,0.000006,  27.228
  1044.0,0.002425,0.001319,0.058768,-0.000008,  27.218
  1045.0,0.002411,0.001302,0.058356,-0.000032,  27.214
  1046.0,0.002377,0.001272,0.057751,-0.000046,  27.208
  1047.0,0.002356,0.001260,0.057054,-0.000046,  27.205
  1048.0,0.002337,0.001258,0.056539,-0.000022,  27.202
  1049.0,0.002307,0.001249,0.056261,-0.000046,  27.194
  1050.0,0.002286,0.001226,0.055841,-0.000022,  27.199
  1051.0,0.002264,0.001204,0.055330,-0.000022,  27.195
  1052.0,0.002233,0.001190,0.054789,-0.000060,  27.189
  1053.0,0.002227,0.001190,0.053795,-0.000046,  27.191
  1054.0,0.002207,0.001182,0.052401,-0.000022,  27.186
  1055.0,0.002189,0.001173,0.053059,-0.000022,  27.192
  1056.0,0.002162,0.001156,0.052841,-0.000085,  27.195
  1057.0,0.002163,0.001157,0.052764,-0.000046,  27.199
  1058.0,0.002164,0.001162,0.052687,-0.000046,  27.202
  1059.0,0.002138,0.001154,0.052227,-0.000008,  27.205
  1060.0,0.002099,0.001135,0.051902,-0.000022,  27.208
  1061.0,0.002089,0.001131,0.051546,-0.000008,  27.208
  1062.0,0.002062,0.001130,0.051188,-0.000008,  27.209
  1063.0,0.002064,0.001130,0.050801,0.000003,  27.209
  1064.0,0.002065,0.001106,0.050594,-0.000036,  27.205
  1065.0,0.002038,0.001095,0.049968,0.000003,  27.205
  1066.0,0.002020,0.001081,0.049843,0.000017,  27.201
  1067.0,0.002006,0.001077,0.049167,-0.000008,  27.197
  1068.0,0.001990,0.001068,0.049101,0.000006,  27.188
  1069.0,0.001992,0.001080,0.048985,0.000006,  27.190
  1070.0,0.001980,0.001072,0.048670,0.000031,  27.188
  1071.0,0.001980,0.001074,0.048234,-0.000032,  27.183
  1072.0,0.001965,0.001065,0.048088,-0.000008,  27.185
  1073.0,0.001946,0.001058,0.048001,-0.000008,  27.178
  1074.0,0.001936,0.001054,0.047697,-0.000008,  27.187
  1075.0,0.001910,0.001037,0.047401,0.000006,  27.187
  1076.0,0.001894,0.001021,0.047146,0.000006,  27.188
  1077.0,0.001884,0.001003,0.046960,-0.000019,  27.185
  1078.0,0.001856,0.001005,0.046557,0.000020,  27.186
  1079.0,0.001845,0.001003,0.046074,-0.000008,  27.191
  1080.0,0.001835,0.001001,0.045742,-0.000008,  27.191
  1081.0,0.001828,0.001002,0.045517,-0.000008,  27.195
  1082.0,0.001809,0.000994,0.045362,0.000031,  27.198
  1083.0,0.001810,0.000973,0.045088,-0.000046,  27.198
  1084.0,0.001795,0.000974,0.044903,-0.000032,  27.200
  1085.0,0.001788,0.000977,0.044658,-0.000057,  27.199
  1086.0,0.001777,0.000983,0.044512,0.000034,  27.203
  1087.0,0.001765,0.000978,0.044288,0.000034,  27.206
  1088.0,0.001754,0.000979,0.043956,0.000048,  27.213
  1089.0,0.001742,0.000971,0.043515,0.000073,  27.217
  1090.0,0.001732,0.000970,0.043429,-0.000005,  27.217
  1091.0,0.001720,0.000955,0.043264,-0.000029,  27.218
  1092.0,0.001708,0.000961,0.043059,0.000009,  27.227
  1093.0,0.001722,0.000960,0.043021,0.000023,  27.228
  1094.0,0.001704,0.000947,0.042817,0.000037,  27.228
  1095.0,0.001673,0.000933,0.042594,0.000009,  27.231
  1096.0,0.001674,0.000924,0.042215,0.000048,  27.237
  1097.0,0.001663,0.000915,0.041884,0.000048,  27.236
  1098.0,0.001656,0.000916,0.041603,0.000020,  27.233
  1099.0,0.001634,0.000904,0.041302,-0.000005,  27.230
  1100.0,0.001591,0.000877,0.040973,0.000006,  27.220
  1101.0,0.001581,0.000875,0.040906,-0.000057,  27.218
  1102.0,0.001554,0.000856,0.040557,0.000006,  27.216
  1103.0,0.001540,0.000848,0.040180,0.000020,  27.213
  1104.0,0.001542,0.000842,0.040084,0.000020,  27.209
  1105.0,0.001526,0.000833,0.039649,0.000034,  27.209
  1106.0,0.001499,0.000820,0.039515,-0.000019,  27.206
  1107.0,0.001485,0.000810,0.039236,0.000006,  27.203
  1108.0,0.001469,0.000795,0.038849,0.000031,  27.201
  1109.0,0.001466,0.000790,0.038502,0.000020,  27.205
  1110.0,0.001451,0.000790,0.038436,-0.000005,  27.201
  1111.0,0.001433,0.000779,0.038330,0.000006,  27.202
  1112.0,0.001441,0.000793,0.038003,0.000020,  27.207
  1113.0,0.001433,0.000787,0.037646,0.000034,  27.206
  1114.0,0.001425,0.000785,0.037551,0.000045,  27.203
  1115.0,0.001430,0.000779,0.036830,0.000006,  27.203
  1116.0,0.001412,0.000767,0.035726,-0.000008,  27.200
  1117.0,0.001397,0.000759,0.036427,0.000031,  27.191
  1118.0,0.001385,0.000747,0.036399,-0.000008,  27.188
  1119.0,0.001374,0.000745,0.036304,-0.000046,  27.185
  1120.0,0.001360,0.000726,0.036285,0.000006,  27.184
  1121.0,0.001348,0.000711,0.036218,0.000006,  27.181
  1122.0,0.001333,0.000717,0.036181,-0.000032,  27.177
  1123.0,0.001331,0.000708,0.035529,-0.000057,  27.176
  1124.0,0.001322,0.000699,0.035539,-0.000019,  27.175
  1125.0,0.001307,0.000700,0.035454,-0.000032,  27.169
  1126.0,0.001310,0.000702,0.035023,-0.000057,  27.168
  1127.0,0.001293,0.000692,0.035023,-0.000008,  27.160
  1128.0,0.001294,0.000701,0.034813,-0.000008,  27.152
  1129.0,0.001282,0.000707,0.034584,0.000045,  27.153
  1130.0,0.001278,0.000714,0.034393,0.000020,  27.158
  1131.0,0.001283,0.000714,0.034269,-0.000029,  27.158
  1132.0,0.001260,0.000709,0.034098,0.000009,  27.156
  1133.0,0.001264,0.000693,0.034404,-0.000005,  27.149
  1134.0,0.001250,0.000678,0.033946,-0.000019,  27.155
  1135.0,0.001234,0.000673,0.033689,0.000009,  27.155
  1136.0,0.001235,0.000682,0.033536,-0.000043,  27.157
  1137.0,0.001247,0.000673,0.033051,-0.000005,  27.158
  1138.0,0.001223,0.000672,0.033213,-0.000005,  27.159
  1139.0,0.001224,0.000668,0.033061,0.000048,  27.158
  1140.0,0.001215,0.000662,0.032775,0.000009,  27.159
  1141.0,0.001204,0.000671,0.032671,-0.000019,  27.157
  1142.0,0.001218,0.000675,0.032557,-0.000029,  27.156
  1143.0,0.001213,0.000675,0.032481,0.000009,  27.152
  1144.0,0.001202,0.000661,0.032377,0.000020,  27.156
  1145.0,0.001182,0.000656,0.032196,-0.000005,  27.151
  1146.0,0.001171,0.000658,0.032016,0.000020,  27.151
  1147.0,0.001181,0.000646,0.031988,0.000006,  27.150
  1148.0,0.001153,0.000651,0.031922,0.000045,  27.159
  1149.0,0.001138,0.000643,0.031561,0.000034,  27.157
  1150.0,0.001148,0.000643,0.031258,0.000048,  27.157
  1151.0,0.001147,0.000623,0.031486,0.000009,  27.160
  1152.0,0.001136,0.000620,0.031296,0.000034,  27.164
  1153.0,0.001132,0.000607,0.031211,-0.000005,  27.168
  1154.0,0.001128,0.000629,0.030823,0.000034,  27.179
  1155.0,0.001118,0.000624,0.030956,0.000020,  27.181
  1156.0,0.001098,0.000620,0.030804,0.000006,  27.181
  1157.0,0.001089,0.000622,0.030682,-0.000005,  27.184
  1158.0,0.001094,0.000627,0.030228,0.000020,  27.185
  1159.0,0.001090,0.000612,0.030360,0.000034,  27.185
  1160.0,0.001083,0.000614,0.030256,-0.000005,  27.185
  1161.0,0.001068,0.000593,0.030143,-0.000043,  27.182
  1162.0,0.001053,0.000572,0.029822,-0.000046,  27.186
  1163.0,0.001054,0.000575,0.029718,-0.000057,  27.185
  1164.0,0.001049,0.000575,0.029624,-0.000082,  27.184
  1165.0,0.001027,0.000549,0.029454,-0.000057,  27.185
  1166.0,0.001024,0.000552,0.029323,-0.000057,  27.189
  1167.0,0.001021,0.000544,0.029228,-0.000005,  27.189
  1168.0,0.001006,0.000546,0.029068,-0.000019,  27.191
  1169.0,0.000995,0.000546,0.028917,-0.000032,  27.190
  1170.0,0.000979,0.000532,0.028842,0.000006,  27.188
  1171.0,0.000987,0.000531,0.028786,-0.000057,  27.189
  1172.0,0.000991,0.000532,0.028626,-0.000046,  27.187
  1173.0,0.000987,0.000527,0.028447,0.000006,  27.182
  1174.0,0.000981,0.000537,0.028513,0.000020,  27.178
  1175.0,0.000981,0.000535,0.028259,0.000034,  27.175
  1176.0,0.000967,0.000537,0.028127,0.000059,  27.171
  1177.0,0.000958,0.000528,0.028033,0.000020,  27.175
  1178.0,0.000946,0.000506,0.027855,0.000045,  27.160
  1179.0,0.000943,0.000512,0.027480,0.000020,  27.152
  1180.0,0.000929,0.000506,0.027461,0.000006,  27.148
  1181.0,0.000914,0.000498,0.027386,-0.000046,  27.145
  1182.0,0.000910,0.000491,0.027311,-0.000046,  27.143
  1183.0,0.000896,0.000478,0.027058,-0.000032,  27.139
  1184.0,0.000891,0.000476,0.026954,-0.000046,  27.137
  1185.0,0.000894,0.000480,0.026832,-0.000008,  27.137
  1186.0,0.000886,0.000479,0.026823,-0.000060,  27.130
  1187.0,0.000894,0.000494,0.026739,-0.000046,  27.131
  1188.0,0.000886,0.000483,0.026682,-0.000046,  27.127
  1189.0,0.000871,0.000466,0.026570,-0.000032,  27.122
  1190.0,0.000872,0.000461,0.026168,-0.000057,  27.114
  1191.0,0.000881,0.000472,0.026168,-0.000032,  27.108
  1192.0,0.000869,0.000463,0.026074,-0.000008,  27.101
  1193.0,0.000888,0.000469,0.026027,-0.000032,  27.092
  1194.0,0.000872,0.000466,0.026093,-0.000005,  27.094
  1195.0,0.000877,0.000476,0.025972,0.000020,  27.082
  1196.0,0.000881,0.000477,0.025701,0.000059,  27.078
  1197.0,0.000880,0.000485,0.025897,0.000020,  27.081
  1198.0,0.000899,0.000472,0.026102,0.000048,  27.073
  1199.0,0.000870,0.000477,0.025756,0.000009,  27.068
  1200.0,0.000866,0.000477,0.025952,0.000006,  27.071
  1201.0,0.000851,0.000472,0.025737,-0.000057,  27.072
  1202.0,0.000848,0.000464,0.025616,-0.000032,  27.070
  1203.0,0.000851,0.000469,0.025625,-0.000019,  27.073
  1204.0,0.000834,0.000468,0.025504,-0.000019,  27.079
  1205.0,0.000823,0.000465,0.025476,0.000017,  27.091
  1206.0,0.000825,0.000461,0.025364,0.000006,  27.097
  1207.0,0.000820,0.000452,0.025391,0.000006,  27.101
  1208.0,0.000820,0.000451,0.025084,0.000006,  27.105
  1209.0,0.000817,0.000442,0.024851,0.000006,  27.099
  1210.0,0.000809,0.000444,0.024916,0.000031,  27.101
  1211.0,0.000795,0.000435,0.023736,-0.000032,  27.099
  1212.0,0.000783,0.000420,0.023819,-0.000071,  27.095
  1213.0,0.000783,0.000414,0.024153,-0.000022,  27.096
  1214.0,0.000768,0.000424,0.024310,-0.000085,  27.090
  1215.0,0.000776,0.000420,0.024255,-0.000019,  27.096
  1216.0,0.000779,0.000424,0.024328,-0.000019,  27.090
  1217.0,0.000780,0.000417,0.024458,0.000020,  27.087
  1218.0,0.000768,0.000418,0.022189,0.000045,  27.088
  1219.0,0.000765,0.000416,0.023400,0.000006,  27.090
  1220.0,0.000765,0.000402,0.023938,-0.000019,  27.091
  1221.0,0.000754,0.000396,0.023863,-0.000032,  27.099
  1222.0,0.000743,0.000393,0.023798,-0.000046,  27.101
  1223.0,0.000739,0.000383,0.023770,-0.000022,  27.098
  1224.0,0.000724,0.000392,0.023779,-0.000022,  27.087
  1225.0,0.000736,0.000394,0.023760,-0.000022,  27.089
  1226.0,0.000728,0.000394,0.023649,-0.000036,  27.085
  1227.0,0.000728,0.000398,0.023547,-0.000046,  27.090
  1228.0,0.000724,0.000401,0.023501,-0.000046,  27.081
  1229.0,0.000732,0.000412,0.023519,-0.000008,  27.078
  1230.0,0.000739,0.000406,0.023454,0.000031,  27.080
  1231.0,0.000726,0.000421,0.023519,0.000031,  27.081
  1232.0,0.000762,0.000429,0.021726,0.000031,  27.088
  1233.0,0.000750,0.000419,0.022233,-0.000008,  27.085
  1234.0,0.000746,0.000423,0.022991,0.000006,  27.089
  1235.0,0.000746,0.000422,0.023380,0.000006,  27.090
  1236.0,0.000750,0.000420,0.023584,-0.000005,  27.100
  1237.0,0.000746,0.000426,0.023556,0.000034,  27.102
  1238.0,0.000758,0.000433,0.023454,0.000020,  27.108
  1239.0,0.000750,0.000422,0.023222,0.000059,  27.104
  1240.0,0.000739,0.000419,0.023269,-0.000019,  27.103
  1241.0,0.000732,0.000416,0.023166,-0.000029,  27.099
