Run Name,Run 2
Run Date,01:27:11 PM   04-16-13
Method Name,LinearGradient Group 5.1
Export Format Version, 1.00
Method ID, 1651
Points/Second, 5.00
Number of Records,   1787
Offset from Run Start Time,00:00:00
Run End Time,00:06:00
Time,Second
QuadTec 1, (280.0 nm), AU
QuadTec 2, (260.0 nm), AU
Gradient Pump,<Not Selected>
QuadTec 3, (214.0 nm), AU
QuadTec 4, (405.0 nm), AU
Conductivity,mS/cm
Trace 6,<Not Available>
GP Pressure,<Not Selected>
Volume,<Not Selected>
Fraction,<Not Available>
Time,QuadTec 1,QuadTec 2,QuadTec 3,QuadTec 4,Conductivity
     0.0,0.006883,0.000000,0.077447,-0.434107,  44.689
     0.2,0.006878,0.000000,0.077453,-0.434107,  44.690
     0.4,0.006876,0.000000,0.077410,-0.434129,  44.691
     0.6,0.006885,0.000000,0.077338,-0.434094,  44.689
     0.8,0.000000,0.000000,0.077325,-0.434081,  44.684
     1.0,0.000000,0.000000,0.077332,-0.434116,  44.686
     1.2,0.000000,0.000000,0.077347,-0.434068,  44.686
     1.4,0.000000,0.000000,0.077348,-0.434055,  44.687
     1.6,0.000000,0.000000,0.077336,-0.434103,  44.689
     1.8,0.000000,0.000000,0.076820,-0.434068,  44.685
     2.0,0.000000,0.000000,0.076820,-0.434032,  44.686
     2.2,0.000000,0.000000,0.076820,-0.434023,  44.689
     2.4,0.000000,0.000000,0.076820,0.000000,  44.686
     2.6,0.000000,0.000000,0.000000,0.000000,  44.685
     2.8,0.000000,0.000000,0.000000,0.000000,  44.688
     3.0,0.000000,0.000000,0.000000,0.000000,  44.687
     3.2,0.000000,0.000000,0.000000,0.000000,  44.689
     3.4,0.000000,0.000000,0.000000,0.000000,  44.689
     3.6,0.000000,0.000000,0.000000,0.000000,  44.692
     3.8,0.000000,0.000000,0.000000,0.000000,  44.690
     4.0,0.000000,0.000000,0.000000,0.000000,  44.689
     4.2,0.000000,0.000000,0.000000,0.000000,  44.691
     4.4,0.000000,0.000000,0.000000,0.000000,  44.690
     4.6,0.000000,0.000036,0.000000,0.000000,  44.691
     4.8,-0.000015,0.000037,0.000000,0.000000,  44.694
     5.0,-0.000016,0.000038,0.000000,0.000000,  44.710
     5.2,-0.000016,0.000038,0.000000,0.000000,  44.709
     5.4,-0.000016,0.000035,0.000000,0.000000,  44.707
     5.6,-0.000019,0.000031,0.000000,0.000000,  44.703
     5.8,-0.000008,0.000031,0.000000,0.000000,  44.707
     6.0,-0.000005,0.000033,0.000000,0.000000,  44.708
     6.2,-0.000003,0.000031,0.000000,0.000000,  44.708
     6.4,-0.000003,0.000036,0.000000,0.000000,  44.707
     6.6,0.000001,0.000036,-0.000635,0.000000,  44.708
     6.8,0.000004,0.000037,-0.001062,0.000000,  44.709
     7.0,-0.000003,0.000037,-0.001302,0.000000,  44.708
     7.2,0.000004,0.000036,-0.001332,0.000000,  44.703
     7.4,0.000004,0.000033,-0.001180,0.000017,  44.707
     7.6,-0.000003,0.000036,-0.000827,-0.000006,  44.707
     7.8,0.000004,0.000035,-0.000898,-0.000041,  44.709
     8.0,0.000004,0.000030,-0.001092,-0.000006,  44.708
     8.2,-0.000003,0.000032,-0.001400,-0.000041,  44.708
     8.4,0.000001,0.000028,-0.001383,-0.000041,  44.712
     8.6,0.000004,0.000030,-0.001247,-0.000006,  44.711
     8.8,-0.000005,0.000030,-0.001005,-0.000041,  44.709
     9.0,-0.000002,0.000031,-0.000888,-0.000041,  44.714
     9.2,0.000001,0.000033,-0.000792,-0.000006,  44.709
     9.4,-0.000008,0.000033,-0.000699,-0.000028,  44.708
     9.6,-0.000002,0.000035,-0.000605,-0.000028,  44.708
     9.8,-0.000002,0.000035,-0.000518,-0.000028,  44.708
    10.0,-0.000004,0.000030,-0.000438,-0.000050,  44.705
    10.2,-0.000007,0.000028,-0.000416,-0.000015,  44.714
    10.4,-0.000006,0.000022,-0.000404,-0.000028,  44.714
    10.6,-0.000006,0.000024,-0.000441,-0.000064,  44.711
    10.8,-0.000006,0.000031,-0.000426,-0.000028,  44.712
    11.0,-0.000008,0.000031,-0.000398,-0.000028,  44.712
    11.2,-0.000008,0.000028,-0.000368,-0.000064,  44.706
    11.4,-0.000003,0.000031,-0.000368,-0.000028,  44.710
    11.6,0.000003,0.000035,-0.000376,-0.000028,  44.715
    11.8,0.000006,0.000035,-0.000404,-0.000077,  44.710
    12.0,0.000011,0.000035,-0.000387,-0.000041,  44.710
    12.2,0.000020,0.000039,-0.000338,-0.000006,  44.710
    12.4,0.000025,0.000041,-0.000287,-0.000041,  44.709
    12.6,0.000028,0.000043,-0.000278,-0.000041,  44.711
    12.8,0.000031,0.000043,-0.000278,-0.000028,  44.706
    13.0,0.000036,0.000048,-0.000287,-0.000050,  44.706
    13.2,0.000036,0.000050,-0.000263,-0.000002,  44.709
    13.4,0.000036,0.000050,-0.000226,-0.000002,  44.709
    13.6,0.000038,0.000048,-0.000181,-0.000037,  44.706
    13.8,0.000038,0.000047,-0.000217,-0.000002,  44.708
    14.0,0.000038,0.000052,-0.000283,-0.000002,  44.708
    14.2,0.000041,0.000052,-0.000394,-0.000002,  44.707
    14.4,0.000038,0.000048,-0.000488,-0.000037,  44.710
    14.6,0.000036,0.000045,-0.000590,0.000011,  44.708
    14.8,0.000038,0.000049,-0.000711,0.000011,  44.714
    15.0,0.000038,0.000053,-0.000834,0.000011,  44.709
    15.2,0.000041,0.000057,-0.000813,-0.000011,  44.711
    15.4,0.000050,0.000057,-0.000735,-0.000011,  44.709
    15.6,0.000050,0.000060,-0.000618,-0.000034,  44.705
    15.8,0.000053,0.000061,-0.000653,-0.000034,  44.707
    16.0,0.000062,0.000062,-0.000747,0.000002,  44.710
    16.2,0.000062,0.000064,-0.000898,-0.000021,  44.712
    16.4,0.000055,0.000066,-0.000939,-0.000021,  44.703
    16.6,0.000058,0.000066,-0.000946,0.000002,  44.708
    16.8,0.000058,0.000066,-0.000938,-0.000021,  44.709
    17.0,0.000062,0.000072,-0.000917,-0.000021,  44.712
    17.2,0.000055,0.000068,-0.000881,0.000015,  44.706
    17.4,0.000058,0.000072,-0.000831,-0.000008,  44.713
    17.6,0.000064,0.000073,-0.000744,-0.000021,  44.713
    17.8,0.000058,0.000072,-0.000635,0.000015,  44.709
    18.0,0.000067,0.000073,-0.000511,-0.000008,  44.714
    18.2,0.000071,0.000078,-0.000482,-0.000021,  44.711
    18.4,0.000071,0.000075,-0.000495,0.000015,  44.712
    18.6,0.000073,0.000074,-0.000546,-0.000008,  44.712
    18.8,0.000064,0.000077,-0.000559,-0.000021,  44.714
    19.0,0.000068,0.000076,-0.000572,0.000015,  44.711
    19.2,0.000072,0.000075,-0.000573,-0.000008,  44.715
    19.4,0.000076,0.000086,-0.000542,-0.000021,  44.715
    19.6,0.000081,0.000090,-0.000484,0.000015,  44.716
    19.8,0.000081,0.000088,-0.000411,-0.000008,  44.716
    20.0,0.000071,0.000090,-0.000396,-0.000021,  44.719
    20.2,0.000079,0.000090,-0.000382,0.000015,  44.716
    20.4,0.000078,0.000090,-0.000398,-0.000008,  44.716
    20.6,0.000074,0.000089,-0.000413,-0.000021,  44.717
    20.8,0.000077,0.000088,-0.000442,0.000015,  44.718
    21.0,0.000076,0.000085,-0.000485,-0.000008,  44.714
    21.2,0.000084,0.000086,-0.000476,0.000015,  44.719
    21.4,0.000095,0.000087,-0.000440,0.000050,  44.720
    21.6,0.000089,0.000091,-0.000387,0.000028,  44.721
    21.8,0.000089,0.000091,-0.000580,0.000063,  44.722
    22.0,0.000093,0.000091,-0.000883,0.000063,  44.721
    22.2,0.000089,0.000094,-0.001301,0.000041,  44.722
    22.4,0.000089,0.000094,-0.001286,0.000041,  44.722
    22.6,0.000086,0.000092,-0.001122,0.000041,  44.719
    22.8,0.000080,0.000093,-0.000805,0.000019,  44.724
    23.0,0.000084,0.000095,-0.000783,0.000019,  44.729
    23.2,0.000076,0.000090,-0.000819,0.000054,  44.725
    23.4,0.000070,0.000094,-0.000940,0.000054,  44.731
    23.6,0.000076,0.000091,-0.000918,0.000054,  44.729
    23.8,0.000077,0.000090,-0.000869,0.000067,  44.727
    24.0,0.000073,0.000093,-0.000789,0.000054,  44.728
    24.2,0.000078,0.000096,-0.000746,0.000067,  44.734
    24.4,0.000090,0.000100,-0.000704,0.000067,  44.733
    24.6,0.000086,0.000100,-0.000662,0.000054,  44.735
    24.8,0.000086,0.000106,-0.000625,0.000019,  44.730
    25.0,0.000093,0.000106,-0.000575,0.000019,  44.738
    25.2,0.000089,0.000108,-0.000524,0.000054,  44.739
    25.4,0.000089,0.000112,-0.000459,0.000019,  44.737
    25.6,0.000095,0.000115,-0.000452,0.000019,  44.740
    25.8,0.000092,0.000117,-0.000474,0.000054,  44.739
    26.0,0.000101,0.000115,-0.000530,0.000019,  44.740
    26.2,0.000107,0.000115,-0.000537,0.000032,  44.737
    26.4,0.000106,0.000116,-0.000537,0.000067,  44.735
    26.6,0.000115,0.000116,-0.000529,0.000032,  44.736
    26.8,0.000115,0.000117,-0.000528,0.000045,  44.738
    27.0,0.000117,0.000119,-0.000521,0.000080,  44.735
    27.2,0.000115,0.000119,-0.000523,0.000045,  44.742
    27.4,0.000121,0.000122,-0.000528,0.000045,  44.738
    27.6,0.000124,0.000124,-0.000521,0.000080,  44.741
    27.8,0.000117,0.000124,-0.000523,0.000045,  44.742
    28.0,0.000124,0.000132,-0.000499,0.000058,  44.739
    28.2,0.000124,0.000132,-0.000448,0.000093,  44.742
    28.4,0.000124,0.000127,-0.000396,0.000071,  44.743
    28.6,0.000133,0.000130,-0.000409,0.000071,  44.742
    28.8,0.000133,0.000130,-0.000451,0.000106,  44.743
    29.0,0.000135,0.000126,-0.000517,0.000084,  44.744
    29.2,0.000135,0.000129,-0.000544,0.000071,  44.746
    29.4,0.000133,0.000130,-0.000565,0.000106,  44.742
    29.6,0.000135,0.000129,-0.000553,0.000084,  44.746
    29.8,0.000135,0.000132,-0.000561,0.000071,  44.744
    30.0,0.000135,0.000132,-0.000568,0.000071,  44.741
    30.2,0.000138,0.000136,-0.000576,0.000084,  44.746
    30.4,0.000138,0.000136,-0.000562,0.000084,  44.749
    30.6,0.000138,0.000132,-0.000553,0.000084,  44.748
    30.8,0.000141,0.000136,-0.000544,0.000062,  44.747
    31.0,0.000143,0.000139,-0.000557,0.000062,  44.749
    31.2,0.000143,0.000140,-0.000565,0.000048,  44.748
    31.4,0.000146,0.000135,-0.000582,0.000026,  44.750
    31.6,0.000149,0.000140,-0.000567,0.000026,  44.747
    31.8,0.000152,0.000140,-0.000544,0.000062,  44.747
    32.0,0.000152,0.000142,-0.000514,0.000075,  44.749
    32.2,0.000149,0.000145,-0.000520,0.000075,  44.750
    32.4,0.000155,0.000145,-0.000529,0.000075,  44.746
    32.6,0.000158,0.000145,-0.000559,0.000075,  44.753
    32.8,0.000151,0.000147,-0.000565,0.000088,  44.750
    33.0,0.000158,0.000149,-0.000544,0.000075,  44.750
    33.2,0.000158,0.000149,-0.000509,0.000110,  44.753
    33.4,0.000151,0.000147,-0.000500,0.000110,  44.754
    33.6,0.000155,0.000150,-0.000472,0.000110,  44.752
    33.8,0.000155,0.000150,-0.000456,0.000110,  44.755
    34.0,0.000158,0.000148,-0.000428,0.000123,  44.758
    34.2,0.000161,0.000153,-0.000436,0.000123,  44.753
    34.4,0.000164,0.000154,-0.000471,0.000123,  44.755
    34.6,0.000158,0.000154,-0.000514,0.000123,  44.757
    34.8,0.000158,0.000154,-0.000484,0.000123,  44.755
    35.0,0.000160,0.000158,-0.000427,0.000123,  44.758
    35.2,0.000158,0.000158,-0.000352,0.000123,  44.761
    35.4,0.000164,0.000157,-0.000360,0.000123,  44.758
    35.6,0.000166,0.000157,-0.000411,0.000123,  44.757
    35.8,0.000166,0.000154,-0.000484,0.000123,  44.759
    36.0,0.000169,0.000158,-0.000470,0.000123,  44.760
    36.2,0.000178,0.000158,-0.000433,0.000123,  44.759
    36.4,0.000175,0.000158,-0.000368,0.000136,  44.759
    36.6,0.000173,0.000163,-0.000403,0.000136,  44.760
    36.8,0.000182,0.000167,-0.000475,0.000136,  44.760
    37.0,0.000182,0.000164,-0.000585,0.000149,  44.764
    37.2,0.000175,0.000164,-0.000605,0.000149,  44.760
    37.4,0.000175,0.000164,-0.000599,0.000136,  44.766
    37.6,0.000178,0.000164,-0.000563,0.000136,  44.763
    37.8,0.000173,0.000162,-0.000577,0.000136,  44.767
    38.0,0.000170,0.000156,-0.000586,0.000136,  44.765
    38.2,0.000168,0.000154,-0.000609,0.000136,  44.771
    38.4,0.000165,0.000153,-0.000593,0.000149,  44.775
    38.6,0.000160,0.000148,-0.000549,0.000149,  44.768
    38.8,0.000157,0.000148,-0.000483,0.000149,  44.772
    39.0,0.000154,0.000148,-0.000463,0.000162,  44.773
    39.2,0.000149,0.000148,-0.000470,0.000149,  44.772
    39.4,0.000152,0.000151,-0.000505,0.000114,  44.770
    39.6,0.000154,0.000152,-0.000484,0.000127,  44.773
    39.8,0.000166,0.000150,-0.000468,0.000114,  44.774
    40.0,0.000162,0.000158,-0.000453,0.000078,  44.771
    40.2,0.000165,0.000162,-0.000445,0.000091,  44.772
    40.4,0.000169,0.000162,-0.000452,0.000114,  44.776
    40.6,0.000162,0.000165,-0.000454,0.000114,  44.778
    40.8,0.000174,0.000165,-0.000476,0.000114,  44.778
    41.0,0.000180,0.000166,-0.000514,0.000101,  44.776
    41.2,0.000176,0.000174,-0.000566,0.000101,  44.781
    41.4,0.000185,0.000180,-0.000536,0.000101,  44.780
    41.6,0.000188,0.000179,-0.000477,0.000101,  44.781
    41.8,0.000185,0.000181,-0.000388,0.000101,  44.782
    42.0,0.000197,0.000184,-0.000336,0.000078,  44.784
    42.2,0.000208,0.000184,-0.000277,0.000101,  44.785
    42.4,0.000210,0.000182,-0.000219,0.000114,  44.782
    42.6,0.000207,0.000182,-0.000163,0.000091,  44.787
    42.8,0.000214,0.000182,-0.000191,0.000127,  44.789
    43.0,0.000220,0.000180,-0.000256,0.000114,  44.786
    43.2,0.000207,0.000183,-0.000351,0.000114,  44.791
    43.4,0.000204,0.000188,-0.000403,0.000140,  44.790
    43.6,0.000207,0.000190,-0.000481,0.000140,  44.790
    43.8,0.000203,0.000187,-0.000553,0.000153,  44.788
    44.0,0.000210,0.000196,-0.000567,0.000166,  44.792
    44.2,0.000209,0.000196,-0.000566,0.000166,  44.791
    44.4,0.000214,0.000189,-0.000536,0.000179,  44.794
    44.6,0.000217,0.000190,-0.000550,0.000179,  44.796
    44.8,0.000213,0.000186,-0.000584,0.000166,  44.813
    45.0,0.000219,0.000185,-0.000620,0.000179,  44.810
    45.2,0.000214,0.000184,-0.000584,0.000179,  44.813
    45.4,0.000210,0.000184,-0.000524,0.000166,  44.815
    45.6,0.000210,0.000188,-0.000429,0.000179,  44.813
    45.8,0.000213,0.000191,-0.000586,0.000179,  44.815
    46.0,0.000215,0.000188,-0.000860,0.000166,  44.820
    46.2,0.000212,0.000190,-0.001236,0.000179,  44.814
    46.4,0.000218,0.000194,-0.001266,0.000179,  44.816
    46.6,0.000218,0.000192,-0.001188,0.000166,  44.819
    46.8,0.000218,0.000197,-0.001000,0.000179,  44.819
    47.0,0.000218,0.000200,-0.000914,0.000179,  44.819
    47.2,0.000224,0.000200,-0.000841,0.000179,  44.821
    47.4,0.000227,0.000206,-0.000769,0.000192,  44.820
    47.6,0.000224,0.000207,-0.000724,0.000179,  44.824
    47.8,0.000231,0.000204,-0.000695,0.000179,  44.826
    48.0,0.000233,0.000206,-0.000688,0.000192,  44.827
    48.2,0.000231,0.000204,-0.000659,0.000192,  44.819
    48.4,0.000237,0.000200,-0.000631,0.000192,  44.819
    48.6,0.000240,0.000206,-0.000615,0.000205,  44.824
    48.8,0.000234,0.000211,-0.000584,0.000205,  44.826
    49.0,0.000232,0.000208,-0.000547,0.000192,  44.826
    49.2,0.000234,0.000213,-0.000497,0.000205,  44.823
    49.4,0.000234,0.000213,-0.000482,0.000205,  44.828
    49.6,0.000237,0.000208,-0.000502,0.000192,  44.822
    49.8,0.000240,0.000213,-0.000511,0.000205,  44.825
    50.0,0.000233,0.000211,-0.000532,0.000205,  44.826
    50.2,0.000233,0.000211,-0.000568,0.000205,  44.828
    50.4,0.000236,0.000213,-0.000607,0.000205,  44.824
    50.6,0.000230,0.000214,-0.000643,0.000170,  44.826
    50.8,0.000233,0.000214,-0.000686,0.000205,  44.829
    51.0,0.000236,0.000213,-0.000710,0.000205,  44.826
    51.2,0.000233,0.000215,-0.000753,0.000170,  44.827
    51.4,0.000234,0.000215,-0.000760,0.000205,  44.828
    51.6,0.000234,0.000215,-0.000758,0.000205,  44.831
    51.8,0.000232,0.000213,-0.000745,0.000205,  44.826
    52.0,0.000233,0.000215,-0.000743,0.000205,  44.827
    52.2,0.000235,0.000210,-0.000722,0.000205,  44.830
    52.4,0.000232,0.000213,-0.000708,0.000219,  44.830
    52.6,0.000241,0.000217,-0.000685,0.000219,  44.831
    52.8,0.000243,0.000217,-0.000656,0.000219,  44.829
    53.0,0.000237,0.000221,-0.000626,0.000232,  44.831
    53.2,0.000241,0.000225,-0.000676,0.000232,  44.829
    53.4,0.000243,0.000225,-0.000762,0.000219,  44.832
    53.6,0.000243,0.000227,-0.000884,0.000219,  44.830
    53.8,0.000247,0.000230,-0.000884,0.000219,  44.827
    54.0,0.000252,0.000231,-0.000848,0.000219,  44.833
    54.2,0.000255,0.000227,-0.000763,0.000219,  44.831
    54.4,0.000258,0.000236,-0.000721,0.000219,  44.827
    54.6,0.000260,0.000238,-0.000685,0.000219,  44.831
    54.8,0.000263,0.000231,-0.000663,0.000219,  44.830
    55.0,0.000260,0.000231,-0.000661,0.000196,  44.830
    55.2,0.000264,0.000233,-0.000653,0.000196,  44.830
    55.4,0.000261,0.000234,-0.000661,0.000196,  44.832
    55.6,0.000266,0.000233,-0.000861,0.000174,  44.832
    55.8,0.000268,0.000239,-0.001150,0.000196,  44.828
    56.0,0.000270,0.000246,-0.001532,0.000196,  44.831
    56.2,0.000283,0.000258,-0.001538,0.000174,  44.829
    56.4,0.000295,0.000263,-0.001393,0.000209,  44.831
    56.6,0.000299,0.000267,-0.001106,0.000209,  44.830
    56.8,0.000307,0.000278,-0.001019,0.000174,  44.827
    57.0,0.000315,0.000284,-0.000960,0.000209,  44.830
    57.2,0.000317,0.000287,-0.000932,0.000209,  44.828
    57.4,0.000328,0.000293,-0.000866,0.000187,  44.829
    57.6,0.000340,0.000297,-0.000793,0.000222,  44.827
    57.8,0.000339,0.000297,-0.000707,0.000235,  44.825
    58.0,0.000342,0.000304,-0.000677,0.000200,  44.827
    58.2,0.000337,0.000304,-0.000685,0.000235,  44.830
    58.4,0.000333,0.000304,-0.000721,0.000248,  44.825
    58.6,0.000337,0.000298,-0.000735,0.000213,  44.827
    58.8,0.000335,0.000295,-0.000750,0.000262,  44.832
    59.0,0.000331,0.000297,-0.000772,0.000275,  44.832
    59.2,0.000337,0.000300,-0.000758,0.000239,  44.828
    59.4,0.000337,0.000301,-0.000735,0.000275,  44.830
    59.6,0.000336,0.000307,-0.000699,0.000275,  44.833
    59.8,0.000348,0.000319,-0.000691,0.000239,  44.833
    60.0,0.000350,0.000323,-0.000696,0.000252,  44.830
    60.2,0.000347,0.000323,-0.000698,0.000288,  44.834
    60.4,0.000358,0.000327,-0.000719,0.000265,  44.832
    60.6,0.000356,0.000327,-0.000704,0.000301,  44.831
    60.8,0.000352,0.000327,-0.000683,0.000288,  44.834
    61.0,0.000363,0.000322,-0.000641,0.000288,  44.829
    61.2,0.000366,0.000320,-0.000641,0.000252,  44.833
    61.4,0.000362,0.000320,-0.000656,0.000288,  44.830
    61.6,0.000362,0.000323,-0.000679,0.000301,  44.833
    61.8,0.000362,0.000323,-0.000672,0.000265,  44.837
    62.0,0.000356,0.000325,-0.000649,0.000301,  44.834
    62.2,0.000356,0.000332,-0.000613,0.000314,  44.827
    62.4,0.000362,0.000338,-0.000640,0.000291,  44.832
    62.6,0.000359,0.000342,-0.000684,0.000314,  44.837
    62.8,0.000370,0.000341,-0.000744,0.000314,  44.832
    63.0,0.000379,0.000343,-0.000743,0.000291,  44.836
    63.2,0.000382,0.000347,-0.000720,0.000314,  44.831
    63.4,0.000384,0.000345,-0.000675,0.000314,  44.831
    63.6,0.000381,0.000349,-0.000652,0.000291,  44.831
    63.8,0.000381,0.000351,-0.000651,0.000314,  44.834
    64.0,0.000381,0.000347,-0.000644,0.000314,  44.834
    64.2,0.000378,0.000353,-0.000638,0.000291,  44.832
    64.4,0.000376,0.000355,-0.000644,0.000327,  44.831
    64.6,0.000369,0.000349,-0.000647,0.000327,  44.834
    64.8,0.000367,0.000353,-0.000624,0.000305,  44.836
    65.0,0.000368,0.000353,-0.000594,0.000340,  44.835
    65.2,0.000361,0.000343,-0.000537,0.000340,  44.835
    65.4,0.000368,0.000341,-0.000501,0.000318,  44.836
    65.6,0.000378,0.000338,-0.000484,0.000340,  44.835
    65.8,0.000369,0.000330,-0.000449,0.000340,  44.835
    66.0,0.000366,0.000326,-0.000635,0.000318,  44.836
    66.2,0.000363,0.000324,-0.000939,0.000340,  44.836
    66.4,0.000354,0.000326,-0.001350,0.000340,  44.835
    66.6,0.000353,0.000327,-0.001377,0.000305,  44.840
    66.8,0.000354,0.000327,-0.001269,0.000327,  44.841
    67.0,0.000345,0.000326,-0.001018,0.000327,  44.837
    67.2,0.000342,0.000324,-0.000952,0.000291,  44.841
    67.4,0.000343,0.000324,-0.000909,0.000327,  44.840
    67.6,0.000337,0.000330,-0.000883,0.000291,  44.838
    67.8,0.000346,0.000337,-0.000827,0.000291,  44.839
    68.0,0.000358,0.000337,-0.000781,0.000256,  44.839
    68.2,0.000351,0.000335,-0.000717,0.000291,  44.842
    68.4,0.000355,0.000334,-0.000665,0.000305,  44.842
    68.6,0.000352,0.000333,-0.000650,0.000305,  44.842
    68.8,0.000355,0.000331,-0.000658,0.000305,  44.843
    69.0,0.000352,0.000327,-0.000681,0.000305,  44.846
    69.2,0.000359,0.000326,-0.000673,0.000305,  44.848
    69.4,0.000364,0.000326,-0.000665,0.000291,  44.845
    69.6,0.000360,0.000324,-0.000637,0.000291,  44.846
    69.8,0.000372,0.000328,-0.000635,0.000291,  44.849
    70.0,0.000377,0.000329,-0.000637,0.000291,  44.849
    70.2,0.000377,0.000331,-0.000651,0.000291,  44.846
    70.4,0.000383,0.000334,-0.000658,0.000305,  44.847
    70.6,0.000381,0.000329,-0.000678,0.000305,  44.845
    70.8,0.000376,0.000329,-0.000694,0.000305,  44.846
    71.0,0.000370,0.000322,-0.000686,0.000318,  44.849
    71.2,0.000370,0.000322,-0.000671,0.000305,  44.846
    71.4,0.000373,0.000321,-0.000634,0.000305,  44.847
    71.6,0.000376,0.000321,-0.000597,0.000318,  44.850
    71.8,0.000378,0.000326,-0.000559,0.000305,  44.851
    72.0,0.000378,0.000328,-0.000507,0.000318,  44.850
    72.2,0.000381,0.000321,-0.000498,0.000318,  44.846
    72.4,0.000387,0.000321,-0.000504,0.000318,  44.848
    72.6,0.000381,0.000326,-0.000521,0.000331,  44.843
    72.8,0.000382,0.000331,-0.000543,0.000318,  44.847
    73.0,0.000379,0.000331,-0.000578,0.000318,  44.855
    73.2,0.000377,0.000333,-0.000607,0.000331,  44.850
    73.4,0.000370,0.000340,-0.000599,0.000331,  44.849
    73.6,0.000374,0.000340,-0.000584,0.000331,  44.850
    73.8,0.000377,0.000337,-0.000541,0.000344,  44.846
    74.0,0.000373,0.000340,-0.000547,0.000344,  44.848
    74.2,0.000382,0.000340,-0.000583,0.000331,  44.846
    74.4,0.000382,0.000337,-0.000633,0.000344,  44.846
    74.6,0.000376,0.000340,-0.000654,0.000344,  44.851
    74.8,0.000377,0.000340,-0.000663,0.000331,  44.847
    75.0,0.000377,0.000337,-0.000676,0.000344,  44.848
    75.2,0.000373,0.000342,-0.000690,0.000344,  44.851
    75.4,0.000382,0.000339,-0.000713,0.000344,  44.851
    75.6,0.000385,0.000341,-0.000728,0.000357,  44.852
    75.8,0.000387,0.000343,-0.000707,0.000344,  44.849
    76.0,0.000391,0.000343,-0.000683,0.000344,  44.849
    76.2,0.000397,0.000346,-0.000639,0.000344,  44.848
    76.4,0.000400,0.000351,-0.000682,0.000357,  44.851
    76.6,0.000400,0.000353,-0.000762,0.000344,  44.852
    76.8,0.000402,0.000348,-0.000893,0.000344,  44.852
    77.0,0.000402,0.000353,-0.001094,0.000344,  44.852
    77.2,0.000396,0.000355,-0.001339,0.000344,  44.849
    77.4,0.000392,0.000351,-0.001655,0.000344,  44.853
    77.6,0.000390,0.000351,-0.002027,0.000357,  44.852
    77.8,0.000396,0.000350,-0.002062,0.000357,  44.850
    78.0,0.000402,0.000352,-0.001984,0.000357,  44.854
    78.2,0.000400,0.000354,-0.001805,0.000370,  44.857
    78.4,0.000395,0.000351,-0.001696,0.000370,  44.855
    78.6,0.000401,0.000349,-0.001566,0.000370,  44.855
    78.8,0.000404,0.000344,-0.001403,0.000370,  44.855
    79.0,0.000395,0.000342,-0.001296,0.000370,  44.856
    79.2,0.000388,0.000340,-0.001216,0.000370,  44.855
    79.4,0.000391,0.000342,-0.001157,0.000370,  44.859
    79.6,0.000388,0.000344,-0.001055,0.000370,  44.857
    79.8,0.000382,0.000347,-0.000953,0.000357,  44.855
    80.0,0.000387,0.000342,-0.000842,0.000370,  44.857
    80.2,0.000394,0.000346,-0.000877,0.000370,  44.858
    80.4,0.000394,0.000349,-0.000991,0.000357,  44.853
    80.6,0.000396,0.000349,-0.001166,0.000370,  44.858
    80.8,0.000394,0.000354,-0.001129,0.000335,  44.853
    81.0,0.000394,0.000379,-0.001021,0.000321,  44.858
    81.2,0.000402,0.000412,-0.000840,0.000335,  44.862
    81.4,0.000396,0.000462,-0.000961,0.000299,  44.857
    81.6,0.000405,0.000466,-0.001198,0.000321,  44.863
    81.8,0.000408,0.000450,-0.001557,0.000335,  44.863
    82.0,0.000414,0.000421,-0.001569,0.000299,  44.865
    82.2,0.000417,0.000412,-0.001449,0.000321,  44.859
    82.4,0.000416,0.000406,-0.001213,0.000335,  44.862
    82.6,0.000418,0.000400,-0.001112,0.000299,  44.862
    82.8,0.000425,0.000398,-0.001007,0.000335,  44.863
    83.0,0.000424,0.000394,-0.000915,0.000348,  44.865
    83.2,0.000426,0.000398,-0.000857,0.000312,  44.864
    83.4,0.000426,0.000399,-0.000800,0.000348,  44.861
    83.6,0.000429,0.000397,-0.000783,0.000348,  44.864
    83.8,0.000426,0.000397,-0.000766,0.000348,  44.865
    84.0,0.000432,0.000397,-0.000745,0.000370,  44.866
    84.2,0.000429,0.000397,-0.000738,0.000370,  44.864
    84.4,0.000426,0.000398,-0.000722,0.000335,  44.867
    84.6,0.000432,0.000396,-0.000699,0.000348,  44.865
    84.8,0.000429,0.000391,-0.000671,0.000361,  44.868
    85.0,0.000426,0.000391,-0.000692,0.000338,  44.863
    85.2,0.000432,0.000393,-0.000729,0.000361,  44.863
    85.4,0.000429,0.000391,-0.000793,0.000374,  44.864
    85.6,0.000435,0.000387,-0.000815,0.000374,  44.863
    85.8,0.000444,0.000385,-0.000822,0.000374,  44.865
    86.0,0.000440,0.000387,-0.000823,0.000374,  44.866
    86.2,0.000447,0.000387,-0.000816,0.000387,  44.864
    86.4,0.000447,0.000387,-0.000800,0.000351,  44.868
    86.6,0.000446,0.000389,-0.000772,0.000374,  44.865
    86.8,0.000455,0.000387,-0.000735,0.000374,  44.863
    87.0,0.000455,0.000390,-0.000769,0.000338,  44.860
    87.2,0.000451,0.000394,-0.000821,0.000374,  44.864
    87.4,0.000457,0.000394,-0.000908,0.000374,  44.865
    87.6,0.000458,0.000397,-0.000914,0.000351,  44.862
    87.8,0.000449,0.000399,-0.000900,0.000387,  44.858
    88.0,0.000447,0.000397,-0.000862,0.000400,  44.859
    88.2,0.000448,0.000389,-0.000847,0.000364,  44.860
    88.4,0.000439,0.000387,-0.000818,0.000400,  44.860
    88.6,0.000443,0.000392,-0.000809,0.000413,  44.856
    88.8,0.000446,0.000398,-0.000844,0.000364,  44.863
    89.0,0.000446,0.000394,-0.000895,0.000400,  44.857
    89.2,0.000446,0.000397,-0.000963,0.000413,  44.861
    89.4,0.000445,0.000398,-0.000940,0.000364,  44.863
    89.6,0.000448,0.000398,-0.000881,0.000400,  44.862
    89.8,0.000448,0.000399,-0.000772,0.000413,  44.859
    90.0,0.000448,0.000400,-0.000684,0.000364,  44.865
    90.2,0.000454,0.000402,-0.000582,0.000400,  44.858
    90.4,0.000450,0.000406,-0.000473,0.000413,  44.861
    90.6,0.000457,0.000410,-0.000494,0.000364,  44.860
    90.8,0.000454,0.000408,-0.000567,0.000400,  44.861
    91.0,0.000450,0.000401,-0.000694,0.000413,  44.857
    91.2,0.000457,0.000402,-0.000707,0.000364,  44.856
    91.4,0.000457,0.000403,-0.000698,0.000400,  44.856
    91.6,0.000456,0.000402,-0.000655,0.000413,  44.862
    91.8,0.000462,0.000405,-0.000669,0.000378,  44.858
    92.0,0.000465,0.000404,-0.000705,0.000426,  44.854
    92.2,0.000470,0.000410,-0.000763,0.000404,  44.859
    92.4,0.000475,0.000416,-0.000778,0.000391,  44.861
    92.6,0.000487,0.000419,-0.000791,0.000391,  44.857
    92.8,0.000495,0.000420,-0.000805,0.000368,  44.854
    93.0,0.000491,0.000431,-0.000978,0.000404,  44.855
    93.2,0.000505,0.000435,-0.001231,0.000404,  44.855
    93.4,0.000508,0.000432,-0.001582,0.000381,  44.855
    93.6,0.000496,0.000434,-0.001669,0.000417,  44.859
    93.8,0.000495,0.000438,-0.001662,0.000404,  44.854
    94.0,0.000495,0.000437,-0.001584,0.000404,  44.857
    94.2,0.000494,0.000436,-0.001400,0.000404,  44.855
    94.4,0.000503,0.000442,-0.001345,0.000404,  44.856
    94.6,0.000510,0.000438,-0.001309,0.000404,  44.855
    94.8,0.000512,0.000451,-0.001273,0.000381,  44.857
    95.0,0.000529,0.000457,-0.001187,0.000417,  44.858
    95.2,0.000537,0.000460,-0.001093,0.000417,  44.857
    95.4,0.000542,0.000470,-0.000985,0.000381,  44.857
    95.6,0.000551,0.000480,-0.000897,0.000417,  44.856
    95.8,0.000562,0.000496,-0.000806,0.000417,  44.861
    96.0,0.000575,0.000508,-0.000714,0.000381,  44.859
    96.2,0.000588,0.000522,-0.000628,0.000417,  44.857
    96.4,0.000598,0.000538,-0.000542,0.000417,  44.850
    96.6,0.000606,0.000546,-0.000456,0.000381,  44.854
    96.8,0.000617,0.000549,-0.000508,0.000417,  44.856
    97.0,0.000633,0.000560,-0.000634,0.000417,  44.853
    97.2,0.000648,0.000578,-0.000838,0.000394,  44.857
    97.4,0.000667,0.000597,-0.000804,0.000430,  44.856
    97.6,0.000680,0.000613,-0.000691,0.000430,  44.855
    97.8,0.000690,0.000628,-0.000493,0.000407,  44.856
    98.0,0.000710,0.000653,-0.000409,0.000456,  44.857
    98.2,0.000715,0.000663,-0.000347,0.000443,  44.856
    98.4,0.000728,0.000671,-0.000295,0.000407,  44.856
    98.6,0.000739,0.000679,-0.000175,0.000456,  44.855
    98.8,0.000747,0.000685,-0.000028,0.000456,  44.856
    99.0,0.000757,0.000697,0.000135,0.000421,  44.856
    99.2,0.000762,0.000711,0.000275,0.000469,  44.856
    99.4,0.000773,0.000713,0.000393,0.000469,  44.858
    99.6,0.000784,0.000717,0.000510,0.000447,  44.861
    99.8,0.000788,0.000717,0.000576,0.000495,  44.864
   100.0,0.000805,0.000720,0.000599,0.000495,  44.862
   100.2,0.000815,0.000726,0.000604,0.000473,  44.857
   100.4,0.000820,0.000738,0.000714,0.000509,  44.856
   100.6,0.000834,0.000739,0.000854,0.000495,  44.859
   100.8,0.000844,0.000750,0.001038,0.000473,  44.857
   101.0,0.000852,0.000756,0.001185,0.000522,  44.859
   101.2,0.000866,0.000756,0.001323,0.000522,  44.859
   101.4,0.000874,0.000764,0.001461,0.000499,  44.857
   101.6,0.000882,0.000766,0.001563,0.000535,  44.863
   101.8,0.000890,0.000767,0.001655,0.000522,  44.863
   102.0,0.000906,0.000780,0.001732,0.000512,  44.859
   102.2,0.000924,0.000784,0.001737,0.000548,  44.865
   102.4,0.000943,0.000787,0.001686,0.000548,  44.860
   102.6,0.000964,0.000791,0.001610,0.000548,  44.864
   102.8,0.000985,0.000798,0.001711,0.000561,  44.866
   103.0,0.001003,0.000803,0.001878,0.000574,  44.861
   103.2,0.001031,0.000814,0.002113,0.000574,  44.866
   103.4,0.001052,0.000827,0.002418,0.000552,  44.866
   103.6,0.001073,0.000835,0.002640,0.000574,  44.867
   103.8,0.001111,0.000843,0.002879,0.000561,  44.869
   104.0,0.001143,0.000851,0.003118,0.000525,  44.870
   104.2,0.001171,0.000862,0.003415,0.000561,  44.872
   104.4,0.001215,0.000873,0.003735,0.000548,  44.871
   104.6,0.001260,0.000899,0.004082,0.000512,  44.871
   104.8,0.001313,0.000927,0.004311,0.000548,  44.872
   105.0,0.001366,0.000950,0.004487,0.000548,  44.872
   105.2,0.001418,0.000980,0.004623,0.000512,  44.874
   105.4,0.001471,0.001012,0.004950,0.000548,  44.873
   105.6,0.001532,0.001044,0.005361,0.000548,  44.873
   105.8,0.001598,0.001077,0.005837,0.000499,  44.876
   106.0,0.001664,0.001112,0.006360,0.000535,  44.875
   106.2,0.001732,0.001151,0.006944,0.000535,  44.874
   106.4,0.001804,0.001185,0.007592,0.000486,  44.879
   106.6,0.001877,0.001223,0.008066,0.000522,  44.876
   106.8,0.001962,0.001268,0.008478,0.000535,  44.881
   107.0,0.002054,0.001318,0.008847,0.000499,  44.881
   107.2,0.002158,0.001373,0.009580,0.000535,  44.878
   107.4,0.002240,0.001423,0.010448,0.000535,  44.881
   107.6,0.002322,0.001482,0.011486,0.000499,  44.875
   107.8,0.002396,0.001541,0.012284,0.000499,  44.880
   108.0,0.002465,0.001600,0.013049,0.000499,  44.882
   108.2,0.002575,0.001669,0.013761,0.000464,  44.880
   108.4,0.002714,0.001737,0.014738,0.000464,  44.885
   108.6,0.002859,0.001813,0.015845,0.000499,  44.900
   108.8,0.002993,0.001894,0.017067,0.000464,  44.899
   109.0,0.003136,0.001982,0.018175,0.000464,  44.903
   109.2,0.003285,0.002068,0.019286,0.000499,  44.902
   109.4,0.003435,0.002150,0.020383,0.000464,  44.900
   109.6,0.003597,0.002243,0.021695,0.000464,  44.898
   109.8,0.003770,0.002339,0.023115,0.000499,  44.904
   110.0,0.003947,0.002434,0.024632,0.000464,  44.904
   110.2,0.004135,0.002542,0.026042,0.000464,  44.906
   110.4,0.004343,0.002658,0.027437,0.000499,  44.908
   110.6,0.004560,0.002777,0.028828,0.000477,  44.906
   110.8,0.004794,0.002913,0.030437,0.000477,  44.905
   111.0,0.005050,0.003049,0.032153,0.000512,  44.910
   111.2,0.005297,0.003191,0.033974,0.000490,  44.907
   111.4,0.005566,0.003345,0.035867,0.000490,  44.911
   111.6,0.005844,0.003500,0.037860,0.000512,  44.913
   111.8,0.006131,0.003671,0.039949,0.000477,  44.909
   112.0,0.006447,0.003847,0.042159,0.000477,  44.911
   112.2,0.006773,0.004024,0.044464,0.000512,  44.913
   112.4,0.007100,0.004206,0.046892,0.000512,  44.911
   112.6,0.007449,0.004395,0.049029,0.000512,  44.914
   112.8,0.007796,0.004589,0.051071,0.000490,  44.912
   113.0,0.008149,0.004792,0.053031,0.000512,  44.915
   113.2,0.008525,0.004996,0.054886,0.000490,  44.917
   113.4,0.008907,0.005182,0.057255,0.000490,  44.917
   113.6,0.009311,0.005357,0.059769,0.000525,  44.918
   113.8,0.009747,0.005524,0.062448,0.000490,  44.918
   114.0,0.010208,0.005689,0.065657,0.000516,  44.916
   114.2,0.010631,0.005895,0.069205,0.000552,  44.917
   114.4,0.011046,0.006127,0.073125,0.000516,  44.917
   114.6,0.011460,0.006371,0.076907,0.000529,  44.915
   114.8,0.011924,0.006621,0.080792,0.000552,  44.917
   115.0,0.012404,0.006888,0.084782,0.000516,  44.918
   115.2,0.012919,0.007169,0.088822,0.000529,  44.919
   115.4,0.013432,0.007450,0.092942,0.000552,  44.922
   115.6,0.013959,0.007738,0.097145,0.000516,  44.924
   115.8,0.014501,0.008039,0.101360,0.000529,  44.923
   116.0,0.015058,0.008342,0.105635,0.000552,  44.924
   116.2,0.015615,0.008650,0.109961,0.000516,  44.927
   116.4,0.016192,0.008977,0.114623,0.000529,  44.919
   116.6,0.016809,0.009312,0.119476,0.000552,  44.921
   116.8,0.017440,0.009651,0.124535,0.000529,  44.925
   117.0,0.018103,0.010005,0.129657,0.000529,  44.921
   117.2,0.018781,0.010374,0.134905,0.000565,  44.921
   117.4,0.019467,0.010759,0.140292,0.000542,  44.921
   117.6,0.020186,0.011152,0.145839,0.000529,  44.926
   117.8,0.020797,0.011543,0.151521,0.000565,  44.924
   118.0,0.021371,0.011949,0.157371,0.000542,  44.920
   118.2,0.021902,0.012366,0.163223,0.000542,  44.925
   118.4,0.022391,0.012781,0.169166,0.000578,  44.920
   118.6,0.023100,0.013200,0.175185,0.000555,  44.919
   118.8,0.023878,0.013636,0.181777,0.000555,  44.927
   119.0,0.024712,0.014064,0.188712,0.000591,  44.925
   119.2,0.025489,0.014496,0.196013,0.000568,  44.925
   119.4,0.026267,0.014935,0.203220,0.000555,  44.917
   119.6,0.027050,0.015388,0.210566,0.000591,  44.922
   119.8,0.027873,0.015855,0.218049,0.000568,  44.920
   120.0,0.028711,0.016339,0.225588,0.000555,  44.921
   120.2,0.029571,0.016817,0.233227,0.000591,  44.921
   120.4,0.030425,0.017297,0.240972,0.000568,  44.919
   120.6,0.031285,0.017784,0.248792,0.000568,  44.921
   120.8,0.032154,0.018267,0.256681,0.000604,  44.920
   121.0,0.033007,0.018744,0.264671,0.000595,  44.920
   121.2,0.033856,0.019229,0.272874,0.000595,  44.918
   121.4,0.034701,0.019708,0.281213,0.000595,  44.917
   121.6,0.035541,0.020174,0.289721,0.000572,  44.918
   121.8,0.036366,0.020648,0.298323,0.000608,  44.917
   122.0,0.037193,0.021129,0.307054,0.000595,  44.915
   122.2,0.038050,0.021605,0.315925,0.000595,  44.916
   122.4,0.038917,0.022093,0.323508,0.000572,  44.918
   122.6,0.039801,0.022580,0.330451,0.000595,  44.915
   122.8,0.040666,0.023058,0.336711,0.000595,  44.909
   123.0,0.041533,0.023548,0.342266,0.000572,  44.915
   123.2,0.042396,0.023964,0.350470,0.000595,  44.911
   123.4,0.043278,0.024347,0.359376,0.000595,  44.913
   123.6,0.044170,0.024697,0.369037,0.000559,  44.912
   123.8,0.045070,0.025013,0.377988,0.000595,  44.908
   124.0,0.046010,0.025509,0.386934,0.000595,  44.913
   124.2,0.046973,0.026049,0.395894,0.000559,  44.911
   124.4,0.047961,0.026642,0.404974,0.000595,  44.908
   124.6,0.049005,0.027213,0.414114,0.000595,  44.908
   124.8,0.050079,0.027807,0.423300,0.000559,  44.907
   125.0,0.051208,0.028420,0.432259,0.000595,  44.909
   125.2,0.052348,0.029052,0.441131,0.000595,  44.908
   125.4,0.053512,0.029704,0.449834,0.000559,  44.910
   125.6,0.054712,0.030378,0.459144,0.000595,  44.912
   125.8,0.055936,0.031053,0.468709,0.000595,  44.912
   126.0,0.057181,0.031747,0.478518,0.000559,  44.908
   126.2,0.058460,0.032448,0.488443,0.000608,  44.914
   126.4,0.059553,0.033170,0.498538,0.000608,  44.913
   126.6,0.060555,0.033917,0.508857,0.000572,  44.909
   126.8,0.061490,0.034681,0.519728,0.000634,  44.913
   127.0,0.062339,0.035456,0.530985,0.000634,  44.911
   127.2,0.063615,0.036249,0.542710,0.000612,  44.910
   127.4,0.065014,0.037068,0.554371,0.000660,  44.911
   127.6,0.066541,0.037865,0.566196,0.000660,  44.908
   127.8,0.067934,0.038663,0.578215,0.000638,  44.908
   128.0,0.069322,0.039471,0.590891,0.000686,  44.909
   128.2,0.070712,0.040270,0.604032,0.000686,  44.906
   128.4,0.072097,0.041056,0.617635,0.000664,  44.905
   128.6,0.073474,0.041847,0.631137,0.000699,  44.905
   128.8,0.074852,0.042663,0.644814,0.000699,  44.906
   129.0,0.076222,0.043493,0.658729,0.000677,  44.900
   129.2,0.077586,0.044332,0.672675,0.000726,  44.902
   129.4,0.078943,0.045122,0.686765,0.000726,  44.897
   129.6,0.080326,0.045896,0.700961,0.000703,  44.900
   129.8,0.081720,0.046650,0.715081,0.000752,  44.902
   130.0,0.083118,0.047451,0.729086,0.000774,  44.894
   130.2,0.084543,0.048271,0.743042,0.000752,  44.894
   130.4,0.085979,0.049110,0.757488,0.000752,  44.895
   130.6,0.087433,0.049933,0.772189,0.000765,  44.895
   130.8,0.088875,0.050771,0.787030,0.000765,  44.894
   131.0,0.090316,0.051611,0.799425,0.000756,  44.893
   131.2,0.091755,0.052443,0.810507,0.000778,  44.892
   131.4,0.093199,0.053281,0.820069,0.000778,  44.889
   131.6,0.094638,0.054121,0.828107,0.000743,  44.891
   131.8,0.096075,0.054852,0.841267,0.000778,  44.889
   132.0,0.097573,0.055531,0.855774,0.000778,  44.886
   132.2,0.099096,0.056163,0.871694,0.000756,  44.878
   132.4,0.100651,0.056742,0.886335,0.000804,  44.881
   132.6,0.102204,0.057571,0.901015,0.000804,  44.879
   132.8,0.103757,0.058481,0.915591,0.000795,  44.875
   133.0,0.105322,0.059459,0.930191,0.000795,  44.860
   133.2,0.106845,0.060356,0.944650,0.000795,  44.862
   133.4,0.108343,0.061245,0.958980,0.000773,  44.864
   133.6,0.109810,0.062132,0.973677,0.000786,  44.858
   133.8,0.111278,0.062998,0.988429,0.000808,  44.858
   134.0,0.112731,0.063857,1.003150,0.000786,  44.857
   134.2,0.114164,0.064704,1.018452,0.000799,  44.855
   134.4,0.115489,0.065490,1.033939,0.000847,  44.853
   134.6,0.116749,0.066245,1.049692,0.000825,  44.854
   134.8,0.117941,0.066962,1.065393,0.000825,  44.848
   135.0,0.119274,0.067742,1.081108,0.000861,  44.850
   135.2,0.120643,0.068545,1.096824,0.000838,  44.848
   135.4,0.122043,0.069360,1.112064,0.000851,  44.843
   135.6,0.123249,0.070200,1.127044,0.000887,  44.841
   135.8,0.124378,0.071061,1.141713,0.000864,  44.841
   136.0,0.125416,0.071946,1.156109,0.000864,  44.841
   136.2,0.126374,0.072793,1.170297,0.000887,  44.834
   136.4,0.127702,0.073634,1.184021,0.000864,  44.831
   136.6,0.129126,0.074470,1.197973,0.000864,  44.835
   136.8,0.130646,0.075303,1.211827,0.000887,  44.830
   137.0,0.132073,0.076141,1.225222,0.000877,  44.827
   137.2,0.133500,0.076975,1.239287,0.000891,  44.823
   137.4,0.134921,0.077879,1.253480,0.000926,  44.818
   137.6,0.136448,0.078823,1.267778,0.000904,  44.819
   137.8,0.138023,0.079801,1.281768,0.000930,  44.819
   138.0,0.139648,0.080757,1.295566,0.000952,  44.815
   138.2,0.141221,0.081723,1.309121,0.000930,  44.812
   138.4,0.142795,0.082698,1.322797,0.000943,  44.806
   138.6,0.144368,0.083613,1.336467,0.000992,  44.803
   138.8,0.145896,0.084512,1.349656,0.000982,  44.796
   139.0,0.147402,0.085388,1.364075,0.000982,  44.795
   139.2,0.148891,0.086236,1.379157,0.001031,  44.791
   139.4,0.150283,0.087063,1.394461,0.001044,  44.784
   139.6,0.151629,0.087866,1.407840,0.001022,  44.783
   139.8,0.152912,0.088716,1.420365,0.001022,  44.780
   140.0,0.154283,0.089587,1.431787,0.001057,  44.779
   140.2,0.155690,0.090471,1.441992,0.001035,  44.779
   140.4,0.157110,0.091215,1.455786,0.001048,  44.768
   140.6,0.158503,0.091896,1.470453,0.001097,  44.749
   140.8,0.159912,0.092520,1.486059,0.001074,  44.748
   141.0,0.161312,0.093080,1.500272,0.001087,  44.736
   141.2,0.162653,0.093865,1.513851,0.001123,  44.739
   141.4,0.163984,0.094702,1.527181,0.001114,  44.735
   141.6,0.165274,0.095592,1.541163,0.001114,  44.730
   141.8,0.166596,0.096406,1.554883,0.001149,  44.725
   142.0,0.167936,0.097216,1.568298,0.001127,  44.720
   142.2,0.169265,0.098019,1.582129,0.001153,  44.711
   142.4,0.170595,0.098852,1.595341,0.001188,  44.703
   142.6,0.171947,0.099698,1.608414,0.001166,  44.701
   142.8,0.173292,0.100560,1.621614,0.001179,  44.694
   143.0,0.174608,0.101391,1.634357,0.001215,  44.688
   143.2,0.175929,0.102217,1.646880,0.001192,  44.685
   143.4,0.177235,0.103041,1.659434,0.001205,  44.677
   143.6,0.178496,0.103848,1.672049,0.001254,  44.671
   143.8,0.179737,0.104641,1.684041,0.001232,  44.665
   144.0,0.180943,0.105429,1.696420,0.001245,  44.660
   144.2,0.181951,0.106173,1.708847,0.001293,  44.656
   144.4,0.182839,0.106900,1.720937,0.001284,  44.629
   144.6,0.183615,0.107596,1.733306,0.001297,  44.626
   144.8,0.184265,0.108323,1.745651,0.001333,  44.625
   145.0,0.185335,0.109066,1.757944,0.001310,  44.617
   145.2,0.186511,0.109805,1.769800,0.001324,  44.612
   145.4,0.187770,0.110533,1.781570,0.001372,  44.604
   145.6,0.188924,0.111266,1.793247,0.001350,  44.602
   145.8,0.190073,0.111996,1.804806,0.001376,  44.593
   146.0,0.191210,0.112715,1.816235,0.001389,  44.589
   146.2,0.192326,0.113428,1.827981,0.001402,  44.578
   146.4,0.193420,0.114138,1.839129,0.001415,  44.570
   146.6,0.194507,0.114818,1.848655,0.001425,  44.569
   146.8,0.195532,0.115483,1.857913,0.001402,  44.561
   147.0,0.196508,0.116125,1.868372,0.001429,  44.551
   147.2,0.197461,0.116772,1.878057,0.001477,  44.545
   147.4,0.198440,0.117420,1.887437,0.001468,  44.518
   147.6,0.199406,0.118051,1.897537,0.001494,  44.513
   147.8,0.200374,0.118654,1.907317,0.001543,  44.505
   148.0,0.201284,0.119245,1.916192,0.001534,  44.500
   148.2,0.202156,0.119819,1.925258,0.001560,  44.489
   148.4,0.203004,0.120366,1.934530,0.001573,  44.474
   148.6,0.203806,0.120889,1.943417,0.001586,  44.471
   148.8,0.204572,0.121399,1.951264,0.001599,  44.452
   149.0,0.205307,0.121812,1.958017,0.001612,  44.431
   149.2,0.205974,0.122170,1.963626,0.001612,  44.425
   149.4,0.206576,0.122464,1.968686,0.001626,  44.404
   149.6,0.207139,0.122707,1.976367,0.001639,  44.397
   149.8,0.207728,0.123081,1.984175,0.001652,  44.389
   150.0,0.208294,0.123475,1.992802,0.001665,  44.369
   150.2,0.208857,0.123892,2.000908,0.001678,  44.357
   150.4,0.209499,0.124313,2.007785,0.001691,  44.342
   150.6,0.210170,0.124750,2.014768,0.001704,  44.316
   150.8,0.210889,0.125199,2.022593,0.001718,  44.302
   151.0,0.211603,0.125668,2.028380,0.001731,  44.289
   151.2,0.212336,0.126164,2.034250,0.001757,  44.272
   151.4,0.213092,0.126677,2.040184,0.001770,  44.257
   151.6,0.213831,0.127167,2.044686,0.001783,  44.248
   151.8,0.214572,0.127661,2.049225,0.001810,  44.229
   152.0,0.215324,0.128155,2.054595,0.001823,  44.193
   152.2,0.216049,0.128635,2.058487,0.001836,  44.184
   152.4,0.216752,0.129113,2.062421,0.001862,  44.161
   152.6,0.217465,0.129586,2.067980,0.001888,  44.152
   152.8,0.218112,0.130101,2.072811,0.001902,  44.133
   153.0,0.218729,0.130635,2.077707,0.001928,  44.098
   153.2,0.219305,0.131185,2.083420,0.001941,  44.081
   153.4,0.219861,0.131697,2.088356,0.001967,  44.061
   153.6,0.220548,0.132200,2.094168,0.001994,  44.049
   153.8,0.221278,0.132685,2.100112,0.002007,  44.026
   154.0,0.222040,0.133164,2.105293,0.002007,  43.989
   154.2,0.222737,0.133636,2.110547,0.002020,  43.965
   154.4,0.223418,0.134104,2.116740,0.002033,  43.942
   154.6,0.224078,0.134503,2.123039,0.002033,  43.929
   154.8,0.224669,0.134867,2.128507,0.002059,  43.890
   155.0,0.225202,0.135198,2.134034,0.002059,  43.867
   155.2,0.225699,0.135580,2.140573,0.002059,  43.841
   155.4,0.226256,0.135975,2.146257,0.002072,  43.818
   155.6,0.226808,0.136384,2.152011,0.002086,  43.782
   155.8,0.227381,0.136751,2.157848,0.002086,  43.762
   156.0,0.227910,0.137097,2.161781,0.002099,  43.734
   156.2,0.228410,0.137436,2.166762,0.002112,  43.709
   156.4,0.228904,0.137770,2.170800,0.002138,  43.665
   156.6,0.229394,0.138096,2.173875,0.002151,  43.650
   156.8,0.229876,0.138406,2.177957,0.002151,  43.620
   157.0,0.230344,0.138718,2.182060,0.002164,  43.589
   157.2,0.230820,0.139022,2.187251,0.002178,  43.549
   157.4,0.231278,0.139323,2.191485,0.002204,  43.511
   157.6,0.231730,0.139630,2.193643,0.002230,  43.476
   157.8,0.232190,0.139931,2.196899,0.002243,  43.447
   158.0,0.232652,0.140250,2.198047,0.002270,  43.417
   158.2,0.233108,0.140511,2.202368,0.002296,  43.388
   158.4,0.233556,0.140746,2.204534,0.002309,  43.339
   158.6,0.234006,0.140953,2.208886,0.002336,  43.311
   158.8,0.234450,0.141142,2.212194,0.002349,  43.262
   159.0,0.234876,0.141387,2.216666,0.002349,  43.228
   159.2,0.235291,0.141639,2.218927,0.002362,  43.187
   159.4,0.235684,0.141900,2.222319,0.002362,  43.128
   159.6,0.236042,0.142119,2.226891,0.002375,  43.097
   159.8,0.236377,0.142333,2.230345,0.002401,  43.049
   160.0,0.236674,0.142531,2.233822,0.002414,  43.009
   160.2,0.237035,0.142765,2.237339,0.002428,  42.969
   160.4,0.237412,0.143004,2.240879,0.002441,  42.904
   160.6,0.237809,0.143263,2.244447,0.002467,  42.860
   160.8,0.238172,0.143487,2.246835,0.002454,  42.819
   161.0,0.238518,0.143697,2.249248,0.002432,  42.774
   161.2,0.238850,0.143896,2.251663,0.002445,  42.712
   161.4,0.239119,0.144068,2.255316,0.002458,  42.642
   161.6,0.239336,0.144228,2.257766,0.002471,  42.615
   161.8,0.239534,0.144366,2.261489,0.002471,  42.547
   162.0,0.239676,0.144563,2.262746,0.002507,  42.496
   162.2,0.240007,0.144784,2.265278,0.002568,  42.432
   162.4,0.240397,0.145030,2.269060,0.002595,  42.371
   162.6,0.240838,0.145262,2.271583,0.002572,  42.321
   162.8,0.241266,0.145496,2.272841,0.002599,  42.245
   163.0,0.241701,0.145737,2.275392,0.002625,  42.196
   163.2,0.242149,0.145961,2.277969,0.002638,  42.122
   163.4,0.242576,0.146177,2.279263,0.002665,  42.041
   163.6,0.242999,0.146388,2.281853,0.002678,  41.999
   163.8,0.243413,0.146595,2.284458,0.002704,  41.928
   164.0,0.243832,0.146790,2.287078,0.002730,  41.854
   164.2,0.244242,0.146980,2.289755,0.002717,  41.776
   164.4,0.244653,0.147197,2.292471,0.002704,  41.697
   164.6,0.245091,0.147409,2.293877,0.002717,  41.642
   164.8,0.245535,0.147632,2.296566,0.002717,  41.566
   165.0,0.245993,0.147896,2.299255,0.002717,  41.491
   165.2,0.246536,0.148188,2.303312,0.002695,  41.420
   165.4,0.247120,0.148505,2.308804,0.002695,  41.319
   165.6,0.247763,0.148786,2.310188,0.002682,  41.260
   165.8,0.248338,0.149061,2.312975,0.002659,  41.180
   166.0,0.248911,0.149331,2.317170,0.002659,  41.100
   166.2,0.249487,0.149593,2.321406,0.002682,  41.018
   166.4,0.250052,0.149854,2.324244,0.002682,  40.916
   166.6,0.250621,0.150116,2.327113,0.002695,  40.859
   166.8,0.251183,0.150380,2.331466,0.002659,  40.794
   167.0,0.251749,0.150642,2.332926,0.002659,  40.705
   167.2,0.252315,0.150907,2.334401,0.002659,  40.617
   167.4,0.252892,0.151152,2.338840,0.002646,  40.512
   167.6,0.253540,0.151389,2.341842,0.002633,  40.445
   167.8,0.254228,0.151616,2.344859,0.002646,  40.358
   168.0,0.254956,0.151831,2.347891,0.002597,  40.269
   168.2,0.255650,0.152131,2.350945,0.002633,  40.187
   168.4,0.256356,0.152462,2.355574,0.002633,  40.084
   168.6,0.257067,0.152819,2.361806,0.002584,  40.017
   168.8,0.257765,0.153149,2.363382,0.002607,  39.928
   169.0,0.258476,0.153476,2.366546,0.002607,  39.838
   169.2,0.259183,0.153803,2.371316,0.002571,  39.750
   169.4,0.259869,0.154160,2.376128,0.002593,  39.644
   169.6,0.260558,0.154526,2.379358,0.002580,  39.576
   169.8,0.261234,0.154906,2.384284,0.002545,  39.482
   170.0,0.261919,0.155210,2.389272,0.002554,  39.390
   170.2,0.262616,0.155480,2.390963,0.002554,  39.305
   170.4,0.263320,0.155715,2.394330,0.002492,  39.199
   170.6,0.264052,0.156029,2.399418,0.002514,  39.126
   170.8,0.264811,0.156369,2.402839,0.002514,  39.037
   171.0,0.265586,0.156737,2.406311,0.002466,  38.956
   171.2,0.266231,0.157076,2.409828,0.002475,  38.870
   171.4,0.266833,0.157425,2.415159,0.002462,  38.774
   171.6,0.267373,0.157773,2.420504,0.002426,  38.717
   171.8,0.267859,0.158118,2.424097,0.002436,  38.646
   172.0,0.268581,0.158467,2.425882,0.002422,  38.567
   172.2,0.269357,0.158816,2.431350,0.002374,  38.504
   172.4,0.270198,0.159178,2.435035,0.002383,  38.416
   172.6,0.270991,0.159551,2.436895,0.002370,  38.364
   172.8,0.271796,0.159932,2.440639,0.002321,  38.292
   173.0,0.272619,0.160317,2.444416,0.002317,  38.226
   173.2,0.273410,0.160711,2.448243,0.002304,  38.152
   173.4,0.274207,0.161119,2.452075,0.002242,  38.082
   173.6,0.274994,0.161482,2.455935,0.002251,  38.028
   173.8,0.275706,0.161831,2.459819,0.002238,  37.973
   174.0,0.276388,0.162160,2.463756,0.002189,  37.901
   174.2,0.277024,0.162468,2.467740,0.002199,  37.834
   174.4,0.277659,0.162756,2.469752,0.002185,  37.757
   174.6,0.278284,0.163030,2.473781,0.002137,  37.707
   174.8,0.278883,0.163234,2.477853,0.002146,  37.642
   175.0,0.279311,0.163390,2.481964,0.002133,  37.591
   175.2,0.279658,0.163499,2.488218,0.002084,  37.528
   175.4,0.279903,0.163659,2.492446,0.002093,  37.456
   175.6,0.280237,0.163822,2.492463,0.002080,  37.408
   175.8,0.280584,0.163986,2.496738,0.002032,  37.350
   176.0,0.280927,0.164116,2.501067,0.002067,  37.304
   176.2,0.281216,0.164239,2.501101,0.002054,  37.247
   176.4,0.281483,0.164342,2.503284,0.002041,  37.183
   176.6,0.281740,0.164426,2.507655,0.002041,  37.153
   176.8,0.282002,0.164493,2.507655,0.002028,  37.113
   177.0,0.282248,0.164548,2.507655,0.002015,  37.078
   177.2,0.282498,0.164582,2.509842,0.001988,  37.033
   177.4,0.282911,0.164777,2.509831,0.001975,  36.979
   177.6,0.283399,0.165038,2.512024,0.001949,  36.958
   177.8,0.283976,0.165350,2.514245,0.001874,  36.924
   178.0,0.284552,0.165650,2.518734,0.001870,  36.896
   178.2,0.285159,0.165969,2.516512,0.001844,  36.879
   178.4,0.285819,0.166312,2.518751,0.001782,  36.839
   178.6,0.286444,0.166657,2.518740,0.001765,  36.832
   178.8,0.287068,0.167005,2.518717,0.001738,  36.820
   179.0,0.287701,0.167368,2.520956,0.001677,  36.803
   179.2,0.288281,0.167693,2.520950,0.001686,  36.784
   179.4,0.288848,0.168012,2.523218,0.001686,  36.777
   179.6,0.289395,0.168313,2.525498,0.001637,  36.770
   179.8,0.289839,0.168580,2.525503,0.001686,  36.773
   180.0,0.290240,0.168830,2.527812,0.001699,  36.771
   180.2,0.290579,0.169060,2.530099,0.001677,  36.773
   180.4,0.290912,0.169294,2.532398,0.001738,  36.780
   180.6,0.291199,0.169514,2.532364,0.001765,  36.784
   180.8,0.291477,0.169721,2.534693,0.001755,  36.794
   181.0,0.291710,0.169913,2.539399,0.001817,  36.802
   181.2,0.292003,0.170096,2.537080,0.001857,  36.822
   181.4,0.292292,0.170254,2.539433,0.001861,  36.847
   181.6,0.292585,0.170389,2.541783,0.001909,  36.864
   181.8,0.292797,0.170516,2.541766,0.001936,  36.881
   182.0,0.292967,0.170619,2.544140,0.001913,  36.900
   182.2,0.293097,0.170715,2.544140,0.001949,  36.932
   182.4,0.293221,0.170805,2.544146,0.001975,  36.962
   182.6,0.293329,0.170878,2.546561,0.001953,  36.983
   182.8,0.293412,0.170945,2.546607,0.002015,  37.024
   183.0,0.293484,0.171005,2.546670,0.002041,  37.052
   183.2,0.293541,0.171052,2.549064,0.002041,  37.094
   183.4,0.293577,0.171092,2.549025,0.002076,  37.135
   183.6,0.293603,0.171121,2.546561,0.002103,  37.167
   183.8,0.293603,0.171141,2.548950,0.002093,  37.200
   184.0,0.293582,0.171135,2.548945,0.002120,  37.247
   184.2,0.293515,0.171112,2.546550,0.002159,  37.287
   184.4,0.293412,0.171066,2.548996,0.002163,  37.342
   184.6,0.293278,0.171016,2.549064,0.002225,  37.379
   184.8,0.293087,0.170951,2.546755,0.002251,  37.421
   185.0,0.292855,0.170873,2.546772,0.002278,  37.472
   185.2,0.292576,0.170755,2.549161,0.002304,  37.508
   185.4,0.292329,0.170603,2.546715,0.002304,  37.571
   185.6,0.292066,0.170424,2.546653,0.002330,  37.613
   185.8,0.291794,0.170303,2.546647,0.002357,  37.657
   186.0,0.291536,0.170196,2.546647,0.002383,  37.717
   186.2,0.291279,0.170107,2.546653,0.002409,  37.775
   186.4,0.291017,0.170030,2.549047,0.002400,  37.833
   186.6,0.290694,0.169876,2.549036,0.002449,  37.878
   186.8,0.290335,0.169716,2.546624,0.002475,  37.940
   187.0,0.289935,0.169535,2.549013,0.002453,  37.978
   187.2,0.289541,0.169331,2.546578,0.002514,  38.039
   187.4,0.289126,0.169111,2.544169,0.002554,  38.106
   187.6,0.288697,0.168871,2.546607,0.002532,  38.154
   187.8,0.288217,0.168618,2.541909,0.002580,  38.210
   188.0,0.287697,0.168357,2.539650,0.002607,  38.265
   188.2,0.287142,0.168083,2.539650,0.002597,  38.329
   188.4,0.286694,0.167839,2.539610,0.002646,  38.391
   188.6,0.286272,0.167595,2.537177,0.002672,  38.437
   188.8,0.285886,0.167374,2.537142,0.002663,  38.499
   189.0,0.285475,0.167161,2.537120,0.002676,  38.561
   189.2,0.285060,0.166955,2.532438,0.002703,  38.621
   189.4,0.284645,0.166760,2.530111,0.002729,  38.683
   189.6,0.284270,0.166530,2.530105,0.002729,  38.733
   189.8,0.283921,0.166297,2.527807,0.002742,  38.793
   190.0,0.283588,0.166043,2.525498,0.002755,  38.838
   190.2,0.283287,0.165747,2.523207,0.002755,  38.898
   190.4,0.282777,0.165441,2.520922,0.002782,  38.970
   190.6,0.282198,0.165099,2.520899,0.002808,  39.003
   190.8,0.281549,0.164827,2.520887,0.002821,  39.063
   191.0,0.281037,0.164585,2.516370,0.002848,  39.117
   191.2,0.280554,0.164359,2.516358,0.002874,  39.155
   191.4,0.280115,0.164104,2.516364,0.002887,  39.225
   191.6,0.279624,0.163853,2.511915,0.002900,  39.269
   191.8,0.279118,0.163599,2.509711,0.002927,  39.314
   192.0,0.278605,0.163305,2.509728,0.002940,  39.363
   192.2,0.278056,0.162998,2.505358,0.002966,  39.400
   192.4,0.277478,0.162672,2.505353,0.002993,  39.464
   192.6,0.276883,0.162356,2.500993,0.003006,  39.499
   192.8,0.276291,0.162044,2.498809,0.003019,  39.540
   193.0,0.275686,0.161719,2.498803,0.003045,  39.574
   193.2,0.275072,0.161381,2.496658,0.003059,  39.629
   193.4,0.274449,0.161038,2.492406,0.003085,  39.683
   193.6,0.273811,0.160680,2.490327,0.003076,  39.708
   193.8,0.273165,0.160329,2.488281,0.003089,  39.742
   194.0,0.272520,0.159987,2.484185,0.003102,  39.786
   194.2,0.271871,0.159638,2.482123,0.003093,  39.813
   194.4,0.271208,0.159268,2.480043,0.003142,  39.867
   194.6,0.270533,0.158891,2.480009,0.003155,  39.892
   194.8,0.269838,0.158501,2.475860,0.003168,  39.938
   195.0,0.269119,0.158159,2.473820,0.003181,  39.965
   195.2,0.268387,0.157834,2.469780,0.003181,  40.003
   195.4,0.267628,0.157523,2.467786,0.003194,  40.039
   195.6,0.266843,0.157236,2.465772,0.003159,  40.058
   195.8,0.266128,0.156874,2.461789,0.003208,  40.099
   196.0,0.265440,0.156490,2.457830,0.003221,  40.124
   196.2,0.264774,0.156089,2.455872,0.003198,  40.149
   196.4,0.264083,0.155702,2.452006,0.003234,  40.182
   196.6,0.263384,0.155319,2.448180,0.003247,  40.199
   196.8,0.262686,0.154934,2.444365,0.003225,  40.219
   197.0,0.261979,0.154546,2.438706,0.003247,  40.239
   197.2,0.261254,0.154154,2.434967,0.003247,  40.274
   197.4,0.260526,0.153757,2.431254,0.003260,  40.295
   197.6,0.259809,0.153351,2.427577,0.003296,  40.308
   197.8,0.259092,0.152939,2.423920,0.003309,  40.324
   198.0,0.258372,0.152524,2.422109,0.003309,  40.344
   198.2,0.257663,0.152127,2.416742,0.003309,  40.361
   198.4,0.256955,0.151744,2.411452,0.003322,  40.378
   198.6,0.256243,0.151373,2.407955,0.003322,  40.391
   198.8,0.255637,0.150989,2.402760,0.003322,  40.398
   199.0,0.255088,0.150608,2.399338,0.003336,  40.412
   199.2,0.254592,0.150231,2.396023,0.003322,  40.429
   199.4,0.254148,0.149842,2.389426,0.003345,  40.440
   199.6,0.253471,0.149443,2.384615,0.003358,  40.450
   199.8,0.252723,0.149032,2.381313,0.003309,  40.456
   200.0,0.251910,0.148623,2.376350,0.003345,  40.458
   200.2,0.251129,0.148198,2.372973,0.003358,  40.470
   200.4,0.250324,0.147768,2.369711,0.003322,  40.482
   200.6,0.249492,0.147332,2.364907,0.003336,  40.487
   200.8,0.248716,0.146887,2.360173,0.003349,  40.506
   201.0,0.247962,0.146438,2.357031,0.003349,  40.513
   201.2,0.247234,0.146008,2.352391,0.003349,  40.518
   201.4,0.246490,0.145586,2.346290,0.003362,  40.526
   201.6,0.245754,0.145180,2.340279,0.003362,  40.533
   201.8,0.245024,0.144766,2.335847,0.003362,  40.535
   202.0,0.244290,0.144346,2.331466,0.003362,  40.540
   202.2,0.243548,0.143933,2.325656,0.003326,  40.539
   202.4,0.242803,0.143509,2.318507,0.003326,  40.544
   202.6,0.242054,0.143082,2.312861,0.003326,  40.542
   202.8,0.241298,0.142645,2.308667,0.003278,  40.545
   203.0,0.240545,0.142225,2.303147,0.003300,  40.544
   203.2,0.239835,0.141810,2.296344,0.003300,  40.549
   203.4,0.239161,0.141405,2.292311,0.003264,  40.550
   203.6,0.238512,0.141058,2.288303,0.003300,  40.549
   203.8,0.237896,0.140739,2.283039,0.003300,  40.547
   204.0,0.237321,0.140458,2.279121,0.003264,  40.549
   204.2,0.236777,0.140188,2.272773,0.003287,  40.544
   204.4,0.236200,0.139947,2.266563,0.003251,  40.545
   204.6,0.235636,0.139728,2.256779,0.003229,  40.544
   204.8,0.235063,0.139533,2.251897,0.003251,  40.543
   205.0,0.234483,0.139240,2.247018,0.003238,  40.536
   205.2,0.233917,0.138927,2.242135,0.003202,  40.536
   205.4,0.233337,0.138585,2.238540,0.003238,  40.531
   205.6,0.232755,0.138256,2.234986,0.003225,  40.533
   205.8,0.232178,0.137917,2.230300,0.003189,  40.526
   206.0,0.231591,0.137584,2.226805,0.003225,  40.518
   206.2,0.231030,0.137281,2.222199,0.003212,  40.517
   206.4,0.230491,0.136985,2.217653,0.003176,  40.512
   206.6,0.229955,0.136706,2.213158,0.003212,  40.503
   206.8,0.229374,0.136402,2.208715,0.003212,  40.502
   207.0,0.228788,0.136086,2.203238,0.003176,  40.494
   207.2,0.228179,0.135762,2.197830,0.003212,  40.487
   207.4,0.227650,0.135414,2.192488,0.003212,  40.481
   207.6,0.227149,0.135057,2.186169,0.003176,  40.463
   207.8,0.226675,0.134692,2.181992,0.003225,  40.458
   208.0,0.226238,0.134335,2.176840,0.003225,  40.450
   208.2,0.225631,0.133974,2.171748,0.003189,  40.440
   208.4,0.224978,0.133609,2.167718,0.003238,  40.434
   208.6,0.224277,0.133256,2.162732,0.003225,  40.435
   208.8,0.223624,0.132903,2.156834,0.003189,  40.424
   209.0,0.222980,0.132552,2.151959,0.003225,  40.413
   209.2,0.222326,0.132196,2.146183,0.003212,  40.411
   209.4,0.221671,0.131833,2.139535,0.003176,  40.400
   209.6,0.221026,0.131481,2.134838,0.003212,  40.382
   209.8,0.220375,0.131120,2.128353,0.003198,  40.374
   210.0,0.219710,0.130750,2.121969,0.003163,  40.368
   210.2,0.219046,0.130386,2.116574,0.003212,  40.357
   210.4,0.218376,0.130001,2.110388,0.003198,  40.347
   210.6,0.217693,0.129606,2.103428,0.003163,  40.342
   210.8,0.217010,0.129200,2.097408,0.003198,  40.334
   211.0,0.216313,0.128833,2.092313,0.003185,  40.325
   211.2,0.215663,0.128488,2.085607,0.003137,  40.315
   211.4,0.215039,0.128157,2.079856,0.003172,  40.302
   211.6,0.214428,0.127802,2.073389,0.003172,  40.280
   211.8,0.213798,0.127445,2.066236,0.003123,  40.275
   212.0,0.213172,0.127099,2.059958,0.003159,  40.267
   212.2,0.212542,0.126749,2.053012,0.003172,  40.259
   212.4,0.211897,0.126396,2.044658,0.003172,  40.245
   212.6,0.211268,0.126051,2.039397,0.003137,  40.238
   212.8,0.210626,0.125697,2.034908,0.003137,  40.226
   213.0,0.209971,0.125327,2.030465,0.003159,  40.202
   213.2,0.209322,0.124960,2.026756,0.003123,  40.197
   213.4,0.208658,0.124647,2.021693,0.003146,  40.184
   213.6,0.208011,0.124369,2.015291,0.003133,  40.179
   213.8,0.207386,0.124112,2.008297,0.003110,  40.169
   214.0,0.206759,0.123889,2.002751,0.003133,  40.155
   214.2,0.206144,0.123568,1.995915,0.003119,  40.145
   214.4,0.205551,0.123224,1.989850,0.003084,  40.130
   214.6,0.204966,0.122859,1.983890,0.003119,  40.116
   214.8,0.204387,0.122530,1.977381,0.003106,  40.099
   215.0,0.203834,0.122214,1.970347,0.003071,  40.092
   215.2,0.203284,0.121907,1.964014,0.003106,  40.080
   215.4,0.202686,0.121586,1.957766,0.003093,  40.061
   215.6,0.202085,0.121269,1.950371,0.003057,  40.059
   215.8,0.201458,0.120946,1.943720,0.003080,  40.049
   216.0,0.200872,0.120614,1.937186,0.003067,  40.037
   216.2,0.200315,0.120279,1.930748,0.003018,  40.013
   216.4,0.199761,0.119946,1.924400,0.003053,  40.002
   216.6,0.199206,0.119633,1.918719,0.003053,  39.994
   216.8,0.198672,0.119328,1.912554,0.003005,  39.976
   217.0,0.198141,0.119031,1.907020,0.003040,  39.970
   217.2,0.197681,0.118735,1.901556,0.003053,  39.958
   217.4,0.197263,0.118445,1.895094,0.003018,  39.932
   217.6,0.196882,0.118159,1.889243,0.003053,  39.920
   217.8,0.196543,0.117864,1.882434,0.003040,  39.916
   218.0,0.196048,0.117573,1.875730,0.003018,  39.901
   218.2,0.195507,0.117282,1.870121,0.003040,  39.893
   218.4,0.194933,0.116983,1.864085,0.003014,  39.880
   218.6,0.194390,0.116677,1.858137,0.002991,  39.867
   218.8,0.193837,0.116368,1.852743,0.003014,  39.844
   219.0,0.193286,0.116062,1.846929,0.003001,  39.838
   219.2,0.192728,0.115750,1.841203,0.002978,  39.823
   219.4,0.192161,0.115434,1.835563,0.003001,  39.809
   219.6,0.191600,0.115115,1.829534,0.003001,  39.801
   219.8,0.191040,0.114804,1.823151,0.002965,  39.791
   220.0,0.190471,0.114497,1.817734,0.002988,  39.775
   220.2,0.189916,0.114180,1.811940,0.002974,  39.753
   220.4,0.189359,0.113859,1.805351,0.002974,  39.734
   220.6,0.188796,0.113543,1.799301,0.002961,  39.728
   220.8,0.188247,0.113215,1.793345,0.002984,  39.721
   221.0,0.187672,0.112879,1.786652,0.002984,  39.704
   221.2,0.187085,0.112530,1.780439,0.002948,  39.695
   221.4,0.186494,0.112213,1.774308,0.002984,  39.666
   221.6,0.185931,0.111911,1.768250,0.002984,  39.658
   221.8,0.185390,0.111613,1.763077,0.002948,  39.646
   222.0,0.184862,0.111303,1.758343,0.002948,  39.634
   222.2,0.184322,0.110998,1.753678,0.002948,  39.622
   222.4,0.183782,0.110690,1.749822,0.002912,  39.610
   222.6,0.183243,0.110383,1.742354,0.002935,  39.588
   222.8,0.182701,0.110075,1.733600,0.002935,  39.576
   223.0,0.182156,0.109764,1.723995,0.002886,  39.569
   223.2,0.181619,0.109508,1.717568,0.002922,  39.551
   223.4,0.181086,0.109266,1.712898,0.002922,  39.539
   223.6,0.180554,0.109064,1.708539,0.002899,  39.528
   223.8,0.180026,0.108880,1.703289,0.002922,  39.511
   224.0,0.179499,0.108609,1.697778,0.002908,  39.500
   224.2,0.178983,0.108317,1.692016,0.002886,  39.489
   224.4,0.178459,0.108007,1.686032,0.002895,  39.475
   224.6,0.177934,0.107715,1.679833,0.002882,  39.467
   224.8,0.177414,0.107428,1.673108,0.002847,  39.462
   225.0,0.176907,0.107142,1.667356,0.002882,  39.453
   225.2,0.176378,0.106845,1.661652,0.002869,  39.437
   225.4,0.175835,0.106549,1.656312,0.002833,  39.410
   225.6,0.175302,0.106251,1.650488,0.002869,  39.413
   225.8,0.174754,0.105933,1.644163,0.002856,  39.400
   226.0,0.174185,0.105610,1.637947,0.002820,  39.387
   226.2,0.173607,0.105279,1.631802,0.002843,  39.379
   226.4,0.173137,0.104964,1.625762,0.002829,  39.367
   226.6,0.172723,0.104661,1.619516,0.002794,  39.347
   226.8,0.172353,0.104373,1.614394,0.002829,  39.337
   227.0,0.172043,0.104071,1.609025,0.002829,  39.321
   227.2,0.171559,0.103772,1.603954,0.002794,  39.316
   227.4,0.171047,0.103480,1.598466,0.002794,  39.302
   227.6,0.170499,0.103178,1.592523,0.002794,  39.295
   227.8,0.169975,0.102871,1.586150,0.002745,  39.282
   228.0,0.169455,0.102566,1.580399,0.002745,  39.263
   228.2,0.168931,0.102268,1.574473,0.002781,  39.245
   228.4,0.168417,0.101980,1.568385,0.002732,  39.231
   228.6,0.167910,0.101695,1.562608,0.002719,  39.224
   228.8,0.167412,0.101405,1.556666,0.002754,  39.215
   229.0,0.166927,0.101120,1.551053,0.002732,  39.194
   229.2,0.166456,0.100837,1.545489,0.002719,  39.175
   229.4,0.165994,0.100586,1.539758,0.002741,  39.166
   229.6,0.165557,0.100346,1.534101,0.002706,  39.153
   229.8,0.165145,0.100123,1.528527,0.002692,  39.141
   230.0,0.164750,0.099890,1.523030,0.002702,  39.130
   230.2,0.164347,0.099660,1.517382,0.002666,  39.119
   230.4,0.163936,0.099435,1.511813,0.002666,  39.106
   230.6,0.163537,0.099203,1.506107,0.002688,  39.083
   230.8,0.163122,0.098970,1.500703,0.002653,  39.077
   231.0,0.162686,0.098743,1.495590,0.002653,  39.061
   231.2,0.162233,0.098513,1.490344,0.002675,  39.053
   231.4,0.161839,0.098281,1.485185,0.002675,  39.040
   231.6,0.161459,0.098058,1.481268,0.002688,  39.029
   231.8,0.161101,0.097869,1.477967,0.002675,  39.006
   232.0,0.160714,0.097692,1.475097,0.002675,  38.993
   232.2,0.160327,0.097538,1.472616,0.002675,  38.984
   232.4,0.159941,0.097404,1.468765,0.002662,  38.968
   232.6,0.159533,0.097190,1.464346,0.002662,  38.957
   232.8,0.159115,0.096952,1.459965,0.002613,  38.933
   233.0,0.158690,0.096699,1.455455,0.002613,  38.927
   233.2,0.158256,0.096453,1.450606,0.002662,  38.914
   233.4,0.157825,0.096204,1.445632,0.002626,  38.904
   233.6,0.157387,0.095958,1.441250,0.002626,  38.893
   233.8,0.156939,0.095705,1.437092,0.002649,  38.882
   234.0,0.156493,0.095442,1.433157,0.002626,  38.874
   234.2,0.156034,0.095187,1.428726,0.002626,  38.862
   234.4,0.155576,0.094930,1.424355,0.002649,  38.837
   234.6,0.155132,0.094673,1.419855,0.002626,  38.830
   234.8,0.154678,0.094417,1.415401,0.002626,  38.825
   235.0,0.154218,0.094157,1.410471,0.002649,  38.809
   235.2,0.153771,0.093893,1.405250,0.002626,  38.796
   235.4,0.153310,0.093622,1.400582,0.002613,  38.783
   235.6,0.152922,0.093361,1.395959,0.002636,  38.764
   235.8,0.152561,0.093098,1.391036,0.002613,  38.755
   236.0,0.152246,0.092833,1.386346,0.002600,  38.745
   236.2,0.151955,0.092559,1.381382,0.002587,  38.732
   236.4,0.151519,0.092280,1.376318,0.002565,  38.722
   236.6,0.151040,0.092002,1.371329,0.002587,  38.714
   236.8,0.150527,0.091737,1.366256,0.002574,  38.692
   237.0,0.150064,0.091477,1.361091,0.002538,  38.683
   237.2,0.149619,0.091220,1.356262,0.002574,  38.671
   237.4,0.149188,0.090967,1.351170,0.002561,  38.660
   237.6,0.148737,0.090716,1.346130,0.002525,  38.649
   237.8,0.148300,0.090464,1.341153,0.002561,  38.639
   238.0,0.147866,0.090203,1.335943,0.002547,  38.634
   238.2,0.147413,0.089942,1.330654,0.002512,  38.619
   238.4,0.146970,0.089683,1.325850,0.002547,  38.595
   238.6,0.146513,0.089421,1.320956,0.002547,  38.590
   238.8,0.146058,0.089151,1.316409,0.002512,  38.578
   239.0,0.145620,0.088886,1.311636,0.002547,  38.568
   239.2,0.145175,0.088626,1.306794,0.002534,  38.556
   239.4,0.144729,0.088366,1.301875,0.002486,  38.543
   239.6,0.144288,0.088107,1.297253,0.002521,  38.527
   239.8,0.143851,0.087849,1.292419,0.002543,  38.509
   240.0,0.143413,0.087592,1.287626,0.002543,  38.502
   240.2,0.142986,0.087335,1.283671,0.002530,  38.488
   240.4,0.142565,0.087092,1.280005,0.002543,  38.476
   240.6,0.142154,0.086856,1.276757,0.002543,  38.466
   240.8,0.141761,0.086630,1.273656,0.002543,  38.444
   241.0,0.141378,0.086426,1.268769,0.002543,  38.430
   241.2,0.140960,0.086236,1.263103,0.002543,  38.423
   241.4,0.140546,0.086060,1.256931,0.002508,  38.404
   241.6,0.140124,0.085899,1.252161,0.002495,  38.399
   241.8,0.139723,0.085686,1.247753,0.002517,  38.385
   242.0,0.139339,0.085458,1.243695,0.002495,  38.367
   242.2,0.138969,0.085218,1.239387,0.002482,  38.356
   242.4,0.138586,0.084998,1.235361,0.002504,  38.338
   242.6,0.138214,0.084776,1.231272,0.002482,  38.332
   242.8,0.137845,0.084556,1.227088,0.002482,  38.317
   243.0,0.137463,0.084340,1.223053,0.002504,  38.310
   243.2,0.137078,0.084121,1.218822,0.002482,  38.287
   243.4,0.136699,0.083906,1.214661,0.002468,  38.273
   243.6,0.136318,0.083688,1.210544,0.002491,  38.263
   243.8,0.135945,0.083471,1.206368,0.002455,  38.253
   244.0,0.135577,0.083258,1.202318,0.002455,  38.242
   244.2,0.135247,0.083032,1.198310,0.002478,  38.232
   244.4,0.134942,0.082799,1.194452,0.002442,  38.219
   244.6,0.134656,0.082572,1.190710,0.002442,  38.202
   244.8,0.134391,0.082339,1.186779,0.002451,  38.190
   245.0,0.134026,0.082102,1.182888,0.002416,  38.177
   245.2,0.133629,0.081873,1.178968,0.002416,  38.167
   245.4,0.133204,0.081636,1.175005,0.002438,  38.154
   245.6,0.132794,0.081396,1.170791,0.002403,  38.132
   245.8,0.132398,0.081159,1.166874,0.002403,  38.124
   246.0,0.131994,0.080919,1.162881,0.002438,  38.111
   246.2,0.131565,0.080675,1.158815,0.002403,  38.099
   246.4,0.131137,0.080432,1.154786,0.002403,  38.085
   246.6,0.130697,0.080193,1.150794,0.002438,  38.081
   246.8,0.130286,0.079949,1.146646,0.002389,  38.072
   247.0,0.129889,0.079704,1.142377,0.002389,  38.049
   247.2,0.129507,0.079470,1.138167,0.002425,  38.034
   247.4,0.129111,0.079236,1.133823,0.002376,  38.020
   247.6,0.128722,0.079002,1.129581,0.002376,  38.014
   247.8,0.128336,0.078766,1.125477,0.002425,  38.002
   248.0,0.127938,0.078540,1.121394,0.002389,  37.994
   248.2,0.127544,0.078307,1.117254,0.002389,  37.973
   248.4,0.127148,0.078076,1.112888,0.002412,  37.964
   248.6,0.126761,0.077847,1.108477,0.002389,  37.954
   248.8,0.126384,0.077617,1.104451,0.002376,  37.943
   249.0,0.126020,0.077388,1.100463,0.002399,  37.931
   249.2,0.125638,0.077162,1.096516,0.002399,  37.920
   249.4,0.125249,0.076939,1.093105,0.002399,  37.895
   249.6,0.124871,0.076746,1.089978,0.002363,  37.889
   249.8,0.124500,0.076574,1.087290,0.002350,  37.879
   250.0,0.124116,0.076421,1.084706,0.002350,  37.873
   250.2,0.123742,0.076279,1.081074,0.002350,  37.864
   250.4,0.123368,0.076075,1.076995,0.002350,  37.851
   250.6,0.122988,0.075852,1.072562,0.002328,  37.847
   250.8,0.122615,0.075613,1.068710,0.002350,  37.835
   251.0,0.122232,0.075386,1.064892,0.002337,  37.814
   251.2,0.121846,0.075157,1.061034,0.002314,  37.806
   251.4,0.121463,0.074924,1.057205,0.002337,  37.794
   251.6,0.121067,0.074681,1.053409,0.002337,  37.788
   251.8,0.120658,0.074433,1.049576,0.002314,  37.772
   252.0,0.120252,0.074186,1.045776,0.002337,  37.766
   252.2,0.119867,0.073948,1.041928,0.002337,  37.741
   252.4,0.119484,0.073724,1.038194,0.002301,  37.727
   252.6,0.119120,0.073504,1.034339,0.002337,  37.724
   252.8,0.118802,0.073278,1.030524,0.002324,  37.710
   253.0,0.118509,0.073061,1.026591,0.002288,  37.699
   253.2,0.118247,0.072838,1.022687,0.002310,  37.691
   253.4,0.118005,0.072615,1.018617,0.002320,  37.663
   253.6,0.117658,0.072389,1.014443,0.002284,  37.666
   253.8,0.117289,0.072166,1.010641,0.002284,  37.650
   254.0,0.116890,0.071943,1.006871,0.002284,  37.638
   254.2,0.116529,0.071725,1.003272,0.002235,  37.629
   254.4,0.116162,0.071516,0.999639,0.002271,  37.611
   254.6,0.115811,0.071314,0.995846,0.002271,  37.611
   254.8,0.115486,0.071119,0.992157,0.002222,  37.600
   255.0,0.115171,0.070940,0.988611,0.002258,  37.574
   255.2,0.114883,0.070766,0.985021,0.002271,  37.567
   255.4,0.114592,0.070589,0.981454,0.002235,  37.555
   255.6,0.114302,0.070422,0.977939,0.002271,  37.547
   255.8,0.114032,0.070255,0.974329,0.002271,  37.535
   256.0,0.113752,0.070090,0.970697,0.002235,  37.515
   256.2,0.113462,0.069923,0.967343,0.002271,  37.503
   256.4,0.113185,0.069747,0.964020,0.002271,  37.493
   256.6,0.112885,0.069566,0.960785,0.002235,  37.485
   256.8,0.112572,0.069379,0.957855,0.002271,  37.475
   257.0,0.112259,0.069203,0.955061,0.002258,  37.465
   257.2,0.111963,0.069032,0.952452,0.002235,  37.442
   257.4,0.111668,0.068867,0.949704,0.002271,  37.432
   257.6,0.111396,0.068692,0.946924,0.002258,  37.423
   257.8,0.111110,0.068518,0.944053,0.002258,  37.413
   258.0,0.110816,0.068347,0.941656,0.002271,  37.405
   258.2,0.110531,0.068190,0.939557,0.002222,  37.395
   258.4,0.110226,0.068046,0.937532,0.002258,  37.382
   258.6,0.109901,0.067910,0.935735,0.002258,  37.367
   258.8,0.109576,0.067787,0.933037,0.002222,  37.357
   259.0,0.109255,0.067614,0.929972,0.002209,  37.349
   259.2,0.108924,0.067430,0.926710,0.002187,  37.338
   259.4,0.108603,0.067223,0.923839,0.002174,  37.323
   259.6,0.108270,0.067027,0.921049,0.002196,  37.318
   259.8,0.107936,0.066825,0.918215,0.002174,  37.294
   260.0,0.107602,0.066623,0.915338,0.002174,  37.283
   260.2,0.107269,0.066423,0.912423,0.002196,  37.274
   260.4,0.106933,0.066221,0.909417,0.002174,  37.264
   260.6,0.106597,0.066017,0.906432,0.002160,  37.255
   260.8,0.106265,0.065813,0.903407,0.002183,  37.249
   261.0,0.105929,0.065607,0.900299,0.002147,  37.238
   261.2,0.105591,0.065417,0.897112,0.002147,  37.228
   261.4,0.105299,0.065215,0.893901,0.002170,  37.205
   261.6,0.105025,0.065012,0.890677,0.002134,  37.200
   261.8,0.104768,0.064810,0.887507,0.002147,  37.189
   262.0,0.104540,0.064602,0.884307,0.002170,  37.177
   262.2,0.104223,0.064397,0.881126,0.002134,  37.170
   262.4,0.103896,0.064189,0.877629,0.002147,  37.159
   262.6,0.103555,0.063990,0.873794,0.002170,  37.145
   262.8,0.103232,0.063792,0.869832,0.002134,  37.130
   263.0,0.102912,0.063600,0.866745,0.002134,  37.116
   263.2,0.102589,0.063406,0.863883,0.002156,  37.110
   263.4,0.102270,0.063217,0.861328,0.002121,  37.101
   263.6,0.101951,0.063025,0.858271,0.002121,  37.091
   263.8,0.101626,0.062827,0.855159,0.002143,  37.080
   264.0,0.101307,0.062629,0.851886,0.002108,  37.065
   264.2,0.100992,0.062436,0.848825,0.002121,  37.051
   264.4,0.100671,0.062242,0.845790,0.002143,  37.041
   264.6,0.100349,0.062042,0.842788,0.002108,  37.033
   264.8,0.100028,0.061856,0.839854,0.002121,  37.022
   265.0,0.099711,0.061663,0.836851,0.002143,  37.014
   265.2,0.099397,0.061463,0.833834,0.002108,  36.991
   265.4,0.099087,0.061268,0.830786,0.002108,  36.976
   265.6,0.098786,0.061082,0.827576,0.002130,  36.969
   265.8,0.098496,0.060912,0.824316,0.002130,  36.960
   266.0,0.098213,0.060748,0.821362,0.002130,  36.948
   266.2,0.097933,0.060576,0.818501,0.002117,  36.939
   266.4,0.097653,0.060401,0.815698,0.002117,  36.910
   266.6,0.097373,0.060235,0.813189,0.002130,  36.903
   266.8,0.097094,0.060081,0.810877,0.002130,  36.898
   267.0,0.096802,0.059938,0.808671,0.002117,  36.879
   267.2,0.096497,0.059810,0.806700,0.002081,  36.871
   267.4,0.096189,0.059685,0.804123,0.002081,  36.851
   267.6,0.095907,0.059529,0.801314,0.002104,  36.843
   267.8,0.095622,0.059361,0.798400,0.002081,  36.828
   268.0,0.095357,0.059183,0.795818,0.002081,  36.822
   268.2,0.095088,0.059015,0.793214,0.002104,  36.807
   268.4,0.094811,0.058855,0.790698,0.002081,  36.793
   268.6,0.094546,0.058696,0.787999,0.002081,  36.772
   268.8,0.094268,0.058527,0.785245,0.002104,  36.762
   269.0,0.093991,0.058356,0.782383,0.002081,  36.758
   269.2,0.093710,0.058189,0.779752,0.002104,  36.747
   269.4,0.093437,0.058024,0.777142,0.002113,  36.736
   269.6,0.093153,0.057857,0.774560,0.002091,  36.724
   269.8,0.092870,0.057692,0.771970,0.002091,  36.704
   270.0,0.092590,0.057517,0.769430,0.002077,  36.694
   270.2,0.092301,0.057350,0.766910,0.002055,  36.685
   270.4,0.092006,0.057174,0.764393,0.002042,  36.671
   270.6,0.091759,0.056994,0.761925,0.002064,  36.661
   270.8,0.091532,0.056819,0.759470,0.002042,  36.655
   271.0,0.091328,0.056642,0.757034,0.002042,  36.648
   271.2,0.091140,0.056462,0.754607,0.002042,  36.623
   271.4,0.090871,0.056284,0.752082,0.002055,  36.611
   271.6,0.090576,0.056109,0.749306,0.002055,  36.602
   271.8,0.090259,0.055921,0.746456,0.002042,  36.594
   272.0,0.089955,0.055730,0.743378,0.002055,  36.583
   272.2,0.089648,0.055540,0.740710,0.002055,  36.573
   272.4,0.089335,0.055361,0.738154,0.002042,  36.551
   272.6,0.089045,0.055195,0.735706,0.002055,  36.543
   272.8,0.088764,0.055027,0.733173,0.002055,  36.533
   273.0,0.088491,0.054855,0.730586,0.002042,  36.522
   273.2,0.088210,0.054687,0.728003,0.002055,  36.512
   273.4,0.087934,0.054514,0.725386,0.002055,  36.499
   273.6,0.087651,0.054342,0.722698,0.002042,  36.485
   273.8,0.087368,0.054174,0.719926,0.002055,  36.471
   274.0,0.087089,0.054005,0.717310,0.002042,  36.463
   274.2,0.086809,0.053835,0.714669,0.002029,  36.455
   274.4,0.086530,0.053676,0.712031,0.002029,  36.447
   274.6,0.086267,0.053509,0.709368,0.002029,  36.439
   274.8,0.086008,0.053339,0.706744,0.002016,  36.433
   275.0,0.085733,0.053181,0.704050,0.002016,  36.414
   275.2,0.085467,0.053013,0.701441,0.001993,  36.402
   275.4,0.085189,0.052846,0.698916,0.002016,  36.393
   275.6,0.084917,0.052690,0.696378,0.002016,  36.388
   275.8,0.084659,0.052529,0.693962,0.001980,  36.374
   276.0,0.084394,0.052387,0.691621,0.001980,  36.369
   276.2,0.084116,0.052255,0.689345,0.002016,  36.361
   276.4,0.083839,0.052132,0.687110,0.002016,  36.340
   276.6,0.083555,0.052018,0.684971,0.002016,  36.334
   276.8,0.083275,0.051864,0.682828,0.002002,  36.322
   277.0,0.083005,0.051695,0.680749,0.002002,  36.312
   277.2,0.082728,0.051515,0.678450,0.002002,  36.306
   277.4,0.082449,0.051340,0.675991,0.002002,  36.293
   277.6,0.082182,0.051171,0.673478,0.002002,  36.275
   277.8,0.081906,0.050991,0.671238,0.002002,  36.270
   278.0,0.081636,0.050825,0.669023,0.002002,  36.259
   278.2,0.081380,0.050661,0.666871,0.002002,  36.247
   278.4,0.081117,0.050506,0.664562,0.002002,  36.239
   278.6,0.080854,0.050344,0.662183,0.001989,  36.231
   278.8,0.080607,0.050184,0.659709,0.001989,  36.224
   279.0,0.080348,0.050029,0.657193,0.002002,  36.202
   279.2,0.080086,0.049867,0.654647,0.001989,  36.193
   279.4,0.079840,0.049710,0.652005,0.001976,  36.184
   279.6,0.079587,0.049553,0.649594,0.001976,  36.175
   279.8,0.079388,0.049406,0.647317,0.001963,  36.163
   280.0,0.079205,0.049271,0.645101,0.001950,  36.153
   280.2,0.079054,0.049146,0.642855,0.001950,  36.138
   280.4,0.078928,0.049020,0.640674,0.001963,  36.124
   280.6,0.078742,0.048896,0.638552,0.001963,  36.113
   280.8,0.078544,0.048778,0.635940,0.001963,  36.106
   281.0,0.078336,0.048661,0.633109,0.001963,  36.095
   281.2,0.078138,0.048545,0.630052,0.001963,  36.088
   281.4,0.077946,0.048428,0.627935,0.001963,  36.078
   281.6,0.077758,0.048305,0.626099,0.001963,  36.063
   281.8,0.077557,0.048188,0.624569,0.001963,  36.048
   282.0,0.077359,0.048069,0.622832,0.001963,  36.037
   282.2,0.077164,0.047936,0.621164,0.001963,  36.032
   282.4,0.076951,0.047808,0.619530,0.001963,  36.014
   282.6,0.076731,0.047668,0.617812,0.001963,  36.011
   282.8,0.076512,0.047536,0.616118,0.001950,  35.991
   283.0,0.076296,0.047417,0.614442,0.001963,  35.980
   283.2,0.076086,0.047295,0.612772,0.001963,  35.973
   283.4,0.075883,0.047160,0.611108,0.001950,  35.965
   283.6,0.075661,0.047030,0.609450,0.001963,  35.954
   283.8,0.075442,0.046891,0.607704,0.001963,  35.944
   284.0,0.075223,0.046750,0.605867,0.001950,  35.930
   284.2,0.074989,0.046611,0.603982,0.001963,  35.913
   284.4,0.074752,0.046466,0.602100,0.001963,  35.907
   284.6,0.074518,0.046318,0.600184,0.001950,  35.901
   284.8,0.074281,0.046178,0.598266,0.001950,  35.890
   285.0,0.074047,0.046033,0.596625,0.001927,  35.881
   285.2,0.073817,0.045912,0.595130,0.001963,  35.869
   285.4,0.073580,0.045793,0.593757,0.001950,  35.850
   285.6,0.073344,0.045690,0.592527,0.001927,  35.844
   285.8,0.073114,0.045593,0.590725,0.001927,  35.832
   286.0,0.072874,0.045454,0.588799,0.001950,  35.825
   286.2,0.072648,0.045318,0.586737,0.001963,  35.815
   286.4,0.072418,0.045170,0.584760,0.001963,  35.805
   286.6,0.072179,0.045026,0.582751,0.001950,  35.801
   286.8,0.071956,0.044881,0.580705,0.001963,  35.777
   287.0,0.071720,0.044743,0.578666,0.001963,  35.772
   287.2,0.071479,0.044600,0.576648,0.001950,  35.764
   287.4,0.071234,0.044453,0.574603,0.001963,  35.752
   287.6,0.070990,0.044311,0.572578,0.001963,  35.745
   287.8,0.070752,0.044164,0.570548,0.001950,  35.733
   288.0,0.070526,0.044024,0.568483,0.001963,  35.713
   288.2,0.070310,0.043882,0.566434,0.001963,  35.702
   288.4,0.070084,0.043737,0.564350,0.001950,  35.689
   288.6,0.069862,0.043598,0.562232,0.001963,  35.684
   288.8,0.069637,0.043460,0.560232,0.001963,  35.677
   289.0,0.069443,0.043321,0.558254,0.001950,  35.667
   289.2,0.069267,0.043181,0.556298,0.001963,  35.645
   289.4,0.069101,0.043045,0.553999,0.001963,  35.633
   289.6,0.068959,0.042907,0.551540,0.001950,  35.628
   289.8,0.068753,0.042765,0.548913,0.001963,  35.619
   290.0,0.068528,0.042626,0.546599,0.001950,  35.611
   290.2,0.068292,0.042492,0.544346,0.001937,  35.597
   290.4,0.068073,0.042359,0.542111,0.001950,  35.577
   290.6,0.067861,0.042227,0.540305,0.001937,  35.570
   290.8,0.067653,0.042103,0.538715,0.001937,  35.562
   291.0,0.067450,0.041981,0.537313,0.001950,  35.550
   291.2,0.067263,0.041870,0.535543,0.001937,  35.540
   291.4,0.067073,0.041747,0.533664,0.001924,  35.528
   291.6,0.066880,0.041630,0.531670,0.001937,  35.513
   291.8,0.066684,0.041514,0.529871,0.001924,  35.503
   292.0,0.066488,0.041394,0.528085,0.001910,  35.497
   292.2,0.066298,0.041274,0.526363,0.001924,  35.484
   292.4,0.066099,0.041157,0.524590,0.001910,  35.477
   292.6,0.065913,0.041033,0.522813,0.001910,  35.467
   292.8,0.065717,0.040906,0.521016,0.001924,  35.458
   293.0,0.065506,0.040782,0.519321,0.001910,  35.435
   293.2,0.065308,0.040662,0.517678,0.001910,  35.430
   293.4,0.065112,0.040546,0.516058,0.001910,  35.421
   293.6,0.064917,0.040433,0.514416,0.001875,  35.414
   293.8,0.064731,0.040332,0.512757,0.001910,  35.405
   294.0,0.064539,0.040243,0.511133,0.001910,  35.395
   294.2,0.064338,0.040153,0.509697,0.001888,  35.378
   294.4,0.064143,0.040077,0.508348,0.001875,  35.364
   294.6,0.063942,0.039959,0.507074,0.001910,  35.361
   294.8,0.063732,0.039837,0.505898,0.001924,  35.352
   295.0,0.063528,0.039706,0.504390,0.001910,  35.341
   295.2,0.063328,0.039582,0.502801,0.001910,  35.334
   295.4,0.063121,0.039461,0.501148,0.001888,  35.322
   295.6,0.062930,0.039335,0.499501,0.001875,  35.308
   295.8,0.062733,0.039207,0.497829,0.001875,  35.297
   296.0,0.062520,0.039090,0.496117,0.001875,  35.289
   296.2,0.062323,0.038969,0.494341,0.001862,  35.284
   296.4,0.062123,0.038841,0.492510,0.001884,  35.271
   296.6,0.061914,0.038720,0.490634,0.001884,  35.266
   296.8,0.061717,0.038594,0.488855,0.001897,  35.254
   297.0,0.061514,0.038468,0.487131,0.001862,  35.238
   297.2,0.061311,0.038347,0.485434,0.001826,  35.228
   297.4,0.061115,0.038217,0.483743,0.001839,  35.214
   297.6,0.060937,0.038083,0.482046,0.001862,  35.210
   297.8,0.060774,0.037954,0.480391,0.001862,  35.202
   298.0,0.060626,0.037819,0.478808,0.001875,  35.196
   298.2,0.060481,0.037689,0.477259,0.001862,  35.177
   298.4,0.060290,0.037570,0.475756,0.001862,  35.164
   298.6,0.060104,0.037455,0.474110,0.001875,  35.161
   298.8,0.059896,0.037334,0.472400,0.001862,  35.150
   299.0,0.059706,0.037219,0.470619,0.001862,  35.148
   299.2,0.059503,0.037101,0.468873,0.001875,  35.136
   299.4,0.059311,0.036979,0.467115,0.001862,  35.116
   299.6,0.059118,0.036863,0.465330,0.001862,  35.109
   299.8,0.058922,0.036742,0.463615,0.001875,  35.104
   300.0,0.058727,0.036624,0.461920,0.001862,  35.096
   300.2,0.058541,0.036515,0.460232,0.001862,  35.091
   300.4,0.058360,0.036404,0.458569,0.001862,  35.080
   300.6,0.058186,0.036289,0.456919,0.001848,  35.070
   300.8,0.058000,0.036175,0.455261,0.001848,  35.066
   301.0,0.057808,0.036055,0.453623,0.001848,  35.060
   301.2,0.057616,0.035939,0.452003,0.001848,  35.037
   301.4,0.057427,0.035824,0.450383,0.001848,  35.031
   301.6,0.057232,0.035706,0.448718,0.001848,  35.026
   301.8,0.057044,0.035585,0.447075,0.001848,  35.015
   302.0,0.056855,0.035464,0.445401,0.001848,  35.010
   302.2,0.056663,0.035351,0.444020,0.001813,  35.002
   302.4,0.056478,0.035254,0.442789,0.001848,  34.982
   302.6,0.056295,0.035165,0.441675,0.001848,  34.975
   302.8,0.056113,0.035093,0.440689,0.001813,  34.966
   303.0,0.055933,0.035024,0.439173,0.001848,  34.961
   303.2,0.055751,0.034914,0.437511,0.001848,  34.946
   303.4,0.055569,0.034797,0.435731,0.001848,  34.935
   303.6,0.055390,0.034675,0.434160,0.001848,  34.933
   303.8,0.055205,0.034563,0.432631,0.001848,  34.920
   304.0,0.055017,0.034451,0.431132,0.001848,  34.904
   304.2,0.054832,0.034340,0.429614,0.001848,  34.895
   304.4,0.054665,0.034234,0.428088,0.001848,  34.884
   304.6,0.054505,0.034131,0.426567,0.001848,  34.876
   304.8,0.054344,0.034030,0.425046,0.001848,  34.863
   305.0,0.054192,0.033935,0.423536,0.001835,  34.847
   305.2,0.054049,0.033836,0.422026,0.001835,  34.841
   305.4,0.053906,0.033743,0.420550,0.001835,  34.829
   305.6,0.053773,0.033661,0.419086,0.001822,  34.822
   305.8,0.053642,0.033577,0.417632,0.001822,  34.815
   306.0,0.053520,0.033508,0.416123,0.001822,  34.807
   306.2,0.053410,0.033428,0.414577,0.001822,  34.795
   306.4,0.053306,0.033343,0.412984,0.001822,  34.774
   306.6,0.053223,0.033266,0.411472,0.001822,  34.766
   306.8,0.053140,0.033182,0.409937,0.001822,  34.760
   307.0,0.053009,0.033098,0.408407,0.001822,  34.754
   307.2,0.052879,0.033019,0.406900,0.001822,  34.739
   307.4,0.052731,0.032937,0.405376,0.001822,  34.731
   307.6,0.052594,0.032849,0.403858,0.001822,  34.716
   307.8,0.052446,0.032765,0.402834,0.001822,  34.706
   308.0,0.052307,0.032668,0.402025,0.001822,  34.696
   308.2,0.052156,0.032567,0.401447,0.001822,  34.687
   308.4,0.051993,0.032462,0.400497,0.001822,  34.677
   308.6,0.051830,0.032363,0.399429,0.001822,  34.669
   308.8,0.051674,0.032264,0.398307,0.001822,  34.651
   309.0,0.051517,0.032174,0.397233,0.001822,  34.643
   309.2,0.051360,0.032078,0.396128,0.001822,  34.633
   309.4,0.051207,0.031977,0.394997,0.001822,  34.619
   309.6,0.051044,0.031878,0.393812,0.001835,  34.614
   309.8,0.050882,0.031777,0.392581,0.001835,  34.605
   310.0,0.050722,0.031677,0.391285,0.001835,  34.597
   310.2,0.050557,0.031576,0.389910,0.001848,  34.579
   310.4,0.050383,0.031475,0.388468,0.001835,  34.573
   310.6,0.050220,0.031381,0.386954,0.001835,  34.564
   310.8,0.050060,0.031285,0.385636,0.001848,  34.554
   311.0,0.049913,0.031186,0.384356,0.001835,  34.549
   311.2,0.049758,0.031086,0.383144,0.001835,  34.540
   311.4,0.049602,0.030993,0.382029,0.001813,  34.518
   311.6,0.049451,0.030896,0.381000,0.001848,  34.512
   311.8,0.049298,0.030799,0.380039,0.001835,  34.507
   312.0,0.049146,0.030708,0.379145,0.001813,  34.494
   312.2,0.048993,0.030611,0.377959,0.001835,  34.486
   312.4,0.048837,0.030518,0.376706,0.001835,  34.475
   312.6,0.048681,0.030422,0.375386,0.001835,  34.463
   312.8,0.048527,0.030339,0.374081,0.001835,  34.450
   313.0,0.048366,0.030261,0.372759,0.001822,  34.444
   313.2,0.048201,0.030194,0.371398,0.001822,  34.431
   313.4,0.048028,0.030136,0.370105,0.001822,  34.426
   313.6,0.047866,0.030037,0.368821,0.001822,  34.419
   313.8,0.047710,0.029940,0.367557,0.001822,  34.400
   314.0,0.047552,0.029825,0.366239,0.001822,  34.392
   314.2,0.047399,0.029727,0.364921,0.001822,  34.383
   314.4,0.047247,0.029630,0.363564,0.001822,  34.370
   314.6,0.047095,0.029536,0.362294,0.001822,  34.361
   314.8,0.046948,0.029443,0.361096,0.001822,  34.359
   315.0,0.046799,0.029348,0.359915,0.001822,  34.344
   315.2,0.046650,0.029254,0.358624,0.001822,  34.329
   315.4,0.046513,0.029162,0.357276,0.001822,  34.317
   315.6,0.046372,0.029072,0.355870,0.001809,  34.315
   315.8,0.046238,0.028991,0.354591,0.001809,  34.302
   316.0,0.046103,0.028907,0.353341,0.001809,  34.298
   316.2,0.045972,0.028831,0.352124,0.001809,  34.288
   316.4,0.045841,0.028752,0.350544,0.001773,  34.279
   316.6,0.045730,0.028673,0.348750,0.001787,  34.263
   316.8,0.045624,0.028596,0.346810,0.001800,  34.253
   317.0,0.045540,0.028521,0.345241,0.001764,  34.242
   317.2,0.045461,0.028444,0.343757,0.001787,  34.236
   317.4,0.045348,0.028368,0.342367,0.001787,  34.223
   317.6,0.045216,0.028293,0.341369,0.001751,  34.207
   317.8,0.045076,0.028213,0.340616,0.001787,  34.201
   318.0,0.044948,0.028132,0.340091,0.001773,  34.185
   318.2,0.044817,0.028047,0.339190,0.001773,  34.182
   318.4,0.044686,0.027960,0.338245,0.001809,  34.173
   318.6,0.044549,0.027875,0.337215,0.001796,  34.162
   318.8,0.044407,0.027782,0.336277,0.001796,  34.148
   319.0,0.044261,0.027694,0.335350,0.001809,  34.139
   319.2,0.044128,0.027614,0.334431,0.001809,  34.130
   319.4,0.043991,0.027533,0.333446,0.001773,  34.122
   319.6,0.043854,0.027452,0.332424,0.001773,  34.116
   319.8,0.043718,0.027367,0.331381,0.001773,  34.107
   320.0,0.043584,0.027282,0.330256,0.001738,  34.100
   320.2,0.043448,0.027199,0.329058,0.001773,  34.079
   320.4,0.043303,0.027107,0.327810,0.001773,  34.073
   320.6,0.043160,0.027018,0.326633,0.001738,  34.064
   320.8,0.043022,0.026933,0.325459,0.001773,  34.054
   321.0,0.042879,0.026844,0.324288,0.001773,  34.049
   321.2,0.042746,0.026766,0.323319,0.001773,  34.042
   321.4,0.042615,0.026681,0.322461,0.001751,  34.029
   321.6,0.042479,0.026589,0.321685,0.001773,  34.016
   321.8,0.042340,0.026507,0.321033,0.001738,  34.005
   322.0,0.042204,0.026437,0.319971,0.001738,  33.996
   322.2,0.042071,0.026372,0.318795,0.001773,  33.989
   322.4,0.041938,0.026316,0.317523,0.001773,  33.979
   322.6,0.041805,0.026266,0.316396,0.001738,  33.970
   322.8,0.041675,0.026185,0.315258,0.001773,  33.962
   323.0,0.041539,0.026107,0.314157,0.001773,  33.952
   323.2,0.041400,0.026021,0.313050,0.001738,  33.940
   323.4,0.041261,0.025938,0.311946,0.001773,  33.935
   323.6,0.041120,0.025844,0.310839,0.001773,  33.925
   323.8,0.040979,0.025762,0.309712,0.001738,  33.918
   324.0,0.040837,0.025677,0.308591,0.001773,  33.912
   324.2,0.040714,0.025592,0.307465,0.001773,  33.905
   324.4,0.040590,0.025511,0.306235,0.001738,  33.886
   324.6,0.040457,0.025424,0.304971,0.001773,  33.881
   324.8,0.040336,0.025346,0.303645,0.001773,  33.872
   325.0,0.040210,0.025266,0.302557,0.001738,  33.866
   325.2,0.040100,0.025185,0.301563,0.001773,  33.859
   325.4,0.039999,0.025103,0.300657,0.001773,  33.847
   325.6,0.039898,0.025027,0.299570,0.001738,  33.833
   325.8,0.039818,0.024946,0.298443,0.001773,  33.829
   326.0,0.039694,0.024864,0.297289,0.001773,  33.819
   326.2,0.039567,0.024784,0.296211,0.001738,  33.813
   326.4,0.039432,0.024703,0.295175,0.001773,  33.806
   326.6,0.039299,0.024627,0.294149,0.001773,  33.800
   326.8,0.039176,0.024547,0.293095,0.001738,  33.791
   327.0,0.039047,0.024467,0.292003,0.001773,  33.786
   327.2,0.038917,0.024391,0.290892,0.001773,  33.766
   327.4,0.038794,0.024310,0.289834,0.001738,  33.758
   327.6,0.038667,0.024239,0.288807,0.001773,  33.750
   327.8,0.038543,0.024165,0.287777,0.001773,  33.743
   328.0,0.038432,0.024091,0.286720,0.001738,  33.736
   328.2,0.038318,0.024018,0.285676,0.001773,  33.727
   328.4,0.038197,0.023944,0.284607,0.001773,  33.723
   328.6,0.038085,0.023870,0.283598,0.001738,  33.700
   328.8,0.037974,0.023798,0.282631,0.001773,  33.694
   329.0,0.037853,0.023724,0.281667,0.001773,  33.685
   329.2,0.037742,0.023661,0.280719,0.001738,  33.673
   329.4,0.037636,0.023597,0.279784,0.001760,  33.664
   329.6,0.037531,0.023535,0.278858,0.001760,  33.648
   329.8,0.037444,0.023478,0.277853,0.001760,  33.644
   330.0,0.037363,0.023416,0.276797,0.001725,  33.633
   330.2,0.037268,0.023363,0.275697,0.001760,  33.625
   330.4,0.037188,0.023316,0.274816,0.001725,  33.615
   330.6,0.037098,0.023269,0.274051,0.001712,  33.610
   330.8,0.037009,0.023225,0.273346,0.001747,  33.601
   331.0,0.036917,0.023182,0.272745,0.001760,  33.586
   331.2,0.036831,0.023150,0.271922,0.001712,  33.576
   331.4,0.036745,0.023101,0.271087,0.001747,  33.569
   331.6,0.036653,0.023046,0.270205,0.001760,  33.560
   331.8,0.036565,0.022992,0.269412,0.001712,  33.551
   332.0,0.036479,0.022932,0.268650,0.001747,  33.541
   332.2,0.036381,0.022878,0.267883,0.001760,  33.526
   332.4,0.036293,0.022828,0.267184,0.001725,  33.518
   332.6,0.036199,0.022768,0.266524,0.001725,  33.513
   332.8,0.036090,0.022706,0.265896,0.001738,  33.504
   333.0,0.035991,0.022647,0.265199,0.001738,  33.496
   333.2,0.035885,0.022579,0.264476,0.001725,  33.487
   333.4,0.035770,0.022511,0.263728,0.001738,  33.481
   333.6,0.035665,0.022444,0.262932,0.001738,  33.460
   333.8,0.035551,0.022371,0.262081,0.001725,  33.452
   334.0,0.035432,0.022298,0.261193,0.001738,  33.450
   334.2,0.035316,0.022219,0.260365,0.001738,  33.437
   334.4,0.035219,0.022148,0.259576,0.001725,  33.429
   334.6,0.035124,0.022082,0.258777,0.001738,  33.423
   334.8,0.035050,0.022013,0.257912,0.001738,  33.407
   335.0,0.034985,0.021943,0.257047,0.001725,  33.397
   335.2,0.034876,0.021880,0.256134,0.001738,  33.394
   335.4,0.034774,0.021814,0.255281,0.001738,  33.383
   335.6,0.034657,0.021746,0.254448,0.001760,  33.378
   335.8,0.034552,0.021680,0.253624,0.001773,  33.367
   336.0,0.034438,0.021615,0.252733,0.001738,  33.362
   336.2,0.034339,0.021551,0.251825,0.001760,  33.339
   336.4,0.034234,0.021490,0.250901,0.001773,  33.338
   336.6,0.034125,0.021433,0.249855,0.001738,  33.330
   336.8,0.034029,0.021372,0.248767,0.001760,  33.323
   337.0,0.033924,0.021310,0.247615,0.001773,  33.313
   337.2,0.033813,0.021240,0.246699,0.001738,  33.305
   337.4,0.033714,0.021173,0.245864,0.001738,  33.295
   337.6,0.033612,0.021110,0.245109,0.001738,  33.279
   337.8,0.033500,0.021045,0.244265,0.001738,  33.273
   338.0,0.033399,0.020980,0.243422,0.001738,  33.266
   338.2,0.033294,0.020914,0.242574,0.001738,  33.253
   338.4,0.033180,0.020840,0.241777,0.001738,  33.242
   338.6,0.033079,0.020772,0.240999,0.001738,  33.242
   338.8,0.032974,0.020709,0.240234,0.001738,  33.233
   339.0,0.032857,0.020643,0.239405,0.001738,  33.215
   339.2,0.032756,0.020578,0.238559,0.001751,  33.208
   339.4,0.032656,0.020511,0.237684,0.001738,  33.194
   339.6,0.032551,0.020448,0.236734,0.001738,  33.193
   339.8,0.032461,0.020399,0.235714,0.001738,  33.184
   340.0,0.032365,0.020352,0.234668,0.001738,  33.178
   340.2,0.032265,0.020312,0.233553,0.001738,  33.160
   340.4,0.032178,0.020277,0.232807,0.001738,  33.150
   340.6,0.032091,0.020221,0.232174,0.001738,  33.143
   340.8,0.031997,0.020168,0.231658,0.001738,  33.136
   341.0,0.031915,0.020111,0.230962,0.001738,  33.131
   341.2,0.031828,0.020058,0.230232,0.001725,  33.112
   341.4,0.031743,0.020003,0.229474,0.001738,  33.104
   341.6,0.031664,0.019948,0.228769,0.001738,  33.095
   341.8,0.031577,0.019897,0.228065,0.001725,  33.086
   342.0,0.031492,0.019848,0.227368,0.001738,  33.077
   342.2,0.031410,0.019797,0.226649,0.001738,  33.071
   342.4,0.031326,0.019744,0.225902,0.001725,  33.052
   342.6,0.031238,0.019695,0.225139,0.001738,  33.049
   342.8,0.031151,0.019644,0.224435,0.001738,  33.038
   343.0,0.031074,0.019589,0.223760,0.001738,  33.029
   343.2,0.030995,0.019530,0.223098,0.001738,  33.020
   343.4,0.030936,0.019478,0.222448,0.001738,  33.009
   343.6,0.030871,0.019421,0.221805,0.001760,  32.993
   343.8,0.030778,0.019364,0.221186,0.001773,  32.992
   344.0,0.030682,0.019305,0.220471,0.001738,  32.978
   344.2,0.030587,0.019239,0.219706,0.001760,  32.972
   344.4,0.030491,0.019176,0.218903,0.001773,  32.966
   344.6,0.030389,0.019107,0.218187,0.001738,  32.958
   344.8,0.030288,0.019046,0.217454,0.001773,  32.950
   345.0,0.030195,0.018989,0.216751,0.001773,  32.933
   345.2,0.030099,0.018935,0.216010,0.001738,  32.925
   345.4,0.030006,0.018876,0.215230,0.001738,  32.914
   345.6,0.029916,0.018819,0.214441,0.001751,  32.908
   345.8,0.029826,0.018767,0.213659,0.001751,  32.904
   346.0,0.029736,0.018708,0.212873,0.001751,  32.889
   346.2,0.029646,0.018650,0.212071,0.001751,  32.875
   346.4,0.029554,0.018595,0.211254,0.001751,  32.863
   346.6,0.029461,0.018540,0.210434,0.001738,  32.860
   346.8,0.029374,0.018491,0.209588,0.001738,  32.853
   347.0,0.029289,0.018437,0.208788,0.001738,  32.848
   347.2,0.029209,0.018377,0.207999,0.001751,  32.838
   347.4,0.029122,0.018325,0.207235,0.001751,  32.826
   347.6,0.029025,0.018268,0.206570,0.001764,  32.815
   347.8,0.028942,0.018213,0.205950,0.001751,  32.806
   348.0,0.028858,0.018164,0.205397,0.001751,  32.803
   348.2,0.028764,0.018116,0.204894,0.001764,  32.790
   348.4,0.028684,0.018073,0.204259,0.001751,  32.785
   348.6,0.028597,0.018028,0.203636,0.001751,  32.781
   348.8,0.028501,0.017991,0.202992,0.001751,  32.774
   349.0,0.028417,0.017955,0.202289,0.001751,  32.755
   349.2,0.028327,0.017904,0.201535,0.001751,  32.748
   349.4,0.028229,0.017855,0.200733,0.001751,  32.738
   349.6,0.028145,0.017799,0.200040,0.001751,  32.737
   349.8,0.028058,0.017739,0.199385,0.001751,  32.731
   350.0,0.027969,0.017681,0.198758,0.001751,  32.720
   350.2,0.027885,0.017626,0.198067,0.001751,  32.716
   350.4,0.027801,0.017567,0.197362,0.001751,  32.696
   350.6,0.027711,0.017515,0.196653,0.001751,  32.693
   350.8,0.027624,0.017467,0.195956,0.001751,  32.685
   351.0,0.027538,0.017408,0.195244,0.001751,  32.677
   351.2,0.027447,0.017353,0.194544,0.001751,  32.671
   351.4,0.027367,0.017301,0.193776,0.001751,  32.665
   351.6,0.027283,0.017244,0.192968,0.001751,  32.658
   351.8,0.027190,0.017193,0.192141,0.001751,  32.644
   352.0,0.027112,0.017140,0.191440,0.001751,  32.634
   352.2,0.027049,0.017087,0.190797,0.001751,  32.628
   352.4,0.026978,0.017040,0.190202,0.001751,  32.617
   352.6,0.026926,0.016994,0.189194,0.001751,  32.616
   352.8,0.026873,0.016943,0.188009,0.001751,  32.603
   353.0,0.026806,0.016897,0.186618,0.001751,  32.598
   353.2,0.026733,0.016851,0.185583,0.001764,  32.591
   353.4,0.026655,0.016806,0.184651,0.001764,  32.569
   353.6,0.026591,0.016769,0.183785,0.001764,  32.566
   353.8,0.026529,0.016733,0.183256,0.001764,  32.557
   354.0,0.026468,0.016695,0.182942,0.001751,  32.548
   354.2,0.026412,0.016658,0.182831,0.001751,  32.535
   354.4,0.026350,0.016628,0.182435,0.001715,  32.526
   354.6,0.026294,0.016592,0.181998,0.001715,  32.519
   354.8,0.026236,0.016551,0.181512,0.001715,  32.517
   355.0,0.026168,0.016512,0.181007,0.001680,  32.504
   355.2,0.026107,0.016478,0.180463,0.001715,  32.497
   355.4,0.026049,0.016439,0.179897,0.001715,  32.492
   355.6,0.025981,0.016405,0.179430,0.001693,  32.486
   355.8,0.025929,0.016366,0.179020,0.001729,  32.469
   356.0,0.025870,0.016325,0.178642,0.001729,  32.460
   356.2,0.025803,0.016289,0.178197,0.001693,  32.454
   356.4,0.025742,0.016248,0.177742,0.001715,  32.445
   356.6,0.025678,0.016207,0.177285,0.001715,  32.438
   356.8,0.025605,0.016166,0.176822,0.001680,  32.435
   357.0,0.025539,0.016119,0.176345,0.001715,  32.428
   357.2,0.025475,0.016080,0.175863,0.001715,  32.410
