Run Name,Run 5
Run Date,02:22:28 PM   04-04-13
Method Name,50%B-Isocratic
Export Format Version, 1.00
Method ID, 1632
Points/Second, 5.00
Number of Records,   1649
Offset from Run Start Time,00:00:00
Run End Time,00:05:30
Time,Second
QuadTec 1, (280.0 nm), AU
QuadTec 2, (260.0 nm), AU
Gradient Pump,<Not Selected>
QuadTec 3, (214.0 nm), AU
QuadTec 4, (405.0 nm), AU
Conductivity,mS/cm
Trace 6,<Not Available>
GP Pressure,<Not Selected>
Volume,<Not Selected>
Fraction,<Not Available>
Time,QuadTec 1,QuadTec 2,QuadTec 3,QuadTec 4,Conductivity
     0.0,0.006432,-0.362874,0.064689,0.000000,  46.727
     0.2,0.006436,-0.362874,0.064689,0.000000,  46.730
     0.4,0.006429,-0.362940,0.064689,0.000000,  46.729
     0.6,0.006453,-0.363064,0.064689,0.000000,  46.731
     0.8,0.000000,-0.363064,0.000000,0.000000,  46.730
     1.0,0.000000,0.000000,0.000000,0.000000,  46.732
     1.2,0.000000,0.000000,0.000000,0.000000,  46.728
     1.4,0.000000,0.000000,0.000000,0.000000,  46.729
     1.6,0.000000,0.000000,0.000000,0.000000,  46.730
     1.8,0.000000,0.000000,0.000000,0.000000,  46.728
     2.0,0.000000,0.000000,0.000000,0.000000,  46.726
     2.2,0.000000,0.000000,0.000000,0.000000,  46.729
     2.4,0.000000,0.000000,0.000000,0.000000,  46.727
     2.6,0.000000,0.000000,0.000000,0.000000,  46.726
     2.8,0.000000,0.000000,0.000000,0.000000,  46.729
     3.0,0.000000,0.000000,0.000000,0.000000,  46.725
     3.2,0.000000,0.000000,0.000000,0.000000,  46.726
     3.4,0.000000,0.000000,0.000000,0.000000,  46.724
     3.6,0.000000,0.000000,0.000000,0.000000,  46.725
     3.8,0.000000,0.000000,0.000000,0.000000,  46.724
     4.0,0.000000,0.000000,0.000000,0.000000,  46.725
     4.2,0.000000,0.000000,0.000000,0.000000,  46.720
     4.4,0.000000,0.000000,0.000000,0.000000,  46.720
     4.6,0.000000,0.000020,0.000000,0.000000,  46.722
     4.8,0.000017,0.000010,0.000576,0.000000,  46.721
     5.0,0.000017,0.000009,0.000994,0.000013,  46.722
     5.2,0.000014,0.000007,0.001260,-0.000009,  46.716
     5.4,0.000017,0.000004,0.001380,-0.000009,  46.720
     5.6,0.000017,0.000008,0.001351,-0.000009,  46.718
     5.8,0.000015,0.000011,0.001176,-0.000045,  46.718
     6.0,0.000018,0.000008,0.001162,0.000004,  46.719
     6.2,0.000018,0.000015,0.001156,-0.000009,  46.716
     6.4,0.000015,0.000014,0.001162,-0.000009,  46.715
     6.6,0.000021,0.000013,0.001142,-0.000009,  46.713
     6.8,0.000024,0.000013,0.001108,0.000013,  46.716
     7.0,0.000017,0.000007,0.001066,0.000013,  46.717
     7.2,0.000024,0.000006,0.001053,-0.000023,  46.717
     7.4,0.000024,0.000003,0.001059,0.000013,  46.715
     7.6,0.000017,0.000005,0.001072,-0.000023,  46.714
     7.8,0.000021,0.000005,0.001051,-0.000009,  46.713
     8.0,0.000015,0.000007,0.001023,-0.000009,  46.709
     8.2,0.000017,0.000003,0.000980,-0.000045,  46.711
     8.4,0.000015,0.000007,0.000967,-0.000032,  46.709
     8.6,0.000008,0.000007,0.000974,-0.000045,  46.709
     8.8,0.000017,0.000003,0.000987,-0.000068,  46.711
     9.0,0.000015,0.000004,0.000968,-0.000068,  46.708
     9.2,0.000011,0.000006,0.000954,-0.000032,  46.713
     9.4,0.000020,0.000008,0.000932,-0.000054,  46.709
     9.6,0.000020,0.000010,0.000926,-0.000068,  46.715
     9.8,0.000020,0.000012,0.000934,-0.000032,  46.714
    10.0,0.000016,0.000014,0.000954,-0.000054,  46.710
    10.2,0.000016,0.000014,0.000941,-0.000032,  46.708
    10.4,0.000020,0.000018,0.000927,0.000004,  46.709
    10.6,0.000023,0.000021,0.000912,-0.000019,  46.706
    10.8,0.000025,0.000019,0.000913,0.000017,  46.706
    11.0,0.000032,0.000024,0.000921,0.000030,  46.705
    11.2,0.000034,0.000026,0.000934,0.000008,  46.708
    11.4,0.000028,0.000023,0.000956,0.000030,  46.704
    11.6,0.000032,0.000016,0.000984,0.000030,  46.706
    11.8,0.000037,0.000025,0.001011,0.000008,  46.706
    12.0,0.000031,0.000028,0.001005,0.000030,  46.704
    12.2,0.000037,0.000025,0.000984,0.000030,  46.705
    12.4,0.000037,0.000025,0.000948,0.000030,  46.706
    12.6,0.000028,0.000023,0.000956,0.000030,  46.711
    12.8,0.000029,0.000020,0.000976,0.000043,  46.707
    13.0,0.000029,0.000026,0.001012,0.000030,  46.710
    13.2,0.000023,0.000026,0.001012,0.000030,  46.708
    13.4,0.000032,0.000022,0.001005,0.000030,  46.708
    13.6,0.000034,0.000026,0.000984,0.000030,  46.705
    13.8,0.000034,0.000031,0.000948,0.000008,  46.709
    14.0,0.000041,0.000028,0.000941,0.000008,  46.711
    14.2,0.000043,0.000028,0.000948,0.000008,  46.718
    14.4,0.000048,0.000032,0.000948,-0.000015,  46.716
    14.6,0.000051,0.000029,0.000956,-0.000015,  46.716
    14.8,0.000057,0.000027,0.000950,0.000008,  46.713
    15.0,0.000059,0.000030,0.000956,-0.000015,  46.711
    15.2,0.000058,0.000028,0.000957,-0.000015,  46.714
    15.4,0.000052,0.000028,0.000958,0.000008,  46.716
    15.6,0.000054,0.000031,0.000963,-0.000015,  46.716
    15.8,0.000053,0.000036,0.000942,-0.000015,  46.717
    16.0,0.000047,0.000036,0.000915,0.000021,  46.714
    16.2,0.000047,0.000032,0.000873,-0.000015,  46.710
    16.4,0.000053,0.000032,0.000832,-0.000015,  46.715
    16.6,0.000053,0.000032,0.000795,0.000021,  46.712
    16.8,0.000048,0.000029,0.000746,-0.000015,  46.713
    17.0,0.000043,0.000035,0.000726,-0.000015,  46.713
    17.2,0.000045,0.000034,0.000732,0.000008,  46.712
    17.4,0.000045,0.000032,0.000752,-0.000015,  46.713
    17.6,0.000045,0.000030,0.000761,-0.000015,  46.710
    17.8,0.000048,0.000030,0.000796,0.000021,  46.710
    18.0,0.000051,0.000034,0.000832,-0.000002,  46.714
    18.2,0.000051,0.000038,0.000506,-0.000002,  46.718
    18.4,0.000053,0.000034,0.000006,0.000034,  46.717
    18.6,0.000056,0.000041,-0.000672,0.000012,  46.716
    18.8,0.000061,0.000048,-0.000775,0.000012,  46.712
    19.0,0.000061,0.000048,-0.000692,0.000034,  46.712
    19.2,0.000064,0.000053,-0.000402,-0.000002,  46.719
    19.4,0.000069,0.000061,-0.000249,-0.000002,  46.716
    19.6,0.000072,0.000065,-0.000068,0.000034,  46.716
    19.8,0.000074,0.000069,0.000159,-0.000002,  46.716
    20.0,0.000074,0.000066,0.000297,-0.000002,  46.714
    20.2,0.000077,0.000067,0.000394,0.000034,  46.713
    20.4,0.000080,0.000069,0.000476,-0.000002,  46.714
    20.6,0.000085,0.000071,0.000559,-0.000002,  46.713
    20.8,0.000087,0.000067,0.000609,0.000034,  46.713
    21.0,0.000093,0.000065,0.000657,0.000034,  46.714
    21.2,0.000089,0.000065,0.000713,-0.000002,  46.717
    21.4,0.000086,0.000067,0.000755,0.000034,  46.715
    21.6,0.000086,0.000064,0.000803,0.000034,  46.718
    21.8,0.000084,0.000067,0.000852,0.000012,  46.718
    22.0,0.000082,0.000072,0.000894,0.000012,  46.717
    22.2,0.000082,0.000073,0.000950,0.000047,  46.717
    22.4,0.000085,0.000077,0.000992,0.000012,  46.722
    22.6,0.000082,0.000077,0.000964,0.000025,  46.720
    22.8,0.000089,0.000080,0.000907,0.000060,  46.727
    23.0,0.000094,0.000081,0.000822,0.000025,  46.724
    23.2,0.000094,0.000085,0.000851,0.000025,  46.721
    23.4,0.000103,0.000085,0.000922,0.000060,  46.719
    23.6,0.000105,0.000087,0.001040,0.000025,  46.718
    23.8,0.000102,0.000089,0.001040,0.000025,  46.720
    24.0,0.000104,0.000089,0.001005,0.000060,  46.722
    24.2,0.000102,0.000086,0.000921,0.000025,  46.720
    24.4,0.000102,0.000082,0.000914,0.000038,  46.720
    24.6,0.000104,0.000084,0.000921,0.000074,  46.721
    24.8,0.000099,0.000080,0.000935,0.000038,  46.724
    25.0,0.000096,0.000082,0.000950,0.000038,  46.723
    25.2,0.000096,0.000078,0.000977,0.000060,  46.726
    25.4,0.000091,0.000078,0.001012,0.000025,  46.725
    25.6,0.000092,0.000076,0.001006,0.000025,  46.724
    25.8,0.000086,0.000076,0.000992,0.000060,  46.729
    26.0,0.000089,0.000076,0.000970,0.000025,  46.731
    26.2,0.000095,0.000076,0.000775,0.000025,  46.727
    26.4,0.000091,0.000076,0.000497,0.000060,  46.733
    26.6,0.000096,0.000075,0.000134,0.000025,  46.736
    26.8,0.000105,0.000077,0.000134,0.000047,  46.741
    27.0,0.000102,0.000077,0.000253,0.000070,  46.739
    27.2,0.000111,0.000073,0.000517,0.000034,  46.734
    27.4,0.000117,0.000075,0.000628,0.000083,  46.736
    27.6,0.000117,0.000073,0.000720,0.000096,  46.739
    27.8,0.000116,0.000076,0.000804,0.000060,  46.740
    28.0,0.000120,0.000083,0.000869,0.000096,  46.741
    28.2,0.000120,0.000083,0.000924,0.000096,  46.738
    28.4,0.000111,0.000080,0.000959,0.000060,  46.742
    28.6,0.000117,0.000084,0.000945,0.000109,  46.740
    28.8,0.000121,0.000086,0.000889,0.000109,  46.740
    29.0,0.000117,0.000082,0.000798,0.000074,  46.746
    29.2,0.000114,0.000084,0.000777,0.000087,  46.741
    29.4,0.000112,0.000084,0.000770,0.000074,  46.745
    29.6,0.000105,0.000075,0.000782,0.000051,  46.748
    29.8,0.000105,0.000075,0.000824,0.000051,  46.745
    30.0,0.000100,0.000073,0.000895,0.000087,  46.747
    30.2,0.000094,0.000069,0.000981,0.000087,  46.753
    30.4,0.000096,0.000072,0.000974,0.000064,  46.750
    30.6,0.000100,0.000074,0.000938,0.000087,  46.750
    30.8,0.000096,0.000072,0.000862,0.000087,  46.750
    31.0,0.000096,0.000076,0.000807,0.000064,  46.757
    31.2,0.000103,0.000076,0.000752,0.000064,  46.756
    31.4,0.000099,0.000076,0.000689,0.000100,  46.755
    31.6,0.000096,0.000074,0.000626,0.000077,  46.754
    31.8,0.000103,0.000071,0.000620,0.000077,  46.754
    32.0,0.000099,0.000073,0.000635,0.000100,  46.752
    32.2,0.000096,0.000078,0.000675,0.000077,  46.754
    32.4,0.000103,0.000082,0.000683,0.000077,  46.755
    32.6,0.000096,0.000082,0.000696,0.000100,  46.748
    32.8,0.000096,0.000089,0.000702,0.000077,  46.753
    33.0,0.000100,0.000091,0.000718,0.000077,  46.754
    33.2,0.000094,0.000088,0.000745,0.000100,  46.758
    33.4,0.000100,0.000091,0.000772,0.000077,  46.755
    33.6,0.000104,0.000089,0.000800,0.000077,  46.756
    33.8,0.000095,0.000087,0.000827,0.000100,  46.758
    34.0,0.000099,0.000084,0.000836,0.000077,  46.754
    34.2,0.000093,0.000082,0.000864,0.000077,  46.756
    34.4,0.000087,0.000084,0.000891,0.000100,  46.758
    34.6,0.000093,0.000086,0.000913,0.000077,  46.758
    34.8,0.000096,0.000088,0.000671,0.000077,  46.759
    35.0,0.000095,0.000090,0.000304,0.000100,  46.766
    35.2,0.000104,0.000086,-0.000208,0.000077,  46.764
    35.4,0.000109,0.000092,-0.000250,0.000077,  46.761
    35.6,0.000108,0.000094,-0.000126,0.000100,  46.765
    35.8,0.000114,0.000089,0.000151,0.000077,  46.761
    36.0,0.000121,0.000096,0.000290,0.000077,  46.763
    36.2,0.000121,0.000100,0.000444,0.000100,  46.764
    36.4,0.000123,0.000100,0.000604,0.000077,  46.762
    36.6,0.000114,0.000103,0.000702,0.000077,  46.763
    36.8,0.000121,0.000109,0.000766,0.000113,  46.765
    37.0,0.000114,0.000108,0.000815,0.000091,  46.764
    37.2,0.000114,0.000103,0.000739,0.000077,  46.764
    37.4,0.000121,0.000099,0.000606,0.000113,  46.764
    37.6,0.000114,0.000099,0.000397,0.000091,  46.766
    37.8,0.000118,0.000100,0.000432,0.000077,  46.762
    38.0,0.000119,0.000101,0.000544,0.000113,  46.767
    38.2,0.000113,0.000099,0.000758,0.000091,  46.762
    38.4,0.000122,0.000095,0.000848,0.000077,  46.766
    38.6,0.000119,0.000102,0.000892,0.000113,  46.760
    38.8,0.000115,0.000104,0.000927,0.000091,  46.767
    39.0,0.000122,0.000101,0.000948,0.000091,  46.763
    39.2,0.000122,0.000102,0.000941,0.000126,  46.764
    39.4,0.000118,0.000100,0.000913,0.000140,  46.765
    39.6,0.000127,0.000101,0.000920,0.000104,  46.765
    39.8,0.000132,0.000099,0.000940,0.000140,  46.765
    40.0,0.000126,0.000099,0.000961,0.000126,  46.765
    40.2,0.000132,0.000104,0.000947,0.000104,  46.766
    40.4,0.000132,0.000108,0.000926,0.000104,  46.766
    40.6,0.000129,0.000110,0.000878,0.000140,  46.764
    40.8,0.000135,0.000113,0.000828,0.000104,  46.760
    41.0,0.000135,0.000116,0.000815,0.000104,  46.768
    41.2,0.000131,0.000115,0.000808,0.000140,  46.765
    41.4,0.000138,0.000111,0.000814,0.000104,  46.763
    41.6,0.000135,0.000111,0.000696,0.000104,  46.765
    41.8,0.000129,0.000114,0.000522,0.000140,  46.764
    42.0,0.000135,0.000122,0.000299,0.000104,  46.764
    42.2,0.000135,0.000122,0.000292,0.000104,  46.768
    42.4,0.000129,0.000119,0.000369,0.000126,  46.767
    42.6,0.000135,0.000110,0.000520,0.000104,  46.768
    42.8,0.000135,0.000109,0.000569,0.000104,  46.770
    43.0,0.000131,0.000109,0.000598,0.000126,  46.766
    43.2,0.000140,0.000111,0.000612,0.000104,  46.763
    43.4,0.000145,0.000119,0.000647,0.000104,  46.767
    43.6,0.000148,0.000119,0.000675,0.000140,  46.766
    43.8,0.000148,0.000125,0.000716,0.000104,  46.770
    44.0,0.000154,0.000125,0.000730,0.000104,  46.767
    44.2,0.000157,0.000125,0.000723,0.000140,  46.765
    44.4,0.000160,0.000131,0.000716,0.000117,  46.770
    44.6,0.000166,0.000137,0.000765,0.000117,  46.764
    44.8,0.000169,0.000135,0.000836,0.000153,  46.769
    45.0,0.000169,0.000137,0.000947,0.000130,  46.767
    45.2,0.000166,0.000135,0.000989,0.000130,  46.768
    45.4,0.000169,0.000130,0.001004,0.000153,  46.766
    45.6,0.000169,0.000135,0.001017,0.000104,  46.769
    45.8,0.000166,0.000137,0.001038,0.000104,  46.766
    46.0,0.000166,0.000135,0.001059,0.000126,  46.769
    46.2,0.000166,0.000141,0.001073,0.000091,  46.768
    46.4,0.000163,0.000145,0.001102,0.000126,  46.767
    46.6,0.000161,0.000145,0.001122,0.000162,  46.767
    46.8,0.000161,0.000145,0.001150,0.000153,  46.765
    47.0,0.000167,0.000142,0.001093,0.000153,  46.767
    47.2,0.000164,0.000143,0.000986,0.000153,  46.772
    47.4,0.000168,0.000140,0.000832,0.000130,  46.766
    47.6,0.000170,0.000142,0.000825,0.000143,  46.766
    47.8,0.000179,0.000138,0.000868,0.000130,  46.767
    48.0,0.000181,0.000136,0.000967,0.000095,  46.767
    48.2,0.000180,0.000145,0.000981,0.000143,  46.769
    48.4,0.000176,0.000143,0.000987,0.000143,  46.767
    48.6,0.000168,0.000145,0.000979,0.000143,  46.771
    48.8,0.000173,0.000149,0.000972,0.000108,  46.768
    49.0,0.000176,0.000146,0.000971,0.000157,  46.769
    49.2,0.000175,0.000150,0.000957,0.000143,  46.768
    49.4,0.000169,0.000152,0.000971,0.000108,  46.768
    49.6,0.000178,0.000147,0.001000,0.000143,  46.766
    49.8,0.000180,0.000150,0.001029,0.000143,  46.769
    50.0,0.000174,0.000155,0.001071,0.000108,  46.771
    50.2,0.000178,0.000157,0.001044,0.000143,  46.763
    50.4,0.000175,0.000156,0.001002,0.000143,  46.767
    50.6,0.000169,0.000163,0.000937,0.000108,  46.772
    50.8,0.000172,0.000167,0.000944,0.000143,  46.769
    51.0,0.000175,0.000165,0.000966,0.000143,  46.769
    51.2,0.000171,0.000163,0.001015,0.000108,  46.766
    51.4,0.000180,0.000163,0.000771,0.000157,  46.766
    51.6,0.000186,0.000165,0.000396,0.000157,  46.771
    51.8,0.000188,0.000164,-0.000118,0.000121,  46.771
    52.0,0.000195,0.000161,-0.000145,0.000170,  46.770
    52.2,0.000197,0.000161,0.000021,0.000157,  46.771
    52.4,0.000197,0.000165,0.000361,0.000121,  46.767
    52.6,0.000197,0.000170,0.000474,0.000170,  46.772
    52.8,0.000200,0.000165,0.000578,0.000157,  46.766
    53.0,0.000197,0.000161,0.000667,0.000134,  46.769
    53.2,0.000195,0.000161,0.000752,0.000170,  46.767
    53.4,0.000197,0.000156,0.000829,0.000170,  46.765
    53.6,0.000191,0.000163,0.000904,0.000147,  46.767
    53.8,0.000191,0.000162,0.000960,0.000170,  46.767
    54.0,0.000193,0.000158,0.000989,0.000170,  46.768
    54.2,0.000187,0.000162,0.001011,0.000147,  46.767
    54.4,0.000191,0.000160,0.001009,0.000170,  46.768
    54.6,0.000193,0.000156,0.000960,0.000170,  46.768
    54.8,0.000193,0.000160,0.000883,0.000147,  46.767
    55.0,0.000197,0.000160,0.000876,0.000170,  46.768
    55.2,0.000197,0.000154,0.000876,0.000170,  46.770
    55.4,0.000191,0.000153,0.000890,0.000147,  46.768
    55.6,0.000192,0.000150,0.000903,0.000170,  46.769
    55.8,0.000187,0.000157,0.000910,0.000170,  46.766
    56.0,0.000191,0.000173,0.000917,0.000147,  46.768
    56.2,0.000210,0.000198,0.000888,0.000183,  46.764
    56.4,0.000226,0.000212,0.000845,0.000196,  46.768
    56.6,0.000239,0.000221,0.000781,0.000174,  46.771
    56.8,0.000253,0.000228,0.000803,0.000209,  46.773
    57.0,0.000263,0.000238,0.000873,0.000223,  46.767
    57.2,0.000271,0.000244,0.000985,0.000200,  46.769
    57.4,0.000276,0.000253,0.001047,0.000236,  46.764
    57.6,0.000276,0.000257,0.001096,0.000236,  46.764
    57.8,0.000282,0.000260,0.001137,0.000236,  46.765
    58.0,0.000284,0.000269,0.001142,0.000213,  46.762
    58.2,0.000289,0.000273,0.001108,0.000236,  46.765
    58.4,0.000301,0.000273,0.001053,0.000236,  46.761
    58.6,0.000301,0.000275,0.001023,0.000213,  46.764
    58.8,0.000298,0.000277,0.000975,0.000213,  46.763
    59.0,0.000298,0.000279,0.000932,0.000213,  46.767
    59.2,0.000296,0.000277,0.000876,0.000164,  46.761
    59.4,0.000284,0.000279,0.000855,0.000164,  46.765
    59.6,0.000282,0.000281,0.000854,0.000187,  46.765
    59.8,0.000279,0.000283,0.000853,0.000151,  46.763
    60.0,0.000283,0.000280,0.000859,0.000164,  46.766
    60.2,0.000292,0.000282,0.000866,0.000213,  46.763
    60.4,0.000294,0.000281,0.000867,0.000191,  46.765
    60.6,0.000296,0.000277,0.000882,0.000204,  46.766
    60.8,0.000306,0.000274,0.000916,0.000213,  46.770
    61.0,0.000312,0.000277,0.000943,0.000178,  46.771
    61.2,0.000320,0.000279,0.000979,0.000191,  46.773
    61.4,0.000325,0.000277,0.001009,0.000226,  46.767
    61.6,0.000322,0.000281,0.001064,0.000191,  46.769
    61.8,0.000320,0.000285,0.001056,0.000191,  46.770
    62.0,0.000320,0.000283,0.001008,0.000226,  46.776
    62.2,0.000317,0.000286,0.000944,0.000191,  46.770
    62.4,0.000312,0.000288,0.000980,0.000191,  46.776
    62.6,0.000309,0.000282,0.001058,0.000226,  46.777
    62.8,0.000306,0.000275,0.001166,0.000191,  46.775
    63.0,0.000307,0.000270,0.001173,0.000204,  46.774
    63.2,0.000301,0.000268,0.001137,0.000240,  46.776
    63.4,0.000301,0.000271,0.001058,0.000204,  46.776
    63.6,0.000313,0.000276,0.001080,0.000217,  46.774
    63.8,0.000315,0.000277,0.001130,0.000240,  46.775
    64.0,0.000318,0.000281,0.001208,0.000204,  46.777
    64.2,0.000323,0.000288,0.001237,0.000217,  46.796
    64.4,0.000328,0.000294,0.001258,0.000240,  46.797
    64.6,0.000328,0.000293,0.001251,0.000204,  46.795
    64.8,0.000331,0.000297,0.001224,0.000217,  46.799
    65.0,0.000331,0.000294,0.001181,0.000240,  46.800
    65.2,0.000325,0.000287,0.001105,0.000204,  46.804
    65.4,0.000322,0.000281,0.001043,0.000217,  46.804
    65.6,0.000323,0.000279,0.000987,0.000240,  46.801
    65.8,0.000314,0.000285,0.000917,0.000204,  46.802
    66.0,0.000312,0.000289,0.000932,0.000204,  46.806
    66.2,0.000310,0.000289,0.000975,0.000226,  46.801
    66.4,0.000301,0.000291,0.001059,0.000213,  46.802
    66.6,0.000298,0.000293,0.001037,0.000213,  46.806
    66.8,0.000299,0.000284,0.000962,0.000178,  46.806
    67.0,0.000293,0.000282,0.000857,0.000226,  46.805
    67.2,0.000296,0.000278,0.000864,0.000191,  46.805
    67.4,0.000299,0.000272,0.000906,0.000191,  46.810
    67.6,0.000291,0.000264,0.000978,0.000226,  46.810
    67.8,0.000285,0.000259,0.001005,0.000191,  46.807
    68.0,0.000284,0.000263,0.001007,0.000191,  46.811
    68.2,0.000277,0.000267,0.001025,0.000213,  46.809
    68.4,0.000275,0.000269,0.001011,0.000178,  46.808
    68.6,0.000284,0.000264,0.000983,0.000178,  46.811
    68.8,0.000277,0.000262,0.000942,0.000200,  46.811
    69.0,0.000275,0.000258,0.000894,0.000151,  46.815
    69.2,0.000276,0.000254,0.000881,0.000187,  46.820
    69.4,0.000272,0.000252,0.000890,0.000209,  46.820
    69.6,0.000275,0.000250,0.000917,0.000174,  46.825
    69.8,0.000284,0.000252,0.000947,0.000209,  46.823
    70.0,0.000280,0.000252,0.000989,0.000245,  46.821
    70.2,0.000277,0.000253,0.001051,0.000223,  46.821
    70.4,0.000284,0.000259,0.001046,0.000223,  46.819
    70.6,0.000283,0.000263,0.001025,0.000258,  46.818
    70.8,0.000285,0.000266,0.000981,0.000236,  46.825
    71.0,0.000297,0.000268,0.000962,0.000236,  46.823
    71.2,0.000293,0.000268,0.000947,0.000271,  46.821
    71.4,0.000293,0.000270,0.000932,0.000249,  46.827
    71.6,0.000297,0.000268,0.000926,0.000262,  46.826
    71.8,0.000291,0.000266,0.000932,0.000249,  46.825
    72.0,0.000291,0.000266,0.000939,0.000213,  46.831
    72.2,0.000294,0.000264,0.000925,0.000262,  46.828
    72.4,0.000285,0.000262,0.000910,0.000262,  46.828
    72.6,0.000283,0.000258,0.000875,0.000226,  46.830
    72.8,0.000281,0.000253,0.000903,0.000262,  46.832
    73.0,0.000278,0.000255,0.000947,0.000262,  46.829
    73.2,0.000278,0.000255,0.001012,0.000226,  46.832
    73.4,0.000278,0.000253,0.000999,0.000262,  46.833
    73.6,0.000281,0.000255,0.000970,0.000249,  46.837
    73.8,0.000281,0.000255,0.000913,0.000213,  46.834
    74.0,0.000287,0.000253,0.000885,0.000262,  46.834
    74.2,0.000287,0.000255,0.000871,0.000262,  46.835
    74.4,0.000281,0.000251,0.000870,0.000226,  46.833
    74.6,0.000287,0.000247,0.000877,0.000262,  46.832
    74.8,0.000288,0.000252,0.000897,0.000262,  46.834
    75.0,0.000285,0.000256,0.000918,0.000226,  46.834
    75.2,0.000287,0.000259,0.000953,0.000275,  46.832
    75.4,0.000296,0.000263,0.000996,0.000275,  46.835
    75.6,0.000293,0.000264,0.001039,0.000288,  46.834
    75.8,0.000290,0.000266,0.001032,0.000253,  46.833
    76.0,0.000294,0.000263,0.000991,0.000288,  46.832
    76.2,0.000287,0.000257,0.000927,0.000275,  46.832
    76.4,0.000287,0.000257,0.000906,0.000226,  46.831
    76.6,0.000288,0.000253,0.000886,0.000262,  46.832
    76.8,0.000279,0.000254,0.000878,0.000262,  46.831
    77.0,0.000277,0.000252,0.000871,0.000226,  46.832
    77.2,0.000278,0.000250,0.000865,0.000262,  46.828
    77.4,0.000271,0.000250,0.000872,0.000262,  46.825
    77.6,0.000277,0.000250,0.000873,0.000226,  46.828
    77.8,0.000288,0.000250,0.000894,0.000240,  46.826
    78.0,0.000285,0.000252,0.000936,0.000240,  46.829
    78.2,0.000287,0.000250,0.000986,0.000204,  46.827
    78.4,0.000288,0.000253,0.000798,0.000217,  46.823
    78.6,0.000285,0.000251,0.000498,0.000240,  46.828
    78.8,0.000294,0.000252,0.000082,0.000217,  46.824
    79.0,0.000300,0.000250,0.000034,0.000230,  46.827
    79.2,0.000296,0.000250,0.000116,0.000266,  46.827
    79.4,0.000305,0.000252,0.000316,0.000243,  46.825
    79.6,0.000305,0.000257,0.000401,0.000243,  46.828
    79.8,0.000302,0.000259,0.000511,0.000266,  46.828
    80.0,0.000305,0.000260,0.000617,0.000243,  46.827
    80.2,0.000300,0.000262,0.000659,0.000243,  46.826
    80.4,0.000299,0.000260,0.000679,0.000266,  46.826
    80.6,0.000308,0.000262,0.000672,0.000243,  46.824
    80.8,0.000311,0.000261,0.000722,0.000243,  46.826
    81.0,0.000307,0.000263,0.000792,0.000266,  46.825
    81.2,0.000316,0.000264,0.000876,0.000243,  46.823
    81.4,0.000316,0.000269,0.000913,0.000243,  46.831
    81.6,0.000312,0.000271,0.000941,0.000266,  46.826
    81.8,0.000324,0.000275,0.000947,0.000230,  46.823
    82.0,0.000329,0.000281,0.000960,0.000266,  46.829
    82.2,0.000332,0.000282,0.000967,0.000275,  46.829
    82.4,0.000328,0.000290,0.000953,0.000253,  46.826
    82.6,0.000332,0.000294,0.000939,0.000266,  46.827
    82.8,0.000329,0.000298,0.000924,0.000266,  46.828
    83.0,0.000329,0.000300,0.000890,0.000243,  46.824
    83.2,0.000333,0.000303,0.000849,0.000243,  46.823
    83.4,0.000330,0.000300,0.000813,0.000266,  46.820
    83.6,0.000335,0.000302,0.000770,0.000243,  46.826
    83.8,0.000334,0.000308,0.000798,0.000243,  46.823
    84.0,0.000343,0.000304,0.000867,0.000279,  46.817
    84.2,0.000343,0.000304,0.000951,0.000279,  46.822
    84.4,0.000337,0.000305,0.000931,0.000292,  46.818
    84.6,0.000335,0.000306,0.000888,0.000243,  46.821
    84.8,0.000335,0.000312,0.000803,0.000279,  46.820
    85.0,0.000335,0.000320,0.000790,0.000243,  46.815
    85.2,0.000342,0.000318,0.000791,0.000243,  46.821
    85.4,0.000347,0.000324,0.000818,0.000279,  46.815
    85.6,0.000347,0.000326,0.000833,0.000257,  46.816
    85.8,0.000353,0.000326,0.000861,0.000243,  46.817
    86.0,0.000356,0.000323,0.000884,0.000279,  46.818
    86.2,0.000350,0.000326,0.000932,0.000257,  46.817
    86.4,0.000353,0.000322,0.000682,0.000243,  46.820
    86.6,0.000356,0.000315,0.000308,0.000279,  46.814
    86.8,0.000352,0.000307,-0.000172,0.000257,  46.813
    87.0,0.000364,0.000306,-0.000171,0.000279,  46.809
    87.2,0.000366,0.000308,0.000003,0.000315,  46.812
    87.4,0.000363,0.000306,0.000363,0.000292,  46.807
    87.6,0.000372,0.000310,0.000350,0.000328,  46.808
    87.8,0.000377,0.000314,0.000245,0.000328,  46.806
    88.0,0.000371,0.000322,0.000036,0.000306,  46.806
    88.2,0.000377,0.000324,0.000084,0.000341,  46.804
    88.4,0.000377,0.000323,0.000216,0.000341,  46.805
    88.6,0.000371,0.000328,0.000419,0.000306,  46.806
    88.8,0.000368,0.000330,0.000509,0.000306,  46.802
    89.0,0.000365,0.000327,0.000579,0.000306,  46.804
    89.2,0.000365,0.000332,0.000627,0.000283,  46.808
    89.4,0.000372,0.000332,0.000663,0.000283,  46.807
    89.6,0.000374,0.000327,0.000685,0.000319,  46.808
    89.8,0.000368,0.000332,0.000697,0.000283,  46.808
    90.0,0.000372,0.000334,0.000684,0.000283,  46.807
    90.2,0.000377,0.000331,0.000669,0.000306,  46.806
    90.4,0.000371,0.000331,0.000633,0.000257,  46.810
    90.6,0.000377,0.000332,0.000674,0.000257,  46.810
    90.8,0.000380,0.000328,0.000731,0.000292,  46.813
    91.0,0.000376,0.000327,0.000815,0.000270,  46.814
    91.2,0.000382,0.000329,0.000842,0.000270,  46.812
    91.4,0.000382,0.000326,0.000849,0.000292,  46.810
    91.6,0.000376,0.000331,0.000835,0.000270,  46.808
    91.8,0.000382,0.000333,0.000883,0.000270,  46.807
    92.0,0.000380,0.000336,0.000932,0.000306,  46.808
    92.2,0.000385,0.000344,0.001008,0.000283,  46.805
    92.4,0.000386,0.000357,0.001069,0.000283,  46.808
    92.6,0.000401,0.000366,0.001123,0.000319,  46.806
    92.8,0.000411,0.000377,0.001176,0.000296,  46.808
    93.0,0.000422,0.000391,0.001242,0.000309,  46.807
    93.2,0.000441,0.000401,0.001309,0.000332,  46.805
    93.4,0.000458,0.000416,0.001374,0.000345,  46.806
    93.6,0.000469,0.000438,0.001419,0.000345,  46.802
    93.8,0.000479,0.000455,0.001443,0.000323,  46.808
    94.0,0.000504,0.000471,0.001459,0.000358,  46.804
    94.2,0.000523,0.000498,0.001545,0.000349,  46.810
    94.4,0.000535,0.000526,0.001651,0.000349,  46.805
    94.6,0.000564,0.000561,0.001790,0.000398,  46.805
    94.8,0.000595,0.000599,0.001903,0.000389,  46.809
    95.0,0.000627,0.000629,0.002029,0.000389,  46.814
    95.2,0.000659,0.000671,0.002143,0.000437,  46.811
    95.4,0.000693,0.000711,0.002269,0.000415,  46.808
    95.6,0.000725,0.000740,0.002400,0.000441,  46.811
    95.8,0.000759,0.000772,0.002535,0.000477,  46.809
    96.0,0.000799,0.000809,0.002683,0.000455,  46.811
    96.2,0.000836,0.000840,0.002904,0.000455,  46.808
    96.4,0.000873,0.000869,0.003179,0.000490,  46.811
    96.6,0.000907,0.000907,0.003497,0.000468,  46.807
    96.8,0.000939,0.000930,0.003736,0.000490,  46.810
    97.0,0.000968,0.000954,0.003947,0.000526,  46.811
    97.2,0.000994,0.000970,0.004136,0.000503,  46.809
    97.4,0.001013,0.000989,0.004382,0.000539,  46.811
    97.6,0.001034,0.000999,0.004649,0.000552,  46.811
    97.8,0.001052,0.001018,0.004938,0.000543,  46.811
    98.0,0.001077,0.001033,0.005114,0.000579,  46.809
    98.2,0.001092,0.001042,0.005228,0.000592,  46.813
    98.4,0.001108,0.001056,0.005306,0.000569,  46.814
    98.6,0.001126,0.001076,0.005589,0.000605,  46.812
    98.8,0.001145,0.001092,0.005950,0.000592,  46.813
    99.0,0.001160,0.001102,0.006393,0.000543,  46.813
    99.2,0.001174,0.001116,0.006754,0.000543,  46.814
    99.4,0.001190,0.001128,0.007108,0.000543,  46.815
    99.6,0.001208,0.001132,0.007468,0.000494,  46.814
    99.8,0.001227,0.001127,0.007452,0.000494,  46.814
   100.0,0.001242,0.001131,0.007242,0.000543,  46.812
   100.2,0.001258,0.001131,0.006841,0.000507,  46.814
   100.4,0.001275,0.001129,0.007196,0.000507,  46.815
   100.6,0.001286,0.001133,0.007832,0.000530,  46.814
   100.8,0.001303,0.001143,0.008751,0.000507,  46.815
   101.0,0.001324,0.001156,0.009401,0.000494,  46.816
   101.2,0.001354,0.001161,0.010063,0.000517,  46.815
   101.4,0.001380,0.001169,0.010730,0.000481,  46.816
   101.6,0.001417,0.001182,0.011441,0.000468,  46.812
   101.8,0.001463,0.001195,0.012173,0.000477,  46.815
   102.0,0.001494,0.001207,0.012937,0.000441,  46.814
   102.2,0.001533,0.001220,0.013676,0.000455,  46.812
   102.4,0.001579,0.001244,0.014402,0.000477,  46.815
   102.6,0.001623,0.001266,0.015133,0.000477,  46.811
   102.8,0.001676,0.001293,0.016059,0.000477,  46.816
   103.0,0.001735,0.001323,0.017070,0.000455,  46.817
   103.2,0.001806,0.001360,0.018187,0.000477,  46.817
   103.4,0.001890,0.001406,0.019139,0.000441,  46.819
   103.6,0.001989,0.001454,0.020058,0.000464,  46.820
   103.8,0.002078,0.001497,0.020936,0.000486,  46.817
   104.0,0.002188,0.001557,0.021773,0.000451,  46.819
   104.2,0.002300,0.001606,0.022985,0.000464,  46.817
   104.4,0.002405,0.001655,0.024324,0.000451,  46.817
   104.6,0.002525,0.001704,0.025788,0.000415,  46.820
   104.8,0.002642,0.001776,0.027475,0.000428,  46.816
   105.0,0.002790,0.001863,0.029344,0.000464,  46.818
   105.2,0.002968,0.001961,0.031385,0.000428,  46.817
   105.4,0.003157,0.002065,0.033519,0.000428,  46.816
   105.6,0.003344,0.002175,0.035784,0.000464,  46.815
   105.8,0.003556,0.002289,0.038175,0.000428,  46.818
   106.0,0.003775,0.002388,0.040570,0.000428,  46.822
   106.2,0.003984,0.002476,0.043039,0.000451,  46.821
   106.4,0.004205,0.002559,0.045580,0.000415,  46.820
   106.6,0.004428,0.002639,0.048046,0.000415,  46.819
   106.8,0.004680,0.002764,0.050510,0.000437,  46.814
   107.0,0.004960,0.002914,0.052979,0.000402,  46.819
   107.2,0.005262,0.003081,0.056210,0.000402,  46.819
   107.4,0.005571,0.003245,0.059825,0.000437,  46.815
   107.6,0.005905,0.003424,0.063843,0.000402,  46.824
   107.8,0.006258,0.003610,0.067630,0.000402,  46.822
   108.0,0.006621,0.003807,0.071486,0.000437,  46.819
   108.2,0.007013,0.004012,0.075437,0.000402,  46.817
   108.4,0.007424,0.004234,0.079485,0.000415,  46.814
   108.6,0.007833,0.004456,0.083628,0.000451,  46.818
   108.8,0.008269,0.004683,0.087861,0.000402,  46.815
   109.0,0.008713,0.004913,0.092936,0.000402,  46.813
   109.2,0.009119,0.005172,0.098525,0.000424,  46.816
   109.4,0.009508,0.005446,0.104607,0.000389,  46.813
   109.6,0.009897,0.005739,0.110514,0.000389,  46.816
   109.8,0.010269,0.006046,0.116590,0.000437,  46.818
   110.0,0.010804,0.006367,0.122849,0.000415,  46.815
   110.2,0.011393,0.006711,0.129043,0.000415,  46.817
   110.4,0.012043,0.007032,0.135298,0.000437,  46.815
   110.6,0.012625,0.007347,0.141607,0.000402,  46.816
   110.8,0.013220,0.007660,0.148370,0.000402,  46.814
   111.0,0.013802,0.008015,0.155402,0.000437,  46.813
   111.2,0.014468,0.008403,0.162706,0.000402,  46.813
   111.4,0.015186,0.008818,0.170456,0.000415,  46.817
   111.6,0.015940,0.009243,0.178581,0.000451,  46.813
   111.8,0.016713,0.009684,0.187105,0.000451,  46.817
   112.0,0.017528,0.010146,0.195737,0.000464,  46.818
   112.2,0.018371,0.010623,0.204651,0.000428,  46.817
   112.4,0.019235,0.011112,0.213843,0.000464,  46.819
   112.6,0.020143,0.011610,0.221652,0.000428,  46.815
   112.8,0.021071,0.012109,0.228854,0.000428,  46.818
   113.0,0.022017,0.012623,0.235387,0.000477,  46.815
   113.2,0.022998,0.013148,0.241266,0.000455,  46.815
   113.4,0.023999,0.013730,0.251090,0.000455,  46.815
   113.6,0.025075,0.014345,0.262264,0.000490,  46.818
   113.8,0.026216,0.015007,0.274871,0.000468,  46.819
   114.0,0.027399,0.015665,0.286713,0.000455,  46.821
   114.2,0.028593,0.016339,0.298884,0.000490,  46.825
   114.4,0.029819,0.017032,0.311417,0.000468,  46.817
   114.6,0.031080,0.017693,0.323542,0.000468,  46.822
   114.8,0.032291,0.018345,0.335598,0.000468,  46.820
   115.0,0.033490,0.018983,0.347588,0.000481,  46.826
   115.2,0.034690,0.019581,0.360547,0.000481,  46.823
   115.4,0.035999,0.020166,0.373989,0.000468,  46.823
   115.6,0.037368,0.020713,0.387974,0.000481,  46.824
   115.8,0.038796,0.021251,0.402300,0.000481,  46.826
   116.0,0.040250,0.022004,0.417104,0.000468,  46.825
   116.2,0.041744,0.022833,0.432393,0.000481,  46.831
   116.4,0.043293,0.023741,0.447734,0.000481,  46.830
   116.6,0.044847,0.024600,0.463354,0.000468,  46.831
   116.8,0.046418,0.025474,0.479250,0.000445,  46.828
   117.0,0.048029,0.026367,0.495202,0.000458,  46.825
   117.2,0.049698,0.027271,0.511351,0.000458,  46.819
   117.4,0.051405,0.028198,0.527678,0.000472,  46.824
   117.6,0.053171,0.029146,0.545039,0.000472,  46.825
   117.8,0.054968,0.030128,0.563080,0.000494,  46.821
   118.0,0.056799,0.031139,0.581888,0.000543,  46.821
   118.2,0.058680,0.032174,0.600816,0.000543,  46.828
   118.4,0.060305,0.033243,0.620159,0.000507,  46.820
   118.6,0.061819,0.034339,0.639972,0.000507,  46.823
   118.8,0.063225,0.035466,0.658915,0.000507,  46.824
   119.0,0.064516,0.036455,0.677546,0.000507,  46.820
   119.2,0.066148,0.037400,0.695767,0.000507,  46.821
   119.4,0.067855,0.038291,0.714912,0.000507,  46.820
   119.6,0.069630,0.039348,0.734342,0.000543,  46.819
   119.8,0.071555,0.040473,0.754010,0.000521,  46.818
   120.0,0.073585,0.041661,0.774581,0.000534,  46.822
   120.2,0.075741,0.042847,0.795751,0.000547,  46.820
   120.4,0.077889,0.044078,0.817661,0.000560,  46.819
   120.6,0.080083,0.045343,0.839422,0.000573,  46.820
   120.8,0.082345,0.046603,0.861383,0.000573,  46.819
   121.0,0.084596,0.047877,0.883501,0.000573,  46.820
   121.2,0.086862,0.049173,0.902655,0.000564,  46.823
   121.4,0.089170,0.050427,0.919939,0.000577,  46.817
   121.6,0.091470,0.051668,0.935130,0.000577,  46.824
   121.8,0.093776,0.052896,0.947945,0.000590,  46.821
   122.0,0.096107,0.054291,0.969826,0.000590,  46.821
   122.2,0.098622,0.055760,0.994507,0.000626,  46.821
   122.4,0.101230,0.057304,1.022554,0.000662,  46.823
   122.6,0.103952,0.058801,1.048346,0.000662,  46.822
   122.8,0.106551,0.060307,1.074511,0.000626,  46.818
   123.0,0.109132,0.061823,1.101003,0.000639,  46.821
   123.2,0.111711,0.063242,1.126322,0.000653,  46.818
   123.4,0.114244,0.064623,1.150976,0.000653,  46.819
   123.6,0.116750,0.065963,1.174449,0.000679,  46.821
   123.8,0.119226,0.067204,1.199848,0.000692,  46.819
   124.0,0.121848,0.068376,1.225937,0.000692,  46.821
   124.2,0.124528,0.069478,1.252264,0.000705,  46.819
   124.4,0.127264,0.070504,1.278807,0.000705,  46.819
   124.6,0.130039,0.071966,1.305490,0.000705,  46.825
   124.8,0.132860,0.073558,1.332223,0.000719,  46.821
   125.0,0.135728,0.075283,1.359154,0.000732,  46.822
   125.2,0.138532,0.076871,1.386250,0.000732,  46.817
   125.4,0.141325,0.078460,1.413083,0.000758,  46.815
   125.6,0.144107,0.080052,1.440252,0.000758,  46.815
   125.8,0.147017,0.081688,1.467116,0.000758,  46.815
   126.0,0.149989,0.083352,1.493692,0.000771,  46.816
   126.2,0.153018,0.085036,1.521548,0.000785,  46.813
   126.4,0.156026,0.086732,1.549436,0.000785,  46.813
   126.6,0.159052,0.088451,1.577486,0.000798,  46.816
   126.8,0.162096,0.090183,1.606131,0.000798,  46.812
   127.0,0.164683,0.091925,1.634510,0.000811,  46.812
   127.2,0.167046,0.093693,1.663046,0.000824,  46.808
   127.4,0.169168,0.095470,1.690334,0.000811,  46.810
   127.6,0.171063,0.097092,1.716692,0.000811,  46.810
   127.8,0.173697,0.098657,1.741111,0.000824,  46.810
   128.0,0.176485,0.100145,1.767377,0.000837,  46.812
   128.2,0.179438,0.101797,1.793694,0.000851,  46.807
   128.4,0.182383,0.103509,1.819526,0.000877,  46.803
   128.6,0.185414,0.105266,1.846040,0.000877,  46.810
   128.8,0.188533,0.107038,1.871808,0.000877,  46.807
   129.0,0.191639,0.108842,1.897628,0.000890,  46.810
   129.2,0.194782,0.110684,1.923973,0.000904,  46.808
   129.4,0.197977,0.112484,1.949078,0.000904,  46.808
   129.6,0.201072,0.114275,1.974490,0.000917,  46.806
   129.8,0.204129,0.116063,1.999503,0.000943,  46.809
   130.0,0.207160,0.117874,2.023252,0.000943,  46.805
   130.2,0.210313,0.119681,2.045452,0.000970,  46.807
   130.4,0.213509,0.121495,2.069603,0.000996,  46.803
   130.6,0.216763,0.123358,2.094353,0.001009,  46.807
   130.8,0.220009,0.125250,2.117127,0.001009,  46.809
   131.0,0.223264,0.127175,2.137501,0.001022,  46.806
   131.2,0.226556,0.129057,2.156966,0.001049,  46.804
   131.4,0.229706,0.130933,2.172392,0.001036,  46.808
   131.6,0.232789,0.132808,2.186353,0.001049,  46.812
   131.8,0.235819,0.134593,2.206074,0.001062,  46.807
   132.0,0.238896,0.136329,2.224517,0.001075,  46.806
   132.2,0.241962,0.138019,2.246111,0.001102,  46.803
   132.4,0.245023,0.139800,2.266376,0.001102,  46.810
   132.6,0.248151,0.141609,2.283817,0.001115,  46.804
   132.8,0.251298,0.143439,2.301986,0.001141,  46.810
   133.0,0.254473,0.145011,2.319589,0.001155,  46.807
   133.2,0.257642,0.146467,2.336514,0.001168,  46.810
   133.4,0.260815,0.147800,2.351163,0.001181,  46.811
   133.6,0.263993,0.149015,2.367770,0.001194,  46.810
   133.8,0.267081,0.150712,2.383405,0.001207,  46.811
   134.0,0.270127,0.152521,2.397944,0.001234,  46.812
   134.2,0.273136,0.154461,2.413037,0.001247,  46.811
   134.4,0.276251,0.156297,2.426930,0.001260,  46.810
   134.6,0.279392,0.158133,2.439462,0.001287,  46.807
   134.8,0.282583,0.159987,2.454225,0.001300,  46.804
   135.0,0.285701,0.161822,2.465637,0.001313,  46.807
   135.2,0.288794,0.163654,2.475380,0.001326,  46.807
   135.4,0.291869,0.165488,2.487355,0.001326,  46.803
   135.6,0.294826,0.167292,2.497588,0.001340,  46.808
   135.8,0.297714,0.169085,2.508070,0.001353,  46.805
   136.0,0.300532,0.170865,2.518853,0.001366,  46.802
   136.2,0.302966,0.172530,2.527700,0.001366,  46.806
   136.4,0.305168,0.174138,2.534490,0.001393,  46.806
   136.6,0.307142,0.175680,2.543639,0.001419,  46.806
   136.8,0.308866,0.177345,2.550637,0.001419,  46.810
   137.0,0.311525,0.179042,2.557737,0.001446,  46.803
   137.2,0.314412,0.180772,2.567383,0.001472,  46.806
   137.4,0.317543,0.182498,2.572290,0.001485,  46.810
   137.6,0.320448,0.184241,2.577253,0.001512,  46.810
   137.8,0.323346,0.185999,2.584812,0.001538,  46.804
   138.0,0.326258,0.187701,2.592510,0.001538,  46.805
   138.2,0.329047,0.189382,2.595120,0.001565,  46.801
   138.4,0.331788,0.191042,2.602993,0.001578,  46.801
   138.6,0.334467,0.192736,2.608316,0.001555,  46.801
   138.8,0.337270,0.194446,2.611000,0.001569,  46.801
   139.0,0.340115,0.196153,2.616411,0.001559,  46.797
   139.2,0.342984,0.197843,2.621886,0.001573,  46.798
   139.4,0.345779,0.199533,2.624644,0.001622,  46.798
   139.6,0.348562,0.201216,2.630265,0.001635,  46.796
   139.8,0.351317,0.202812,2.630305,0.001635,  46.796
   140.0,0.353874,0.204366,2.636039,0.001635,  46.792
   140.2,0.356322,0.205873,2.636119,0.001661,  46.789
   140.4,0.358650,0.207387,2.641860,0.001674,  46.793
   140.6,0.361118,0.208882,2.641831,0.001688,  46.794
   140.8,0.363594,0.210359,2.644679,0.001714,  46.790
   141.0,0.366079,0.211854,2.647604,0.001741,  46.794
   141.2,0.368553,0.213358,2.653530,0.001754,  46.788
   141.4,0.371016,0.214862,2.656554,0.001780,  46.785
   141.6,0.373481,0.216353,2.662581,0.001794,  46.788
   141.8,0.375897,0.217853,2.665617,0.001820,  46.790
   142.0,0.378302,0.219346,2.665594,0.001847,  46.786
   142.2,0.380682,0.220591,2.668641,0.001873,  46.784
   142.4,0.382973,0.221710,2.674822,0.001886,  46.784
   142.6,0.385219,0.222709,2.671680,0.001913,  46.781
   142.8,0.387400,0.223578,2.674771,0.001939,  46.780
   143.0,0.389650,0.224891,2.677884,0.001952,  46.776
   143.2,0.391924,0.226307,2.677861,0.001979,  46.776
   143.4,0.394203,0.227826,2.681008,0.002005,  46.773
   143.6,0.396403,0.229197,2.681008,0.002005,  46.771
   143.8,0.398594,0.230559,2.681014,0.002032,  46.772
   144.0,0.400744,0.231894,2.684201,0.002045,  46.768
   144.2,0.402684,0.233158,2.684212,0.002058,  46.762
   144.4,0.404506,0.234380,2.687440,0.002085,  46.756
   144.6,0.406195,0.235550,2.690664,0.002111,  46.756
   144.8,0.407762,0.236705,2.690652,0.002125,  46.755
   145.0,0.409206,0.237831,2.690641,0.002164,  46.751
   145.2,0.410520,0.238927,2.693883,0.002178,  46.746
   145.4,0.411694,0.240072,2.697160,0.002204,  46.748
   145.6,0.413405,0.241231,2.693877,0.002244,  46.740
   145.8,0.415265,0.242413,2.693934,0.002270,  46.719
   146.0,0.417257,0.243569,2.697303,0.002284,  46.721
   146.2,0.419038,0.244715,2.697434,0.002310,  46.715
   146.4,0.420798,0.245863,2.697451,0.002337,  46.711
   146.6,0.422510,0.246965,2.700731,0.002350,  46.709
   146.8,0.424172,0.248031,2.700674,0.002376,  46.699
   147.0,0.425791,0.249069,2.703956,0.002390,  46.696
   147.2,0.427367,0.250144,2.703916,0.002416,  46.687
   147.4,0.429013,0.251218,2.703865,0.002443,  46.681
   147.6,0.430693,0.252300,2.707185,0.002456,  46.676
   147.8,0.432386,0.253348,2.707167,0.002447,  46.669
   148.0,0.434008,0.254380,2.707156,0.002483,  46.663
   148.2,0.435606,0.255411,2.710530,0.002460,  46.665
   148.4,0.437175,0.256331,2.710541,0.002460,  46.653
   148.6,0.438577,0.257194,2.710564,0.002509,  46.646
   148.8,0.439888,0.257996,2.710558,0.002536,  46.644
   149.0,0.441087,0.258870,2.713953,0.002575,  46.630
   149.2,0.442400,0.259760,2.713936,0.002615,  46.608
   149.4,0.443737,0.260658,2.713919,0.002642,  46.602
   149.6,0.445078,0.261527,2.717347,0.002668,  46.593
   149.8,0.446373,0.262368,2.717352,0.002695,  46.580
   150.0,0.447649,0.263210,2.717364,0.002735,  46.576
   150.2,0.448920,0.264031,2.717369,0.002761,  46.571
   150.4,0.450138,0.264824,2.717369,0.002774,  46.559
   150.6,0.451312,0.265606,2.717364,0.002801,  46.545
   150.8,0.452459,0.266262,2.720819,0.002827,  46.538
   151.0,0.453560,0.266838,2.720819,0.002841,  46.524
   151.2,0.454623,0.267348,2.720819,0.002867,  46.518
   151.4,0.455645,0.267786,2.724295,0.002894,  46.503
   151.6,0.456701,0.268459,2.724284,0.002907,  46.477
   151.8,0.457764,0.269185,2.720790,0.002934,  46.466
   152.0,0.458816,0.269958,2.720790,0.002960,  46.453
   152.2,0.459842,0.270645,2.724290,0.002973,  46.440
   152.4,0.460852,0.271322,2.724307,0.002987,  46.424
   152.6,0.461835,0.271973,2.724307,0.003000,  46.421
   152.8,0.462662,0.272550,2.727823,0.003013,  46.404
   153.0,0.463410,0.273089,2.724307,0.003053,  46.392
   153.2,0.464062,0.273576,2.724313,0.003080,  46.358
   153.4,0.464869,0.274137,2.727835,0.003106,  46.338
   153.6,0.465722,0.274715,2.727846,0.003133,  46.327
   153.8,0.466599,0.275300,2.727840,0.003173,  46.311
   154.0,0.467309,0.275864,2.727829,0.003212,  46.293
   154.2,0.467957,0.276426,2.727818,0.003239,  46.276
   154.4,0.468532,0.276985,2.727903,0.003279,  46.245
   154.6,0.469042,0.277510,2.728034,0.003319,  46.229
   154.8,0.469735,0.278013,2.728222,0.003359,  46.212
   155.0,0.470466,0.278506,2.728234,0.003372,  46.193
   155.2,0.471251,0.278970,2.731728,0.003359,  46.174
   155.4,0.471900,0.279400,2.731614,0.003385,  46.146
   155.6,0.472516,0.279813,2.731568,0.003412,  46.118
   155.8,0.473088,0.280281,2.735103,0.003412,  46.096
   156.0,0.473779,0.280773,2.731494,0.003425,  46.072
   156.2,0.474523,0.281281,2.731466,0.003438,  46.050
   156.4,0.475286,0.281755,2.735023,0.003452,  46.005
   156.6,0.476004,0.282239,2.731437,0.003452,  45.988
   156.8,0.476730,0.282711,2.734994,0.003478,  45.961
   157.0,0.477442,0.283116,2.734983,0.003442,  45.935
   157.2,0.478061,0.283493,2.734977,0.003491,  45.892
   157.4,0.478631,0.283825,2.734960,0.003482,  45.860
   157.6,0.479154,0.284238,2.738547,0.003509,  45.841
   157.8,0.479783,0.284671,2.738524,0.003571,  45.809
   158.0,0.480444,0.285126,2.734903,0.003598,  45.765
   158.2,0.481128,0.285571,2.738502,0.003624,  45.734
   158.4,0.481792,0.286011,2.734909,0.003664,  45.697
   158.6,0.482480,0.286456,2.734926,0.003704,  45.667
   158.8,0.483159,0.286887,2.738536,0.003717,  45.642
   159.0,0.483818,0.287303,2.738542,0.003731,  45.605
   159.2,0.484485,0.287716,2.738559,0.003757,  45.557
   159.4,0.485143,0.288061,2.742187,0.003771,  45.507
   159.6,0.485789,0.288368,2.742187,0.003771,  45.478
   159.8,0.486427,0.288646,2.738547,0.003797,  45.427
   160.0,0.487063,0.288877,2.742182,0.003824,  45.393
   160.2,0.487794,0.289299,2.742187,0.003837,  45.334
   160.4,0.488572,0.289772,2.738570,0.003864,  45.290
   160.6,0.489399,0.290290,2.742204,0.003890,  45.245
   160.8,0.490231,0.290794,2.742199,0.003890,  45.208
   161.0,0.491095,0.291305,2.742187,0.003917,  45.166
   161.2,0.491992,0.291836,2.745858,0.003957,  45.112
   161.4,0.492715,0.292280,2.742204,0.003984,  45.055
   161.6,0.493371,0.292687,2.742222,0.004010,  45.009
   161.8,0.493960,0.293061,2.745881,0.004023,  44.959
   162.0,0.494817,0.293563,2.742204,0.004023,  44.900
   162.2,0.495788,0.294112,2.742187,0.004037,  44.846
   162.4,0.496860,0.294708,2.745955,0.004037,  44.767
   162.6,0.497738,0.295299,2.746109,0.004050,  44.733
   162.8,0.498576,0.295899,2.746320,0.004063,  44.674
   163.0,0.499359,0.296516,2.750016,0.004077,  44.622
   163.2,0.500106,0.297163,2.749953,0.004077,  44.555
   163.4,0.501160,0.297826,2.749822,0.004090,  44.489
   163.6,0.502314,0.298508,2.749805,0.004103,  44.436
   163.8,0.503570,0.299148,2.749822,0.004077,  44.361
   164.0,0.504700,0.299779,2.749873,0.004077,  44.308
   164.2,0.505811,0.300390,2.753567,0.004090,  44.235
   164.4,0.506901,0.301163,2.753510,0.004090,  44.157
   164.6,0.508277,0.302016,2.753436,0.004090,  44.099
   164.8,0.509789,0.302942,2.757156,0.004103,  44.024
   165.0,0.511428,0.303857,2.757128,0.004103,  43.952
   165.2,0.513033,0.304814,2.753356,0.004117,  43.892
   165.4,0.514691,0.305805,2.753339,0.004143,  43.804
   165.6,0.516392,0.306710,2.757088,0.004108,  43.740
   165.8,0.517990,0.307599,2.757088,0.004170,  43.677
   166.0,0.519553,0.308456,2.757071,0.004147,  43.598
   166.2,0.521081,0.309451,2.764673,0.004147,  43.522
   166.4,0.522836,0.310512,2.760818,0.004170,  43.424
   166.6,0.524673,0.311628,2.760795,0.004170,  43.365
   166.8,0.526609,0.312754,2.760795,0.004170,  43.295
   167.0,0.528591,0.313925,2.760801,0.004157,  43.223
   167.2,0.530649,0.315130,2.760812,0.004170,  43.153
   167.4,0.532773,0.316359,2.760812,0.004170,  43.087
   167.6,0.534890,0.317615,2.764633,0.004157,  43.020
   167.8,0.537048,0.318905,2.764633,0.004170,  42.938
   168.0,0.539225,0.320197,2.768505,0.004157,  42.870
   168.2,0.541465,0.321509,2.768516,0.004143,  42.790
   168.4,0.543756,0.322842,2.768545,0.004157,  42.697
   168.6,0.546088,0.324027,2.772451,0.004157,  42.638
   168.8,0.548503,0.325149,2.772457,0.004170,  42.551
   169.0,0.550982,0.326196,2.772463,0.004170,  42.476
   169.2,0.553529,0.327183,2.776387,0.004170,  42.414
   169.4,0.556100,0.328613,2.776376,0.004170,  42.325
   169.6,0.558699,0.330173,2.776359,0.004183,  42.261
   169.8,0.561355,0.331869,2.780302,0.004196,  42.185
   170.0,0.563722,0.333243,2.780285,0.004210,  42.119
   170.2,0.565966,0.334521,2.780268,0.004210,  42.044
   170.4,0.568079,0.335710,2.784259,0.004196,  41.949
   170.6,0.570591,0.337185,2.784259,0.004170,  41.893
   170.8,0.573249,0.338759,2.784265,0.004157,  41.821
   171.0,0.576039,0.340437,2.788305,0.004143,  41.757
   171.2,0.578817,0.342087,2.788316,0.004130,  41.691
   171.4,0.581663,0.343787,2.788333,0.004143,  41.619
   171.6,0.584559,0.345528,2.792406,0.004143,  41.559
   171.8,0.587016,0.347246,2.796511,0.004130,  41.501
   172.0,0.589265,0.348975,2.792377,0.004143,  41.434
   172.2,0.591323,0.350711,2.792371,0.004157,  41.368
   172.4,0.593167,0.352410,2.796488,0.004170,  41.310
   172.6,0.595822,0.354094,2.796488,0.004183,  41.266
   172.8,0.598668,0.355757,2.796488,0.004196,  41.209
   173.0,0.601749,0.357542,2.800655,0.004210,  41.155
   173.2,0.604686,0.359389,2.800672,0.004236,  41.094
   173.4,0.607644,0.361283,2.804863,0.004263,  41.048
   173.6,0.610643,0.363105,2.804857,0.004276,  41.007
   173.8,0.613512,0.364917,2.804840,0.004303,  40.969
   174.0,0.616302,0.366713,2.809066,0.004303,  40.924
   174.2,0.619033,0.368366,2.809060,0.004303,  40.891
   174.4,0.621715,0.369948,2.809054,0.004316,  40.836
   174.6,0.624325,0.371457,2.813339,0.004316,  40.823
   174.8,0.626862,0.373050,2.813350,0.004307,  40.789
   175.0,0.629469,0.374658,2.813367,0.004343,  40.754
   175.2,0.632052,0.376272,2.813407,0.004334,  40.735
   175.4,0.634635,0.377860,2.813453,0.004347,  40.709
   175.6,0.637210,0.379439,2.817837,0.004410,  40.690
   175.8,0.639771,0.381004,2.813584,0.004436,  40.678
   176.0,0.642325,0.382553,2.817894,0.004463,  40.666
   176.2,0.644783,0.384083,2.817860,0.004489,  40.654
   176.4,0.647173,0.385600,2.817797,0.004529,  40.647
   176.6,0.649513,0.387074,2.822139,0.004569,  40.645
   176.8,0.651799,0.388501,2.822139,0.004583,  40.640
   177.0,0.654039,0.389899,2.817780,0.004623,  40.641
   177.2,0.656206,0.391253,2.822128,0.004649,  40.636
   177.4,0.658300,0.392568,2.822105,0.004663,  40.636
   177.6,0.660308,0.393839,2.822088,0.004689,  40.637
   177.8,0.662253,0.394924,2.822082,0.004716,  40.653
   178.0,0.664145,0.395891,2.822076,0.004743,  40.671
   178.2,0.665936,0.396728,2.822082,0.004743,  40.689
   178.4,0.667661,0.397455,2.826485,0.004729,  40.704
   178.6,0.669134,0.398319,2.826474,0.004703,  40.722
   178.8,0.670440,0.399157,2.826457,0.004729,  40.752
   179.0,0.671552,0.399976,2.830900,0.004769,  40.772
   179.2,0.672865,0.400840,2.830894,0.004796,  40.800
   179.4,0.674182,0.401707,2.826428,0.004836,  40.836
   179.6,0.675502,0.402579,2.826417,0.004876,  40.872
   179.8,0.676752,0.403415,2.826417,0.004903,  40.898
   180.0,0.677968,0.404247,2.826417,0.004978,  40.927
   180.2,0.679156,0.405060,2.826406,0.005018,  40.979
   180.4,0.680240,0.405821,2.830860,0.005058,  41.023
   180.6,0.681244,0.406538,2.830854,0.005134,  41.068
   180.8,0.682168,0.407221,2.830860,0.005187,  41.106
   181.0,0.682954,0.407865,2.835377,0.005192,  41.155
   181.2,0.683647,0.408476,2.830905,0.005218,  41.205
   181.4,0.684220,0.409046,2.830905,0.005258,  41.270
   181.6,0.684691,0.409573,2.835395,0.005272,  41.319
   181.8,0.685310,0.410050,2.830877,0.005276,  41.368
   182.0,0.685917,0.410492,2.830866,0.005303,  41.425
   182.2,0.686511,0.410873,2.835360,0.005343,  41.483
   182.4,0.686908,0.411191,2.830854,0.005361,  41.557
   182.6,0.687190,0.411443,2.830866,0.005374,  41.607
   182.8,0.687357,0.411675,2.835389,0.005436,  41.667
   183.0,0.687588,0.411861,2.830923,0.005463,  41.735
   183.2,0.687768,0.412007,2.830917,0.005476,  41.802
   183.4,0.687928,0.412124,2.835406,0.005467,  41.894
   183.6,0.688005,0.412215,2.830871,0.005503,  41.945
   183.8,0.687986,0.412280,2.830871,0.005507,  42.011
   184.0,0.687928,0.412321,2.835372,0.005512,  42.075
   184.2,0.687838,0.412341,2.830883,0.005552,  42.129
   184.4,0.687691,0.412331,2.830894,0.005579,  42.211
   184.6,0.687517,0.412285,2.830900,0.005605,  42.270
   184.8,0.687274,0.412204,2.830911,0.005619,  42.351
   185.0,0.686972,0.412083,2.830917,0.005645,  42.410
   185.2,0.686633,0.411927,2.830911,0.005659,  42.486
   185.4,0.686211,0.411725,2.835406,0.005708,  42.575
   185.6,0.685693,0.411488,2.830894,0.005721,  42.639
   185.8,0.685112,0.411227,2.830888,0.005712,  42.703
   186.0,0.684512,0.410930,2.835383,0.005748,  42.783
   186.2,0.683857,0.410598,2.830888,0.005761,  42.854
   186.4,0.683164,0.410301,2.830900,0.005739,  42.948
   186.6,0.682352,0.410000,2.835423,0.005775,  43.010
   186.8,0.681459,0.409693,2.830957,0.005788,  43.072
   187.0,0.680505,0.409392,2.830951,0.005752,  43.147
   187.2,0.679609,0.408945,2.835423,0.005775,  43.232
   187.4,0.678684,0.408439,2.830888,0.005788,  43.324
   187.6,0.677774,0.407859,2.830888,0.005766,  43.383
   187.8,0.676821,0.407325,2.835395,0.005815,  43.452
   188.0,0.675815,0.406801,2.830917,0.005828,  43.523
   188.2,0.674785,0.406258,2.830928,0.005806,  43.601
   188.4,0.673715,0.405681,2.835446,0.005855,  43.667
   188.6,0.672604,0.405099,2.830962,0.005882,  43.730
   188.8,0.671447,0.404493,2.830962,0.005846,  43.805
   189.0,0.670298,0.403864,2.830957,0.005882,  43.869
   189.2,0.669134,0.403211,2.826497,0.005895,  43.945
   189.4,0.667949,0.402543,2.826565,0.005859,  44.028
   189.6,0.666884,0.401863,2.826668,0.005895,  44.086
   189.8,0.665882,0.401164,2.826822,0.005908,  44.144
   190.0,0.664906,0.400451,2.822412,0.005873,  44.215
   190.2,0.663994,0.399695,2.822361,0.005908,  44.268
   190.4,0.662719,0.398896,2.822259,0.005922,  44.353
   190.6,0.661304,0.398074,2.817837,0.005895,  44.404
   190.8,0.659772,0.397225,2.817797,0.005917,  44.457
   191.0,0.658283,0.396338,2.822122,0.005931,  44.522
   191.2,0.656720,0.395429,2.822082,0.005917,  44.579
   191.4,0.655115,0.394570,2.822059,0.005917,  44.656
   191.6,0.653582,0.393713,2.817677,0.005931,  44.708
   191.8,0.652024,0.392867,2.822042,0.005917,  44.756
   192.0,0.650472,0.391970,2.822048,0.005917,  44.821
   192.2,0.648873,0.391047,2.817711,0.005917,  44.867
   192.4,0.647227,0.390110,2.822082,0.005917,  44.934
   192.6,0.645564,0.389161,2.817717,0.005882,  44.972
   192.8,0.643866,0.388205,2.813401,0.005917,  45.025
   193.0,0.642141,0.387237,2.813396,0.005895,  45.072
   193.2,0.640406,0.386265,2.813384,0.005882,  45.124
   193.4,0.638694,0.385292,2.817689,0.005904,  45.178
   193.6,0.636989,0.384305,2.813350,0.005904,  45.218
   193.8,0.635279,0.383265,2.813327,0.005904,  45.262
   194.0,0.633485,0.382190,2.813310,0.005877,  45.305
   194.2,0.631631,0.381088,2.809014,0.005877,  45.353
   194.4,0.629718,0.380019,2.813287,0.005890,  45.399
   194.6,0.627875,0.378952,2.809009,0.005877,  45.445
   194.8,0.626011,0.377892,2.804783,0.005864,  45.477
   195.0,0.624155,0.376779,2.804783,0.005850,  45.516
   195.2,0.622259,0.375641,2.804783,0.005824,  45.564
   195.4,0.620331,0.374487,2.800592,0.005810,  45.609
   195.6,0.618373,0.373535,2.800592,0.005797,  45.647
   195.8,0.616473,0.372677,2.804783,0.005784,  45.682
   196.0,0.614560,0.371908,2.800587,0.005784,  45.714
   196.2,0.612677,0.371232,2.800604,0.005770,  45.755
   196.4,0.610748,0.370204,2.800621,0.005743,  45.791
   196.6,0.608796,0.369097,2.796494,0.005730,  45.814
   196.8,0.606831,0.367910,2.796488,0.005717,  45.836
   197.0,0.604832,0.366767,2.796471,0.005703,  45.882
   197.2,0.602822,0.365605,2.792320,0.005690,  45.905
   197.4,0.600779,0.364432,2.792297,0.005663,  45.931
   197.6,0.598808,0.363285,2.792280,0.005650,  45.955
   197.8,0.596846,0.362132,2.788191,0.005650,  45.989
   198.0,0.594893,0.360996,2.788197,0.005637,  46.011
   198.2,0.593155,0.359809,2.788208,0.005623,  46.037
   198.4,0.591537,0.358594,2.788231,0.005610,  46.057
   198.6,0.590027,0.357360,2.784185,0.005597,  46.088
   198.8,0.588625,0.356147,2.784168,0.005583,  46.111
   199.0,0.586689,0.354929,2.784145,0.005570,  46.132
   199.2,0.584588,0.353705,2.780148,0.005543,  46.149
   199.4,0.582347,0.352463,2.780154,0.005530,  46.174
   199.6,0.580253,0.351211,2.780182,0.005516,  46.198
   199.8,0.578160,0.349954,2.784179,0.005503,  46.216
   200.0,0.576080,0.348722,2.784168,0.005476,  46.237
   200.2,0.573984,0.347499,2.780148,0.005476,  46.246
   200.4,0.571889,0.346287,2.784139,0.005450,  46.265
   200.6,0.569800,0.345049,2.780131,0.005436,  46.292
   200.8,0.567676,0.343797,2.776159,0.005423,  46.309
   201.0,0.565539,0.342536,2.780131,0.005410,  46.325
   201.2,0.563384,0.341270,2.776182,0.005361,  46.337
   201.4,0.561224,0.339995,2.772269,0.005383,  46.354
   201.6,0.559052,0.338702,2.776199,0.005347,  46.356
   201.8,0.556862,0.337468,2.772274,0.005321,  46.370
   202.0,0.554733,0.336249,2.768374,0.005307,  46.377
   202.2,0.552631,0.335046,2.764519,0.005294,  46.409
   202.4,0.550555,0.333771,2.768391,0.005231,  46.424
   202.6,0.548373,0.332475,2.764536,0.005240,  46.432
   202.8,0.546162,0.331150,2.764559,0.005227,  46.438
   203.0,0.543923,0.329849,2.764559,0.005178,  46.450
   203.2,0.541719,0.328553,2.764565,0.005187,  46.455
   203.4,0.539533,0.327249,2.760744,0.005174,  46.464
   203.6,0.537363,0.325947,2.760732,0.005111,  46.474
   203.8,0.535202,0.324654,2.760721,0.005120,  46.479
   204.0,0.533048,0.323351,2.756917,0.005107,  46.486
   204.2,0.530911,0.322093,2.756905,0.005058,  46.502
   204.4,0.528772,0.320856,2.756894,0.005067,  46.527
   204.6,0.526632,0.319640,2.753128,0.005040,  46.530
   204.8,0.524517,0.318572,2.749400,0.005000,  46.540
   205.0,0.522365,0.317581,2.749406,0.005009,  46.547
   205.2,0.520204,0.316680,2.749423,0.004996,  46.550
   205.4,0.518028,0.315851,2.745733,0.004983,  46.561
   205.6,0.515845,0.314656,2.745744,0.004969,  46.567
   205.8,0.513647,0.313364,2.745761,0.004969,  46.567
   206.0,0.511432,0.311975,2.749457,0.004956,  46.579
   206.2,0.509293,0.310715,2.745772,0.004916,  46.586
   206.4,0.507187,0.309469,2.742107,0.004903,  46.591
   206.6,0.505123,0.308247,2.745755,0.004889,  46.595
   206.8,0.502930,0.306962,2.742068,0.004863,  46.602
   207.0,0.500688,0.305640,2.738399,0.004849,  46.606
   207.2,0.498414,0.304300,2.742033,0.004823,  46.609
   207.4,0.496501,0.302983,2.738410,0.004809,  46.615
   207.6,0.494738,0.301662,2.734835,0.004796,  46.632
   207.8,0.493144,0.300351,2.734840,0.004783,  46.640
   208.0,0.491710,0.299046,2.734846,0.004756,  46.643
   208.2,0.489689,0.297736,2.731283,0.004743,  46.645
   208.4,0.487545,0.296444,2.731272,0.004729,  46.653
   208.6,0.485260,0.295150,2.731260,0.004703,  46.658
   208.8,0.483092,0.293861,2.727692,0.004689,  46.656
   209.0,0.480918,0.292583,2.727681,0.004676,  46.665
   209.2,0.478745,0.291284,2.727681,0.004649,  46.668
   209.4,0.476563,0.289973,2.724176,0.004636,  46.670
   209.6,0.474374,0.288664,2.724170,0.004609,  46.677
   209.8,0.472179,0.287361,2.724164,0.004596,  46.678
   210.0,0.469983,0.286038,2.720676,0.004596,  46.681
   210.2,0.467788,0.284719,2.717204,0.004569,  46.684
   210.4,0.465587,0.283455,2.717193,0.004543,  46.688
   210.6,0.463424,0.282210,2.713754,0.004529,  46.690
   210.8,0.461291,0.280981,2.713754,0.004516,  46.694
   211.0,0.459169,0.279682,2.710353,0.004480,  46.696
   211.2,0.456976,0.278359,2.706990,0.004489,  46.698
   211.4,0.454764,0.277015,2.707025,0.004440,  46.700
   211.6,0.452540,0.275711,2.707070,0.004427,  46.706
   211.8,0.450343,0.274407,2.703779,0.004400,  46.706
   212.0,0.448149,0.273125,2.700531,0.004387,  46.707
   212.2,0.445972,0.271850,2.700520,0.004338,  46.709
   212.4,0.443875,0.270587,2.697177,0.004334,  46.712
   212.6,0.441814,0.269335,2.693825,0.004321,  46.715
   212.8,0.439799,0.268097,2.693809,0.004272,  46.718
   213.0,0.437731,0.266886,2.693803,0.004281,  46.719
   213.2,0.435664,0.265681,2.690561,0.004267,  46.718
   213.4,0.433600,0.264444,2.687332,0.004218,  46.719
   213.6,0.431511,0.263197,2.687326,0.004227,  46.721
   213.8,0.429424,0.261939,2.684121,0.004214,  46.738
   214.0,0.427332,0.260870,2.684104,0.004152,  46.739
   214.2,0.425238,0.259881,2.680905,0.004174,  46.745
   214.4,0.423132,0.258982,2.677724,0.004161,  46.749
   214.6,0.421021,0.258164,2.677707,0.004112,  46.752
   214.8,0.419005,0.257046,2.674554,0.004134,  46.748
   215.0,0.417039,0.255863,2.668338,0.004121,  46.754
   215.2,0.415109,0.254620,2.668355,0.004059,  46.749
   215.4,0.413024,0.253384,2.665320,0.004081,  46.745
   215.6,0.410888,0.252128,2.662330,0.004081,  46.753
   215.8,0.408695,0.250844,2.659320,0.004019,  46.751
   216.0,0.406567,0.249585,2.656321,0.004028,  46.756
   216.2,0.404449,0.248319,2.653330,0.004014,  46.755
   216.4,0.402335,0.247066,2.650348,0.003965,  46.756
   216.6,0.400284,0.245847,2.647376,0.003974,  46.753
   216.8,0.398289,0.244632,2.644411,0.003961,  46.759
   217.0,0.396316,0.243440,2.641495,0.003912,  46.756
   217.2,0.394587,0.242227,2.638615,0.003921,  46.763
   217.4,0.392995,0.241007,2.632929,0.003908,  46.761
   217.6,0.391539,0.239776,2.630105,0.003859,  46.764
   217.8,0.390211,0.238543,2.624507,0.003868,  46.763
   218.0,0.388306,0.237306,2.621743,0.003855,  46.763
   218.2,0.386250,0.236064,2.621738,0.003792,  46.764
   218.4,0.384056,0.234820,2.616229,0.003815,  46.765
   218.6,0.381994,0.233576,2.610783,0.003801,  46.766
   218.8,0.379936,0.232332,2.608082,0.003752,  46.769
   219.0,0.377868,0.231119,2.605404,0.003775,  46.767
   219.2,0.375829,0.229918,2.600108,0.003748,  46.764
   219.4,0.373812,0.228731,2.594858,0.003699,  46.765
   219.6,0.371811,0.227501,2.589676,0.003708,  46.764
   219.8,0.369781,0.226248,2.584544,0.003695,  46.769
   220.0,0.367736,0.224990,2.579489,0.003682,  46.770
   220.2,0.365696,0.223765,2.574502,0.003668,  46.769
   220.4,0.363658,0.222551,2.569584,0.003655,  46.773
   220.6,0.361618,0.221346,2.564716,0.003606,  46.773
   220.8,0.359581,0.220171,2.562308,0.003629,  46.774
   221.0,0.357626,0.219019,2.559919,0.003602,  46.773
   221.2,0.355716,0.217891,2.555163,0.003602,  46.772
   221.4,0.353844,0.216721,2.550443,0.003540,  46.771
   221.6,0.351908,0.215543,2.545767,0.003549,  46.770
   221.8,0.349981,0.214359,2.541136,0.003536,  46.775
   222.0,0.348034,0.213189,2.536553,0.003487,  46.772
   222.2,0.346094,0.212024,2.529773,0.003509,  46.778
   222.4,0.344170,0.210866,2.523103,0.003496,  46.774
   222.6,0.342237,0.209691,2.518716,0.003433,  46.777
   222.8,0.340311,0.208516,2.512223,0.003456,  46.774
   223.0,0.338401,0.207346,2.503724,0.003442,  46.773
   223.2,0.336476,0.206374,2.497434,0.003394,  46.772
   223.4,0.334593,0.205502,2.491233,0.003416,  46.774
   223.6,0.332747,0.204734,2.485108,0.003403,  46.772
   223.8,0.330909,0.204057,2.477142,0.003354,  46.773
   224.0,0.328999,0.202991,2.471307,0.003376,  46.771
   224.2,0.327076,0.201825,2.463660,0.003376,  46.773
   224.4,0.325128,0.200567,2.457944,0.003327,  46.769
   224.6,0.323205,0.199406,2.450401,0.003323,  46.769
   224.8,0.321291,0.198251,2.442963,0.003310,  46.770
   225.0,0.319380,0.197101,2.437529,0.003274,  46.770
   225.2,0.317542,0.195990,2.430401,0.003283,  46.768
   225.4,0.315757,0.194903,2.419931,0.003270,  46.772
   225.6,0.314000,0.193844,2.413026,0.003221,  46.772
   225.8,0.312184,0.192751,2.406194,0.003230,  46.768
   226.0,0.310373,0.191648,2.397779,0.003230,  46.772
   226.2,0.308541,0.190544,2.391183,0.003181,  46.772
   226.4,0.306989,0.189440,2.381492,0.003190,  46.767
   226.6,0.305571,0.188340,2.373575,0.003177,  46.774
   226.8,0.304279,0.187238,2.365828,0.003128,  46.773
   227.0,0.303118,0.186133,2.358228,0.003150,  46.773
   227.2,0.301443,0.185024,2.347838,0.003137,  46.771
   227.4,0.299643,0.183923,2.339082,0.003088,  46.771
   227.6,0.297725,0.182846,2.331899,0.003110,  46.770
   227.8,0.295930,0.181789,2.322042,0.003110,  46.769
   228.0,0.294137,0.180748,2.312425,0.003061,  46.769
   228.2,0.292342,0.179668,2.304363,0.003071,  46.770
   228.4,0.290564,0.178584,2.293845,0.003057,  46.764
   228.6,0.288787,0.177489,2.284826,0.003022,  46.770
   228.8,0.287025,0.176420,2.274749,0.003044,  46.769
   229.0,0.285253,0.175356,2.264901,0.003031,  46.763
   229.2,0.283482,0.174293,2.256462,0.003031,  46.771
   229.4,0.281726,0.173265,2.247015,0.003017,  46.770
   229.6,0.280031,0.172259,2.237780,0.002991,  46.764
   229.8,0.278366,0.171273,2.229858,0.002942,  46.768
   230.0,0.276750,0.170257,2.223188,0.002978,  46.769
   230.2,0.275089,0.169234,2.215537,0.002951,  46.767
   230.4,0.273414,0.168215,2.208020,0.002938,  46.772
   230.6,0.271737,0.167197,2.199561,0.002889,  46.767
   230.8,0.270076,0.166186,2.190237,0.002911,  46.771
   231.0,0.268414,0.165175,2.179102,0.002898,  46.773
   231.2,0.266757,0.164157,2.169237,0.002849,  46.769
   231.4,0.265105,0.163146,2.158655,0.002871,  46.772
   231.6,0.263452,0.162137,2.147397,0.002871,  46.769
   231.8,0.261814,0.161151,2.137296,0.002822,  46.773
   232.0,0.260176,0.160177,2.128306,0.002832,  46.774
   232.2,0.258529,0.159223,2.118616,0.002818,  46.774
   232.4,0.256900,0.158374,2.109165,0.002783,  46.775
   232.6,0.255266,0.157589,2.098272,0.002805,  46.775
   232.8,0.253628,0.156869,2.086043,0.002805,  46.774
   233.0,0.251987,0.156204,2.074906,0.002743,  46.776
   233.2,0.250353,0.155280,2.064043,0.002765,  46.775
   233.4,0.248719,0.154291,2.052691,0.002765,  46.775
   233.6,0.247089,0.153233,2.041629,0.002716,  46.772
   233.8,0.245529,0.152275,2.031556,0.002703,  46.779
   234.0,0.243986,0.151335,2.021017,0.002690,  46.780
   234.2,0.242491,0.150411,2.010716,0.002676,  46.780
   234.4,0.240961,0.149471,2.000654,0.002663,  46.781
   234.6,0.239422,0.148539,1.989520,0.002650,  46.784
   234.8,0.237879,0.147602,1.978680,0.002637,  46.783
   235.0,0.236351,0.146661,1.968730,0.002623,  46.784
   235.2,0.234824,0.145726,1.957219,0.002623,  46.787
   235.4,0.233298,0.144797,1.946013,0.002610,  46.786
   235.6,0.232002,0.143872,1.934533,0.002584,  46.785
   235.8,0.230826,0.142953,1.922819,0.002584,  46.787
   236.0,0.229756,0.142048,1.912438,0.002570,  46.783
   236.2,0.228804,0.141136,1.901756,0.002557,  46.791
   236.4,0.227401,0.140223,1.891318,0.002544,  46.787
   236.6,0.225892,0.139317,1.880627,0.002531,  46.788
   236.8,0.224279,0.138413,1.870192,0.002540,  46.788
   237.0,0.222798,0.137514,1.858573,0.002540,  46.791
   237.2,0.221312,0.136618,1.847733,0.002491,  46.788
   237.4,0.219852,0.135720,1.836255,0.002526,  46.792
   237.6,0.218394,0.134827,1.825084,0.002526,  46.794
   237.8,0.216940,0.133936,1.815039,0.002491,  46.793
   238.0,0.215503,0.133084,1.804390,0.002513,  46.796
   238.2,0.214108,0.132257,1.793991,0.002513,  46.798
   238.4,0.212728,0.131444,1.783817,0.002500,  46.793
   238.6,0.211376,0.130604,1.773092,0.002500,  46.794
   238.8,0.209998,0.129761,1.762236,0.002473,  46.796
   239.0,0.208620,0.128913,1.752029,0.002438,  46.796
   239.2,0.207244,0.128071,1.741333,0.002447,  46.793
   239.4,0.205875,0.127229,1.730543,0.002434,  46.803
   239.6,0.204504,0.126389,1.721748,0.002434,  46.802
   239.8,0.203154,0.125554,1.713458,0.002371,  46.799
   240.0,0.201815,0.124723,1.705669,0.002407,  46.800
   240.2,0.200473,0.123906,1.698672,0.002407,  46.803
   240.4,0.199154,0.123092,1.689504,0.002371,  46.802
   240.6,0.197815,0.122293,1.679577,0.002394,  46.807
   240.8,0.196462,0.121498,1.668938,0.002394,  46.801
   241.0,0.195102,0.120678,1.658575,0.002358,  46.806
   241.2,0.193758,0.119858,1.647589,0.002367,  46.801
   241.4,0.192423,0.119024,1.636314,0.002354,  46.802
   241.6,0.191079,0.118323,1.625839,0.002318,  46.801
   241.8,0.189768,0.117683,1.615058,0.002341,  46.803
   242.0,0.188469,0.117103,1.604531,0.002328,  46.803
   242.2,0.187182,0.116584,1.594270,0.002279,  46.805
   242.4,0.185907,0.115861,1.584250,0.002301,  46.804
   242.6,0.184648,0.115094,1.574231,0.002301,  46.805
   242.8,0.183396,0.114280,1.564185,0.002265,  46.805
   243.0,0.182140,0.113514,1.554124,0.002275,  46.808
   243.2,0.180884,0.112749,1.543602,0.002275,  46.811
   243.4,0.179631,0.111982,1.533550,0.002239,  46.808
   243.6,0.178386,0.111218,1.523498,0.002248,  46.810
   243.8,0.177141,0.110458,1.513243,0.002235,  46.815
   244.0,0.175895,0.109697,1.503030,0.002199,  46.813
   244.2,0.174672,0.108939,1.492852,0.002208,  46.808
   244.4,0.173461,0.108189,1.482725,0.002208,  46.812
   244.6,0.172256,0.107443,1.472818,0.002159,  46.811
   244.8,0.171208,0.106691,1.462564,0.002182,  46.810
   245.0,0.170240,0.105939,1.452729,0.002182,  46.813
   245.2,0.169344,0.105194,1.443078,0.002146,  46.805
   245.4,0.168528,0.104453,1.433093,0.002155,  46.805
   245.6,0.167409,0.103716,1.423321,0.002155,  46.812
   245.8,0.166217,0.102989,1.413602,0.002120,  46.809
   246.0,0.164948,0.102257,1.403766,0.002142,  46.806
   246.2,0.163779,0.101533,1.393826,0.002142,  46.808
   246.4,0.162614,0.100815,1.384428,0.002093,  46.809
   246.6,0.161473,0.100117,1.375391,0.002115,  46.811
   246.8,0.160343,0.099441,1.366391,0.002102,  46.808
   247.0,0.159221,0.098782,1.357116,0.002067,  46.810
   247.2,0.158115,0.098099,1.348036,0.002089,  46.809
   247.4,0.156998,0.097419,1.338853,0.002076,  46.806
   247.6,0.155880,0.096739,1.329859,0.002089,  46.806
   247.8,0.154765,0.096057,1.320772,0.002076,  46.808
   248.0,0.153660,0.095382,1.311600,0.002062,  46.809
   248.2,0.152562,0.094712,1.303825,0.002027,  46.808
   248.4,0.151470,0.094047,1.296579,0.002062,  46.812
   248.6,0.150404,0.093383,1.289979,0.002049,  46.807
   248.8,0.149347,0.092733,1.283733,0.002049,  46.811
   249.0,0.148305,0.092071,1.275548,0.002000,  46.806
   249.2,0.147231,0.091411,1.266891,0.002023,  46.811
   249.4,0.146142,0.090753,1.257674,0.002009,  46.805
   249.6,0.145047,0.090099,1.248786,0.001961,  46.809
   249.8,0.143977,0.089446,1.239853,0.001983,  46.809
   250.0,0.142915,0.088793,1.230886,0.001970,  46.807
   250.2,0.141876,0.088156,1.221974,0.001934,  46.804
   250.4,0.140847,0.087520,1.213138,0.001970,  46.807
   250.6,0.139829,0.086887,1.204267,0.001983,  46.806
   250.8,0.138841,0.086353,1.195977,0.001947,  46.810
   251.0,0.137837,0.085869,1.187746,0.001934,  46.808
   251.2,0.136823,0.085432,1.179562,0.001947,  46.807
   251.4,0.135823,0.085051,1.171339,0.001934,  46.806
   251.6,0.134827,0.084484,1.163081,0.001921,  46.805
   251.8,0.133826,0.083876,1.154611,0.001934,  46.809
   252.0,0.132840,0.083227,1.146379,0.001908,  46.808
   252.2,0.131854,0.082619,1.138203,0.001894,  46.812
   252.4,0.130874,0.082020,1.130000,0.001894,  46.813
   252.6,0.129895,0.081430,1.121503,0.001881,  46.813
   252.8,0.128941,0.080839,1.112778,0.001868,  46.811
   253.0,0.127996,0.080256,1.103843,0.001868,  46.808
   253.2,0.127067,0.079680,1.096015,0.001868,  46.806
   253.4,0.126111,0.079089,1.088355,0.001855,  46.806
   253.6,0.125144,0.078497,1.081008,0.001841,  46.806
   253.8,0.124178,0.077900,1.073316,0.001841,  46.808
   254.0,0.123369,0.077316,1.065555,0.001828,  46.808
   254.2,0.122632,0.076747,1.057720,0.001815,  46.805
   254.4,0.121979,0.076183,1.049996,0.001802,  46.803
   254.6,0.121407,0.075624,1.042267,0.001802,  46.811
   254.8,0.120582,0.075083,1.034672,0.001815,  46.805
   255.0,0.119720,0.074547,1.027501,0.001802,  46.805
   255.2,0.118808,0.074021,1.020451,0.001788,  46.805
   255.4,0.117956,0.073500,1.013663,0.001788,  46.808
   255.6,0.117105,0.072989,1.006682,0.001788,  46.808
   255.8,0.116266,0.072467,0.999547,0.001762,  46.810
   256.0,0.115413,0.071939,0.992385,0.001762,  46.804
   256.2,0.114552,0.071418,0.985293,0.001762,  46.811
   256.4,0.113690,0.070898,0.978205,0.001749,  46.811
   256.6,0.112839,0.070376,0.971114,0.001735,  46.813
   256.8,0.111990,0.069862,0.964114,0.001700,  46.811
   257.0,0.111149,0.069357,0.957034,0.001735,  46.808
   257.2,0.110333,0.068851,0.950062,0.001749,  46.813
   257.4,0.109536,0.068354,0.944313,0.001749,  46.807
   257.6,0.108750,0.067851,0.939099,0.001749,  46.815
   257.8,0.107932,0.067352,0.934407,0.001735,  46.810
   258.0,0.107102,0.066850,0.930266,0.001722,  46.813
   258.2,0.106257,0.066349,0.923788,0.001722,  46.810
   258.4,0.105434,0.065849,0.916702,0.001709,  46.808
   258.6,0.104622,0.065349,0.909044,0.001696,  46.811
   258.8,0.103815,0.064861,0.902188,0.001696,  46.817
   259.0,0.103030,0.064380,0.895380,0.001696,  46.812
   259.2,0.102269,0.063907,0.888627,0.001709,  46.812
   259.4,0.101529,0.063430,0.882262,0.001696,  46.818
   259.6,0.100771,0.062964,0.875989,0.001669,  46.816
   259.8,0.100007,0.062494,0.869848,0.001682,  46.821
   260.0,0.099235,0.062095,0.863519,0.001669,  46.819
   260.2,0.098481,0.061721,0.857144,0.001656,  46.819
   260.4,0.097721,0.061388,0.850685,0.001656,  46.817
   260.6,0.096954,0.061089,0.844344,0.001656,  46.821
   260.8,0.096200,0.060655,0.838009,0.001643,  46.820
   261.0,0.095445,0.060190,0.831675,0.001643,  46.827
   261.2,0.094691,0.059697,0.825443,0.001656,  46.838
   261.4,0.093957,0.059240,0.819224,0.001643,  46.836
   261.6,0.093235,0.058792,0.813019,0.001643,  46.837
   261.8,0.092518,0.058350,0.806867,0.001643,  46.837
   262.0,0.091788,0.057892,0.800665,0.001616,  46.840
   262.2,0.091060,0.057437,0.794502,0.001603,  46.835
   262.4,0.090326,0.056982,0.788442,0.001603,  46.836
   262.6,0.089613,0.056537,0.782391,0.001590,  46.834
   262.8,0.088908,0.056105,0.776435,0.001577,  46.834
   263.0,0.088210,0.055681,0.770021,0.001577,  46.832
   263.2,0.087630,0.055259,0.763399,0.001577,  46.831
   263.4,0.087111,0.054853,0.756592,0.001590,  46.831
   263.6,0.086645,0.054454,0.751121,0.001577,  46.834
   263.8,0.086255,0.054054,0.746164,0.001550,  46.829
   264.0,0.085649,0.053653,0.741668,0.001563,  46.832
   264.2,0.085001,0.053256,0.736445,0.001563,  46.829
   264.4,0.084313,0.052858,0.731129,0.001550,  46.833
   264.6,0.083664,0.052459,0.725689,0.001563,  46.833
   264.8,0.083013,0.052054,0.720479,0.001563,  46.833
   265.0,0.082363,0.051653,0.715295,0.001550,  46.836
   265.2,0.081723,0.051261,0.710138,0.001563,  46.834
   265.4,0.081088,0.050875,0.704985,0.001528,  46.831
   265.6,0.080453,0.050488,0.699830,0.001514,  46.833
   265.8,0.079845,0.050113,0.694661,0.001514,  46.828
   266.0,0.079253,0.049747,0.689461,0.001479,  46.833
   266.2,0.078666,0.049358,0.684200,0.001514,  46.832
   266.4,0.078047,0.048973,0.678925,0.001501,  46.829
   266.6,0.077420,0.048581,0.674466,0.001514,  46.834
   266.8,0.076782,0.048199,0.670417,0.001501,  46.827
   267.0,0.076166,0.047826,0.666708,0.001501,  46.828
   267.2,0.075554,0.047458,0.663333,0.001501,  46.826
   267.4,0.074950,0.047096,0.658590,0.001452,  46.828
   267.6,0.074368,0.046734,0.653552,0.001461,  46.827
   267.8,0.073802,0.046384,0.648195,0.001461,  46.828
   268.0,0.073244,0.046023,0.643329,0.001426,  46.825
   268.2,0.072670,0.045672,0.638546,0.001448,  46.810
   268.4,0.072098,0.045319,0.633861,0.001448,  46.810
   268.6,0.071520,0.045015,0.629005,0.001413,  46.810
   268.8,0.070952,0.044738,0.624110,0.001448,  46.810
   269.0,0.070381,0.044487,0.619121,0.001435,  46.812
   269.2,0.069812,0.044266,0.614308,0.001399,  46.815
   269.4,0.069252,0.043946,0.609602,0.001435,  46.818
   269.6,0.068693,0.043596,0.604934,0.001422,  46.816
   269.8,0.068139,0.043224,0.600384,0.001409,  46.812
   270.0,0.067587,0.042883,0.595926,0.001444,  46.803
   270.2,0.067049,0.042549,0.591591,0.001457,  46.809
   270.4,0.066518,0.042217,0.586989,0.001444,  46.807
   270.6,0.065974,0.041879,0.582244,0.001444,  46.809
   270.8,0.065435,0.041538,0.577443,0.001457,  46.805
   271.0,0.064903,0.041201,0.572906,0.001444,  46.810
   271.2,0.064367,0.040868,0.568385,0.001431,  46.807
   271.4,0.063839,0.040540,0.563953,0.001431,  46.804
   271.6,0.063321,0.040225,0.559384,0.001431,  46.803
   271.8,0.062895,0.039912,0.554739,0.001405,  46.807
   272.0,0.062520,0.039611,0.550057,0.001391,  46.805
   272.2,0.062192,0.039320,0.545967,0.001378,  46.806
   272.4,0.061912,0.039023,0.542112,0.001387,  46.806
   272.6,0.061463,0.038719,0.538501,0.001387,  46.801
   272.8,0.060984,0.038420,0.534608,0.001352,  46.804
   273.0,0.060463,0.038125,0.530642,0.001365,  46.803
   273.2,0.059975,0.037829,0.526662,0.001378,  46.806
   273.4,0.059498,0.037531,0.522735,0.001378,  46.806
   273.6,0.059030,0.037239,0.518782,0.001365,  46.810
   273.8,0.058553,0.036951,0.514850,0.001352,  46.808
   274.0,0.058080,0.036666,0.511095,0.001352,  46.804
   274.2,0.057614,0.036385,0.507442,0.001352,  46.807
   274.4,0.057157,0.036112,0.503844,0.001352,  46.805
   274.6,0.056718,0.035845,0.500026,0.001316,  46.808
   274.8,0.056292,0.035562,0.496139,0.001329,  46.805
   275.0,0.055833,0.035279,0.492128,0.001329,  46.806
   275.2,0.055375,0.034991,0.488841,0.001342,  46.803
   275.4,0.054915,0.034711,0.485836,0.001342,  46.808
   275.6,0.054458,0.034432,0.483130,0.001329,  46.808
   275.8,0.054013,0.034159,0.480695,0.001329,  46.807
   276.0,0.053575,0.033895,0.477363,0.001293,  46.807
   276.2,0.053143,0.033634,0.473859,0.001329,  46.807
   276.4,0.052732,0.033382,0.470176,0.001316,  46.812
   276.6,0.052337,0.033120,0.466632,0.001316,  46.809
   276.8,0.051912,0.032858,0.463021,0.001338,  46.810
   277.0,0.051491,0.032596,0.459400,0.001338,  46.806
   277.2,0.051073,0.032338,0.455860,0.001325,  46.806
   277.4,0.050652,0.032079,0.452329,0.001325,  46.811
   277.6,0.050238,0.031827,0.448815,0.001338,  46.811
   277.8,0.049827,0.031606,0.445330,0.001325,  46.816
   278.0,0.049414,0.031405,0.441872,0.001325,  46.812
   278.2,0.049004,0.031224,0.438413,0.001338,  46.813
   278.4,0.048600,0.031060,0.435052,0.001325,  46.812
   278.6,0.048193,0.030827,0.431758,0.001325,  46.812
   278.8,0.047796,0.030582,0.428495,0.001338,  46.815
   279.0,0.047403,0.030318,0.425098,0.001289,  46.817
   279.2,0.047003,0.030070,0.421662,0.001289,  46.812
   279.4,0.046610,0.029821,0.418196,0.001303,  46.815
   279.6,0.046223,0.029583,0.414861,0.001254,  46.814
   279.8,0.045833,0.029344,0.411551,0.001289,  46.814
   280.0,0.045447,0.029102,0.408278,0.001303,  46.819
   280.2,0.045073,0.028868,0.405147,0.001241,  46.816
   280.4,0.044758,0.028642,0.402093,0.001263,  46.823
   280.6,0.044475,0.028420,0.399128,0.001276,  46.827
   280.8,0.044227,0.028207,0.396100,0.001227,  46.824
   281.0,0.044011,0.027984,0.393070,0.001263,  46.829
   281.2,0.043675,0.027761,0.390040,0.001263,  46.846
   281.4,0.043326,0.027534,0.387032,0.001227,  46.844
   281.6,0.042945,0.027307,0.384034,0.001250,  46.844
   281.8,0.042588,0.027091,0.381056,0.001250,  46.847
   282.0,0.042243,0.026874,0.378093,0.001250,  46.847
   282.2,0.041912,0.026655,0.375130,0.001272,  46.848
   282.4,0.041572,0.026448,0.372194,0.001272,  46.848
   282.6,0.041223,0.026240,0.369418,0.001272,  46.848
   282.8,0.040896,0.026031,0.366726,0.001272,  46.850
   283.0,0.040560,0.025830,0.364127,0.001272,  46.846
   283.2,0.040228,0.025630,0.361307,0.001237,  46.844
   283.4,0.039893,0.025427,0.358411,0.001237,  46.852
   283.6,0.039557,0.025215,0.355426,0.001237,  46.844
   283.8,0.039231,0.025010,0.352618,0.001237,  46.847
   284.0,0.038903,0.024805,0.349872,0.001237,  46.849
   284.2,0.038571,0.024601,0.347158,0.001237,  46.852
   284.4,0.038249,0.024399,0.344870,0.001237,  46.851
   284.6,0.037927,0.024207,0.342827,0.001201,  46.853
   284.8,0.037613,0.024016,0.340996,0.001237,  46.851
   285.0,0.037318,0.023830,0.339390,0.001237,  46.853
   285.2,0.037031,0.023642,0.336962,0.001201,  46.853
   285.4,0.036727,0.023453,0.334338,0.001223,  46.853
   285.6,0.036427,0.023267,0.331527,0.001223,  46.855
   285.8,0.036137,0.023082,0.329018,0.001188,  46.854
   286.0,0.035836,0.022899,0.326539,0.001210,  46.856
   286.2,0.035541,0.022724,0.324117,0.001210,  46.856
   286.4,0.035246,0.022566,0.321650,0.001174,  46.856
   286.6,0.034951,0.022422,0.319175,0.001210,  46.851
   286.8,0.034663,0.022290,0.316687,0.001210,  46.852
   287.0,0.034375,0.022177,0.314224,0.001174,  46.847
   287.2,0.034083,0.022012,0.311787,0.001210,  46.851
   287.4,0.033798,0.021835,0.309347,0.001197,  46.845
   287.6,0.033520,0.021649,0.306913,0.001161,  46.849
   287.8,0.033241,0.021472,0.304479,0.001197,  46.852
   288.0,0.032968,0.021300,0.302026,0.001184,  46.852
   288.2,0.032704,0.021131,0.299715,0.001148,  46.845
   288.4,0.032428,0.020958,0.297457,0.001197,  46.846
   288.6,0.032153,0.020790,0.295263,0.001184,  46.851
   288.8,0.031887,0.020620,0.293064,0.001170,  46.844
   289.0,0.031626,0.020455,0.290905,0.001166,  46.847
   289.2,0.031379,0.020302,0.288751,0.001180,  46.845
   289.4,0.031145,0.020148,0.286624,0.001144,  46.841
   289.6,0.030933,0.019987,0.284527,0.001144,  46.844
   289.8,0.030738,0.019830,0.282441,0.001157,  46.839
   290.0,0.030557,0.019675,0.280306,0.001144,  46.841
   290.2,0.030393,0.019517,0.278167,0.001180,  46.845
   290.4,0.030164,0.019368,0.276025,0.001193,  46.845
   290.6,0.029919,0.019220,0.273996,0.001180,  46.846
   290.8,0.029659,0.019067,0.272002,0.001180,  46.845
   291.0,0.029413,0.018916,0.270055,0.001193,  46.850
   291.2,0.029176,0.018769,0.268108,0.001180,  46.842
   291.4,0.028940,0.018627,0.266169,0.001180,  46.846
   291.6,0.028703,0.018479,0.264238,0.001193,  46.841
   291.8,0.028475,0.018342,0.262281,0.001180,  46.839
   292.0,0.028239,0.018197,0.260309,0.001180,  46.844
   292.2,0.028002,0.018044,0.258322,0.001180,  46.843
   292.4,0.027778,0.017896,0.256337,0.001157,  46.843
   292.6,0.027543,0.017756,0.254355,0.001193,  46.840
   292.8,0.027312,0.017614,0.252363,0.001180,  46.838
   293.0,0.027094,0.017474,0.250657,0.001193,  46.839
   293.2,0.026879,0.017341,0.249069,0.001193,  46.840
   293.4,0.026657,0.017203,0.247616,0.001180,  46.838
   293.6,0.026444,0.017070,0.246302,0.001193,  46.842
   293.8,0.026237,0.016931,0.244633,0.001180,  46.839
   294.0,0.026019,0.016797,0.242878,0.001180,  46.843
   294.2,0.025803,0.016667,0.241049,0.001193,  46.842
   294.4,0.025588,0.016534,0.239279,0.001180,  46.841
   294.6,0.025369,0.016408,0.237494,0.001180,  46.849
   294.8,0.025166,0.016278,0.235693,0.001193,  46.847
   295.0,0.024957,0.016150,0.233945,0.001180,  46.850
   295.2,0.024742,0.016022,0.232209,0.001180,  46.843
   295.4,0.024544,0.015894,0.230486,0.001180,  46.846
   295.6,0.024341,0.015785,0.228781,0.001153,  46.842
   295.8,0.024134,0.015681,0.227088,0.001163,  46.845
   296.0,0.023937,0.015590,0.225401,0.001163,  46.841
   296.2,0.023731,0.015507,0.223738,0.001127,  46.845
   296.4,0.023527,0.015391,0.222069,0.001127,  46.841
   296.6,0.023339,0.015265,0.220407,0.001127,  46.846
   296.8,0.023147,0.015137,0.218714,0.001127,  46.844
   297.0,0.022952,0.015014,0.216989,0.001127,  46.848
   297.2,0.022770,0.014896,0.215272,0.001127,  46.847
   297.4,0.022593,0.014773,0.213595,0.001127,  46.842
   297.6,0.022409,0.014660,0.211920,0.001127,  46.844
   297.8,0.022234,0.014549,0.210262,0.001127,  46.847
   298.0,0.022060,0.014444,0.208742,0.001091,  46.848
   298.2,0.021910,0.014337,0.207274,0.001091,  46.845
   298.4,0.021771,0.014223,0.205873,0.001091,  46.844
   298.6,0.021647,0.014110,0.204445,0.001055,  46.847
   298.8,0.021540,0.014005,0.203023,0.001091,  46.852
   299.0,0.021382,0.013900,0.201616,0.001091,  46.856
   299.2,0.021208,0.013793,0.200203,0.001055,  46.851
   299.4,0.021022,0.013688,0.198799,0.001091,  46.853
   299.6,0.020850,0.013588,0.197390,0.001091,  46.853
   299.8,0.020696,0.013484,0.196026,0.001055,  46.854
   300.0,0.020545,0.013385,0.194708,0.001091,  46.850
   300.2,0.020376,0.013284,0.193425,0.001078,  46.851
   300.4,0.020214,0.013188,0.191978,0.001042,  46.849
   300.6,0.020046,0.013089,0.190486,0.001078,  46.847
   300.8,0.019879,0.012984,0.188920,0.001065,  46.845
   301.0,0.019726,0.012881,0.187543,0.001029,  46.848
   301.2,0.019566,0.012783,0.186225,0.001078,  46.850
   301.4,0.019405,0.012677,0.184939,0.001078,  46.847
   301.6,0.019257,0.012581,0.183685,0.001091,  46.849
   301.8,0.019103,0.012487,0.182458,0.001078,  46.849
   302.0,0.018945,0.012389,0.181249,0.001091,  46.847
   302.2,0.018800,0.012299,0.180137,0.001091,  46.850
   302.4,0.018649,0.012200,0.179098,0.001091,  46.850
   302.6,0.018494,0.012106,0.178112,0.001078,  46.851
   302.8,0.018350,0.012015,0.177195,0.001065,  46.849
   303.0,0.018196,0.011920,0.175994,0.001029,  46.849
   303.2,0.018041,0.011825,0.174726,0.001078,  46.851
   303.4,0.017902,0.011737,0.173399,0.001078,  46.860
   303.6,0.017754,0.011649,0.172045,0.001042,  46.852
   303.8,0.017605,0.011561,0.170658,0.001065,  46.850
   304.0,0.017474,0.011471,0.169235,0.001078,  46.851
   304.2,0.017334,0.011387,0.168007,0.001042,  46.848
   304.4,0.017188,0.011300,0.166859,0.001065,  46.851
   304.6,0.017057,0.011214,0.165783,0.001042,  46.852
   304.8,0.016915,0.011137,0.164668,0.001042,  46.850
   305.0,0.016772,0.011070,0.163578,0.001042,  46.852
   305.2,0.016641,0.011008,0.162495,0.001006,  46.851
   305.4,0.016504,0.010956,0.161337,0.001042,  46.857
   305.6,0.016367,0.010876,0.160167,0.001042,  46.852
   305.8,0.016242,0.010793,0.158949,0.001006,  46.853
   306.0,0.016116,0.010708,0.157873,0.001042,  46.857
   306.2,0.015987,0.010631,0.156836,0.001029,  46.853
   306.4,0.015870,0.010555,0.155854,0.001006,  46.855
   306.6,0.015750,0.010478,0.154805,0.001042,  46.853
   306.8,0.015623,0.010397,0.153730,0.001029,  46.857
   307.0,0.015507,0.010319,0.152644,0.001006,  46.857
   307.2,0.015384,0.010243,0.151593,0.001042,  46.859
   307.4,0.015280,0.010167,0.150541,0.001029,  46.862
   307.6,0.015178,0.010089,0.149501,0.001006,  46.863
   307.8,0.015094,0.010018,0.148539,0.001042,  46.860
   308.0,0.015024,0.009946,0.147581,0.001029,  46.862
   308.2,0.014914,0.009873,0.146671,0.001006,  46.865
   308.4,0.014806,0.009796,0.145741,0.001042,  46.864
   308.6,0.014686,0.009721,0.144818,0.001042,  46.863
   308.8,0.014572,0.009652,0.143898,0.001006,  46.858
   309.0,0.014462,0.009587,0.142926,0.001042,  46.864
   309.2,0.014353,0.009517,0.141925,0.001042,  46.867
   309.4,0.014235,0.009443,0.140893,0.001006,  46.867
   309.6,0.014123,0.009375,0.139912,0.001042,  46.866
   309.8,0.014013,0.009305,0.138924,0.001042,  46.868
   310.0,0.013901,0.009239,0.137940,0.001042,  46.864
   310.2,0.013789,0.009171,0.136993,0.001006,  46.870
   310.4,0.013689,0.009103,0.136072,0.001042,  46.867
   310.6,0.013586,0.009040,0.135162,0.001042,  46.871
   310.8,0.013476,0.008973,0.134377,0.001006,  46.872
   311.0,0.013373,0.008909,0.133666,0.001029,  46.877
   311.2,0.013270,0.008839,0.133028,0.001029,  46.877
   311.4,0.013164,0.008775,0.132448,0.001006,  46.876
   311.6,0.013064,0.008711,0.131618,0.001042,  46.880
   311.8,0.012964,0.008648,0.130723,0.001029,  46.886
   312.0,0.012857,0.008586,0.129786,0.001006,  46.886
   312.2,0.012757,0.008525,0.128947,0.001042,  46.885
   312.4,0.012662,0.008460,0.128144,0.001029,  46.878
   312.6,0.012560,0.008396,0.127346,0.001006,  46.886
   312.8,0.012469,0.008334,0.126454,0.001042,  46.885
   313.0,0.012374,0.008273,0.125531,0.001029,  46.889
   313.2,0.012270,0.008213,0.124560,0.001006,  46.894
   313.4,0.012176,0.008161,0.123724,0.001029,  46.895
   313.6,0.012082,0.008115,0.122931,0.001016,  46.896
   313.8,0.011981,0.008066,0.122184,0.000993,  46.898
   314.0,0.011889,0.008027,0.121376,0.001016,  46.898
   314.2,0.011800,0.007970,0.120569,0.001016,  46.905
   314.4,0.011704,0.007913,0.119761,0.000993,  46.900
   314.6,0.011622,0.007859,0.118998,0.001016,  46.900
   314.8,0.011538,0.007796,0.118259,0.001016,  46.905
   315.0,0.011445,0.007747,0.117536,0.000993,  46.903
   315.2,0.011362,0.007692,0.116777,0.001016,  46.905
   315.4,0.011278,0.007636,0.116016,0.001016,  46.907
   315.6,0.011188,0.007583,0.115237,0.000993,  46.909
   315.8,0.011108,0.007532,0.114528,0.001016,  46.913
   316.0,0.011037,0.007481,0.113831,0.001016,  46.914
   316.2,0.010969,0.007428,0.113176,0.000993,  46.910
   316.4,0.010919,0.007382,0.112487,0.001016,  46.917
   316.6,0.010870,0.007334,0.111788,0.001016,  46.914
   316.8,0.010800,0.007292,0.111101,0.000993,  46.914
   317.0,0.010731,0.007250,0.110381,0.001029,  46.917
   317.2,0.010650,0.007202,0.109643,0.001029,  46.922
   317.4,0.010577,0.007154,0.108901,0.001006,  46.921
   317.6,0.010495,0.007101,0.108216,0.001042,  46.923
   317.8,0.010414,0.007052,0.107538,0.001042,  46.921
   318.0,0.010338,0.007001,0.106889,0.001006,  46.924
   318.2,0.010256,0.006957,0.106269,0.001042,  46.922
   318.4,0.010182,0.006909,0.105669,0.001042,  46.923
   318.6,0.010109,0.006860,0.105087,0.001029,  46.922
   318.8,0.010036,0.006814,0.104487,0.001006,  46.926
   319.0,0.009973,0.006767,0.103892,0.001016,  46.924
   319.2,0.009905,0.006725,0.103277,0.001016,  46.928
   319.4,0.009832,0.006686,0.102631,0.000993,  46.928
   319.6,0.009762,0.006642,0.101962,0.001016,  46.928
   319.8,0.009692,0.006596,0.101272,0.001016,  46.927
   320.0,0.009622,0.006549,0.100699,0.000993,  46.926
   320.2,0.009547,0.006504,0.100177,0.001016,  46.928
   320.4,0.009477,0.006460,0.099706,0.001016,  46.926
   320.6,0.009407,0.006423,0.099285,0.000993,  46.932
   320.8,0.009337,0.006378,0.098712,0.001016,  46.931
   321.0,0.009270,0.006336,0.098118,0.001016,  46.928
   321.2,0.009202,0.006296,0.097480,0.000993,  46.929
   321.4,0.009135,0.006254,0.096860,0.001016,  46.928
   321.6,0.009068,0.006212,0.096246,0.001016,  46.931
   321.8,0.009001,0.006165,0.095609,0.000993,  46.930
   322.0,0.008934,0.006127,0.095056,0.001016,  46.930
   322.2,0.008870,0.006093,0.094529,0.001003,  46.929
   322.4,0.008799,0.006061,0.094041,0.000980,  46.929
   322.6,0.008741,0.006036,0.093242,0.001016,  46.931
   322.8,0.008679,0.005998,0.092300,0.001003,  46.925
   323.0,0.008611,0.005954,0.091213,0.000980,  46.926
   323.2,0.008555,0.005917,0.090681,0.001016,  46.928
   323.4,0.008496,0.005880,0.090329,0.001003,  46.924
   323.6,0.008431,0.005845,0.090177,0.000980,  46.929
   323.8,0.008381,0.005808,0.089804,0.001003,  46.926
   324.0,0.008330,0.005773,0.089398,0.000989,  46.926
   324.2,0.008267,0.005740,0.088983,0.000967,  46.929
   324.4,0.008220,0.005700,0.088402,0.000989,  46.923
   324.6,0.008166,0.005660,0.087735,0.000989,  46.924
   324.8,0.008103,0.005626,0.086982,0.000967,  46.922
   325.0,0.008044,0.005590,0.086509,0.000989,  46.927
   325.2,0.007999,0.005553,0.086133,0.000989,  46.923
   325.4,0.007959,0.005519,0.085834,0.000954,  46.915
   325.6,0.007924,0.005487,0.085415,0.000989,  46.923
   325.8,0.007898,0.005453,0.084969,0.000976,  46.919
   326.0,0.007850,0.005420,0.084497,0.000940,  46.919
   326.2,0.007793,0.005384,0.084060,0.000989,  46.923
   326.4,0.007728,0.005348,0.083616,0.000976,  46.922
   326.6,0.007674,0.005319,0.083166,0.000940,  46.922
   326.8,0.007621,0.005283,0.082743,0.000989,  46.926
   327.0,0.007567,0.005248,0.082340,0.000976,  46.925
   327.2,0.007519,0.005214,0.081945,0.000954,  46.921
   327.4,0.007471,0.005183,0.081539,0.000989,  46.920
   327.6,0.007420,0.005149,0.081137,0.000989,  46.920
   327.8,0.007369,0.005120,0.080719,0.000989,  46.921
   328.0,0.007318,0.005098,0.080275,0.000967,  46.920
   328.2,0.007271,0.005067,0.079822,0.000989,  46.919
   328.4,0.007222,0.005035,0.079341,0.000989,  46.921
   328.6,0.007162,0.005002,0.078882,0.000954,  46.923
   328.8,0.007121,0.004973,0.078451,0.000989,  46.920
   329.0,0.007075,0.004943,0.078002,0.000989,  46.923
   329.2,0.007018,0.004908,0.077571,0.000967,  46.923
   329.4,0.006976,0.004874,0.077186,0.000989,  46.917
   329.6,0.006931,0.004842,0.076819,0.000989,  46.914
